panel,metric,method,prefetch_budget,mh_iteration,trace_count,mean,sample_sd
a,cumulative model-call time (min),PreSTO-EntropyCut,20,0,20,0.0,0.0
a,cumulative model-call time (min),PreSTO-EntropyCut,20,1,20,0.17864166666666667,0.014614739115536913
a,cumulative model-call time (min),PreSTO-EntropyCut,20,2,20,0.23197583333333333,0.08376431962332806
a,cumulative model-call time (min),PreSTO-EntropyCut,20,3,20,0.3123383333333333,0.11123840002602914
a,cumulative model-call time (min),PreSTO-EntropyCut,20,4,20,0.34507666666666664,0.11073159284942469
a,cumulative model-call time (min),PreSTO-EntropyCut,20,5,20,0.40185166666666666,0.14095444568125526
a,cumulative model-call time (min),PreSTO-EntropyCut,20,6,20,0.428915,0.13514053989603492
a,cumulative model-call time (min),PreSTO-EntropyCut,20,7,20,0.4970025,0.14053488675060666
a,cumulative model-call time (min),PreSTO-EntropyCut,20,8,20,0.5602958333333333,0.17450450939020062
a,cumulative model-call time (min),PreSTO-EntropyCut,20,9,20,0.5976758333333334,0.16846009396739312
a,cumulative model-call time (min),PreSTO-EntropyCut,20,10,20,0.6323016666666667,0.16642701629081136
a,cumulative model-call time (min),PreSTO-EntropyCut,20,11,20,0.6420541666666667,0.15702273226076988
a,cumulative model-call time (min),PreSTO-EntropyCut,20,12,20,0.7229033333333333,0.1978267348106619
a,cumulative model-call time (min),PreSTO-EntropyCut,20,13,20,0.7599008333333332,0.2145871018558542
a,cumulative model-call time (min),PreSTO-EntropyCut,20,14,20,0.8061816666666667,0.20960862945245282
a,cumulative model-call time (min),PreSTO-EntropyCut,20,15,20,0.8860191666666667,0.21963785539533207
a,cumulative model-call time (min),PreSTO-EntropyCut,20,16,20,0.92287,0.2192698557427055
a,cumulative model-call time (min),PreSTO-EntropyCut,20,17,20,0.9590833333333334,0.22524828666002067
a,cumulative model-call time (min),PreSTO-EntropyCut,20,18,20,1.0152491666666665,0.25488766465413004
a,cumulative model-call time (min),PreSTO-EntropyCut,20,19,20,1.0409916666666668,0.2525889753200174
a,cumulative model-call time (min),PreSTO-EntropyCut,20,20,20,1.0942125,0.2617725392517071
a,cumulative model-call time (min),PreSTO-EntropyCut,20,21,20,1.139615,0.2758802823721811
a,cumulative model-call time (min),PreSTO-EntropyCut,20,22,20,1.1752733333333334,0.295721687773966
a,cumulative model-call time (min),PreSTO-EntropyCut,20,23,20,1.2217825,0.30968612692025993
a,cumulative model-call time (min),PreSTO-EntropyCut,20,24,20,1.2685616666666666,0.3652575705032567
a,cumulative model-call time (min),PreSTO-EntropyCut,20,25,20,1.2861858333333334,0.3575892416841911
a,cumulative model-call time (min),PreSTO-EntropyCut,20,26,20,1.3246866666666666,0.3632470199102592
a,cumulative model-call time (min),PreSTO-EntropyCut,20,27,20,1.3772425000000001,0.38864283748815953
a,cumulative model-call time (min),PreSTO-EntropyCut,20,28,20,1.4481925,0.3820925612528542
a,cumulative model-call time (min),PreSTO-EntropyCut,20,29,20,1.4854666666666667,0.4083343772632556
a,cumulative model-call time (min),PreSTO-EntropyCut,20,30,20,1.5325608333333332,0.4333731266909215
a,cumulative model-call time (min),PreSTO-EntropyCut,20,31,20,1.5704858333333334,0.4840007387951384
a,cumulative model-call time (min),PreSTO-EntropyCut,20,32,20,1.6243516666666666,0.45051352183885573
a,cumulative model-call time (min),PreSTO-EntropyCut,20,33,20,1.6434283333333333,0.4699181244816742
a,cumulative model-call time (min),PreSTO-EntropyCut,20,34,20,1.7068400000000001,0.5130003616325116
a,cumulative model-call time (min),PreSTO-EntropyCut,20,35,20,1.7517366666666665,0.505010466413454
a,cumulative model-call time (min),PreSTO-EntropyCut,20,36,20,1.7707775000000001,0.5029349855753159
a,cumulative model-call time (min),PreSTO-EntropyCut,20,37,20,1.8249549999999999,0.5155565098010553
a,cumulative model-call time (min),PreSTO-EntropyCut,20,38,20,1.8744541666666665,0.5312223811293338
a,cumulative model-call time (min),PreSTO-EntropyCut,20,39,20,1.8999391666666667,0.530922690192515
a,cumulative model-call time (min),PreSTO-EntropyCut,20,40,20,1.9466099999999997,0.5035715205973479
a,cumulative model-call time (min),PreSTO-EntropyCut,20,41,20,1.9839383333333336,0.543832074187616
a,cumulative model-call time (min),PreSTO-EntropyCut,20,42,20,2.0210874999999997,0.548141870371918
a,cumulative model-call time (min),PreSTO-EntropyCut,20,43,20,2.0957675,0.5936411252835538
a,cumulative model-call time (min),PreSTO-EntropyCut,20,44,20,2.1132608333333334,0.5787077987411526
a,cumulative model-call time (min),PreSTO-EntropyCut,20,45,20,2.192475,0.5730073989780811
a,cumulative model-call time (min),PreSTO-EntropyCut,20,46,20,2.2309374999999996,0.5864581639774148
a,cumulative model-call time (min),PreSTO-EntropyCut,20,47,20,2.2863583333333333,0.643324841878784
a,cumulative model-call time (min),PreSTO-EntropyCut,20,48,20,2.3149675,0.639600744193558
a,cumulative model-call time (min),PreSTO-EntropyCut,20,49,20,2.349575833333333,0.6477893221270646
a,cumulative model-call time (min),PreSTO-EntropyCut,20,50,20,2.4059191666666666,0.6591159178298578
a,cumulative model-call time (min),PreSTO-EntropyCut,20,51,20,2.4437999999999995,0.6899115090938236
a,cumulative model-call time (min),PreSTO-EntropyCut,20,52,20,2.4793683333333334,0.7055233611895574
a,cumulative model-call time (min),PreSTO-EntropyCut,20,53,20,2.5363025,0.7306111050089691
a,cumulative model-call time (min),PreSTO-EntropyCut,20,54,20,2.5913033333333333,0.721270087269307
a,cumulative model-call time (min),PreSTO-EntropyCut,20,55,20,2.6462133333333338,0.7431575976791895
a,cumulative model-call time (min),PreSTO-EntropyCut,20,56,20,2.6817975,0.7649000056054991
a,cumulative model-call time (min),PreSTO-EntropyCut,20,57,20,2.718348333333333,0.7475103342183024
a,cumulative model-call time (min),PreSTO-EntropyCut,20,58,20,2.7641783333333336,0.7293730091420386
a,cumulative model-call time (min),PreSTO-EntropyCut,20,59,20,2.8091516666666667,0.7587998647622165
a,cumulative model-call time (min),PreSTO-EntropyCut,20,60,20,2.844305,0.7578106470527777
a,cumulative model-call time (min),PreSTO-EntropyCut,20,61,20,2.8984233333333336,0.7691728694585575
a,cumulative model-call time (min),PreSTO-EntropyCut,20,62,20,2.9174966666666666,0.7904520681822316
a,cumulative model-call time (min),PreSTO-EntropyCut,20,63,20,2.944985,0.7744678572587119
a,cumulative model-call time (min),PreSTO-EntropyCut,20,64,20,3.0187991666666667,0.7630916014905097
a,cumulative model-call time (min),PreSTO-EntropyCut,20,65,20,3.0644816666666665,0.8071665288461072
a,cumulative model-call time (min),PreSTO-EntropyCut,20,66,20,3.0917691666666665,0.8383714865454843
a,cumulative model-call time (min),PreSTO-EntropyCut,20,67,20,3.147415833333333,0.8746895766394641
a,cumulative model-call time (min),PreSTO-EntropyCut,20,68,20,3.174378333333333,0.8602838928795267
a,cumulative model-call time (min),PreSTO-EntropyCut,20,69,20,3.2085325,0.8827263861918855
a,cumulative model-call time (min),PreSTO-EntropyCut,20,70,20,3.256513333333333,0.9071911557914345
a,cumulative model-call time (min),PreSTO-EntropyCut,20,71,20,3.2928533333333334,0.9356532016043735
a,cumulative model-call time (min),PreSTO-EntropyCut,20,72,20,3.3577291666666667,0.942442461408929
a,cumulative model-call time (min),PreSTO-EntropyCut,20,73,20,3.391894166666667,0.969618133344754
a,cumulative model-call time (min),PreSTO-EntropyCut,20,74,20,3.4368266666666667,0.9404712296105322
a,cumulative model-call time (min),PreSTO-EntropyCut,20,75,20,3.4654241666666667,0.9693001138832714
a,cumulative model-call time (min),PreSTO-EntropyCut,20,76,20,3.5103183333333328,1.0139657715352275
a,cumulative model-call time (min),PreSTO-EntropyCut,20,77,20,3.5667566666666666,1.03821415928411
a,cumulative model-call time (min),PreSTO-EntropyCut,20,78,20,3.612196666666667,1.0293650964840653
a,cumulative model-call time (min),PreSTO-EntropyCut,20,79,20,3.6580700000000004,1.0535802730694845
a,cumulative model-call time (min),PreSTO-EntropyCut,20,80,20,3.728711666666666,1.0601412944296484
a,cumulative model-call time (min),PreSTO-EntropyCut,20,81,20,3.7577658333333335,1.082505799647835
a,cumulative model-call time (min),PreSTO-EntropyCut,20,82,20,3.775370833333333,1.0844181324249507
a,cumulative model-call time (min),PreSTO-EntropyCut,20,83,20,3.841375833333333,1.1299756984458633
a,cumulative model-call time (min),PreSTO-EntropyCut,20,84,20,3.8963558333333337,1.1561860311531929
a,cumulative model-call time (min),PreSTO-EntropyCut,20,85,20,3.940758333333333,1.159973838879983
a,cumulative model-call time (min),PreSTO-EntropyCut,20,86,20,3.996806666666666,1.1623103194105209
a,cumulative model-call time (min),PreSTO-EntropyCut,20,87,20,4.023540000000001,1.1633787482891202
a,cumulative model-call time (min),PreSTO-EntropyCut,20,88,20,4.0426383333333336,1.1613212788679377
a,cumulative model-call time (min),PreSTO-EntropyCut,20,89,20,4.0973774999999995,1.1746055807502698
a,cumulative model-call time (min),PreSTO-EntropyCut,20,90,20,4.152960833333333,1.191124550524353
a,cumulative model-call time (min),PreSTO-EntropyCut,20,91,20,4.208101666666667,1.1979604261529908
a,cumulative model-call time (min),PreSTO-EntropyCut,20,92,20,4.241109166666667,1.184203369068056
a,cumulative model-call time (min),PreSTO-EntropyCut,20,93,20,4.2887525,1.2360416049233975
a,cumulative model-call time (min),PreSTO-EntropyCut,20,94,20,4.3167925,1.244283192208088
a,cumulative model-call time (min),PreSTO-EntropyCut,20,95,20,4.3761025,1.2127227591513225
a,cumulative model-call time (min),PreSTO-EntropyCut,20,96,20,4.391075,1.2033224756216672
a,cumulative model-call time (min),PreSTO-EntropyCut,20,97,20,4.4563725,1.2363370033041297
a,cumulative model-call time (min),PreSTO-EntropyCut,20,98,20,4.4708325,1.232175499272746
a,cumulative model-call time (min),PreSTO-EntropyCut,20,99,20,4.4906725,1.230563937726359
a,cumulative model-call time (min),PreSTO-EntropyCut,20,100,20,4.4986,1.2514461283155673
a,cumulative model-call time (min),EntropyCut,1,1,20,0.0729725,0.04316396871437378
a,cumulative model-call time (min),EntropyCut,1,2,20,0.143015,0.06611899181738456
a,cumulative model-call time (min),EntropyCut,1,3,20,0.22507166666666667,0.08601725994689628
a,cumulative model-call time (min),EntropyCut,1,4,20,0.3049516666666667,0.09835279169653967
a,cumulative model-call time (min),EntropyCut,1,5,20,0.4040483333333333,0.13388523243775724
a,cumulative model-call time (min),EntropyCut,1,6,20,0.4878833333333334,0.13724503112044334
a,cumulative model-call time (min),EntropyCut,1,7,20,0.5711058333333334,0.14898604405725524
a,cumulative model-call time (min),EntropyCut,1,8,20,0.6632791666666666,0.16329851525370437
a,cumulative model-call time (min),EntropyCut,1,9,20,0.7448099999999999,0.18067339158520432
a,cumulative model-call time (min),EntropyCut,1,10,20,0.8314375,0.19020183838183688
a,cumulative model-call time (min),EntropyCut,1,11,20,0.9290283333333333,0.20849585745530627
a,cumulative model-call time (min),EntropyCut,1,12,20,1.0221633333333333,0.2272043695527435
a,cumulative model-call time (min),EntropyCut,1,13,20,1.1182316666666665,0.24101138030323901
a,cumulative model-call time (min),EntropyCut,1,14,20,1.2153966666666667,0.25583935032640814
a,cumulative model-call time (min),EntropyCut,1,15,20,1.3067241666666665,0.2844067294605156
a,cumulative model-call time (min),EntropyCut,1,16,20,1.3997425,0.29112250945429297
a,cumulative model-call time (min),EntropyCut,1,17,20,1.4793016666666667,0.3179458150119698
a,cumulative model-call time (min),EntropyCut,1,18,20,1.5763499999999997,0.330129000083159
a,cumulative model-call time (min),EntropyCut,1,19,20,1.6626216666666667,0.3378911870723614
a,cumulative model-call time (min),EntropyCut,1,20,20,1.7344391666666663,0.36376922333300565
a,cumulative model-call time (min),EntropyCut,1,21,20,1.8079466666666666,0.39044290810722626
a,cumulative model-call time (min),EntropyCut,1,22,20,1.9147241666666666,0.3900512904672606
a,cumulative model-call time (min),EntropyCut,1,23,20,2.0155499999999997,0.41995588507527376
a,cumulative model-call time (min),EntropyCut,1,24,20,2.104988333333333,0.43878807933919
a,cumulative model-call time (min),EntropyCut,1,25,20,2.1860266666666663,0.4631705580033876
a,cumulative model-call time (min),EntropyCut,1,26,20,2.2829241666666666,0.4689026180858951
a,cumulative model-call time (min),EntropyCut,1,27,20,2.3809641666666663,0.49852977329527864
a,cumulative model-call time (min),EntropyCut,1,28,20,2.4710566666666667,0.5151935023234058
a,cumulative model-call time (min),EntropyCut,1,29,20,2.5600324999999997,0.5308969298012263
a,cumulative model-call time (min),EntropyCut,1,30,20,2.654488333333333,0.5489589509760496
a,cumulative model-call time (min),EntropyCut,1,31,20,2.744395,0.5668637042911548
a,cumulative model-call time (min),EntropyCut,1,32,20,2.819758333333333,0.58556514146392
a,cumulative model-call time (min),EntropyCut,1,33,20,2.91387,0.5789806363759028
a,cumulative model-call time (min),EntropyCut,1,34,20,2.9991499999999998,0.5966486390249225
a,cumulative model-call time (min),EntropyCut,1,35,20,3.0846091666666666,0.6081057326085922
a,cumulative model-call time (min),EntropyCut,1,36,20,3.168258333333333,0.6343040119040267
a,cumulative model-call time (min),EntropyCut,1,37,20,3.251495,0.6565411963152534
a,cumulative model-call time (min),EntropyCut,1,38,20,3.3371866666666667,0.6780059931897131
a,cumulative model-call time (min),EntropyCut,1,39,20,3.4336016666666667,0.6849830500933615
a,cumulative model-call time (min),EntropyCut,1,40,20,3.5202516666666663,0.6881593965467269
a,cumulative model-call time (min),EntropyCut,1,41,20,3.6121049999999997,0.700217225486792
a,cumulative model-call time (min),EntropyCut,1,42,20,3.7087791666666665,0.7030974097510843
a,cumulative model-call time (min),EntropyCut,1,43,20,3.7870058333333327,0.7106283103740779
a,cumulative model-call time (min),EntropyCut,1,44,20,3.86738,0.7252625693236817
a,cumulative model-call time (min),EntropyCut,1,45,20,3.9444433333333326,0.7554649574350094
a,cumulative model-call time (min),EntropyCut,1,46,20,4.040911666666666,0.7705337906396732
a,cumulative model-call time (min),EntropyCut,1,47,20,4.140082499999999,0.7950214952310318
a,cumulative model-call time (min),EntropyCut,1,48,20,4.242405,0.8137430487319992
a,cumulative model-call time (min),EntropyCut,1,49,20,4.3317283333333325,0.834412130018627
a,cumulative model-call time (min),EntropyCut,1,50,20,4.4094074999999995,0.859510838503574
a,cumulative model-call time (min),EntropyCut,1,51,20,4.5151425,0.8780994483115223
a,cumulative model-call time (min),EntropyCut,1,52,20,4.6008575,0.8842988728890454
a,cumulative model-call time (min),EntropyCut,1,53,20,4.694662499999999,0.902021327691524
a,cumulative model-call time (min),EntropyCut,1,54,20,4.786485833333333,0.9286176106404973
a,cumulative model-call time (min),EntropyCut,1,55,20,4.87466,0.9440961630572463
a,cumulative model-call time (min),EntropyCut,1,56,20,4.951013333333333,0.9731956929326647
a,cumulative model-call time (min),EntropyCut,1,57,20,5.054779166666666,0.9838813996430646
a,cumulative model-call time (min),EntropyCut,1,58,20,5.153747499999999,1.0064345016973886
a,cumulative model-call time (min),EntropyCut,1,59,20,5.234428333333333,1.00522058489725
a,cumulative model-call time (min),EntropyCut,1,60,20,5.3116233333333325,1.0397974188858314
a,cumulative model-call time (min),EntropyCut,1,61,20,5.3877266666666666,1.0504573964684725
a,cumulative model-call time (min),EntropyCut,1,62,20,5.486739999999999,1.0877761756921818
a,cumulative model-call time (min),EntropyCut,1,63,20,5.579692499999999,1.1162919038253625
a,cumulative model-call time (min),EntropyCut,1,64,20,5.670093333333332,1.1412762166034982
a,cumulative model-call time (min),EntropyCut,1,65,20,5.772751666666666,1.1545799152880452
a,cumulative model-call time (min),EntropyCut,1,66,20,5.848234166666667,1.1722751014683628
a,cumulative model-call time (min),EntropyCut,1,67,20,5.941275,1.1733103688130977
a,cumulative model-call time (min),EntropyCut,1,68,20,6.021271666666666,1.1884881799669074
a,cumulative model-call time (min),EntropyCut,1,69,20,6.124171666666666,1.2003956770922954
a,cumulative model-call time (min),EntropyCut,1,70,20,6.225805833333332,1.2207252164241913
a,cumulative model-call time (min),EntropyCut,1,71,20,6.306164999999999,1.2452996370551574
a,cumulative model-call time (min),EntropyCut,1,72,20,6.393319166666666,1.2679506970057155
a,cumulative model-call time (min),EntropyCut,1,73,20,6.488689999999998,1.2865708745974984
a,cumulative model-call time (min),EntropyCut,1,74,20,6.564313333333333,1.2884775791970795
a,cumulative model-call time (min),EntropyCut,1,75,20,6.649402499999999,1.3139387243747513
a,cumulative model-call time (min),EntropyCut,1,76,20,6.744996666666666,1.3471743067820883
a,cumulative model-call time (min),EntropyCut,1,77,20,6.8350375,1.3819450159261502
a,cumulative model-call time (min),EntropyCut,1,78,20,6.912861666666665,1.4135319742699932
a,cumulative model-call time (min),EntropyCut,1,79,20,6.999884166666665,1.41219220838912
a,cumulative model-call time (min),EntropyCut,1,80,20,7.081416666666666,1.4272355556924539
a,cumulative model-call time (min),EntropyCut,1,81,20,7.183187499999999,1.4476439335450129
a,cumulative model-call time (min),EntropyCut,1,82,20,7.273363333333333,1.466607767533458
a,cumulative model-call time (min),EntropyCut,1,83,20,7.360700833333332,1.4914728575698888
a,cumulative model-call time (min),EntropyCut,1,84,20,7.450988333333333,1.4873541021388021
a,cumulative model-call time (min),EntropyCut,1,85,20,7.540004999999999,1.5165300058354978
a,cumulative model-call time (min),EntropyCut,1,86,20,7.627961666666667,1.5145083689124492
a,cumulative model-call time (min),EntropyCut,1,87,20,7.710800833333333,1.509450168160608
a,cumulative model-call time (min),EntropyCut,1,88,20,7.800245833333333,1.5284103003910223
a,cumulative model-call time (min),EntropyCut,1,89,20,7.895395,1.5638040512028608
a,cumulative model-call time (min),EntropyCut,1,90,20,7.987170833333333,1.5758638212037237
a,cumulative model-call time (min),EntropyCut,1,91,20,8.057356666666667,1.5893706651777257
a,cumulative model-call time (min),EntropyCut,1,92,20,8.149815833333331,1.6036439480049658
a,cumulative model-call time (min),EntropyCut,1,93,20,8.237766666666666,1.6150720591984462
a,cumulative model-call time (min),EntropyCut,1,94,20,8.340000833333333,1.6257847784028496
a,cumulative model-call time (min),EntropyCut,1,95,20,8.393225833333332,1.6358032547258803
a,cumulative model-call time (min),EntropyCut,1,96,20,8.489494166666667,1.6296758540241454
a,cumulative model-call time (min),EntropyCut,1,97,20,8.576840833333332,1.6390753779418723
a,cumulative model-call time (min),EntropyCut,1,98,20,8.649368333333333,1.648191705008572
a,cumulative model-call time (min),EntropyCut,1,99,20,8.746645833333332,1.6676639984310422
a,cumulative model-call time (min),EntropyCut,1,100,20,8.83288,1.6969832965127485
b,MH transitions per model call,PreSTO-EntropyCut,20,1,20,1.0,0.0
b,MH transitions per model call,PreSTO-EntropyCut,20,2,20,1.7,0.47016234598162726
b,MH transitions per model call,PreSTO-EntropyCut,20,3,20,2.0,0.7608859102526822
b,MH transitions per model call,PreSTO-EntropyCut,20,4,20,2.4,0.9769267960867286
b,MH transitions per model call,PreSTO-EntropyCut,20,5,20,2.666666666666667,1.2565617248750864
b,MH transitions per model call,PreSTO-EntropyCut,20,6,20,2.875,1.190698600778021
b,MH transitions per model call,PreSTO-EntropyCut,20,7,20,2.7708333333333335,0.7049713817757477
b,MH transitions per model call,PreSTO-EntropyCut,20,8,20,2.8666666666666667,0.8944271909999159
b,MH transitions per model call,PreSTO-EntropyCut,20,9,20,2.9775,0.8695847466342469
b,MH transitions per model call,PreSTO-EntropyCut,20,10,20,3.075,0.8155559937535671
b,MH transitions per model call,PreSTO-EntropyCut,20,11,20,3.290833333333333,0.7511487304154073
b,MH transitions per model call,PreSTO-EntropyCut,20,12,20,3.2,0.7254762501100117
b,MH transitions per model call,PreSTO-EntropyCut,20,13,20,3.325833333333333,0.8266128130449335
b,MH transitions per model call,PreSTO-EntropyCut,20,14,20,3.3483333333333336,0.7949750814440407
b,MH transitions per model call,PreSTO-EntropyCut,20,15,20,3.2517857142857145,0.7784588971583432
b,MH transitions per model call,PreSTO-EntropyCut,20,16,20,3.3085714285714287,0.7371699269054502
b,MH transitions per model call,PreSTO-EntropyCut,20,17,20,3.3585119047619045,0.6387870407022493
b,MH transitions per model call,PreSTO-EntropyCut,20,18,20,3.383571428571429,0.7080786699178955
b,MH transitions per model call,PreSTO-EntropyCut,20,19,20,3.485595238095238,0.7698490222159166
b,MH transitions per model call,PreSTO-EntropyCut,20,20,20,3.4801587301587302,0.7406823086314102
b,MH transitions per model call,PreSTO-EntropyCut,20,21,20,3.5083333333333337,0.7350110394206167
b,MH transitions per model call,PreSTO-EntropyCut,20,22,20,3.555793650793651,0.703517839140365
b,MH transitions per model call,PreSTO-EntropyCut,20,23,20,3.58781746031746,0.749951222373198
b,MH transitions per model call,PreSTO-EntropyCut,20,24,20,3.6576623376623374,0.8588364414373105
b,MH transitions per model call,PreSTO-EntropyCut,20,25,20,3.750541125541125,0.8883841412360176
b,MH transitions per model call,PreSTO-EntropyCut,20,26,20,3.7607142857142852,0.7936683164314554
b,MH transitions per model call,PreSTO-EntropyCut,20,27,20,3.7939772727272727,0.8263905223085132
b,MH transitions per model call,PreSTO-EntropyCut,20,28,20,3.7105555555555556,0.7616581463516515
b,MH transitions per model call,PreSTO-EntropyCut,20,29,20,3.761855921855922,0.8114296407337096
b,MH transitions per model call,PreSTO-EntropyCut,20,30,20,3.7802281052281055,0.8146442348059663
b,MH transitions per model call,PreSTO-EntropyCut,20,31,20,3.8461471861471863,0.8858821970773618
b,MH transitions per model call,PreSTO-EntropyCut,20,32,20,3.7905916305916305,0.7642167214180229
b,MH transitions per model call,PreSTO-EntropyCut,20,33,20,3.8717261904761906,0.7841754006894285
b,MH transitions per model call,PreSTO-EntropyCut,20,34,20,3.8517694805194806,0.8037883960435454
b,MH transitions per model call,PreSTO-EntropyCut,20,35,20,3.849842171717172,0.7987740191181395
b,MH transitions per model call,PreSTO-EntropyCut,20,36,20,3.911331168831169,0.7951565269569023
b,MH transitions per model call,PreSTO-EntropyCut,20,37,20,3.8976136363636362,0.7748739489610361
b,MH transitions per model call,PreSTO-EntropyCut,20,38,20,3.904807635175282,0.779593749176627
b,MH transitions per model call,PreSTO-EntropyCut,20,39,20,3.947982397504456,0.7949955146840633
b,MH transitions per model call,PreSTO-EntropyCut,20,40,20,3.9214349376114086,0.7165181204230922
b,MH transitions per model call,PreSTO-EntropyCut,20,41,20,3.9581261140819963,0.733698098941261
b,MH transitions per model call,PreSTO-EntropyCut,20,42,20,3.982870903606198,0.7586041216009796
b,MH transitions per model call,PreSTO-EntropyCut,20,43,20,3.9532132560422033,0.7966062061257791
b,MH transitions per model call,PreSTO-EntropyCut,20,44,20,3.994592892487629,0.7624292073390265
b,MH transitions per model call,PreSTO-EntropyCut,20,45,20,3.9151723276723276,0.7004538775973302
b,MH transitions per model call,PreSTO-EntropyCut,20,46,20,3.936208586734902,0.7036444071364245
b,MH transitions per model call,PreSTO-EntropyCut,20,47,20,3.946416638916639,0.7545939323568226
b,MH transitions per model call,PreSTO-EntropyCut,20,48,20,3.977196137196137,0.7568640124606182
b,MH transitions per model call,PreSTO-EntropyCut,20,49,20,3.9866958041958043,0.7143692018450225
b,MH transitions per model call,PreSTO-EntropyCut,20,50,20,3.9694472194472197,0.6992868710956383
b,MH transitions per model call,PreSTO-EntropyCut,20,51,20,4.001296638144464,0.7384459366179201
b,MH transitions per model call,PreSTO-EntropyCut,20,52,20,4.019329004329004,0.7291390773760389
b,MH transitions per model call,PreSTO-EntropyCut,20,53,20,4.01869234931735,0.7662765869979037
b,MH transitions per model call,PreSTO-EntropyCut,20,54,20,3.9926122407004763,0.7292275984545398
b,MH transitions per model call,PreSTO-EntropyCut,20,55,20,3.9837942612942614,0.7278563408587172
b,MH transitions per model call,PreSTO-EntropyCut,20,56,20,4.010308672004324,0.7603914608677009
b,MH transitions per model call,PreSTO-EntropyCut,20,57,20,4.0081326155728325,0.7148166577395959
b,MH transitions per model call,PreSTO-EntropyCut,20,58,20,3.9999754569102395,0.6973108616438579
b,MH transitions per model call,PreSTO-EntropyCut,20,59,20,4.023209443334443,0.7244819066380253
b,MH transitions per model call,PreSTO-EntropyCut,20,60,20,4.0323873030993775,0.7060082900332574
b,MH transitions per model call,PreSTO-EntropyCut,20,61,20,4.022939588790981,0.7114404550423938
b,MH transitions per model call,PreSTO-EntropyCut,20,62,20,4.068960846686853,0.7303628099961043
b,MH transitions per model call,PreSTO-EntropyCut,20,63,20,4.086271939747559,0.7102836822611414
b,MH transitions per model call,PreSTO-EntropyCut,20,64,20,4.037043045018278,0.6844458927582293
b,MH transitions per model call,PreSTO-EntropyCut,20,65,20,4.05146035022196,0.7151696027835336
b,MH transitions per model call,PreSTO-EntropyCut,20,66,20,4.088608866623573,0.7473308487118766
b,MH transitions per model call,PreSTO-EntropyCut,20,67,20,4.0809691614635835,0.7354705907613988
b,MH transitions per model call,PreSTO-EntropyCut,20,68,20,4.094864496933463,0.7102676110998528
b,MH transitions per model call,PreSTO-EntropyCut,20,69,20,4.115380346133056,0.7333114415387745
b,MH transitions per model call,PreSTO-EntropyCut,20,70,20,4.119699465481199,0.7430043137845519
b,MH transitions per model call,PreSTO-EntropyCut,20,71,20,4.139889755878408,0.764289433596748
b,MH transitions per model call,PreSTO-EntropyCut,20,72,20,4.113458029192591,0.7499630664729329
b,MH transitions per model call,PreSTO-EntropyCut,20,73,20,4.13491789005791,0.7757272122914721
b,MH transitions per model call,PreSTO-EntropyCut,20,74,20,4.1159023375752986,0.7232562668903418
b,MH transitions per model call,PreSTO-EntropyCut,20,75,20,4.144316317312274,0.7390646230245593
b,MH transitions per model call,PreSTO-EntropyCut,20,76,20,4.152258085052202,0.74348974404306
b,MH transitions per model call,PreSTO-EntropyCut,20,77,20,4.146798339091548,0.756667837617406
b,MH transitions per model call,PreSTO-EntropyCut,20,78,20,4.141275559422853,0.752188130849401
b,MH transitions per model call,PreSTO-EntropyCut,20,79,20,4.149102760657177,0.7752899043629579
b,MH transitions per model call,PreSTO-EntropyCut,20,80,20,4.111486343366899,0.7393702744443582
b,MH transitions per model call,PreSTO-EntropyCut,20,81,20,4.136297261368663,0.7536835047573353
b,MH transitions per model call,PreSTO-EntropyCut,20,82,20,4.170385433984286,0.7733150457526894
b,MH transitions per model call,PreSTO-EntropyCut,20,83,20,4.15646341911179,0.7823174331090538
b,MH transitions per model call,PreSTO-EntropyCut,20,84,20,4.154014038413688,0.799693979252536
b,MH transitions per model call,PreSTO-EntropyCut,20,85,20,4.145737729090132,0.7659198181863758
b,MH transitions per model call,PreSTO-EntropyCut,20,86,20,4.129926300946627,0.7472230278859634
b,MH transitions per model call,PreSTO-EntropyCut,20,87,20,4.152055842651986,0.7659792008117022
b,MH transitions per model call,PreSTO-EntropyCut,20,88,20,4.177725484607972,0.7680943579846742
b,MH transitions per model call,PreSTO-EntropyCut,20,89,20,4.167339658410967,0.7621419248282101
b,MH transitions per model call,PreSTO-EntropyCut,20,90,20,4.156971356256253,0.7548807782091002
b,MH transitions per model call,PreSTO-EntropyCut,20,91,20,4.143221266825385,0.7401749705238524
b,MH transitions per model call,PreSTO-EntropyCut,20,92,20,4.149931621984253,0.7427778778848712
b,MH transitions per model call,PreSTO-EntropyCut,20,93,20,4.160159434379128,0.7645138509809309
b,MH transitions per model call,PreSTO-EntropyCut,20,94,20,4.179651590782249,0.777011540038622
b,MH transitions per model call,PreSTO-EntropyCut,20,95,20,4.146619576911199,0.7340900516157326
b,MH transitions per model call,PreSTO-EntropyCut,20,96,20,4.168450022218399,0.7292508286762205
b,MH transitions per model call,PreSTO-EntropyCut,20,97,20,4.14523892888195,0.7252029016826351
b,MH transitions per model call,PreSTO-EntropyCut,20,98,20,4.160439095229713,0.7295911536489192
b,MH transitions per model call,PreSTO-EntropyCut,20,99,20,4.174960878366485,0.7320148142878018
b,MH transitions per model call,PreSTO-EntropyCut,20,100,20,4.213758381206894,0.7471378794424305
b,MH transitions per model call,EntropyCut,1,1,20,1.0,0.0
b,MH transitions per model call,EntropyCut,1,2,20,1.0,0.0
b,MH transitions per model call,EntropyCut,1,3,20,1.0,0.0
b,MH transitions per model call,EntropyCut,1,4,20,1.0,0.0
b,MH transitions per model call,EntropyCut,1,5,20,1.0,0.0
b,MH transitions per model call,EntropyCut,1,6,20,1.0,0.0
b,MH transitions per model call,EntropyCut,1,7,20,1.0,0.0
b,MH transitions per model call,EntropyCut,1,8,20,1.0,0.0
b,MH transitions per model call,EntropyCut,1,9,20,1.0,0.0
b,MH transitions per model call,EntropyCut,1,10,20,1.0,0.0
b,MH transitions per model call,EntropyCut,1,11,20,1.0,0.0
b,MH transitions per model call,EntropyCut,1,12,20,1.0,0.0
b,MH transitions per model call,EntropyCut,1,13,20,1.0,0.0
b,MH transitions per model call,EntropyCut,1,14,20,1.0,0.0
b,MH transitions per model call,EntropyCut,1,15,20,1.0,0.0
b,MH transitions per model call,EntropyCut,1,16,20,1.0,0.0
b,MH transitions per model call,EntropyCut,1,17,20,1.0,0.0
b,MH transitions per model call,EntropyCut,1,18,20,1.0,0.0
b,MH transitions per model call,EntropyCut,1,19,20,1.0,0.0
b,MH transitions per model call,EntropyCut,1,20,20,1.0,0.0
b,MH transitions per model call,EntropyCut,1,21,20,1.0,0.0
b,MH transitions per model call,EntropyCut,1,22,20,1.0,0.0
b,MH transitions per model call,EntropyCut,1,23,20,1.0,0.0
b,MH transitions per model call,EntropyCut,1,24,20,1.0,0.0
b,MH transitions per model call,EntropyCut,1,25,20,1.0,0.0
b,MH transitions per model call,EntropyCut,1,26,20,1.0,0.0
b,MH transitions per model call,EntropyCut,1,27,20,1.0,0.0
b,MH transitions per model call,EntropyCut,1,28,20,1.0,0.0
b,MH transitions per model call,EntropyCut,1,29,20,1.0,0.0
b,MH transitions per model call,EntropyCut,1,30,20,1.0,0.0
b,MH transitions per model call,EntropyCut,1,31,20,1.0,0.0
b,MH transitions per model call,EntropyCut,1,32,20,1.0,0.0
b,MH transitions per model call,EntropyCut,1,33,20,1.0,0.0
b,MH transitions per model call,EntropyCut,1,34,20,1.0,0.0
b,MH transitions per model call,EntropyCut,1,35,20,1.0,0.0
b,MH transitions per model call,EntropyCut,1,36,20,1.0,0.0
b,MH transitions per model call,EntropyCut,1,37,20,1.0,0.0
b,MH transitions per model call,EntropyCut,1,38,20,1.0,0.0
b,MH transitions per model call,EntropyCut,1,39,20,1.0,0.0
b,MH transitions per model call,EntropyCut,1,40,20,1.0,0.0
b,MH transitions per model call,EntropyCut,1,41,20,1.0,0.0
b,MH transitions per model call,EntropyCut,1,42,20,1.0,0.0
b,MH transitions per model call,EntropyCut,1,43,20,1.0,0.0
b,MH transitions per model call,EntropyCut,1,44,20,1.0,0.0
b,MH transitions per model call,EntropyCut,1,45,20,1.0,0.0
b,MH transitions per model call,EntropyCut,1,46,20,1.0,0.0
b,MH transitions per model call,EntropyCut,1,47,20,1.0,0.0
b,MH transitions per model call,EntropyCut,1,48,20,1.0,0.0
b,MH transitions per model call,EntropyCut,1,49,20,1.0,0.0
b,MH transitions per model call,EntropyCut,1,50,20,1.0,0.0
b,MH transitions per model call,EntropyCut,1,51,20,1.0,0.0
b,MH transitions per model call,EntropyCut,1,52,20,1.0,0.0
b,MH transitions per model call,EntropyCut,1,53,20,1.0,0.0
b,MH transitions per model call,EntropyCut,1,54,20,1.0,0.0
b,MH transitions per model call,EntropyCut,1,55,20,1.0,0.0
b,MH transitions per model call,EntropyCut,1,56,20,1.0,0.0
b,MH transitions per model call,EntropyCut,1,57,20,1.0,0.0
b,MH transitions per model call,EntropyCut,1,58,20,1.0,0.0
b,MH transitions per model call,EntropyCut,1,59,20,1.0,0.0
b,MH transitions per model call,EntropyCut,1,60,20,1.0,0.0
b,MH transitions per model call,EntropyCut,1,61,20,1.0,0.0
b,MH transitions per model call,EntropyCut,1,62,20,1.0,0.0
b,MH transitions per model call,EntropyCut,1,63,20,1.0,0.0
b,MH transitions per model call,EntropyCut,1,64,20,1.0,0.0
b,MH transitions per model call,EntropyCut,1,65,20,1.0,0.0
b,MH transitions per model call,EntropyCut,1,66,20,1.0,0.0
b,MH transitions per model call,EntropyCut,1,67,20,1.0,0.0
b,MH transitions per model call,EntropyCut,1,68,20,1.0,0.0
b,MH transitions per model call,EntropyCut,1,69,20,1.0,0.0
b,MH transitions per model call,EntropyCut,1,70,20,1.0,0.0
b,MH transitions per model call,EntropyCut,1,71,20,1.0,0.0
b,MH transitions per model call,EntropyCut,1,72,20,1.0,0.0
b,MH transitions per model call,EntropyCut,1,73,20,1.0,0.0
b,MH transitions per model call,EntropyCut,1,74,20,1.0,0.0
b,MH transitions per model call,EntropyCut,1,75,20,1.0,0.0
b,MH transitions per model call,EntropyCut,1,76,20,1.0,0.0
b,MH transitions per model call,EntropyCut,1,77,20,1.0,0.0
b,MH transitions per model call,EntropyCut,1,78,20,1.0,0.0
b,MH transitions per model call,EntropyCut,1,79,20,1.0,0.0
b,MH transitions per model call,EntropyCut,1,80,20,1.0,0.0
b,MH transitions per model call,EntropyCut,1,81,20,1.0,0.0
b,MH transitions per model call,EntropyCut,1,82,20,1.0,0.0
b,MH transitions per model call,EntropyCut,1,83,20,1.0,0.0
b,MH transitions per model call,EntropyCut,1,84,20,1.0,0.0
b,MH transitions per model call,EntropyCut,1,85,20,1.0,0.0
b,MH transitions per model call,EntropyCut,1,86,20,1.0,0.0
b,MH transitions per model call,EntropyCut,1,87,20,1.0,0.0
b,MH transitions per model call,EntropyCut,1,88,20,1.0,0.0
b,MH transitions per model call,EntropyCut,1,89,20,1.0,0.0
b,MH transitions per model call,EntropyCut,1,90,20,1.0,0.0
b,MH transitions per model call,EntropyCut,1,91,20,1.0,0.0
b,MH transitions per model call,EntropyCut,1,92,20,1.0,0.0
b,MH transitions per model call,EntropyCut,1,93,20,1.0,0.0
b,MH transitions per model call,EntropyCut,1,94,20,1.0,0.0
b,MH transitions per model call,EntropyCut,1,95,20,1.0,0.0
b,MH transitions per model call,EntropyCut,1,96,20,1.0,0.0
b,MH transitions per model call,EntropyCut,1,97,20,1.0,0.0
b,MH transitions per model call,EntropyCut,1,98,20,1.0,0.0
b,MH transitions per model call,EntropyCut,1,99,20,1.0,0.0
b,MH transitions per model call,EntropyCut,1,100,20,1.0,0.0
c,model-call time (sec/call),PreSTO-EntropyCut,10,1,20,9.6136,1.1529363154001269
c,model-call time (sec/call),PreSTO-EntropyCut,10,2,20,9.5642,1.1758787464342526
c,model-call time (sec/call),PreSTO-EntropyCut,10,3,20,9.544283333333334,1.1582917058025557
c,model-call time (sec/call),PreSTO-EntropyCut,10,4,20,9.606591666666667,0.9656411006719928
c,model-call time (sec/call),PreSTO-EntropyCut,10,5,20,9.61135,0.900027028346586
c,model-call time (sec/call),PreSTO-EntropyCut,10,6,20,9.615245833333333,0.8728677459703786
c,model-call time (sec/call),PreSTO-EntropyCut,10,7,20,9.6397,0.8537446511609692
c,model-call time (sec/call),PreSTO-EntropyCut,10,8,20,9.6927625,0.7927984077049494
c,model-call time (sec/call),PreSTO-EntropyCut,10,9,20,9.678145833333334,0.8224251885114534
c,model-call time (sec/call),PreSTO-EntropyCut,10,10,20,9.673857142857143,0.8250503636885618
c,model-call time (sec/call),PreSTO-EntropyCut,10,11,20,9.67407886904762,0.8271841242612948
c,model-call time (sec/call),PreSTO-EntropyCut,10,12,20,9.672017499999999,0.8793786051057246
c,model-call time (sec/call),PreSTO-EntropyCut,10,13,20,9.644458432539682,0.9050778694753104
c,model-call time (sec/call),PreSTO-EntropyCut,10,14,20,9.670204166666668,0.8812013182128299
c,model-call time (sec/call),PreSTO-EntropyCut,10,15,20,9.645370416666667,0.8899653063679281
c,model-call time (sec/call),PreSTO-EntropyCut,10,16,20,9.644977976190477,0.89232773718456
c,model-call time (sec/call),PreSTO-EntropyCut,10,17,20,9.667163333333333,0.8747856875488709
c,model-call time (sec/call),PreSTO-EntropyCut,10,18,20,9.663405984848485,0.8852407921550696
c,model-call time (sec/call),PreSTO-EntropyCut,10,19,20,9.66693369047619,0.8837305403588405
c,model-call time (sec/call),PreSTO-EntropyCut,10,20,20,9.683360119047618,0.8562123043406661
c,model-call time (sec/call),PreSTO-EntropyCut,10,21,20,9.662042943722943,0.8527400907609078
c,model-call time (sec/call),PreSTO-EntropyCut,10,22,20,9.644317955655456,0.8315489011170384
c,model-call time (sec/call),PreSTO-EntropyCut,10,23,20,9.62344392066267,0.8411483138620848
c,model-call time (sec/call),PreSTO-EntropyCut,10,24,20,9.63379271034521,0.8316047625358716
c,model-call time (sec/call),PreSTO-EntropyCut,10,25,20,9.622040077561326,0.8576950695933776
c,model-call time (sec/call),PreSTO-EntropyCut,10,26,20,9.633985363247863,0.8480147415226162
c,model-call time (sec/call),PreSTO-EntropyCut,10,27,20,9.632466572871573,0.8472047660718544
c,model-call time (sec/call),PreSTO-EntropyCut,10,28,20,9.631862822871572,0.8528239541765433
c,model-call time (sec/call),PreSTO-EntropyCut,10,29,20,9.623856849747474,0.874740004953882
c,model-call time (sec/call),PreSTO-EntropyCut,10,30,20,9.62629784188034,0.8802931211995061
c,model-call time (sec/call),PreSTO-EntropyCut,10,31,20,9.630251503496504,0.8742808088950962
c,model-call time (sec/call),PreSTO-EntropyCut,10,32,20,9.637626123223182,0.8775465191581582
c,model-call time (sec/call),PreSTO-EntropyCut,10,33,20,9.64154657925408,0.8759425036762198
c,model-call time (sec/call),PreSTO-EntropyCut,10,34,20,9.643392603507603,0.872962587509834
c,model-call time (sec/call),PreSTO-EntropyCut,10,35,20,9.644008777596671,0.872203708233095
c,model-call time (sec/call),PreSTO-EntropyCut,10,36,20,9.656618752344148,0.8340314577210852
c,model-call time (sec/call),PreSTO-EntropyCut,10,37,20,9.65332700650227,0.8383048088291636
c,model-call time (sec/call),PreSTO-EntropyCut,10,38,20,9.650084605394605,0.834834807775097
c,model-call time (sec/call),PreSTO-EntropyCut,10,39,20,9.649090419580421,0.8294279716981316
c,model-call time (sec/call),PreSTO-EntropyCut,10,40,20,9.648941175491176,0.820387262841123
c,model-call time (sec/call),PreSTO-EntropyCut,10,41,20,9.647742324342325,0.8144828126132043
c,model-call time (sec/call),PreSTO-EntropyCut,10,42,20,9.65028034049284,0.8148555954330184
c,model-call time (sec/call),PreSTO-EntropyCut,10,43,20,9.64936517250865,0.8139966673890718
c,model-call time (sec/call),PreSTO-EntropyCut,10,44,20,9.641640333398486,0.8143641172046191
c,model-call time (sec/call),PreSTO-EntropyCut,10,45,20,9.64113457592067,0.8167023780419911
c,model-call time (sec/call),PreSTO-EntropyCut,10,46,20,9.638431074606766,0.8150241777836721
c,model-call time (sec/call),PreSTO-EntropyCut,10,47,20,9.641472719295411,0.8144208871475083
c,model-call time (sec/call),PreSTO-EntropyCut,10,48,20,9.639564545356604,0.8168566951975526
c,model-call time (sec/call),PreSTO-EntropyCut,10,49,20,9.638288226854844,0.8174886014828991
c,model-call time (sec/call),PreSTO-EntropyCut,10,50,20,9.64107715241866,0.8174818680181531
c,model-call time (sec/call),PreSTO-EntropyCut,10,51,20,9.63976706287857,0.8174589963481009
c,model-call time (sec/call),PreSTO-EntropyCut,10,52,20,9.639471163407672,0.817224583896279
c,model-call time (sec/call),PreSTO-EntropyCut,10,53,20,9.64445465200781,0.8052132505894323
c,model-call time (sec/call),PreSTO-EntropyCut,10,54,20,9.647697053847855,0.7964729300949032
c,model-call time (sec/call),PreSTO-EntropyCut,10,55,20,9.648561462450006,0.7971404858686342
c,model-call time (sec/call),PreSTO-EntropyCut,10,56,20,9.655681251485925,0.7902751989403006
c,model-call time (sec/call),PreSTO-EntropyCut,10,57,20,9.663658745650256,0.7808407205075876
c,model-call time (sec/call),PreSTO-EntropyCut,10,58,20,9.667897904434103,0.782257343597258
c,model-call time (sec/call),PreSTO-EntropyCut,10,59,20,9.671227125316005,0.7717194300117763
c,model-call time (sec/call),PreSTO-EntropyCut,10,60,20,9.67621433338743,0.768614619323846
c,model-call time (sec/call),PreSTO-EntropyCut,10,61,20,9.677504697620275,0.7651437440179253
c,model-call time (sec/call),PreSTO-EntropyCut,10,62,20,9.676944767924713,0.7652141370696365
c,model-call time (sec/call),PreSTO-EntropyCut,10,63,20,9.679068006912892,0.7615697314969951
c,model-call time (sec/call),PreSTO-EntropyCut,10,64,20,9.673243064409576,0.7690577755328758
c,model-call time (sec/call),PreSTO-EntropyCut,10,65,20,9.675010637444771,0.7682630101386326
c,model-call time (sec/call),PreSTO-EntropyCut,10,66,20,9.676018645161692,0.7693865850322508
c,model-call time (sec/call),PreSTO-EntropyCut,10,67,20,9.680970386524903,0.7623582014641382
c,model-call time (sec/call),PreSTO-EntropyCut,10,68,20,9.678031926375638,0.7663940668278526
c,model-call time (sec/call),PreSTO-EntropyCut,10,69,20,9.680992013140736,0.7625197553745161
c,model-call time (sec/call),PreSTO-EntropyCut,10,70,20,9.6814567750455,0.7622866888842782
c,model-call time (sec/call),PreSTO-EntropyCut,10,71,20,9.676742093942103,0.7654199809966075
c,model-call time (sec/call),PreSTO-EntropyCut,10,72,20,9.676894353183572,0.7644606635179905
c,model-call time (sec/call),PreSTO-EntropyCut,10,73,20,9.679330499081916,0.7665277396870164
c,model-call time (sec/call),PreSTO-EntropyCut,10,74,20,9.681714140031403,0.7643785671074191
c,model-call time (sec/call),PreSTO-EntropyCut,10,75,20,9.682908828627895,0.7627595845127488
c,model-call time (sec/call),PreSTO-EntropyCut,10,76,20,9.681268828597414,0.759838543358404
c,model-call time (sec/call),PreSTO-EntropyCut,10,77,20,9.676588416875077,0.7694701572560975
c,model-call time (sec/call),PreSTO-EntropyCut,10,78,20,9.671011495282178,0.7739776115188344
c,model-call time (sec/call),PreSTO-EntropyCut,10,79,20,9.668287402094283,0.776184837699254
c,model-call time (sec/call),PreSTO-EntropyCut,10,80,20,9.671211064543446,0.7749177776058964
c,model-call time (sec/call),PreSTO-EntropyCut,10,81,20,9.669601114797539,0.7778809419950082
c,model-call time (sec/call),PreSTO-EntropyCut,10,82,20,9.671661218491653,0.7770231742742694
c,model-call time (sec/call),PreSTO-EntropyCut,10,83,20,9.674165035779437,0.7767203717218202
c,model-call time (sec/call),PreSTO-EntropyCut,10,84,20,9.673028810883299,0.7826270887550537
c,model-call time (sec/call),PreSTO-EntropyCut,10,85,20,9.671617047109894,0.7841505825208903
c,model-call time (sec/call),PreSTO-EntropyCut,10,86,20,9.66730001239823,0.7879133313246054
c,model-call time (sec/call),PreSTO-EntropyCut,10,87,20,9.667342362943819,0.7905772827707026
c,model-call time (sec/call),PreSTO-EntropyCut,10,88,20,9.66913537002249,0.7845462765633094
c,model-call time (sec/call),PreSTO-EntropyCut,10,89,20,9.671202192427138,0.7838081389147716
c,model-call time (sec/call),PreSTO-EntropyCut,10,90,20,9.670682997237499,0.7856154635579339
c,model-call time (sec/call),PreSTO-EntropyCut,10,91,20,9.66897888594256,0.7865121593561782
c,model-call time (sec/call),PreSTO-EntropyCut,10,92,20,9.663925288349677,0.7958426137208501
c,model-call time (sec/call),PreSTO-EntropyCut,10,93,20,9.661823727703737,0.7963797625559369
c,model-call time (sec/call),PreSTO-EntropyCut,10,94,20,9.660356992962745,0.8067211010265399
c,model-call time (sec/call),PreSTO-EntropyCut,10,95,20,9.660384716615454,0.8079190813488455
c,model-call time (sec/call),PreSTO-EntropyCut,10,96,20,9.658924369793201,0.8054211456583861
c,model-call time (sec/call),PreSTO-EntropyCut,10,97,20,9.655217767911322,0.8127403768567766
c,model-call time (sec/call),PreSTO-EntropyCut,10,98,20,9.63761349146224,0.8107415684678339
c,model-call time (sec/call),PreSTO-EntropyCut,10,99,20,9.60749154254079,0.8091204945140168
c,model-call time (sec/call),PreSTO-EntropyCut,10,100,20,9.580638516651836,0.8059231466690873
c,model-call time (sec/call),EntropyCut,1,1,20,4.37835,2.5898381228624268
c,model-call time (sec/call),EntropyCut,1,2,20,4.29045,1.9835697545215372
c,model-call time (sec/call),EntropyCut,1,3,20,4.501433333333333,1.7203451989379257
c,model-call time (sec/call),EntropyCut,1,4,20,4.574275,1.475291875448095
c,model-call time (sec/call),EntropyCut,1,5,20,4.84858,1.6066227892530867
c,model-call time (sec/call),EntropyCut,1,6,20,4.878833333333334,1.3724503112044335
c,model-call time (sec/call),EntropyCut,1,7,20,4.895192857142857,1.2770232347764736
c,model-call time (sec/call),EntropyCut,1,8,20,4.9745937499999995,1.2247388644027828
c,model-call time (sec/call),EntropyCut,1,9,20,4.9654,1.2044892772346956
c,model-call time (sec/call),EntropyCut,1,10,20,4.988625,1.1412110302910214
c,model-call time (sec/call),EntropyCut,1,11,20,5.067427272727273,1.1372501315743977
c,model-call time (sec/call),EntropyCut,1,12,20,5.110816666666667,1.1360218477637176
c,model-call time (sec/call),EntropyCut,1,13,20,5.161069230769231,1.1123602167841802
c,model-call time (sec/call),EntropyCut,1,14,20,5.208842857142857,1.0964543585417492
c,model-call time (sec/call),EntropyCut,1,15,20,5.226896666666667,1.1376269178420624
c,model-call time (sec/call),EntropyCut,1,16,20,5.249034375,1.0917094104535987
c,model-call time (sec/call),EntropyCut,1,17,20,5.221064705882353,1.1221617000422464
c,model-call time (sec/call),EntropyCut,1,18,20,5.2545,1.1004300002771967
c,model-call time (sec/call),EntropyCut,1,19,20,5.250384210526315,1.0670248012811412
c,model-call time (sec/call),EntropyCut,1,20,20,5.2033175,1.091307669999017
c,model-call time (sec/call),EntropyCut,1,21,20,5.165561904761904,1.1155511660206465
c,model-call time (sec/call),EntropyCut,1,22,20,5.221975,1.0637762467288925
c,model-call time (sec/call),EntropyCut,1,23,20,5.25795652173913,1.0955370915007143
c,model-call time (sec/call),EntropyCut,1,24,20,5.262470833333333,1.096970198347975
c,model-call time (sec/call),EntropyCut,1,25,20,5.246464,1.11160933920813
c,model-call time (sec/call),EntropyCut,1,26,20,5.268286538461538,1.082082964813604
c,model-call time (sec/call),EntropyCut,1,27,20,5.291031481481481,1.1078439406561746
c,model-call time (sec/call),EntropyCut,1,28,20,5.295121428571428,1.103986076407298
c,model-call time (sec/call),EntropyCut,1,29,20,5.296618965517241,1.0984074409680544
c,model-call time (sec/call),EntropyCut,1,30,20,5.308976666666666,1.0979179019520995
c,model-call time (sec/call),EntropyCut,1,31,20,5.311732258064516,1.097155556692558
c,model-call time (sec/call),EntropyCut,1,32,20,5.287046875,1.09793464024485
c,model-call time (sec/call),EntropyCut,1,33,20,5.297945454545454,1.0526920661380053
c,model-call time (sec/call),EntropyCut,1,34,20,5.292617647058823,1.0529093629851574
c,model-call time (sec/call),EntropyCut,1,35,20,5.287901428571429,1.042466970186158
c,model-call time (sec/call),EntropyCut,1,36,20,5.280430555555555,1.057173353173378
c,model-call time (sec/call),EntropyCut,1,37,20,5.272694594594594,1.0646613994301408
c,model-call time (sec/call),EntropyCut,1,38,20,5.269242105263158,1.0705357787205998
c,model-call time (sec/call),EntropyCut,1,39,20,5.282464102564102,1.05382007706671
c,model-call time (sec/call),EntropyCut,1,40,20,5.280377499999999,1.0322390948200904
c,model-call time (sec/call),EntropyCut,1,41,20,5.28600731707317,1.02470813485872
c,model-call time (sec/call),EntropyCut,1,42,20,5.298255952380952,1.0044248710729775
c,model-call time (sec/call),EntropyCut,1,43,20,5.284194186046511,0.9915743865684807
c,model-call time (sec/call),EntropyCut,1,44,20,5.2737,0.9889944127141115
c,model-call time (sec/call),EntropyCut,1,45,20,5.259257777777778,1.007286609913346
c,model-call time (sec/call),EntropyCut,1,46,20,5.270754347826086,1.0050440747473999
c,model-call time (sec/call),EntropyCut,1,47,20,5.2852117021276594,1.014921057741743
c,model-call time (sec/call),EntropyCut,1,48,20,5.30300625,1.017178810914999
c,model-call time (sec/call),EntropyCut,1,49,20,5.304157142857142,1.0217291387983187
c,model-call time (sec/call),EntropyCut,1,50,20,5.291289,1.0314130062042886
c,model-call time (sec/call),EntropyCut,1,51,20,5.3119323529411755,1.0330581744841438
c,model-call time (sec/call),EntropyCut,1,52,20,5.308681730769231,1.0203448533335138
c,model-call time (sec/call),EntropyCut,1,53,20,5.314712264150943,1.0211562200281403
c,model-call time (sec/call),EntropyCut,1,54,20,5.318317592592592,1.0317973451561082
c,model-call time (sec/call),EntropyCut,1,55,20,5.317810909090909,1.0299230869715414
c,model-call time (sec/call),EntropyCut,1,56,20,5.304657142857143,1.0427096709992836
c,model-call time (sec/call),EntropyCut,1,57,20,5.320820175438596,1.035664631203226
c,model-call time (sec/call),EntropyCut,1,58,20,5.3314629310344825,1.0411391396869538
c,model-call time (sec/call),EntropyCut,1,59,20,5.323147457627118,1.0222582219294067
c,model-call time (sec/call),EntropyCut,1,60,20,5.311623333333333,1.0397974188858312
c,model-call time (sec/call),EntropyCut,1,61,20,5.299403278688525,1.033236783411612
c,model-call time (sec/call),EntropyCut,1,62,20,5.309748387096773,1.0526866216375954
c,model-call time (sec/call),EntropyCut,1,63,20,5.313992857142857,1.0631351465003451
c,model-call time (sec/call),EntropyCut,1,64,20,5.315712499999999,1.0699464530657796
c,model-call time (sec/call),EntropyCut,1,65,20,5.328693846153845,1.0657660756505032
c,model-call time (sec/call),EntropyCut,1,66,20,5.316576515151515,1.0657046376985118
c,model-call time (sec/call),EntropyCut,1,67,20,5.3205447761194025,1.0507257034147142
c,model-call time (sec/call),EntropyCut,1,68,20,5.3128867647058815,1.0486660411472712
c,model-call time (sec/call),EntropyCut,1,69,20,5.325366666666666,1.0438223279063439
c,model-call time (sec/call),EntropyCut,1,70,20,5.336405,1.046335899792164
c,model-call time (sec/call),EntropyCut,1,71,20,5.32915352112676,1.0523658904691473
c,model-call time (sec/call),EntropyCut,1,72,20,5.327765972222222,1.0566255808380964
c,model-call time (sec/call),EntropyCut,1,73,20,5.3331698630136986,1.057455513367807
c,model-call time (sec/call),EntropyCut,1,74,20,5.322416216216216,1.0447115507003348
c,model-call time (sec/call),EntropyCut,1,75,20,5.319522,1.0511509794998013
c,model-call time (sec/call),EntropyCut,1,76,20,5.3249973684210525,1.063558663249017
c,model-call time (sec/call),EntropyCut,1,77,20,5.326003246753246,1.076840272150247
c,model-call time (sec/call),EntropyCut,1,78,20,5.3175858974358965,1.087332287899995
c,model-call time (sec/call),EntropyCut,1,79,20,5.316367721518987,1.0725510443461672
c,model-call time (sec/call),EntropyCut,1,80,20,5.3110625,1.0704266667693405
c,model-call time (sec/call),EntropyCut,1,81,20,5.320879629629629,1.0723288396629724
c,model-call time (sec/call),EntropyCut,1,82,20,5.321973170731707,1.073127634780579
c,model-call time (sec/call),EntropyCut,1,83,20,5.320988554216867,1.0781731500505218
c,model-call time (sec/call),EntropyCut,1,84,20,5.322134523809523,1.0623957872420013
c,model-call time (sec/call),EntropyCut,1,85,20,5.322356470588234,1.070491768825057
c,model-call time (sec/call),EntropyCut,1,86,20,5.321833720930232,1.0566337457528714
c,model-call time (sec/call),EntropyCut,1,87,20,5.317793678160919,1.041000115972833
c,model-call time (sec/call),EntropyCut,1,88,20,5.318349431818182,1.0420979320847878
c,model-call time (sec/call),EntropyCut,1,89,20,5.322738202247191,1.054249922159232
c,model-call time (sec/call),EntropyCut,1,90,20,5.324780555555555,1.0505758808024825
c,model-call time (sec/call),EntropyCut,1,91,20,5.312542857142857,1.0479367023149841
c,model-call time (sec/call),EntropyCut,1,92,20,5.315097282608695,1.0458547486988907
c,model-call time (sec/call),EntropyCut,1,93,20,5.31468817204301,1.0419819736764169
c,model-call time (sec/call),EntropyCut,1,94,20,5.3234047872340415,1.0377349649379892
c,model-call time (sec/call),EntropyCut,1,95,20,5.300984736842105,1.0331388977216087
c,model-call time (sec/call),EntropyCut,1,96,20,5.305933854166666,1.018547408765091
c,model-call time (sec/call),EntropyCut,1,97,20,5.30526237113402,1.0138610585207457
c,model-call time (sec/call),EntropyCut,1,98,20,5.295531632653061,1.0090969622501462
c,model-call time (sec/call),EntropyCut,1,99,20,5.300997474747474,1.010705453594571
c,model-call time (sec/call),EntropyCut,1,100,20,5.299728,1.018189977907649
