source_log,draw_index,pop_index,cut_index,sampling_probability
/Users/jiangnanhugo/workspace/power-sharpening/Subtree-Prefetching-Power-Sharpening/case_studies/logs-entropycut/mbpp/2026-09-21/vllm/dataset-mbpp.model-qwen3.5-9b.alpha4.0.steps100.blocks-1.prefetch-budget-20.rank-accept_first.cut-entropy4.0.samples20.maxnew1024.seed10086.subtreePrefetch.vllm.log,0,0,52,0.5196230105103261
/Users/jiangnanhugo/workspace/power-sharpening/Subtree-Prefetching-Power-Sharpening/case_studies/logs-entropycut/mbpp/2026-09-21/vllm/dataset-mbpp.model-qwen3.5-9b.alpha4.0.steps100.blocks-1.prefetch-budget-20.rank-accept_first.cut-entropy4.0.samples20.maxnew1024.seed10086.subtreePrefetch.vllm.log,0,1,52,0.5196230105103261
/Users/jiangnanhugo/workspace/power-sharpening/Subtree-Prefetching-Power-Sharpening/case_studies/logs-entropycut/mbpp/2026-09-21/vllm/dataset-mbpp.model-qwen3.5-9b.alpha4.0.steps100.blocks-1.prefetch-budget-20.rank-accept_first.cut-entropy4.0.samples20.maxnew1024.seed10086.subtreePrefetch.vllm.log,0,2,52,0.5196230105103261
/Users/jiangnanhugo/workspace/power-sharpening/Subtree-Prefetching-Power-Sharpening/case_studies/logs-entropycut/mbpp/2026-09-21/vllm/dataset-mbpp.model-qwen3.5-9b.alpha4.0.steps100.blocks-1.prefetch-budget-20.rank-accept_first.cut-entropy4.0.samples20.maxnew1024.seed10086.subtreePrefetch.vllm.log,0,3,59,0.049883564669658625
/Users/jiangnanhugo/workspace/power-sharpening/Subtree-Prefetching-Power-Sharpening/case_studies/logs-entropycut/mbpp/2026-09-21/vllm/dataset-mbpp.model-qwen3.5-9b.alpha4.0.steps100.blocks-1.prefetch-budget-20.rank-accept_first.cut-entropy4.0.samples20.maxnew1024.seed10086.subtreePrefetch.vllm.log,0,4,52,0.5196230105103261
/Users/jiangnanhugo/workspace/power-sharpening/Subtree-Prefetching-Power-Sharpening/case_studies/logs-entropycut/mbpp/2026-09-21/vllm/dataset-mbpp.model-qwen3.5-9b.alpha4.0.steps100.blocks-1.prefetch-budget-20.rank-accept_first.cut-entropy4.0.samples20.maxnew1024.seed10086.subtreePrefetch.vllm.log,0,5,52,0.5196230105103261
/Users/jiangnanhugo/workspace/power-sharpening/Subtree-Prefetching-Power-Sharpening/case_studies/logs-entropycut/mbpp/2026-09-21/vllm/dataset-mbpp.model-qwen3.5-9b.alpha4.0.steps100.blocks-1.prefetch-budget-20.rank-accept_first.cut-entropy4.0.samples20.maxnew1024.seed10086.subtreePrefetch.vllm.log,0,6,52,0.5196230105103261
/Users/jiangnanhugo/workspace/power-sharpening/Subtree-Prefetching-Power-Sharpening/case_studies/logs-entropycut/mbpp/2026-09-21/vllm/dataset-mbpp.model-qwen3.5-9b.alpha4.0.steps100.blocks-1.prefetch-budget-20.rank-accept_first.cut-entropy4.0.samples20.maxnew1024.seed10086.subtreePrefetch.vllm.log,0,7,52,0.5196230105103261
/Users/jiangnanhugo/workspace/power-sharpening/Subtree-Prefetching-Power-Sharpening/case_studies/logs-entropycut/mbpp/2026-09-21/vllm/dataset-mbpp.model-qwen3.5-9b.alpha4.0.steps100.blocks-1.prefetch-budget-20.rank-accept_first.cut-entropy4.0.samples20.maxnew1024.seed10086.subtreePrefetch.vllm.log,0,8,41,0.00010127430855164446
/Users/jiangnanhugo/workspace/power-sharpening/Subtree-Prefetching-Power-Sharpening/case_studies/logs-entropycut/mbpp/2026-09-21/vllm/dataset-mbpp.model-qwen3.5-9b.alpha4.0.steps100.blocks-1.prefetch-budget-20.rank-accept_first.cut-entropy4.0.samples20.maxnew1024.seed10086.subtreePrefetch.vllm.log,0,9,52,0.5196230105103261
/Users/jiangnanhugo/workspace/power-sharpening/Subtree-Prefetching-Power-Sharpening/case_studies/logs-entropycut/mbpp/2026-09-21/vllm/dataset-mbpp.model-qwen3.5-9b.alpha4.0.steps100.blocks-1.prefetch-budget-20.rank-accept_first.cut-entropy4.0.samples20.maxnew1024.seed10086.subtreePrefetch.vllm.log,0,10,52,0.5196230105103261
/Users/jiangnanhugo/workspace/power-sharpening/Subtree-Prefetching-Power-Sharpening/case_studies/logs-entropycut/mbpp/2026-09-21/vllm/dataset-mbpp.model-qwen3.5-9b.alpha4.0.steps100.blocks-1.prefetch-budget-20.rank-accept_first.cut-entropy4.0.samples20.maxnew1024.seed10086.subtreePrefetch.vllm.log,0,11,52,0.5196230105103261
/Users/jiangnanhugo/workspace/power-sharpening/Subtree-Prefetching-Power-Sharpening/case_studies/logs-entropycut/mbpp/2026-09-21/vllm/dataset-mbpp.model-qwen3.5-9b.alpha4.0.steps100.blocks-1.prefetch-budget-20.rank-accept_first.cut-entropy4.0.samples20.maxnew1024.seed10086.subtreePrefetch.vllm.log,0,12,57,0.003258799187360309
/Users/jiangnanhugo/workspace/power-sharpening/Subtree-Prefetching-Power-Sharpening/case_studies/logs-entropycut/mbpp/2026-09-21/vllm/dataset-mbpp.model-qwen3.5-9b.alpha4.0.steps100.blocks-1.prefetch-budget-20.rank-accept_first.cut-entropy4.0.samples20.maxnew1024.seed10086.subtreePrefetch.vllm.log,0,13,52,0.5196230105103261
/Users/jiangnanhugo/workspace/power-sharpening/Subtree-Prefetching-Power-Sharpening/case_studies/logs-entropycut/mbpp/2026-09-21/vllm/dataset-mbpp.model-qwen3.5-9b.alpha4.0.steps100.blocks-1.prefetch-budget-20.rank-accept_first.cut-entropy4.0.samples20.maxnew1024.seed10086.subtreePrefetch.vllm.log,0,14,52,0.5196230105103261
/Users/jiangnanhugo/workspace/power-sharpening/Subtree-Prefetching-Power-Sharpening/case_studies/logs-entropycut/mbpp/2026-09-21/vllm/dataset-mbpp.model-qwen3.5-9b.alpha4.0.steps100.blocks-1.prefetch-budget-20.rank-accept_first.cut-entropy4.0.samples20.maxnew1024.seed10086.subtreePrefetch.vllm.log,0,15,52,0.5196230105103261
/Users/jiangnanhugo/workspace/power-sharpening/Subtree-Prefetching-Power-Sharpening/case_studies/logs-entropycut/mbpp/2026-09-21/vllm/dataset-mbpp.model-qwen3.5-9b.alpha4.0.steps100.blocks-1.prefetch-budget-20.rank-accept_first.cut-entropy4.0.samples20.maxnew1024.seed10086.subtreePrefetch.vllm.log,0,16,52,0.5196230105103261
/Users/jiangnanhugo/workspace/power-sharpening/Subtree-Prefetching-Power-Sharpening/case_studies/logs-entropycut/mbpp/2026-09-21/vllm/dataset-mbpp.model-qwen3.5-9b.alpha4.0.steps100.blocks-1.prefetch-budget-20.rank-accept_first.cut-entropy4.0.samples20.maxnew1024.seed10086.subtreePrefetch.vllm.log,0,17,52,0.5196230105103261
/Users/jiangnanhugo/workspace/power-sharpening/Subtree-Prefetching-Power-Sharpening/case_studies/logs-entropycut/mbpp/2026-09-21/vllm/dataset-mbpp.model-qwen3.5-9b.alpha4.0.steps100.blocks-1.prefetch-budget-20.rank-accept_first.cut-entropy4.0.samples20.maxnew1024.seed10086.subtreePrefetch.vllm.log,0,18,52,0.5196230105103261
/Users/jiangnanhugo/workspace/power-sharpening/Subtree-Prefetching-Power-Sharpening/case_studies/logs-entropycut/mbpp/2026-09-21/vllm/dataset-mbpp.model-qwen3.5-9b.alpha4.0.steps100.blocks-1.prefetch-budget-20.rank-accept_first.cut-entropy4.0.samples20.maxnew1024.seed10086.subtreePrefetch.vllm.log,0,19,52,0.5196230105103261
/Users/jiangnanhugo/workspace/power-sharpening/Subtree-Prefetching-Power-Sharpening/case_studies/logs-entropycut/mbpp/2026-09-21/vllm/dataset-mbpp.model-qwen3.5-9b.alpha4.0.steps100.blocks-1.prefetch-budget-20.rank-accept_first.cut-entropy4.0.samples20.maxnew1024.seed10086.subtreePrefetch.vllm.log,1,0,961,0.012519255849439767
/Users/jiangnanhugo/workspace/power-sharpening/Subtree-Prefetching-Power-Sharpening/case_studies/logs-entropycut/mbpp/2026-09-21/vllm/dataset-mbpp.model-qwen3.5-9b.alpha4.0.steps100.blocks-1.prefetch-budget-20.rank-accept_first.cut-entropy4.0.samples20.maxnew1024.seed10086.subtreePrefetch.vllm.log,1,1,52,0.5081916122271454
/Users/jiangnanhugo/workspace/power-sharpening/Subtree-Prefetching-Power-Sharpening/case_studies/logs-entropycut/mbpp/2026-09-21/vllm/dataset-mbpp.model-qwen3.5-9b.alpha4.0.steps100.blocks-1.prefetch-budget-20.rank-accept_first.cut-entropy4.0.samples20.maxnew1024.seed10086.subtreePrefetch.vllm.log,1,2,52,0.5081916122271454
/Users/jiangnanhugo/workspace/power-sharpening/Subtree-Prefetching-Power-Sharpening/case_studies/logs-entropycut/mbpp/2026-09-21/vllm/dataset-mbpp.model-qwen3.5-9b.alpha4.0.steps100.blocks-1.prefetch-budget-20.rank-accept_first.cut-entropy4.0.samples20.maxnew1024.seed10086.subtreePrefetch.vllm.log,1,3,461,0.013663773473515863
/Users/jiangnanhugo/workspace/power-sharpening/Subtree-Prefetching-Power-Sharpening/case_studies/logs-entropycut/mbpp/2026-09-21/vllm/dataset-mbpp.model-qwen3.5-9b.alpha4.0.steps100.blocks-1.prefetch-budget-20.rank-accept_first.cut-entropy4.0.samples20.maxnew1024.seed10086.subtreePrefetch.vllm.log,1,4,52,0.5081916122271454
/Users/jiangnanhugo/workspace/power-sharpening/Subtree-Prefetching-Power-Sharpening/case_studies/logs-entropycut/mbpp/2026-09-21/vllm/dataset-mbpp.model-qwen3.5-9b.alpha4.0.steps100.blocks-1.prefetch-budget-20.rank-accept_first.cut-entropy4.0.samples20.maxnew1024.seed10086.subtreePrefetch.vllm.log,1,5,52,0.5081916122271454
/Users/jiangnanhugo/workspace/power-sharpening/Subtree-Prefetching-Power-Sharpening/case_studies/logs-entropycut/mbpp/2026-09-21/vllm/dataset-mbpp.model-qwen3.5-9b.alpha4.0.steps100.blocks-1.prefetch-budget-20.rank-accept_first.cut-entropy4.0.samples20.maxnew1024.seed10086.subtreePrefetch.vllm.log,1,6,52,0.5081916122271454
/Users/jiangnanhugo/workspace/power-sharpening/Subtree-Prefetching-Power-Sharpening/case_studies/logs-entropycut/mbpp/2026-09-21/vllm/dataset-mbpp.model-qwen3.5-9b.alpha4.0.steps100.blocks-1.prefetch-budget-20.rank-accept_first.cut-entropy4.0.samples20.maxnew1024.seed10086.subtreePrefetch.vllm.log,1,7,52,0.5081916122271454
/Users/jiangnanhugo/workspace/power-sharpening/Subtree-Prefetching-Power-Sharpening/case_studies/logs-entropycut/mbpp/2026-09-21/vllm/dataset-mbpp.model-qwen3.5-9b.alpha4.0.steps100.blocks-1.prefetch-budget-20.rank-accept_first.cut-entropy4.0.samples20.maxnew1024.seed10086.subtreePrefetch.vllm.log,1,8,52,0.5081916122271454
/Users/jiangnanhugo/workspace/power-sharpening/Subtree-Prefetching-Power-Sharpening/case_studies/logs-entropycut/mbpp/2026-09-21/vllm/dataset-mbpp.model-qwen3.5-9b.alpha4.0.steps100.blocks-1.prefetch-budget-20.rank-accept_first.cut-entropy4.0.samples20.maxnew1024.seed10086.subtreePrefetch.vllm.log,1,9,52,0.5081916122271454
/Users/jiangnanhugo/workspace/power-sharpening/Subtree-Prefetching-Power-Sharpening/case_studies/logs-entropycut/mbpp/2026-09-21/vllm/dataset-mbpp.model-qwen3.5-9b.alpha4.0.steps100.blocks-1.prefetch-budget-20.rank-accept_first.cut-entropy4.0.samples20.maxnew1024.seed10086.subtreePrefetch.vllm.log,1,10,52,0.5081916122271454
/Users/jiangnanhugo/workspace/power-sharpening/Subtree-Prefetching-Power-Sharpening/case_studies/logs-entropycut/mbpp/2026-09-21/vllm/dataset-mbpp.model-qwen3.5-9b.alpha4.0.steps100.blocks-1.prefetch-budget-20.rank-accept_first.cut-entropy4.0.samples20.maxnew1024.seed10086.subtreePrefetch.vllm.log,1,11,52,0.5081916122271454
/Users/jiangnanhugo/workspace/power-sharpening/Subtree-Prefetching-Power-Sharpening/case_studies/logs-entropycut/mbpp/2026-09-21/vllm/dataset-mbpp.model-qwen3.5-9b.alpha4.0.steps100.blocks-1.prefetch-budget-20.rank-accept_first.cut-entropy4.0.samples20.maxnew1024.seed10086.subtreePrefetch.vllm.log,1,12,52,0.5081916122271454
/Users/jiangnanhugo/workspace/power-sharpening/Subtree-Prefetching-Power-Sharpening/case_studies/logs-entropycut/mbpp/2026-09-21/vllm/dataset-mbpp.model-qwen3.5-9b.alpha4.0.steps100.blocks-1.prefetch-budget-20.rank-accept_first.cut-entropy4.0.samples20.maxnew1024.seed10086.subtreePrefetch.vllm.log,1,13,535,0.03210248346001733
/Users/jiangnanhugo/workspace/power-sharpening/Subtree-Prefetching-Power-Sharpening/case_studies/logs-entropycut/mbpp/2026-09-21/vllm/dataset-mbpp.model-qwen3.5-9b.alpha4.0.steps100.blocks-1.prefetch-budget-20.rank-accept_first.cut-entropy4.0.samples20.maxnew1024.seed10086.subtreePrefetch.vllm.log,1,14,468,0.004326835656462622
/Users/jiangnanhugo/workspace/power-sharpening/Subtree-Prefetching-Power-Sharpening/case_studies/logs-entropycut/mbpp/2026-09-21/vllm/dataset-mbpp.model-qwen3.5-9b.alpha4.0.steps100.blocks-1.prefetch-budget-20.rank-accept_first.cut-entropy4.0.samples20.maxnew1024.seed10086.subtreePrefetch.vllm.log,1,15,52,0.5081916122271454
/Users/jiangnanhugo/workspace/power-sharpening/Subtree-Prefetching-Power-Sharpening/case_studies/logs-entropycut/mbpp/2026-09-21/vllm/dataset-mbpp.model-qwen3.5-9b.alpha4.0.steps100.blocks-1.prefetch-budget-20.rank-accept_first.cut-entropy4.0.samples20.maxnew1024.seed10086.subtreePrefetch.vllm.log,1,16,52,0.5081916122271454
/Users/jiangnanhugo/workspace/power-sharpening/Subtree-Prefetching-Power-Sharpening/case_studies/logs-entropycut/mbpp/2026-09-21/vllm/dataset-mbpp.model-qwen3.5-9b.alpha4.0.steps100.blocks-1.prefetch-budget-20.rank-accept_first.cut-entropy4.0.samples20.maxnew1024.seed10086.subtreePrefetch.vllm.log,1,17,16,0.01045758481814104
/Users/jiangnanhugo/workspace/power-sharpening/Subtree-Prefetching-Power-Sharpening/case_studies/logs-entropycut/mbpp/2026-09-21/vllm/dataset-mbpp.model-qwen3.5-9b.alpha4.0.steps100.blocks-1.prefetch-budget-20.rank-accept_first.cut-entropy4.0.samples20.maxnew1024.seed10086.subtreePrefetch.vllm.log,1,18,9,0.022703091530479776
/Users/jiangnanhugo/workspace/power-sharpening/Subtree-Prefetching-Power-Sharpening/case_studies/logs-entropycut/mbpp/2026-09-21/vllm/dataset-mbpp.model-qwen3.5-9b.alpha4.0.steps100.blocks-1.prefetch-budget-20.rank-accept_first.cut-entropy4.0.samples20.maxnew1024.seed10086.subtreePrefetch.vllm.log,1,19,52,0.5081916122271454
/Users/jiangnanhugo/workspace/power-sharpening/Subtree-Prefetching-Power-Sharpening/case_studies/logs-entropycut/mbpp/2026-09-21/vllm/dataset-mbpp.model-qwen3.5-9b.alpha4.0.steps100.blocks-1.prefetch-budget-20.rank-accept_first.cut-entropy4.0.samples20.maxnew1024.seed10086.subtreePrefetch.vllm.log,2,0,732,0.08982396936842191
/Users/jiangnanhugo/workspace/power-sharpening/Subtree-Prefetching-Power-Sharpening/case_studies/logs-entropycut/mbpp/2026-09-21/vllm/dataset-mbpp.model-qwen3.5-9b.alpha4.0.steps100.blocks-1.prefetch-budget-20.rank-accept_first.cut-entropy4.0.samples20.maxnew1024.seed10086.subtreePrefetch.vllm.log,2,1,52,0.4786286038915718
/Users/jiangnanhugo/workspace/power-sharpening/Subtree-Prefetching-Power-Sharpening/case_studies/logs-entropycut/mbpp/2026-09-21/vllm/dataset-mbpp.model-qwen3.5-9b.alpha4.0.steps100.blocks-1.prefetch-budget-20.rank-accept_first.cut-entropy4.0.samples20.maxnew1024.seed10086.subtreePrefetch.vllm.log,2,2,52,0.4786286038915718
/Users/jiangnanhugo/workspace/power-sharpening/Subtree-Prefetching-Power-Sharpening/case_studies/logs-entropycut/mbpp/2026-09-21/vllm/dataset-mbpp.model-qwen3.5-9b.alpha4.0.steps100.blocks-1.prefetch-budget-20.rank-accept_first.cut-entropy4.0.samples20.maxnew1024.seed10086.subtreePrefetch.vllm.log,2,3,52,0.4786286038915718
/Users/jiangnanhugo/workspace/power-sharpening/Subtree-Prefetching-Power-Sharpening/case_studies/logs-entropycut/mbpp/2026-09-21/vllm/dataset-mbpp.model-qwen3.5-9b.alpha4.0.steps100.blocks-1.prefetch-budget-20.rank-accept_first.cut-entropy4.0.samples20.maxnew1024.seed10086.subtreePrefetch.vllm.log,2,4,52,0.4786286038915718
/Users/jiangnanhugo/workspace/power-sharpening/Subtree-Prefetching-Power-Sharpening/case_studies/logs-entropycut/mbpp/2026-09-21/vllm/dataset-mbpp.model-qwen3.5-9b.alpha4.0.steps100.blocks-1.prefetch-budget-20.rank-accept_first.cut-entropy4.0.samples20.maxnew1024.seed10086.subtreePrefetch.vllm.log,2,5,52,0.4786286038915718
/Users/jiangnanhugo/workspace/power-sharpening/Subtree-Prefetching-Power-Sharpening/case_studies/logs-entropycut/mbpp/2026-09-21/vllm/dataset-mbpp.model-qwen3.5-9b.alpha4.0.steps100.blocks-1.prefetch-budget-20.rank-accept_first.cut-entropy4.0.samples20.maxnew1024.seed10086.subtreePrefetch.vllm.log,2,6,52,0.4786286038915718
/Users/jiangnanhugo/workspace/power-sharpening/Subtree-Prefetching-Power-Sharpening/case_studies/logs-entropycut/mbpp/2026-09-21/vllm/dataset-mbpp.model-qwen3.5-9b.alpha4.0.steps100.blocks-1.prefetch-budget-20.rank-accept_first.cut-entropy4.0.samples20.maxnew1024.seed10086.subtreePrefetch.vllm.log,2,7,9,0.021132569281781942
/Users/jiangnanhugo/workspace/power-sharpening/Subtree-Prefetching-Power-Sharpening/case_studies/logs-entropycut/mbpp/2026-09-21/vllm/dataset-mbpp.model-qwen3.5-9b.alpha4.0.steps100.blocks-1.prefetch-budget-20.rank-accept_first.cut-entropy4.0.samples20.maxnew1024.seed10086.subtreePrefetch.vllm.log,2,8,75,0.017105923098738818
/Users/jiangnanhugo/workspace/power-sharpening/Subtree-Prefetching-Power-Sharpening/case_studies/logs-entropycut/mbpp/2026-09-21/vllm/dataset-mbpp.model-qwen3.5-9b.alpha4.0.steps100.blocks-1.prefetch-budget-20.rank-accept_first.cut-entropy4.0.samples20.maxnew1024.seed10086.subtreePrefetch.vllm.log,2,9,52,0.4786286038915718
/Users/jiangnanhugo/workspace/power-sharpening/Subtree-Prefetching-Power-Sharpening/case_studies/logs-entropycut/mbpp/2026-09-21/vllm/dataset-mbpp.model-qwen3.5-9b.alpha4.0.steps100.blocks-1.prefetch-budget-20.rank-accept_first.cut-entropy4.0.samples20.maxnew1024.seed10086.subtreePrefetch.vllm.log,2,10,52,0.4786286038915718
/Users/jiangnanhugo/workspace/power-sharpening/Subtree-Prefetching-Power-Sharpening/case_studies/logs-entropycut/mbpp/2026-09-21/vllm/dataset-mbpp.model-qwen3.5-9b.alpha4.0.steps100.blocks-1.prefetch-budget-20.rank-accept_first.cut-entropy4.0.samples20.maxnew1024.seed10086.subtreePrefetch.vllm.log,2,11,52,0.4786286038915718
/Users/jiangnanhugo/workspace/power-sharpening/Subtree-Prefetching-Power-Sharpening/case_studies/logs-entropycut/mbpp/2026-09-21/vllm/dataset-mbpp.model-qwen3.5-9b.alpha4.0.steps100.blocks-1.prefetch-budget-20.rank-accept_first.cut-entropy4.0.samples20.maxnew1024.seed10086.subtreePrefetch.vllm.log,2,12,52,0.4786286038915718
/Users/jiangnanhugo/workspace/power-sharpening/Subtree-Prefetching-Power-Sharpening/case_studies/logs-entropycut/mbpp/2026-09-21/vllm/dataset-mbpp.model-qwen3.5-9b.alpha4.0.steps100.blocks-1.prefetch-budget-20.rank-accept_first.cut-entropy4.0.samples20.maxnew1024.seed10086.subtreePrefetch.vllm.log,2,13,52,0.4786286038915718
/Users/jiangnanhugo/workspace/power-sharpening/Subtree-Prefetching-Power-Sharpening/case_studies/logs-entropycut/mbpp/2026-09-21/vllm/dataset-mbpp.model-qwen3.5-9b.alpha4.0.steps100.blocks-1.prefetch-budget-20.rank-accept_first.cut-entropy4.0.samples20.maxnew1024.seed10086.subtreePrefetch.vllm.log,2,14,52,0.4786286038915718
/Users/jiangnanhugo/workspace/power-sharpening/Subtree-Prefetching-Power-Sharpening/case_studies/logs-entropycut/mbpp/2026-09-21/vllm/dataset-mbpp.model-qwen3.5-9b.alpha4.0.steps100.blocks-1.prefetch-budget-20.rank-accept_first.cut-entropy4.0.samples20.maxnew1024.seed10086.subtreePrefetch.vllm.log,2,15,52,0.4786286038915718
/Users/jiangnanhugo/workspace/power-sharpening/Subtree-Prefetching-Power-Sharpening/case_studies/logs-entropycut/mbpp/2026-09-21/vllm/dataset-mbpp.model-qwen3.5-9b.alpha4.0.steps100.blocks-1.prefetch-budget-20.rank-accept_first.cut-entropy4.0.samples20.maxnew1024.seed10086.subtreePrefetch.vllm.log,2,16,52,0.4786286038915718
/Users/jiangnanhugo/workspace/power-sharpening/Subtree-Prefetching-Power-Sharpening/case_studies/logs-entropycut/mbpp/2026-09-21/vllm/dataset-mbpp.model-qwen3.5-9b.alpha4.0.steps100.blocks-1.prefetch-budget-20.rank-accept_first.cut-entropy4.0.samples20.maxnew1024.seed10086.subtreePrefetch.vllm.log,2,17,52,0.4786286038915718
/Users/jiangnanhugo/workspace/power-sharpening/Subtree-Prefetching-Power-Sharpening/case_studies/logs-entropycut/mbpp/2026-09-21/vllm/dataset-mbpp.model-qwen3.5-9b.alpha4.0.steps100.blocks-1.prefetch-budget-20.rank-accept_first.cut-entropy4.0.samples20.maxnew1024.seed10086.subtreePrefetch.vllm.log,2,18,52,0.4786286038915718
/Users/jiangnanhugo/workspace/power-sharpening/Subtree-Prefetching-Power-Sharpening/case_studies/logs-entropycut/mbpp/2026-09-21/vllm/dataset-mbpp.model-qwen3.5-9b.alpha4.0.steps100.blocks-1.prefetch-budget-20.rank-accept_first.cut-entropy4.0.samples20.maxnew1024.seed10086.subtreePrefetch.vllm.log,2,19,52,0.4786286038915718
/Users/jiangnanhugo/workspace/power-sharpening/Subtree-Prefetching-Power-Sharpening/case_studies/logs-entropycut/mbpp/2026-09-21/vllm/dataset-mbpp.model-qwen3.5-9b.alpha4.0.steps100.blocks-1.prefetch-budget-20.rank-accept_first.cut-entropy4.0.samples20.maxnew1024.seed10086.subtreePrefetch.vllm.log,3,0,9,0.02110050407417594
/Users/jiangnanhugo/workspace/power-sharpening/Subtree-Prefetching-Power-Sharpening/case_studies/logs-entropycut/mbpp/2026-09-21/vllm/dataset-mbpp.model-qwen3.5-9b.alpha4.0.steps100.blocks-1.prefetch-budget-20.rank-accept_first.cut-entropy4.0.samples20.maxnew1024.seed10086.subtreePrefetch.vllm.log,3,1,330,0.09683191894323968
/Users/jiangnanhugo/workspace/power-sharpening/Subtree-Prefetching-Power-Sharpening/case_studies/logs-entropycut/mbpp/2026-09-21/vllm/dataset-mbpp.model-qwen3.5-9b.alpha4.0.steps100.blocks-1.prefetch-budget-20.rank-accept_first.cut-entropy4.0.samples20.maxnew1024.seed10086.subtreePrefetch.vllm.log,3,2,9,0.02110050407417594
/Users/jiangnanhugo/workspace/power-sharpening/Subtree-Prefetching-Power-Sharpening/case_studies/logs-entropycut/mbpp/2026-09-21/vllm/dataset-mbpp.model-qwen3.5-9b.alpha4.0.steps100.blocks-1.prefetch-budget-20.rank-accept_first.cut-entropy4.0.samples20.maxnew1024.seed10086.subtreePrefetch.vllm.log,3,3,58,0.008814849925229283
/Users/jiangnanhugo/workspace/power-sharpening/Subtree-Prefetching-Power-Sharpening/case_studies/logs-entropycut/mbpp/2026-09-21/vllm/dataset-mbpp.model-qwen3.5-9b.alpha4.0.steps100.blocks-1.prefetch-budget-20.rank-accept_first.cut-entropy4.0.samples20.maxnew1024.seed10086.subtreePrefetch.vllm.log,3,4,52,0.47790236349243653
/Users/jiangnanhugo/workspace/power-sharpening/Subtree-Prefetching-Power-Sharpening/case_studies/logs-entropycut/mbpp/2026-09-21/vllm/dataset-mbpp.model-qwen3.5-9b.alpha4.0.steps100.blocks-1.prefetch-budget-20.rank-accept_first.cut-entropy4.0.samples20.maxnew1024.seed10086.subtreePrefetch.vllm.log,3,5,330,0.09683191894323968
/Users/jiangnanhugo/workspace/power-sharpening/Subtree-Prefetching-Power-Sharpening/case_studies/logs-entropycut/mbpp/2026-09-21/vllm/dataset-mbpp.model-qwen3.5-9b.alpha4.0.steps100.blocks-1.prefetch-budget-20.rank-accept_first.cut-entropy4.0.samples20.maxnew1024.seed10086.subtreePrefetch.vllm.log,3,6,52,0.47790236349243653
/Users/jiangnanhugo/workspace/power-sharpening/Subtree-Prefetching-Power-Sharpening/case_studies/logs-entropycut/mbpp/2026-09-21/vllm/dataset-mbpp.model-qwen3.5-9b.alpha4.0.steps100.blocks-1.prefetch-budget-20.rank-accept_first.cut-entropy4.0.samples20.maxnew1024.seed10086.subtreePrefetch.vllm.log,3,7,732,0.09064397638102842
/Users/jiangnanhugo/workspace/power-sharpening/Subtree-Prefetching-Power-Sharpening/case_studies/logs-entropycut/mbpp/2026-09-21/vllm/dataset-mbpp.model-qwen3.5-9b.alpha4.0.steps100.blocks-1.prefetch-budget-20.rank-accept_first.cut-entropy4.0.samples20.maxnew1024.seed10086.subtreePrefetch.vllm.log,3,8,330,0.09683191894323968
/Users/jiangnanhugo/workspace/power-sharpening/Subtree-Prefetching-Power-Sharpening/case_studies/logs-entropycut/mbpp/2026-09-21/vllm/dataset-mbpp.model-qwen3.5-9b.alpha4.0.steps100.blocks-1.prefetch-budget-20.rank-accept_first.cut-entropy4.0.samples20.maxnew1024.seed10086.subtreePrefetch.vllm.log,3,9,52,0.47790236349243653
/Users/jiangnanhugo/workspace/power-sharpening/Subtree-Prefetching-Power-Sharpening/case_studies/logs-entropycut/mbpp/2026-09-21/vllm/dataset-mbpp.model-qwen3.5-9b.alpha4.0.steps100.blocks-1.prefetch-budget-20.rank-accept_first.cut-entropy4.0.samples20.maxnew1024.seed10086.subtreePrefetch.vllm.log,3,10,16,0.00971939485708281
/Users/jiangnanhugo/workspace/power-sharpening/Subtree-Prefetching-Power-Sharpening/case_studies/logs-entropycut/mbpp/2026-09-21/vllm/dataset-mbpp.model-qwen3.5-9b.alpha4.0.steps100.blocks-1.prefetch-budget-20.rank-accept_first.cut-entropy4.0.samples20.maxnew1024.seed10086.subtreePrefetch.vllm.log,3,11,75,0.017079967666243145
/Users/jiangnanhugo/workspace/power-sharpening/Subtree-Prefetching-Power-Sharpening/case_studies/logs-entropycut/mbpp/2026-09-21/vllm/dataset-mbpp.model-qwen3.5-9b.alpha4.0.steps100.blocks-1.prefetch-budget-20.rank-accept_first.cut-entropy4.0.samples20.maxnew1024.seed10086.subtreePrefetch.vllm.log,3,12,330,0.09683191894323968
/Users/jiangnanhugo/workspace/power-sharpening/Subtree-Prefetching-Power-Sharpening/case_studies/logs-entropycut/mbpp/2026-09-21/vllm/dataset-mbpp.model-qwen3.5-9b.alpha4.0.steps100.blocks-1.prefetch-budget-20.rank-accept_first.cut-entropy4.0.samples20.maxnew1024.seed10086.subtreePrefetch.vllm.log,3,13,16,0.00971939485708281
/Users/jiangnanhugo/workspace/power-sharpening/Subtree-Prefetching-Power-Sharpening/case_studies/logs-entropycut/mbpp/2026-09-21/vllm/dataset-mbpp.model-qwen3.5-9b.alpha4.0.steps100.blocks-1.prefetch-budget-20.rank-accept_first.cut-entropy4.0.samples20.maxnew1024.seed10086.subtreePrefetch.vllm.log,3,14,52,0.47790236349243653
/Users/jiangnanhugo/workspace/power-sharpening/Subtree-Prefetching-Power-Sharpening/case_studies/logs-entropycut/mbpp/2026-09-21/vllm/dataset-mbpp.model-qwen3.5-9b.alpha4.0.steps100.blocks-1.prefetch-budget-20.rank-accept_first.cut-entropy4.0.samples20.maxnew1024.seed10086.subtreePrefetch.vllm.log,3,15,330,0.09683191894323968
/Users/jiangnanhugo/workspace/power-sharpening/Subtree-Prefetching-Power-Sharpening/case_studies/logs-entropycut/mbpp/2026-09-21/vllm/dataset-mbpp.model-qwen3.5-9b.alpha4.0.steps100.blocks-1.prefetch-budget-20.rank-accept_first.cut-entropy4.0.samples20.maxnew1024.seed10086.subtreePrefetch.vllm.log,3,16,52,0.47790236349243653
/Users/jiangnanhugo/workspace/power-sharpening/Subtree-Prefetching-Power-Sharpening/case_studies/logs-entropycut/mbpp/2026-09-21/vllm/dataset-mbpp.model-qwen3.5-9b.alpha4.0.steps100.blocks-1.prefetch-budget-20.rank-accept_first.cut-entropy4.0.samples20.maxnew1024.seed10086.subtreePrefetch.vllm.log,3,17,52,0.47790236349243653
/Users/jiangnanhugo/workspace/power-sharpening/Subtree-Prefetching-Power-Sharpening/case_studies/logs-entropycut/mbpp/2026-09-21/vllm/dataset-mbpp.model-qwen3.5-9b.alpha4.0.steps100.blocks-1.prefetch-budget-20.rank-accept_first.cut-entropy4.0.samples20.maxnew1024.seed10086.subtreePrefetch.vllm.log,3,18,52,0.47790236349243653
/Users/jiangnanhugo/workspace/power-sharpening/Subtree-Prefetching-Power-Sharpening/case_studies/logs-entropycut/mbpp/2026-09-21/vllm/dataset-mbpp.model-qwen3.5-9b.alpha4.0.steps100.blocks-1.prefetch-budget-20.rank-accept_first.cut-entropy4.0.samples20.maxnew1024.seed10086.subtreePrefetch.vllm.log,3,19,52,0.47790236349243653
/Users/jiangnanhugo/workspace/power-sharpening/Subtree-Prefetching-Power-Sharpening/case_studies/logs-entropycut/mbpp/2026-09-21/vllm/dataset-mbpp.model-qwen3.5-9b.alpha4.0.steps100.blocks-1.prefetch-budget-20.rank-accept_first.cut-entropy4.0.samples20.maxnew1024.seed10086.subtreePrefetch.vllm.log,4,0,52,0.4701648287058366
/Users/jiangnanhugo/workspace/power-sharpening/Subtree-Prefetching-Power-Sharpening/case_studies/logs-entropycut/mbpp/2026-09-21/vllm/dataset-mbpp.model-qwen3.5-9b.alpha4.0.steps100.blocks-1.prefetch-budget-20.rank-accept_first.cut-entropy4.0.samples20.maxnew1024.seed10086.subtreePrefetch.vllm.log,4,1,52,0.4701648287058366
/Users/jiangnanhugo/workspace/power-sharpening/Subtree-Prefetching-Power-Sharpening/case_studies/logs-entropycut/mbpp/2026-09-21/vllm/dataset-mbpp.model-qwen3.5-9b.alpha4.0.steps100.blocks-1.prefetch-budget-20.rank-accept_first.cut-entropy4.0.samples20.maxnew1024.seed10086.subtreePrefetch.vllm.log,4,2,52,0.4701648287058366
/Users/jiangnanhugo/workspace/power-sharpening/Subtree-Prefetching-Power-Sharpening/case_studies/logs-entropycut/mbpp/2026-09-21/vllm/dataset-mbpp.model-qwen3.5-9b.alpha4.0.steps100.blocks-1.prefetch-budget-20.rank-accept_first.cut-entropy4.0.samples20.maxnew1024.seed10086.subtreePrefetch.vllm.log,4,3,52,0.4701648287058366
/Users/jiangnanhugo/workspace/power-sharpening/Subtree-Prefetching-Power-Sharpening/case_studies/logs-entropycut/mbpp/2026-09-21/vllm/dataset-mbpp.model-qwen3.5-9b.alpha4.0.steps100.blocks-1.prefetch-budget-20.rank-accept_first.cut-entropy4.0.samples20.maxnew1024.seed10086.subtreePrefetch.vllm.log,4,4,733,0.038158501561291684
/Users/jiangnanhugo/workspace/power-sharpening/Subtree-Prefetching-Power-Sharpening/case_studies/logs-entropycut/mbpp/2026-09-21/vllm/dataset-mbpp.model-qwen3.5-9b.alpha4.0.steps100.blocks-1.prefetch-budget-20.rank-accept_first.cut-entropy4.0.samples20.maxnew1024.seed10086.subtreePrefetch.vllm.log,4,5,52,0.4701648287058366
/Users/jiangnanhugo/workspace/power-sharpening/Subtree-Prefetching-Power-Sharpening/case_studies/logs-entropycut/mbpp/2026-09-21/vllm/dataset-mbpp.model-qwen3.5-9b.alpha4.0.steps100.blocks-1.prefetch-budget-20.rank-accept_first.cut-entropy4.0.samples20.maxnew1024.seed10086.subtreePrefetch.vllm.log,4,6,52,0.4701648287058366
/Users/jiangnanhugo/workspace/power-sharpening/Subtree-Prefetching-Power-Sharpening/case_studies/logs-entropycut/mbpp/2026-09-21/vllm/dataset-mbpp.model-qwen3.5-9b.alpha4.0.steps100.blocks-1.prefetch-budget-20.rank-accept_first.cut-entropy4.0.samples20.maxnew1024.seed10086.subtreePrefetch.vllm.log,4,7,47,0.0019015583636813299
/Users/jiangnanhugo/workspace/power-sharpening/Subtree-Prefetching-Power-Sharpening/case_studies/logs-entropycut/mbpp/2026-09-21/vllm/dataset-mbpp.model-qwen3.5-9b.alpha4.0.steps100.blocks-1.prefetch-budget-20.rank-accept_first.cut-entropy4.0.samples20.maxnew1024.seed10086.subtreePrefetch.vllm.log,4,8,9,0.02150788675610425
/Users/jiangnanhugo/workspace/power-sharpening/Subtree-Prefetching-Power-Sharpening/case_studies/logs-entropycut/mbpp/2026-09-21/vllm/dataset-mbpp.model-qwen3.5-9b.alpha4.0.steps100.blocks-1.prefetch-budget-20.rank-accept_first.cut-entropy4.0.samples20.maxnew1024.seed10086.subtreePrefetch.vllm.log,4,9,330,0.0921694396516789
/Users/jiangnanhugo/workspace/power-sharpening/Subtree-Prefetching-Power-Sharpening/case_studies/logs-entropycut/mbpp/2026-09-21/vllm/dataset-mbpp.model-qwen3.5-9b.alpha4.0.steps100.blocks-1.prefetch-budget-20.rank-accept_first.cut-entropy4.0.samples20.maxnew1024.seed10086.subtreePrefetch.vllm.log,4,10,52,0.4701648287058366
/Users/jiangnanhugo/workspace/power-sharpening/Subtree-Prefetching-Power-Sharpening/case_studies/logs-entropycut/mbpp/2026-09-21/vllm/dataset-mbpp.model-qwen3.5-9b.alpha4.0.steps100.blocks-1.prefetch-budget-20.rank-accept_first.cut-entropy4.0.samples20.maxnew1024.seed10086.subtreePrefetch.vllm.log,4,11,52,0.4701648287058366
/Users/jiangnanhugo/workspace/power-sharpening/Subtree-Prefetching-Power-Sharpening/case_studies/logs-entropycut/mbpp/2026-09-21/vllm/dataset-mbpp.model-qwen3.5-9b.alpha4.0.steps100.blocks-1.prefetch-budget-20.rank-accept_first.cut-entropy4.0.samples20.maxnew1024.seed10086.subtreePrefetch.vllm.log,4,12,52,0.4701648287058366
/Users/jiangnanhugo/workspace/power-sharpening/Subtree-Prefetching-Power-Sharpening/case_studies/logs-entropycut/mbpp/2026-09-21/vllm/dataset-mbpp.model-qwen3.5-9b.alpha4.0.steps100.blocks-1.prefetch-budget-20.rank-accept_first.cut-entropy4.0.samples20.maxnew1024.seed10086.subtreePrefetch.vllm.log,4,13,9,0.02150788675610425
/Users/jiangnanhugo/workspace/power-sharpening/Subtree-Prefetching-Power-Sharpening/case_studies/logs-entropycut/mbpp/2026-09-21/vllm/dataset-mbpp.model-qwen3.5-9b.alpha4.0.steps100.blocks-1.prefetch-budget-20.rank-accept_first.cut-entropy4.0.samples20.maxnew1024.seed10086.subtreePrefetch.vllm.log,4,14,9,0.02150788675610425
/Users/jiangnanhugo/workspace/power-sharpening/Subtree-Prefetching-Power-Sharpening/case_studies/logs-entropycut/mbpp/2026-09-21/vllm/dataset-mbpp.model-qwen3.5-9b.alpha4.0.steps100.blocks-1.prefetch-budget-20.rank-accept_first.cut-entropy4.0.samples20.maxnew1024.seed10086.subtreePrefetch.vllm.log,4,15,52,0.4701648287058366
/Users/jiangnanhugo/workspace/power-sharpening/Subtree-Prefetching-Power-Sharpening/case_studies/logs-entropycut/mbpp/2026-09-21/vllm/dataset-mbpp.model-qwen3.5-9b.alpha4.0.steps100.blocks-1.prefetch-budget-20.rank-accept_first.cut-entropy4.0.samples20.maxnew1024.seed10086.subtreePrefetch.vllm.log,4,16,52,0.4701648287058366
/Users/jiangnanhugo/workspace/power-sharpening/Subtree-Prefetching-Power-Sharpening/case_studies/logs-entropycut/mbpp/2026-09-21/vllm/dataset-mbpp.model-qwen3.5-9b.alpha4.0.steps100.blocks-1.prefetch-budget-20.rank-accept_first.cut-entropy4.0.samples20.maxnew1024.seed10086.subtreePrefetch.vllm.log,4,17,52,0.4701648287058366
/Users/jiangnanhugo/workspace/power-sharpening/Subtree-Prefetching-Power-Sharpening/case_studies/logs-entropycut/mbpp/2026-09-21/vllm/dataset-mbpp.model-qwen3.5-9b.alpha4.0.steps100.blocks-1.prefetch-budget-20.rank-accept_first.cut-entropy4.0.samples20.maxnew1024.seed10086.subtreePrefetch.vllm.log,4,18,52,0.4701648287058366
/Users/jiangnanhugo/workspace/power-sharpening/Subtree-Prefetching-Power-Sharpening/case_studies/logs-entropycut/mbpp/2026-09-21/vllm/dataset-mbpp.model-qwen3.5-9b.alpha4.0.steps100.blocks-1.prefetch-budget-20.rank-accept_first.cut-entropy4.0.samples20.maxnew1024.seed10086.subtreePrefetch.vllm.log,4,19,52,0.4701648287058366
/Users/jiangnanhugo/workspace/power-sharpening/Subtree-Prefetching-Power-Sharpening/case_studies/logs-entropycut/mbpp/2026-09-21/vllm/dataset-mbpp.model-qwen3.5-9b.alpha4.0.steps100.blocks-1.prefetch-budget-20.rank-accept_first.cut-entropy4.0.samples20.maxnew1024.seed10086.subtreePrefetch.vllm.log,5,0,406,0.07261461989839783
/Users/jiangnanhugo/workspace/power-sharpening/Subtree-Prefetching-Power-Sharpening/case_studies/logs-entropycut/mbpp/2026-09-21/vllm/dataset-mbpp.model-qwen3.5-9b.alpha4.0.steps100.blocks-1.prefetch-budget-20.rank-accept_first.cut-entropy4.0.samples20.maxnew1024.seed10086.subtreePrefetch.vllm.log,5,1,406,0.07261461989839783
/Users/jiangnanhugo/workspace/power-sharpening/Subtree-Prefetching-Power-Sharpening/case_studies/logs-entropycut/mbpp/2026-09-21/vllm/dataset-mbpp.model-qwen3.5-9b.alpha4.0.steps100.blocks-1.prefetch-budget-20.rank-accept_first.cut-entropy4.0.samples20.maxnew1024.seed10086.subtreePrefetch.vllm.log,5,2,330,0.0921694396516789
/Users/jiangnanhugo/workspace/power-sharpening/Subtree-Prefetching-Power-Sharpening/case_studies/logs-entropycut/mbpp/2026-09-21/vllm/dataset-mbpp.model-qwen3.5-9b.alpha4.0.steps100.blocks-1.prefetch-budget-20.rank-accept_first.cut-entropy4.0.samples20.maxnew1024.seed10086.subtreePrefetch.vllm.log,5,3,52,0.4701648287058366
/Users/jiangnanhugo/workspace/power-sharpening/Subtree-Prefetching-Power-Sharpening/case_studies/logs-entropycut/mbpp/2026-09-21/vllm/dataset-mbpp.model-qwen3.5-9b.alpha4.0.steps100.blocks-1.prefetch-budget-20.rank-accept_first.cut-entropy4.0.samples20.maxnew1024.seed10086.subtreePrefetch.vllm.log,5,4,52,0.4701648287058366
/Users/jiangnanhugo/workspace/power-sharpening/Subtree-Prefetching-Power-Sharpening/case_studies/logs-entropycut/mbpp/2026-09-21/vllm/dataset-mbpp.model-qwen3.5-9b.alpha4.0.steps100.blocks-1.prefetch-budget-20.rank-accept_first.cut-entropy4.0.samples20.maxnew1024.seed10086.subtreePrefetch.vllm.log,5,5,52,0.4701648287058366
/Users/jiangnanhugo/workspace/power-sharpening/Subtree-Prefetching-Power-Sharpening/case_studies/logs-entropycut/mbpp/2026-09-21/vllm/dataset-mbpp.model-qwen3.5-9b.alpha4.0.steps100.blocks-1.prefetch-budget-20.rank-accept_first.cut-entropy4.0.samples20.maxnew1024.seed10086.subtreePrefetch.vllm.log,5,6,52,0.4701648287058366
/Users/jiangnanhugo/workspace/power-sharpening/Subtree-Prefetching-Power-Sharpening/case_studies/logs-entropycut/mbpp/2026-09-21/vllm/dataset-mbpp.model-qwen3.5-9b.alpha4.0.steps100.blocks-1.prefetch-budget-20.rank-accept_first.cut-entropy4.0.samples20.maxnew1024.seed10086.subtreePrefetch.vllm.log,5,7,52,0.4701648287058366
/Users/jiangnanhugo/workspace/power-sharpening/Subtree-Prefetching-Power-Sharpening/case_studies/logs-entropycut/mbpp/2026-09-21/vllm/dataset-mbpp.model-qwen3.5-9b.alpha4.0.steps100.blocks-1.prefetch-budget-20.rank-accept_first.cut-entropy4.0.samples20.maxnew1024.seed10086.subtreePrefetch.vllm.log,5,8,52,0.4701648287058366
/Users/jiangnanhugo/workspace/power-sharpening/Subtree-Prefetching-Power-Sharpening/case_studies/logs-entropycut/mbpp/2026-09-21/vllm/dataset-mbpp.model-qwen3.5-9b.alpha4.0.steps100.blocks-1.prefetch-budget-20.rank-accept_first.cut-entropy4.0.samples20.maxnew1024.seed10086.subtreePrefetch.vllm.log,5,9,52,0.4701648287058366
/Users/jiangnanhugo/workspace/power-sharpening/Subtree-Prefetching-Power-Sharpening/case_studies/logs-entropycut/mbpp/2026-09-21/vllm/dataset-mbpp.model-qwen3.5-9b.alpha4.0.steps100.blocks-1.prefetch-budget-20.rank-accept_first.cut-entropy4.0.samples20.maxnew1024.seed10086.subtreePrefetch.vllm.log,5,10,9,0.02150788675610425
/Users/jiangnanhugo/workspace/power-sharpening/Subtree-Prefetching-Power-Sharpening/case_studies/logs-entropycut/mbpp/2026-09-21/vllm/dataset-mbpp.model-qwen3.5-9b.alpha4.0.steps100.blocks-1.prefetch-budget-20.rank-accept_first.cut-entropy4.0.samples20.maxnew1024.seed10086.subtreePrefetch.vllm.log,5,11,52,0.4701648287058366
/Users/jiangnanhugo/workspace/power-sharpening/Subtree-Prefetching-Power-Sharpening/case_studies/logs-entropycut/mbpp/2026-09-21/vllm/dataset-mbpp.model-qwen3.5-9b.alpha4.0.steps100.blocks-1.prefetch-budget-20.rank-accept_first.cut-entropy4.0.samples20.maxnew1024.seed10086.subtreePrefetch.vllm.log,5,12,52,0.4701648287058366
/Users/jiangnanhugo/workspace/power-sharpening/Subtree-Prefetching-Power-Sharpening/case_studies/logs-entropycut/mbpp/2026-09-21/vllm/dataset-mbpp.model-qwen3.5-9b.alpha4.0.steps100.blocks-1.prefetch-budget-20.rank-accept_first.cut-entropy4.0.samples20.maxnew1024.seed10086.subtreePrefetch.vllm.log,5,13,52,0.4701648287058366
/Users/jiangnanhugo/workspace/power-sharpening/Subtree-Prefetching-Power-Sharpening/case_studies/logs-entropycut/mbpp/2026-09-21/vllm/dataset-mbpp.model-qwen3.5-9b.alpha4.0.steps100.blocks-1.prefetch-budget-20.rank-accept_first.cut-entropy4.0.samples20.maxnew1024.seed10086.subtreePrefetch.vllm.log,5,14,52,0.4701648287058366
/Users/jiangnanhugo/workspace/power-sharpening/Subtree-Prefetching-Power-Sharpening/case_studies/logs-entropycut/mbpp/2026-09-21/vllm/dataset-mbpp.model-qwen3.5-9b.alpha4.0.steps100.blocks-1.prefetch-budget-20.rank-accept_first.cut-entropy4.0.samples20.maxnew1024.seed10086.subtreePrefetch.vllm.log,5,15,52,0.4701648287058366
/Users/jiangnanhugo/workspace/power-sharpening/Subtree-Prefetching-Power-Sharpening/case_studies/logs-entropycut/mbpp/2026-09-21/vllm/dataset-mbpp.model-qwen3.5-9b.alpha4.0.steps100.blocks-1.prefetch-budget-20.rank-accept_first.cut-entropy4.0.samples20.maxnew1024.seed10086.subtreePrefetch.vllm.log,5,16,52,0.4701648287058366
/Users/jiangnanhugo/workspace/power-sharpening/Subtree-Prefetching-Power-Sharpening/case_studies/logs-entropycut/mbpp/2026-09-21/vllm/dataset-mbpp.model-qwen3.5-9b.alpha4.0.steps100.blocks-1.prefetch-budget-20.rank-accept_first.cut-entropy4.0.samples20.maxnew1024.seed10086.subtreePrefetch.vllm.log,5,17,52,0.4701648287058366
/Users/jiangnanhugo/workspace/power-sharpening/Subtree-Prefetching-Power-Sharpening/case_studies/logs-entropycut/mbpp/2026-09-21/vllm/dataset-mbpp.model-qwen3.5-9b.alpha4.0.steps100.blocks-1.prefetch-budget-20.rank-accept_first.cut-entropy4.0.samples20.maxnew1024.seed10086.subtreePrefetch.vllm.log,5,18,52,0.4701648287058366
/Users/jiangnanhugo/workspace/power-sharpening/Subtree-Prefetching-Power-Sharpening/case_studies/logs-entropycut/mbpp/2026-09-21/vllm/dataset-mbpp.model-qwen3.5-9b.alpha4.0.steps100.blocks-1.prefetch-budget-20.rank-accept_first.cut-entropy4.0.samples20.maxnew1024.seed10086.subtreePrefetch.vllm.log,5,19,52,0.4701648287058366
/Users/jiangnanhugo/workspace/power-sharpening/Subtree-Prefetching-Power-Sharpening/case_studies/logs-entropycut/mbpp/2026-09-21/vllm/dataset-mbpp.model-qwen3.5-9b.alpha4.0.steps100.blocks-1.prefetch-budget-20.rank-accept_first.cut-entropy4.0.samples20.maxnew1024.seed10086.subtreePrefetch.vllm.log,6,0,52,0.5090400199872996
/Users/jiangnanhugo/workspace/power-sharpening/Subtree-Prefetching-Power-Sharpening/case_studies/logs-entropycut/mbpp/2026-09-21/vllm/dataset-mbpp.model-qwen3.5-9b.alpha4.0.steps100.blocks-1.prefetch-budget-20.rank-accept_first.cut-entropy4.0.samples20.maxnew1024.seed10086.subtreePrefetch.vllm.log,6,1,52,0.5090400199872996
/Users/jiangnanhugo/workspace/power-sharpening/Subtree-Prefetching-Power-Sharpening/case_studies/logs-entropycut/mbpp/2026-09-21/vllm/dataset-mbpp.model-qwen3.5-9b.alpha4.0.steps100.blocks-1.prefetch-budget-20.rank-accept_first.cut-entropy4.0.samples20.maxnew1024.seed10086.subtreePrefetch.vllm.log,6,2,52,0.5090400199872996
/Users/jiangnanhugo/workspace/power-sharpening/Subtree-Prefetching-Power-Sharpening/case_studies/logs-entropycut/mbpp/2026-09-21/vllm/dataset-mbpp.model-qwen3.5-9b.alpha4.0.steps100.blocks-1.prefetch-budget-20.rank-accept_first.cut-entropy4.0.samples20.maxnew1024.seed10086.subtreePrefetch.vllm.log,6,3,52,0.5090400199872996
/Users/jiangnanhugo/workspace/power-sharpening/Subtree-Prefetching-Power-Sharpening/case_studies/logs-entropycut/mbpp/2026-09-21/vllm/dataset-mbpp.model-qwen3.5-9b.alpha4.0.steps100.blocks-1.prefetch-budget-20.rank-accept_first.cut-entropy4.0.samples20.maxnew1024.seed10086.subtreePrefetch.vllm.log,6,4,52,0.5090400199872996
/Users/jiangnanhugo/workspace/power-sharpening/Subtree-Prefetching-Power-Sharpening/case_studies/logs-entropycut/mbpp/2026-09-21/vllm/dataset-mbpp.model-qwen3.5-9b.alpha4.0.steps100.blocks-1.prefetch-budget-20.rank-accept_first.cut-entropy4.0.samples20.maxnew1024.seed10086.subtreePrefetch.vllm.log,6,5,52,0.5090400199872996
/Users/jiangnanhugo/workspace/power-sharpening/Subtree-Prefetching-Power-Sharpening/case_studies/logs-entropycut/mbpp/2026-09-21/vllm/dataset-mbpp.model-qwen3.5-9b.alpha4.0.steps100.blocks-1.prefetch-budget-20.rank-accept_first.cut-entropy4.0.samples20.maxnew1024.seed10086.subtreePrefetch.vllm.log,6,6,52,0.5090400199872996
/Users/jiangnanhugo/workspace/power-sharpening/Subtree-Prefetching-Power-Sharpening/case_studies/logs-entropycut/mbpp/2026-09-21/vllm/dataset-mbpp.model-qwen3.5-9b.alpha4.0.steps100.blocks-1.prefetch-budget-20.rank-accept_first.cut-entropy4.0.samples20.maxnew1024.seed10086.subtreePrefetch.vllm.log,6,7,52,0.5090400199872996
/Users/jiangnanhugo/workspace/power-sharpening/Subtree-Prefetching-Power-Sharpening/case_studies/logs-entropycut/mbpp/2026-09-21/vllm/dataset-mbpp.model-qwen3.5-9b.alpha4.0.steps100.blocks-1.prefetch-budget-20.rank-accept_first.cut-entropy4.0.samples20.maxnew1024.seed10086.subtreePrefetch.vllm.log,6,8,52,0.5090400199872996
/Users/jiangnanhugo/workspace/power-sharpening/Subtree-Prefetching-Power-Sharpening/case_studies/logs-entropycut/mbpp/2026-09-21/vllm/dataset-mbpp.model-qwen3.5-9b.alpha4.0.steps100.blocks-1.prefetch-budget-20.rank-accept_first.cut-entropy4.0.samples20.maxnew1024.seed10086.subtreePrefetch.vllm.log,6,9,52,0.5090400199872996
/Users/jiangnanhugo/workspace/power-sharpening/Subtree-Prefetching-Power-Sharpening/case_studies/logs-entropycut/mbpp/2026-09-21/vllm/dataset-mbpp.model-qwen3.5-9b.alpha4.0.steps100.blocks-1.prefetch-budget-20.rank-accept_first.cut-entropy4.0.samples20.maxnew1024.seed10086.subtreePrefetch.vllm.log,6,10,52,0.5090400199872996
/Users/jiangnanhugo/workspace/power-sharpening/Subtree-Prefetching-Power-Sharpening/case_studies/logs-entropycut/mbpp/2026-09-21/vllm/dataset-mbpp.model-qwen3.5-9b.alpha4.0.steps100.blocks-1.prefetch-budget-20.rank-accept_first.cut-entropy4.0.samples20.maxnew1024.seed10086.subtreePrefetch.vllm.log,6,11,52,0.5090400199872996
/Users/jiangnanhugo/workspace/power-sharpening/Subtree-Prefetching-Power-Sharpening/case_studies/logs-entropycut/mbpp/2026-09-21/vllm/dataset-mbpp.model-qwen3.5-9b.alpha4.0.steps100.blocks-1.prefetch-budget-20.rank-accept_first.cut-entropy4.0.samples20.maxnew1024.seed10086.subtreePrefetch.vllm.log,6,12,52,0.5090400199872996
/Users/jiangnanhugo/workspace/power-sharpening/Subtree-Prefetching-Power-Sharpening/case_studies/logs-entropycut/mbpp/2026-09-21/vllm/dataset-mbpp.model-qwen3.5-9b.alpha4.0.steps100.blocks-1.prefetch-budget-20.rank-accept_first.cut-entropy4.0.samples20.maxnew1024.seed10086.subtreePrefetch.vllm.log,6,13,52,0.5090400199872996
/Users/jiangnanhugo/workspace/power-sharpening/Subtree-Prefetching-Power-Sharpening/case_studies/logs-entropycut/mbpp/2026-09-21/vllm/dataset-mbpp.model-qwen3.5-9b.alpha4.0.steps100.blocks-1.prefetch-budget-20.rank-accept_first.cut-entropy4.0.samples20.maxnew1024.seed10086.subtreePrefetch.vllm.log,6,14,52,0.5090400199872996
/Users/jiangnanhugo/workspace/power-sharpening/Subtree-Prefetching-Power-Sharpening/case_studies/logs-entropycut/mbpp/2026-09-21/vllm/dataset-mbpp.model-qwen3.5-9b.alpha4.0.steps100.blocks-1.prefetch-budget-20.rank-accept_first.cut-entropy4.0.samples20.maxnew1024.seed10086.subtreePrefetch.vllm.log,6,15,9,0.023286248642519894
/Users/jiangnanhugo/workspace/power-sharpening/Subtree-Prefetching-Power-Sharpening/case_studies/logs-entropycut/mbpp/2026-09-21/vllm/dataset-mbpp.model-qwen3.5-9b.alpha4.0.steps100.blocks-1.prefetch-budget-20.rank-accept_first.cut-entropy4.0.samples20.maxnew1024.seed10086.subtreePrefetch.vllm.log,6,16,52,0.5090400199872996
/Users/jiangnanhugo/workspace/power-sharpening/Subtree-Prefetching-Power-Sharpening/case_studies/logs-entropycut/mbpp/2026-09-21/vllm/dataset-mbpp.model-qwen3.5-9b.alpha4.0.steps100.blocks-1.prefetch-budget-20.rank-accept_first.cut-entropy4.0.samples20.maxnew1024.seed10086.subtreePrefetch.vllm.log,6,17,52,0.5090400199872996
/Users/jiangnanhugo/workspace/power-sharpening/Subtree-Prefetching-Power-Sharpening/case_studies/logs-entropycut/mbpp/2026-09-21/vllm/dataset-mbpp.model-qwen3.5-9b.alpha4.0.steps100.blocks-1.prefetch-budget-20.rank-accept_first.cut-entropy4.0.samples20.maxnew1024.seed10086.subtreePrefetch.vllm.log,6,18,52,0.5090400199872996
/Users/jiangnanhugo/workspace/power-sharpening/Subtree-Prefetching-Power-Sharpening/case_studies/logs-entropycut/mbpp/2026-09-21/vllm/dataset-mbpp.model-qwen3.5-9b.alpha4.0.steps100.blocks-1.prefetch-budget-20.rank-accept_first.cut-entropy4.0.samples20.maxnew1024.seed10086.subtreePrefetch.vllm.log,6,19,9,0.023286248642519894
/Users/jiangnanhugo/workspace/power-sharpening/Subtree-Prefetching-Power-Sharpening/case_studies/logs-entropycut/mbpp/2026-09-21/vllm/dataset-mbpp.model-qwen3.5-9b.alpha4.0.steps100.blocks-1.prefetch-budget-20.rank-accept_first.cut-entropy4.0.samples20.maxnew1024.seed10086.subtreePrefetch.vllm.log,7,0,59,0.054690799261913475
/Users/jiangnanhugo/workspace/power-sharpening/Subtree-Prefetching-Power-Sharpening/case_studies/logs-entropycut/mbpp/2026-09-21/vllm/dataset-mbpp.model-qwen3.5-9b.alpha4.0.steps100.blocks-1.prefetch-budget-20.rank-accept_first.cut-entropy4.0.samples20.maxnew1024.seed10086.subtreePrefetch.vllm.log,7,1,52,0.5090400199872996
/Users/jiangnanhugo/workspace/power-sharpening/Subtree-Prefetching-Power-Sharpening/case_studies/logs-entropycut/mbpp/2026-09-21/vllm/dataset-mbpp.model-qwen3.5-9b.alpha4.0.steps100.blocks-1.prefetch-budget-20.rank-accept_first.cut-entropy4.0.samples20.maxnew1024.seed10086.subtreePrefetch.vllm.log,7,2,52,0.5090400199872996
/Users/jiangnanhugo/workspace/power-sharpening/Subtree-Prefetching-Power-Sharpening/case_studies/logs-entropycut/mbpp/2026-09-21/vllm/dataset-mbpp.model-qwen3.5-9b.alpha4.0.steps100.blocks-1.prefetch-budget-20.rank-accept_first.cut-entropy4.0.samples20.maxnew1024.seed10086.subtreePrefetch.vllm.log,7,3,52,0.5090400199872996
/Users/jiangnanhugo/workspace/power-sharpening/Subtree-Prefetching-Power-Sharpening/case_studies/logs-entropycut/mbpp/2026-09-21/vllm/dataset-mbpp.model-qwen3.5-9b.alpha4.0.steps100.blocks-1.prefetch-budget-20.rank-accept_first.cut-entropy4.0.samples20.maxnew1024.seed10086.subtreePrefetch.vllm.log,7,4,52,0.5090400199872996
/Users/jiangnanhugo/workspace/power-sharpening/Subtree-Prefetching-Power-Sharpening/case_studies/logs-entropycut/mbpp/2026-09-21/vllm/dataset-mbpp.model-qwen3.5-9b.alpha4.0.steps100.blocks-1.prefetch-budget-20.rank-accept_first.cut-entropy4.0.samples20.maxnew1024.seed10086.subtreePrefetch.vllm.log,7,5,739,0.077362907305159
/Users/jiangnanhugo/workspace/power-sharpening/Subtree-Prefetching-Power-Sharpening/case_studies/logs-entropycut/mbpp/2026-09-21/vllm/dataset-mbpp.model-qwen3.5-9b.alpha4.0.steps100.blocks-1.prefetch-budget-20.rank-accept_first.cut-entropy4.0.samples20.maxnew1024.seed10086.subtreePrefetch.vllm.log,7,6,59,0.054690799261913475
/Users/jiangnanhugo/workspace/power-sharpening/Subtree-Prefetching-Power-Sharpening/case_studies/logs-entropycut/mbpp/2026-09-21/vllm/dataset-mbpp.model-qwen3.5-9b.alpha4.0.steps100.blocks-1.prefetch-budget-20.rank-accept_first.cut-entropy4.0.samples20.maxnew1024.seed10086.subtreePrefetch.vllm.log,7,7,52,0.5090400199872996
/Users/jiangnanhugo/workspace/power-sharpening/Subtree-Prefetching-Power-Sharpening/case_studies/logs-entropycut/mbpp/2026-09-21/vllm/dataset-mbpp.model-qwen3.5-9b.alpha4.0.steps100.blocks-1.prefetch-budget-20.rank-accept_first.cut-entropy4.0.samples20.maxnew1024.seed10086.subtreePrefetch.vllm.log,7,8,52,0.5090400199872996
/Users/jiangnanhugo/workspace/power-sharpening/Subtree-Prefetching-Power-Sharpening/case_studies/logs-entropycut/mbpp/2026-09-21/vllm/dataset-mbpp.model-qwen3.5-9b.alpha4.0.steps100.blocks-1.prefetch-budget-20.rank-accept_first.cut-entropy4.0.samples20.maxnew1024.seed10086.subtreePrefetch.vllm.log,7,9,52,0.5090400199872996
/Users/jiangnanhugo/workspace/power-sharpening/Subtree-Prefetching-Power-Sharpening/case_studies/logs-entropycut/mbpp/2026-09-21/vllm/dataset-mbpp.model-qwen3.5-9b.alpha4.0.steps100.blocks-1.prefetch-budget-20.rank-accept_first.cut-entropy4.0.samples20.maxnew1024.seed10086.subtreePrefetch.vllm.log,7,10,52,0.5090400199872996
/Users/jiangnanhugo/workspace/power-sharpening/Subtree-Prefetching-Power-Sharpening/case_studies/logs-entropycut/mbpp/2026-09-21/vllm/dataset-mbpp.model-qwen3.5-9b.alpha4.0.steps100.blocks-1.prefetch-budget-20.rank-accept_first.cut-entropy4.0.samples20.maxnew1024.seed10086.subtreePrefetch.vllm.log,7,11,52,0.5090400199872996
/Users/jiangnanhugo/workspace/power-sharpening/Subtree-Prefetching-Power-Sharpening/case_studies/logs-entropycut/mbpp/2026-09-21/vllm/dataset-mbpp.model-qwen3.5-9b.alpha4.0.steps100.blocks-1.prefetch-budget-20.rank-accept_first.cut-entropy4.0.samples20.maxnew1024.seed10086.subtreePrefetch.vllm.log,7,12,52,0.5090400199872996
/Users/jiangnanhugo/workspace/power-sharpening/Subtree-Prefetching-Power-Sharpening/case_studies/logs-entropycut/mbpp/2026-09-21/vllm/dataset-mbpp.model-qwen3.5-9b.alpha4.0.steps100.blocks-1.prefetch-budget-20.rank-accept_first.cut-entropy4.0.samples20.maxnew1024.seed10086.subtreePrefetch.vllm.log,7,13,52,0.5090400199872996
/Users/jiangnanhugo/workspace/power-sharpening/Subtree-Prefetching-Power-Sharpening/case_studies/logs-entropycut/mbpp/2026-09-21/vllm/dataset-mbpp.model-qwen3.5-9b.alpha4.0.steps100.blocks-1.prefetch-budget-20.rank-accept_first.cut-entropy4.0.samples20.maxnew1024.seed10086.subtreePrefetch.vllm.log,7,14,52,0.5090400199872996
/Users/jiangnanhugo/workspace/power-sharpening/Subtree-Prefetching-Power-Sharpening/case_studies/logs-entropycut/mbpp/2026-09-21/vllm/dataset-mbpp.model-qwen3.5-9b.alpha4.0.steps100.blocks-1.prefetch-budget-20.rank-accept_first.cut-entropy4.0.samples20.maxnew1024.seed10086.subtreePrefetch.vllm.log,7,15,52,0.5090400199872996
/Users/jiangnanhugo/workspace/power-sharpening/Subtree-Prefetching-Power-Sharpening/case_studies/logs-entropycut/mbpp/2026-09-21/vllm/dataset-mbpp.model-qwen3.5-9b.alpha4.0.steps100.blocks-1.prefetch-budget-20.rank-accept_first.cut-entropy4.0.samples20.maxnew1024.seed10086.subtreePrefetch.vllm.log,7,16,16,0.010438550922203462
/Users/jiangnanhugo/workspace/power-sharpening/Subtree-Prefetching-Power-Sharpening/case_studies/logs-entropycut/mbpp/2026-09-21/vllm/dataset-mbpp.model-qwen3.5-9b.alpha4.0.steps100.blocks-1.prefetch-budget-20.rank-accept_first.cut-entropy4.0.samples20.maxnew1024.seed10086.subtreePrefetch.vllm.log,7,17,52,0.5090400199872996
/Users/jiangnanhugo/workspace/power-sharpening/Subtree-Prefetching-Power-Sharpening/case_studies/logs-entropycut/mbpp/2026-09-21/vllm/dataset-mbpp.model-qwen3.5-9b.alpha4.0.steps100.blocks-1.prefetch-budget-20.rank-accept_first.cut-entropy4.0.samples20.maxnew1024.seed10086.subtreePrefetch.vllm.log,7,18,52,0.5090400199872996
/Users/jiangnanhugo/workspace/power-sharpening/Subtree-Prefetching-Power-Sharpening/case_studies/logs-entropycut/mbpp/2026-09-21/vllm/dataset-mbpp.model-qwen3.5-9b.alpha4.0.steps100.blocks-1.prefetch-budget-20.rank-accept_first.cut-entropy4.0.samples20.maxnew1024.seed10086.subtreePrefetch.vllm.log,7,19,52,0.5090400199872996
/Users/jiangnanhugo/workspace/power-sharpening/Subtree-Prefetching-Power-Sharpening/case_studies/logs-entropycut/mbpp/2026-09-21/vllm/dataset-mbpp.model-qwen3.5-9b.alpha4.0.steps100.blocks-1.prefetch-budget-20.rank-accept_first.cut-entropy4.0.samples20.maxnew1024.seed10086.subtreePrefetch.vllm.log,8,0,406,0.08390447395807343
/Users/jiangnanhugo/workspace/power-sharpening/Subtree-Prefetching-Power-Sharpening/case_studies/logs-entropycut/mbpp/2026-09-21/vllm/dataset-mbpp.model-qwen3.5-9b.alpha4.0.steps100.blocks-1.prefetch-budget-20.rank-accept_first.cut-entropy4.0.samples20.maxnew1024.seed10086.subtreePrefetch.vllm.log,8,1,59,0.054690799261913475
/Users/jiangnanhugo/workspace/power-sharpening/Subtree-Prefetching-Power-Sharpening/case_studies/logs-entropycut/mbpp/2026-09-21/vllm/dataset-mbpp.model-qwen3.5-9b.alpha4.0.steps100.blocks-1.prefetch-budget-20.rank-accept_first.cut-entropy4.0.samples20.maxnew1024.seed10086.subtreePrefetch.vllm.log,8,2,52,0.5090400199872996
/Users/jiangnanhugo/workspace/power-sharpening/Subtree-Prefetching-Power-Sharpening/case_studies/logs-entropycut/mbpp/2026-09-21/vllm/dataset-mbpp.model-qwen3.5-9b.alpha4.0.steps100.blocks-1.prefetch-budget-20.rank-accept_first.cut-entropy4.0.samples20.maxnew1024.seed10086.subtreePrefetch.vllm.log,8,3,52,0.5090400199872996
/Users/jiangnanhugo/workspace/power-sharpening/Subtree-Prefetching-Power-Sharpening/case_studies/logs-entropycut/mbpp/2026-09-21/vllm/dataset-mbpp.model-qwen3.5-9b.alpha4.0.steps100.blocks-1.prefetch-budget-20.rank-accept_first.cut-entropy4.0.samples20.maxnew1024.seed10086.subtreePrefetch.vllm.log,8,4,52,0.5090400199872996
/Users/jiangnanhugo/workspace/power-sharpening/Subtree-Prefetching-Power-Sharpening/case_studies/logs-entropycut/mbpp/2026-09-21/vllm/dataset-mbpp.model-qwen3.5-9b.alpha4.0.steps100.blocks-1.prefetch-budget-20.rank-accept_first.cut-entropy4.0.samples20.maxnew1024.seed10086.subtreePrefetch.vllm.log,8,5,52,0.5090400199872996
/Users/jiangnanhugo/workspace/power-sharpening/Subtree-Prefetching-Power-Sharpening/case_studies/logs-entropycut/mbpp/2026-09-21/vllm/dataset-mbpp.model-qwen3.5-9b.alpha4.0.steps100.blocks-1.prefetch-budget-20.rank-accept_first.cut-entropy4.0.samples20.maxnew1024.seed10086.subtreePrefetch.vllm.log,8,6,16,0.010438550922203462
/Users/jiangnanhugo/workspace/power-sharpening/Subtree-Prefetching-Power-Sharpening/case_studies/logs-entropycut/mbpp/2026-09-21/vllm/dataset-mbpp.model-qwen3.5-9b.alpha4.0.steps100.blocks-1.prefetch-budget-20.rank-accept_first.cut-entropy4.0.samples20.maxnew1024.seed10086.subtreePrefetch.vllm.log,8,7,52,0.5090400199872996
/Users/jiangnanhugo/workspace/power-sharpening/Subtree-Prefetching-Power-Sharpening/case_studies/logs-entropycut/mbpp/2026-09-21/vllm/dataset-mbpp.model-qwen3.5-9b.alpha4.0.steps100.blocks-1.prefetch-budget-20.rank-accept_first.cut-entropy4.0.samples20.maxnew1024.seed10086.subtreePrefetch.vllm.log,8,8,52,0.5090400199872996
/Users/jiangnanhugo/workspace/power-sharpening/Subtree-Prefetching-Power-Sharpening/case_studies/logs-entropycut/mbpp/2026-09-21/vllm/dataset-mbpp.model-qwen3.5-9b.alpha4.0.steps100.blocks-1.prefetch-budget-20.rank-accept_first.cut-entropy4.0.samples20.maxnew1024.seed10086.subtreePrefetch.vllm.log,8,9,52,0.5090400199872996
/Users/jiangnanhugo/workspace/power-sharpening/Subtree-Prefetching-Power-Sharpening/case_studies/logs-entropycut/mbpp/2026-09-21/vllm/dataset-mbpp.model-qwen3.5-9b.alpha4.0.steps100.blocks-1.prefetch-budget-20.rank-accept_first.cut-entropy4.0.samples20.maxnew1024.seed10086.subtreePrefetch.vllm.log,8,10,52,0.5090400199872996
/Users/jiangnanhugo/workspace/power-sharpening/Subtree-Prefetching-Power-Sharpening/case_studies/logs-entropycut/mbpp/2026-09-21/vllm/dataset-mbpp.model-qwen3.5-9b.alpha4.0.steps100.blocks-1.prefetch-budget-20.rank-accept_first.cut-entropy4.0.samples20.maxnew1024.seed10086.subtreePrefetch.vllm.log,8,11,52,0.5090400199872996
/Users/jiangnanhugo/workspace/power-sharpening/Subtree-Prefetching-Power-Sharpening/case_studies/logs-entropycut/mbpp/2026-09-21/vllm/dataset-mbpp.model-qwen3.5-9b.alpha4.0.steps100.blocks-1.prefetch-budget-20.rank-accept_first.cut-entropy4.0.samples20.maxnew1024.seed10086.subtreePrefetch.vllm.log,8,12,52,0.5090400199872996
/Users/jiangnanhugo/workspace/power-sharpening/Subtree-Prefetching-Power-Sharpening/case_studies/logs-entropycut/mbpp/2026-09-21/vllm/dataset-mbpp.model-qwen3.5-9b.alpha4.0.steps100.blocks-1.prefetch-budget-20.rank-accept_first.cut-entropy4.0.samples20.maxnew1024.seed10086.subtreePrefetch.vllm.log,8,13,52,0.5090400199872996
/Users/jiangnanhugo/workspace/power-sharpening/Subtree-Prefetching-Power-Sharpening/case_studies/logs-entropycut/mbpp/2026-09-21/vllm/dataset-mbpp.model-qwen3.5-9b.alpha4.0.steps100.blocks-1.prefetch-budget-20.rank-accept_first.cut-entropy4.0.samples20.maxnew1024.seed10086.subtreePrefetch.vllm.log,8,14,52,0.5090400199872996
/Users/jiangnanhugo/workspace/power-sharpening/Subtree-Prefetching-Power-Sharpening/case_studies/logs-entropycut/mbpp/2026-09-21/vllm/dataset-mbpp.model-qwen3.5-9b.alpha4.0.steps100.blocks-1.prefetch-budget-20.rank-accept_first.cut-entropy4.0.samples20.maxnew1024.seed10086.subtreePrefetch.vllm.log,8,15,52,0.5090400199872996
/Users/jiangnanhugo/workspace/power-sharpening/Subtree-Prefetching-Power-Sharpening/case_studies/logs-entropycut/mbpp/2026-09-21/vllm/dataset-mbpp.model-qwen3.5-9b.alpha4.0.steps100.blocks-1.prefetch-budget-20.rank-accept_first.cut-entropy4.0.samples20.maxnew1024.seed10086.subtreePrefetch.vllm.log,8,16,52,0.5090400199872996
/Users/jiangnanhugo/workspace/power-sharpening/Subtree-Prefetching-Power-Sharpening/case_studies/logs-entropycut/mbpp/2026-09-21/vllm/dataset-mbpp.model-qwen3.5-9b.alpha4.0.steps100.blocks-1.prefetch-budget-20.rank-accept_first.cut-entropy4.0.samples20.maxnew1024.seed10086.subtreePrefetch.vllm.log,8,17,52,0.5090400199872996
/Users/jiangnanhugo/workspace/power-sharpening/Subtree-Prefetching-Power-Sharpening/case_studies/logs-entropycut/mbpp/2026-09-21/vllm/dataset-mbpp.model-qwen3.5-9b.alpha4.0.steps100.blocks-1.prefetch-budget-20.rank-accept_first.cut-entropy4.0.samples20.maxnew1024.seed10086.subtreePrefetch.vllm.log,8,18,52,0.5090400199872996
/Users/jiangnanhugo/workspace/power-sharpening/Subtree-Prefetching-Power-Sharpening/case_studies/logs-entropycut/mbpp/2026-09-21/vllm/dataset-mbpp.model-qwen3.5-9b.alpha4.0.steps100.blocks-1.prefetch-budget-20.rank-accept_first.cut-entropy4.0.samples20.maxnew1024.seed10086.subtreePrefetch.vllm.log,8,19,52,0.5090400199872996
/Users/jiangnanhugo/workspace/power-sharpening/Subtree-Prefetching-Power-Sharpening/case_studies/logs-entropycut/mbpp/2026-09-21/vllm/dataset-mbpp.model-qwen3.5-9b.alpha4.0.steps100.blocks-1.prefetch-budget-20.rank-accept_first.cut-entropy4.0.samples20.maxnew1024.seed10086.subtreePrefetch.vllm.log,9,0,406,0.08390447395807343
/Users/jiangnanhugo/workspace/power-sharpening/Subtree-Prefetching-Power-Sharpening/case_studies/logs-entropycut/mbpp/2026-09-21/vllm/dataset-mbpp.model-qwen3.5-9b.alpha4.0.steps100.blocks-1.prefetch-budget-20.rank-accept_first.cut-entropy4.0.samples20.maxnew1024.seed10086.subtreePrefetch.vllm.log,9,1,52,0.5090400199872996
/Users/jiangnanhugo/workspace/power-sharpening/Subtree-Prefetching-Power-Sharpening/case_studies/logs-entropycut/mbpp/2026-09-21/vllm/dataset-mbpp.model-qwen3.5-9b.alpha4.0.steps100.blocks-1.prefetch-budget-20.rank-accept_first.cut-entropy4.0.samples20.maxnew1024.seed10086.subtreePrefetch.vllm.log,9,2,9,0.023286248642519894
/Users/jiangnanhugo/workspace/power-sharpening/Subtree-Prefetching-Power-Sharpening/case_studies/logs-entropycut/mbpp/2026-09-21/vllm/dataset-mbpp.model-qwen3.5-9b.alpha4.0.steps100.blocks-1.prefetch-budget-20.rank-accept_first.cut-entropy4.0.samples20.maxnew1024.seed10086.subtreePrefetch.vllm.log,9,3,52,0.5090400199872996
/Users/jiangnanhugo/workspace/power-sharpening/Subtree-Prefetching-Power-Sharpening/case_studies/logs-entropycut/mbpp/2026-09-21/vllm/dataset-mbpp.model-qwen3.5-9b.alpha4.0.steps100.blocks-1.prefetch-budget-20.rank-accept_first.cut-entropy4.0.samples20.maxnew1024.seed10086.subtreePrefetch.vllm.log,9,4,52,0.5090400199872996
/Users/jiangnanhugo/workspace/power-sharpening/Subtree-Prefetching-Power-Sharpening/case_studies/logs-entropycut/mbpp/2026-09-21/vllm/dataset-mbpp.model-qwen3.5-9b.alpha4.0.steps100.blocks-1.prefetch-budget-20.rank-accept_first.cut-entropy4.0.samples20.maxnew1024.seed10086.subtreePrefetch.vllm.log,9,5,52,0.5090400199872996
/Users/jiangnanhugo/workspace/power-sharpening/Subtree-Prefetching-Power-Sharpening/case_studies/logs-entropycut/mbpp/2026-09-21/vllm/dataset-mbpp.model-qwen3.5-9b.alpha4.0.steps100.blocks-1.prefetch-budget-20.rank-accept_first.cut-entropy4.0.samples20.maxnew1024.seed10086.subtreePrefetch.vllm.log,9,6,330,0.09979039378945873
/Users/jiangnanhugo/workspace/power-sharpening/Subtree-Prefetching-Power-Sharpening/case_studies/logs-entropycut/mbpp/2026-09-21/vllm/dataset-mbpp.model-qwen3.5-9b.alpha4.0.steps100.blocks-1.prefetch-budget-20.rank-accept_first.cut-entropy4.0.samples20.maxnew1024.seed10086.subtreePrefetch.vllm.log,9,7,52,0.5090400199872996
/Users/jiangnanhugo/workspace/power-sharpening/Subtree-Prefetching-Power-Sharpening/case_studies/logs-entropycut/mbpp/2026-09-21/vllm/dataset-mbpp.model-qwen3.5-9b.alpha4.0.steps100.blocks-1.prefetch-budget-20.rank-accept_first.cut-entropy4.0.samples20.maxnew1024.seed10086.subtreePrefetch.vllm.log,9,8,52,0.5090400199872996
/Users/jiangnanhugo/workspace/power-sharpening/Subtree-Prefetching-Power-Sharpening/case_studies/logs-entropycut/mbpp/2026-09-21/vllm/dataset-mbpp.model-qwen3.5-9b.alpha4.0.steps100.blocks-1.prefetch-budget-20.rank-accept_first.cut-entropy4.0.samples20.maxnew1024.seed10086.subtreePrefetch.vllm.log,9,9,9,0.023286248642519894
/Users/jiangnanhugo/workspace/power-sharpening/Subtree-Prefetching-Power-Sharpening/case_studies/logs-entropycut/mbpp/2026-09-21/vllm/dataset-mbpp.model-qwen3.5-9b.alpha4.0.steps100.blocks-1.prefetch-budget-20.rank-accept_first.cut-entropy4.0.samples20.maxnew1024.seed10086.subtreePrefetch.vllm.log,9,10,52,0.5090400199872996
/Users/jiangnanhugo/workspace/power-sharpening/Subtree-Prefetching-Power-Sharpening/case_studies/logs-entropycut/mbpp/2026-09-21/vllm/dataset-mbpp.model-qwen3.5-9b.alpha4.0.steps100.blocks-1.prefetch-budget-20.rank-accept_first.cut-entropy4.0.samples20.maxnew1024.seed10086.subtreePrefetch.vllm.log,9,11,330,0.09979039378945873
/Users/jiangnanhugo/workspace/power-sharpening/Subtree-Prefetching-Power-Sharpening/case_studies/logs-entropycut/mbpp/2026-09-21/vllm/dataset-mbpp.model-qwen3.5-9b.alpha4.0.steps100.blocks-1.prefetch-budget-20.rank-accept_first.cut-entropy4.0.samples20.maxnew1024.seed10086.subtreePrefetch.vllm.log,9,12,52,0.5090400199872996
/Users/jiangnanhugo/workspace/power-sharpening/Subtree-Prefetching-Power-Sharpening/case_studies/logs-entropycut/mbpp/2026-09-21/vllm/dataset-mbpp.model-qwen3.5-9b.alpha4.0.steps100.blocks-1.prefetch-budget-20.rank-accept_first.cut-entropy4.0.samples20.maxnew1024.seed10086.subtreePrefetch.vllm.log,9,13,52,0.5090400199872996
/Users/jiangnanhugo/workspace/power-sharpening/Subtree-Prefetching-Power-Sharpening/case_studies/logs-entropycut/mbpp/2026-09-21/vllm/dataset-mbpp.model-qwen3.5-9b.alpha4.0.steps100.blocks-1.prefetch-budget-20.rank-accept_first.cut-entropy4.0.samples20.maxnew1024.seed10086.subtreePrefetch.vllm.log,9,14,52,0.5090400199872996
/Users/jiangnanhugo/workspace/power-sharpening/Subtree-Prefetching-Power-Sharpening/case_studies/logs-entropycut/mbpp/2026-09-21/vllm/dataset-mbpp.model-qwen3.5-9b.alpha4.0.steps100.blocks-1.prefetch-budget-20.rank-accept_first.cut-entropy4.0.samples20.maxnew1024.seed10086.subtreePrefetch.vllm.log,9,15,52,0.5090400199872996
/Users/jiangnanhugo/workspace/power-sharpening/Subtree-Prefetching-Power-Sharpening/case_studies/logs-entropycut/mbpp/2026-09-21/vllm/dataset-mbpp.model-qwen3.5-9b.alpha4.0.steps100.blocks-1.prefetch-budget-20.rank-accept_first.cut-entropy4.0.samples20.maxnew1024.seed10086.subtreePrefetch.vllm.log,9,16,52,0.5090400199872996
/Users/jiangnanhugo/workspace/power-sharpening/Subtree-Prefetching-Power-Sharpening/case_studies/logs-entropycut/mbpp/2026-09-21/vllm/dataset-mbpp.model-qwen3.5-9b.alpha4.0.steps100.blocks-1.prefetch-budget-20.rank-accept_first.cut-entropy4.0.samples20.maxnew1024.seed10086.subtreePrefetch.vllm.log,9,17,52,0.5090400199872996
/Users/jiangnanhugo/workspace/power-sharpening/Subtree-Prefetching-Power-Sharpening/case_studies/logs-entropycut/mbpp/2026-09-21/vllm/dataset-mbpp.model-qwen3.5-9b.alpha4.0.steps100.blocks-1.prefetch-budget-20.rank-accept_first.cut-entropy4.0.samples20.maxnew1024.seed10086.subtreePrefetch.vllm.log,9,18,52,0.5090400199872996
/Users/jiangnanhugo/workspace/power-sharpening/Subtree-Prefetching-Power-Sharpening/case_studies/logs-entropycut/mbpp/2026-09-21/vllm/dataset-mbpp.model-qwen3.5-9b.alpha4.0.steps100.blocks-1.prefetch-budget-20.rank-accept_first.cut-entropy4.0.samples20.maxnew1024.seed10086.subtreePrefetch.vllm.log,9,19,9,0.023286248642519894
/Users/jiangnanhugo/workspace/power-sharpening/Subtree-Prefetching-Power-Sharpening/case_studies/logs-entropycut/mbpp/2026-09-21/vllm/dataset-mbpp.model-qwen3.5-9b.alpha4.0.steps100.blocks-1.prefetch-budget-20.rank-accept_first.cut-entropy4.0.samples20.maxnew1024.seed10086.subtreePrefetch.vllm.log,10,0,52,0.5090400199872996
/Users/jiangnanhugo/workspace/power-sharpening/Subtree-Prefetching-Power-Sharpening/case_studies/logs-entropycut/mbpp/2026-09-21/vllm/dataset-mbpp.model-qwen3.5-9b.alpha4.0.steps100.blocks-1.prefetch-budget-20.rank-accept_first.cut-entropy4.0.samples20.maxnew1024.seed10086.subtreePrefetch.vllm.log,10,1,52,0.5090400199872996
/Users/jiangnanhugo/workspace/power-sharpening/Subtree-Prefetching-Power-Sharpening/case_studies/logs-entropycut/mbpp/2026-09-21/vllm/dataset-mbpp.model-qwen3.5-9b.alpha4.0.steps100.blocks-1.prefetch-budget-20.rank-accept_first.cut-entropy4.0.samples20.maxnew1024.seed10086.subtreePrefetch.vllm.log,10,2,52,0.5090400199872996
/Users/jiangnanhugo/workspace/power-sharpening/Subtree-Prefetching-Power-Sharpening/case_studies/logs-entropycut/mbpp/2026-09-21/vllm/dataset-mbpp.model-qwen3.5-9b.alpha4.0.steps100.blocks-1.prefetch-budget-20.rank-accept_first.cut-entropy4.0.samples20.maxnew1024.seed10086.subtreePrefetch.vllm.log,10,3,52,0.5090400199872996
/Users/jiangnanhugo/workspace/power-sharpening/Subtree-Prefetching-Power-Sharpening/case_studies/logs-entropycut/mbpp/2026-09-21/vllm/dataset-mbpp.model-qwen3.5-9b.alpha4.0.steps100.blocks-1.prefetch-budget-20.rank-accept_first.cut-entropy4.0.samples20.maxnew1024.seed10086.subtreePrefetch.vllm.log,10,4,52,0.5090400199872996
/Users/jiangnanhugo/workspace/power-sharpening/Subtree-Prefetching-Power-Sharpening/case_studies/logs-entropycut/mbpp/2026-09-21/vllm/dataset-mbpp.model-qwen3.5-9b.alpha4.0.steps100.blocks-1.prefetch-budget-20.rank-accept_first.cut-entropy4.0.samples20.maxnew1024.seed10086.subtreePrefetch.vllm.log,10,5,52,0.5090400199872996
/Users/jiangnanhugo/workspace/power-sharpening/Subtree-Prefetching-Power-Sharpening/case_studies/logs-entropycut/mbpp/2026-09-21/vllm/dataset-mbpp.model-qwen3.5-9b.alpha4.0.steps100.blocks-1.prefetch-budget-20.rank-accept_first.cut-entropy4.0.samples20.maxnew1024.seed10086.subtreePrefetch.vllm.log,10,6,52,0.5090400199872996
/Users/jiangnanhugo/workspace/power-sharpening/Subtree-Prefetching-Power-Sharpening/case_studies/logs-entropycut/mbpp/2026-09-21/vllm/dataset-mbpp.model-qwen3.5-9b.alpha4.0.steps100.blocks-1.prefetch-budget-20.rank-accept_first.cut-entropy4.0.samples20.maxnew1024.seed10086.subtreePrefetch.vllm.log,10,7,330,0.09979039378945873
/Users/jiangnanhugo/workspace/power-sharpening/Subtree-Prefetching-Power-Sharpening/case_studies/logs-entropycut/mbpp/2026-09-21/vllm/dataset-mbpp.model-qwen3.5-9b.alpha4.0.steps100.blocks-1.prefetch-budget-20.rank-accept_first.cut-entropy4.0.samples20.maxnew1024.seed10086.subtreePrefetch.vllm.log,10,8,52,0.5090400199872996
/Users/jiangnanhugo/workspace/power-sharpening/Subtree-Prefetching-Power-Sharpening/case_studies/logs-entropycut/mbpp/2026-09-21/vllm/dataset-mbpp.model-qwen3.5-9b.alpha4.0.steps100.blocks-1.prefetch-budget-20.rank-accept_first.cut-entropy4.0.samples20.maxnew1024.seed10086.subtreePrefetch.vllm.log,10,9,52,0.5090400199872996
/Users/jiangnanhugo/workspace/power-sharpening/Subtree-Prefetching-Power-Sharpening/case_studies/logs-entropycut/mbpp/2026-09-21/vllm/dataset-mbpp.model-qwen3.5-9b.alpha4.0.steps100.blocks-1.prefetch-budget-20.rank-accept_first.cut-entropy4.0.samples20.maxnew1024.seed10086.subtreePrefetch.vllm.log,10,10,52,0.5090400199872996
/Users/jiangnanhugo/workspace/power-sharpening/Subtree-Prefetching-Power-Sharpening/case_studies/logs-entropycut/mbpp/2026-09-21/vllm/dataset-mbpp.model-qwen3.5-9b.alpha4.0.steps100.blocks-1.prefetch-budget-20.rank-accept_first.cut-entropy4.0.samples20.maxnew1024.seed10086.subtreePrefetch.vllm.log,10,11,52,0.5090400199872996
/Users/jiangnanhugo/workspace/power-sharpening/Subtree-Prefetching-Power-Sharpening/case_studies/logs-entropycut/mbpp/2026-09-21/vllm/dataset-mbpp.model-qwen3.5-9b.alpha4.0.steps100.blocks-1.prefetch-budget-20.rank-accept_first.cut-entropy4.0.samples20.maxnew1024.seed10086.subtreePrefetch.vllm.log,10,12,52,0.5090400199872996
/Users/jiangnanhugo/workspace/power-sharpening/Subtree-Prefetching-Power-Sharpening/case_studies/logs-entropycut/mbpp/2026-09-21/vllm/dataset-mbpp.model-qwen3.5-9b.alpha4.0.steps100.blocks-1.prefetch-budget-20.rank-accept_first.cut-entropy4.0.samples20.maxnew1024.seed10086.subtreePrefetch.vllm.log,10,13,9,0.023286248642519894
/Users/jiangnanhugo/workspace/power-sharpening/Subtree-Prefetching-Power-Sharpening/case_studies/logs-entropycut/mbpp/2026-09-21/vllm/dataset-mbpp.model-qwen3.5-9b.alpha4.0.steps100.blocks-1.prefetch-budget-20.rank-accept_first.cut-entropy4.0.samples20.maxnew1024.seed10086.subtreePrefetch.vllm.log,10,14,52,0.5090400199872996
/Users/jiangnanhugo/workspace/power-sharpening/Subtree-Prefetching-Power-Sharpening/case_studies/logs-entropycut/mbpp/2026-09-21/vllm/dataset-mbpp.model-qwen3.5-9b.alpha4.0.steps100.blocks-1.prefetch-budget-20.rank-accept_first.cut-entropy4.0.samples20.maxnew1024.seed10086.subtreePrefetch.vllm.log,10,15,52,0.5090400199872996
/Users/jiangnanhugo/workspace/power-sharpening/Subtree-Prefetching-Power-Sharpening/case_studies/logs-entropycut/mbpp/2026-09-21/vllm/dataset-mbpp.model-qwen3.5-9b.alpha4.0.steps100.blocks-1.prefetch-budget-20.rank-accept_first.cut-entropy4.0.samples20.maxnew1024.seed10086.subtreePrefetch.vllm.log,10,16,52,0.5090400199872996
/Users/jiangnanhugo/workspace/power-sharpening/Subtree-Prefetching-Power-Sharpening/case_studies/logs-entropycut/mbpp/2026-09-21/vllm/dataset-mbpp.model-qwen3.5-9b.alpha4.0.steps100.blocks-1.prefetch-budget-20.rank-accept_first.cut-entropy4.0.samples20.maxnew1024.seed10086.subtreePrefetch.vllm.log,10,17,52,0.5090400199872996
/Users/jiangnanhugo/workspace/power-sharpening/Subtree-Prefetching-Power-Sharpening/case_studies/logs-entropycut/mbpp/2026-09-21/vllm/dataset-mbpp.model-qwen3.5-9b.alpha4.0.steps100.blocks-1.prefetch-budget-20.rank-accept_first.cut-entropy4.0.samples20.maxnew1024.seed10086.subtreePrefetch.vllm.log,10,18,52,0.5090400199872996
/Users/jiangnanhugo/workspace/power-sharpening/Subtree-Prefetching-Power-Sharpening/case_studies/logs-entropycut/mbpp/2026-09-21/vllm/dataset-mbpp.model-qwen3.5-9b.alpha4.0.steps100.blocks-1.prefetch-budget-20.rank-accept_first.cut-entropy4.0.samples20.maxnew1024.seed10086.subtreePrefetch.vllm.log,10,19,52,0.5090400199872996
/Users/jiangnanhugo/workspace/power-sharpening/Subtree-Prefetching-Power-Sharpening/case_studies/logs-entropycut/mbpp/2026-09-21/vllm/dataset-mbpp.model-qwen3.5-9b.alpha4.0.steps100.blocks-1.prefetch-budget-20.rank-accept_first.cut-entropy4.0.samples20.maxnew1024.seed10086.subtreePrefetch.vllm.log,11,0,406,0.08390447395807343
/Users/jiangnanhugo/workspace/power-sharpening/Subtree-Prefetching-Power-Sharpening/case_studies/logs-entropycut/mbpp/2026-09-21/vllm/dataset-mbpp.model-qwen3.5-9b.alpha4.0.steps100.blocks-1.prefetch-budget-20.rank-accept_first.cut-entropy4.0.samples20.maxnew1024.seed10086.subtreePrefetch.vllm.log,11,1,9,0.023286248642519894
/Users/jiangnanhugo/workspace/power-sharpening/Subtree-Prefetching-Power-Sharpening/case_studies/logs-entropycut/mbpp/2026-09-21/vllm/dataset-mbpp.model-qwen3.5-9b.alpha4.0.steps100.blocks-1.prefetch-budget-20.rank-accept_first.cut-entropy4.0.samples20.maxnew1024.seed10086.subtreePrefetch.vllm.log,11,2,52,0.5090400199872996
/Users/jiangnanhugo/workspace/power-sharpening/Subtree-Prefetching-Power-Sharpening/case_studies/logs-entropycut/mbpp/2026-09-21/vllm/dataset-mbpp.model-qwen3.5-9b.alpha4.0.steps100.blocks-1.prefetch-budget-20.rank-accept_first.cut-entropy4.0.samples20.maxnew1024.seed10086.subtreePrefetch.vllm.log,11,3,52,0.5090400199872996
/Users/jiangnanhugo/workspace/power-sharpening/Subtree-Prefetching-Power-Sharpening/case_studies/logs-entropycut/mbpp/2026-09-21/vllm/dataset-mbpp.model-qwen3.5-9b.alpha4.0.steps100.blocks-1.prefetch-budget-20.rank-accept_first.cut-entropy4.0.samples20.maxnew1024.seed10086.subtreePrefetch.vllm.log,11,4,52,0.5090400199872996
/Users/jiangnanhugo/workspace/power-sharpening/Subtree-Prefetching-Power-Sharpening/case_studies/logs-entropycut/mbpp/2026-09-21/vllm/dataset-mbpp.model-qwen3.5-9b.alpha4.0.steps100.blocks-1.prefetch-budget-20.rank-accept_first.cut-entropy4.0.samples20.maxnew1024.seed10086.subtreePrefetch.vllm.log,11,5,52,0.5090400199872996
/Users/jiangnanhugo/workspace/power-sharpening/Subtree-Prefetching-Power-Sharpening/case_studies/logs-entropycut/mbpp/2026-09-21/vllm/dataset-mbpp.model-qwen3.5-9b.alpha4.0.steps100.blocks-1.prefetch-budget-20.rank-accept_first.cut-entropy4.0.samples20.maxnew1024.seed10086.subtreePrefetch.vllm.log,11,6,9,0.023286248642519894
/Users/jiangnanhugo/workspace/power-sharpening/Subtree-Prefetching-Power-Sharpening/case_studies/logs-entropycut/mbpp/2026-09-21/vllm/dataset-mbpp.model-qwen3.5-9b.alpha4.0.steps100.blocks-1.prefetch-budget-20.rank-accept_first.cut-entropy4.0.samples20.maxnew1024.seed10086.subtreePrefetch.vllm.log,11,7,52,0.5090400199872996
/Users/jiangnanhugo/workspace/power-sharpening/Subtree-Prefetching-Power-Sharpening/case_studies/logs-entropycut/mbpp/2026-09-21/vllm/dataset-mbpp.model-qwen3.5-9b.alpha4.0.steps100.blocks-1.prefetch-budget-20.rank-accept_first.cut-entropy4.0.samples20.maxnew1024.seed10086.subtreePrefetch.vllm.log,11,8,52,0.5090400199872996
/Users/jiangnanhugo/workspace/power-sharpening/Subtree-Prefetching-Power-Sharpening/case_studies/logs-entropycut/mbpp/2026-09-21/vllm/dataset-mbpp.model-qwen3.5-9b.alpha4.0.steps100.blocks-1.prefetch-budget-20.rank-accept_first.cut-entropy4.0.samples20.maxnew1024.seed10086.subtreePrefetch.vllm.log,11,9,52,0.5090400199872996
/Users/jiangnanhugo/workspace/power-sharpening/Subtree-Prefetching-Power-Sharpening/case_studies/logs-entropycut/mbpp/2026-09-21/vllm/dataset-mbpp.model-qwen3.5-9b.alpha4.0.steps100.blocks-1.prefetch-budget-20.rank-accept_first.cut-entropy4.0.samples20.maxnew1024.seed10086.subtreePrefetch.vllm.log,11,10,52,0.5090400199872996
/Users/jiangnanhugo/workspace/power-sharpening/Subtree-Prefetching-Power-Sharpening/case_studies/logs-entropycut/mbpp/2026-09-21/vllm/dataset-mbpp.model-qwen3.5-9b.alpha4.0.steps100.blocks-1.prefetch-budget-20.rank-accept_first.cut-entropy4.0.samples20.maxnew1024.seed10086.subtreePrefetch.vllm.log,11,11,52,0.5090400199872996
/Users/jiangnanhugo/workspace/power-sharpening/Subtree-Prefetching-Power-Sharpening/case_studies/logs-entropycut/mbpp/2026-09-21/vllm/dataset-mbpp.model-qwen3.5-9b.alpha4.0.steps100.blocks-1.prefetch-budget-20.rank-accept_first.cut-entropy4.0.samples20.maxnew1024.seed10086.subtreePrefetch.vllm.log,11,12,52,0.5090400199872996
/Users/jiangnanhugo/workspace/power-sharpening/Subtree-Prefetching-Power-Sharpening/case_studies/logs-entropycut/mbpp/2026-09-21/vllm/dataset-mbpp.model-qwen3.5-9b.alpha4.0.steps100.blocks-1.prefetch-budget-20.rank-accept_first.cut-entropy4.0.samples20.maxnew1024.seed10086.subtreePrefetch.vllm.log,11,13,406,0.08390447395807343
/Users/jiangnanhugo/workspace/power-sharpening/Subtree-Prefetching-Power-Sharpening/case_studies/logs-entropycut/mbpp/2026-09-21/vllm/dataset-mbpp.model-qwen3.5-9b.alpha4.0.steps100.blocks-1.prefetch-budget-20.rank-accept_first.cut-entropy4.0.samples20.maxnew1024.seed10086.subtreePrefetch.vllm.log,11,14,52,0.5090400199872996
/Users/jiangnanhugo/workspace/power-sharpening/Subtree-Prefetching-Power-Sharpening/case_studies/logs-entropycut/mbpp/2026-09-21/vllm/dataset-mbpp.model-qwen3.5-9b.alpha4.0.steps100.blocks-1.prefetch-budget-20.rank-accept_first.cut-entropy4.0.samples20.maxnew1024.seed10086.subtreePrefetch.vllm.log,11,15,52,0.5090400199872996
/Users/jiangnanhugo/workspace/power-sharpening/Subtree-Prefetching-Power-Sharpening/case_studies/logs-entropycut/mbpp/2026-09-21/vllm/dataset-mbpp.model-qwen3.5-9b.alpha4.0.steps100.blocks-1.prefetch-budget-20.rank-accept_first.cut-entropy4.0.samples20.maxnew1024.seed10086.subtreePrefetch.vllm.log,11,16,9,0.023286248642519894
/Users/jiangnanhugo/workspace/power-sharpening/Subtree-Prefetching-Power-Sharpening/case_studies/logs-entropycut/mbpp/2026-09-21/vllm/dataset-mbpp.model-qwen3.5-9b.alpha4.0.steps100.blocks-1.prefetch-budget-20.rank-accept_first.cut-entropy4.0.samples20.maxnew1024.seed10086.subtreePrefetch.vllm.log,11,17,52,0.5090400199872996
/Users/jiangnanhugo/workspace/power-sharpening/Subtree-Prefetching-Power-Sharpening/case_studies/logs-entropycut/mbpp/2026-09-21/vllm/dataset-mbpp.model-qwen3.5-9b.alpha4.0.steps100.blocks-1.prefetch-budget-20.rank-accept_first.cut-entropy4.0.samples20.maxnew1024.seed10086.subtreePrefetch.vllm.log,11,18,52,0.5090400199872996
/Users/jiangnanhugo/workspace/power-sharpening/Subtree-Prefetching-Power-Sharpening/case_studies/logs-entropycut/mbpp/2026-09-21/vllm/dataset-mbpp.model-qwen3.5-9b.alpha4.0.steps100.blocks-1.prefetch-budget-20.rank-accept_first.cut-entropy4.0.samples20.maxnew1024.seed10086.subtreePrefetch.vllm.log,11,19,52,0.5090400199872996
/Users/jiangnanhugo/workspace/power-sharpening/Subtree-Prefetching-Power-Sharpening/case_studies/logs-entropycut/mbpp/2026-09-21/vllm/dataset-mbpp.model-qwen3.5-9b.alpha4.0.steps100.blocks-1.prefetch-budget-20.rank-accept_first.cut-entropy4.0.samples20.maxnew1024.seed10086.subtreePrefetch.vllm.log,12,0,330,0.09979039378945873
/Users/jiangnanhugo/workspace/power-sharpening/Subtree-Prefetching-Power-Sharpening/case_studies/logs-entropycut/mbpp/2026-09-21/vllm/dataset-mbpp.model-qwen3.5-9b.alpha4.0.steps100.blocks-1.prefetch-budget-20.rank-accept_first.cut-entropy4.0.samples20.maxnew1024.seed10086.subtreePrefetch.vllm.log,12,1,739,0.077362907305159
/Users/jiangnanhugo/workspace/power-sharpening/Subtree-Prefetching-Power-Sharpening/case_studies/logs-entropycut/mbpp/2026-09-21/vllm/dataset-mbpp.model-qwen3.5-9b.alpha4.0.steps100.blocks-1.prefetch-budget-20.rank-accept_first.cut-entropy4.0.samples20.maxnew1024.seed10086.subtreePrefetch.vllm.log,12,2,52,0.5090400199872996
/Users/jiangnanhugo/workspace/power-sharpening/Subtree-Prefetching-Power-Sharpening/case_studies/logs-entropycut/mbpp/2026-09-21/vllm/dataset-mbpp.model-qwen3.5-9b.alpha4.0.steps100.blocks-1.prefetch-budget-20.rank-accept_first.cut-entropy4.0.samples20.maxnew1024.seed10086.subtreePrefetch.vllm.log,12,3,52,0.5090400199872996
/Users/jiangnanhugo/workspace/power-sharpening/Subtree-Prefetching-Power-Sharpening/case_studies/logs-entropycut/mbpp/2026-09-21/vllm/dataset-mbpp.model-qwen3.5-9b.alpha4.0.steps100.blocks-1.prefetch-budget-20.rank-accept_first.cut-entropy4.0.samples20.maxnew1024.seed10086.subtreePrefetch.vllm.log,12,4,16,0.010438550922203462
/Users/jiangnanhugo/workspace/power-sharpening/Subtree-Prefetching-Power-Sharpening/case_studies/logs-entropycut/mbpp/2026-09-21/vllm/dataset-mbpp.model-qwen3.5-9b.alpha4.0.steps100.blocks-1.prefetch-budget-20.rank-accept_first.cut-entropy4.0.samples20.maxnew1024.seed10086.subtreePrefetch.vllm.log,12,5,52,0.5090400199872996
/Users/jiangnanhugo/workspace/power-sharpening/Subtree-Prefetching-Power-Sharpening/case_studies/logs-entropycut/mbpp/2026-09-21/vllm/dataset-mbpp.model-qwen3.5-9b.alpha4.0.steps100.blocks-1.prefetch-budget-20.rank-accept_first.cut-entropy4.0.samples20.maxnew1024.seed10086.subtreePrefetch.vllm.log,12,6,52,0.5090400199872996
/Users/jiangnanhugo/workspace/power-sharpening/Subtree-Prefetching-Power-Sharpening/case_studies/logs-entropycut/mbpp/2026-09-21/vllm/dataset-mbpp.model-qwen3.5-9b.alpha4.0.steps100.blocks-1.prefetch-budget-20.rank-accept_first.cut-entropy4.0.samples20.maxnew1024.seed10086.subtreePrefetch.vllm.log,12,7,52,0.5090400199872996
/Users/jiangnanhugo/workspace/power-sharpening/Subtree-Prefetching-Power-Sharpening/case_studies/logs-entropycut/mbpp/2026-09-21/vllm/dataset-mbpp.model-qwen3.5-9b.alpha4.0.steps100.blocks-1.prefetch-budget-20.rank-accept_first.cut-entropy4.0.samples20.maxnew1024.seed10086.subtreePrefetch.vllm.log,12,8,59,0.054690799261913475
/Users/jiangnanhugo/workspace/power-sharpening/Subtree-Prefetching-Power-Sharpening/case_studies/logs-entropycut/mbpp/2026-09-21/vllm/dataset-mbpp.model-qwen3.5-9b.alpha4.0.steps100.blocks-1.prefetch-budget-20.rank-accept_first.cut-entropy4.0.samples20.maxnew1024.seed10086.subtreePrefetch.vllm.log,12,9,52,0.5090400199872996
/Users/jiangnanhugo/workspace/power-sharpening/Subtree-Prefetching-Power-Sharpening/case_studies/logs-entropycut/mbpp/2026-09-21/vllm/dataset-mbpp.model-qwen3.5-9b.alpha4.0.steps100.blocks-1.prefetch-budget-20.rank-accept_first.cut-entropy4.0.samples20.maxnew1024.seed10086.subtreePrefetch.vllm.log,12,10,52,0.5090400199872996
/Users/jiangnanhugo/workspace/power-sharpening/Subtree-Prefetching-Power-Sharpening/case_studies/logs-entropycut/mbpp/2026-09-21/vllm/dataset-mbpp.model-qwen3.5-9b.alpha4.0.steps100.blocks-1.prefetch-budget-20.rank-accept_first.cut-entropy4.0.samples20.maxnew1024.seed10086.subtreePrefetch.vllm.log,12,11,52,0.5090400199872996
/Users/jiangnanhugo/workspace/power-sharpening/Subtree-Prefetching-Power-Sharpening/case_studies/logs-entropycut/mbpp/2026-09-21/vllm/dataset-mbpp.model-qwen3.5-9b.alpha4.0.steps100.blocks-1.prefetch-budget-20.rank-accept_first.cut-entropy4.0.samples20.maxnew1024.seed10086.subtreePrefetch.vllm.log,12,12,52,0.5090400199872996
/Users/jiangnanhugo/workspace/power-sharpening/Subtree-Prefetching-Power-Sharpening/case_studies/logs-entropycut/mbpp/2026-09-21/vllm/dataset-mbpp.model-qwen3.5-9b.alpha4.0.steps100.blocks-1.prefetch-budget-20.rank-accept_first.cut-entropy4.0.samples20.maxnew1024.seed10086.subtreePrefetch.vllm.log,12,13,52,0.5090400199872996
/Users/jiangnanhugo/workspace/power-sharpening/Subtree-Prefetching-Power-Sharpening/case_studies/logs-entropycut/mbpp/2026-09-21/vllm/dataset-mbpp.model-qwen3.5-9b.alpha4.0.steps100.blocks-1.prefetch-budget-20.rank-accept_first.cut-entropy4.0.samples20.maxnew1024.seed10086.subtreePrefetch.vllm.log,12,14,52,0.5090400199872996
/Users/jiangnanhugo/workspace/power-sharpening/Subtree-Prefetching-Power-Sharpening/case_studies/logs-entropycut/mbpp/2026-09-21/vllm/dataset-mbpp.model-qwen3.5-9b.alpha4.0.steps100.blocks-1.prefetch-budget-20.rank-accept_first.cut-entropy4.0.samples20.maxnew1024.seed10086.subtreePrefetch.vllm.log,12,15,330,0.09979039378945873
/Users/jiangnanhugo/workspace/power-sharpening/Subtree-Prefetching-Power-Sharpening/case_studies/logs-entropycut/mbpp/2026-09-21/vllm/dataset-mbpp.model-qwen3.5-9b.alpha4.0.steps100.blocks-1.prefetch-budget-20.rank-accept_first.cut-entropy4.0.samples20.maxnew1024.seed10086.subtreePrefetch.vllm.log,12,16,739,0.077362907305159
/Users/jiangnanhugo/workspace/power-sharpening/Subtree-Prefetching-Power-Sharpening/case_studies/logs-entropycut/mbpp/2026-09-21/vllm/dataset-mbpp.model-qwen3.5-9b.alpha4.0.steps100.blocks-1.prefetch-budget-20.rank-accept_first.cut-entropy4.0.samples20.maxnew1024.seed10086.subtreePrefetch.vllm.log,12,17,52,0.5090400199872996
/Users/jiangnanhugo/workspace/power-sharpening/Subtree-Prefetching-Power-Sharpening/case_studies/logs-entropycut/mbpp/2026-09-21/vllm/dataset-mbpp.model-qwen3.5-9b.alpha4.0.steps100.blocks-1.prefetch-budget-20.rank-accept_first.cut-entropy4.0.samples20.maxnew1024.seed10086.subtreePrefetch.vllm.log,12,18,52,0.5090400199872996
/Users/jiangnanhugo/workspace/power-sharpening/Subtree-Prefetching-Power-Sharpening/case_studies/logs-entropycut/mbpp/2026-09-21/vllm/dataset-mbpp.model-qwen3.5-9b.alpha4.0.steps100.blocks-1.prefetch-budget-20.rank-accept_first.cut-entropy4.0.samples20.maxnew1024.seed10086.subtreePrefetch.vllm.log,12,19,52,0.5090400199872996
/Users/jiangnanhugo/workspace/power-sharpening/Subtree-Prefetching-Power-Sharpening/case_studies/logs-entropycut/mbpp/2026-09-21/vllm/dataset-mbpp.model-qwen3.5-9b.alpha4.0.steps100.blocks-1.prefetch-budget-20.rank-accept_first.cut-entropy4.0.samples20.maxnew1024.seed10086.subtreePrefetch.vllm.log,13,0,9,0.024357951797752565
/Users/jiangnanhugo/workspace/power-sharpening/Subtree-Prefetching-Power-Sharpening/case_studies/logs-entropycut/mbpp/2026-09-21/vllm/dataset-mbpp.model-qwen3.5-9b.alpha4.0.steps100.blocks-1.prefetch-budget-20.rank-accept_first.cut-entropy4.0.samples20.maxnew1024.seed10086.subtreePrefetch.vllm.log,13,1,52,0.5324675717555116
/Users/jiangnanhugo/workspace/power-sharpening/Subtree-Prefetching-Power-Sharpening/case_studies/logs-entropycut/mbpp/2026-09-21/vllm/dataset-mbpp.model-qwen3.5-9b.alpha4.0.steps100.blocks-1.prefetch-budget-20.rank-accept_first.cut-entropy4.0.samples20.maxnew1024.seed10086.subtreePrefetch.vllm.log,13,2,52,0.5324675717555116
/Users/jiangnanhugo/workspace/power-sharpening/Subtree-Prefetching-Power-Sharpening/case_studies/logs-entropycut/mbpp/2026-09-21/vllm/dataset-mbpp.model-qwen3.5-9b.alpha4.0.steps100.blocks-1.prefetch-budget-20.rank-accept_first.cut-entropy4.0.samples20.maxnew1024.seed10086.subtreePrefetch.vllm.log,13,3,52,0.5324675717555116
/Users/jiangnanhugo/workspace/power-sharpening/Subtree-Prefetching-Power-Sharpening/case_studies/logs-entropycut/mbpp/2026-09-21/vllm/dataset-mbpp.model-qwen3.5-9b.alpha4.0.steps100.blocks-1.prefetch-budget-20.rank-accept_first.cut-entropy4.0.samples20.maxnew1024.seed10086.subtreePrefetch.vllm.log,13,4,52,0.5324675717555116
/Users/jiangnanhugo/workspace/power-sharpening/Subtree-Prefetching-Power-Sharpening/case_studies/logs-entropycut/mbpp/2026-09-21/vllm/dataset-mbpp.model-qwen3.5-9b.alpha4.0.steps100.blocks-1.prefetch-budget-20.rank-accept_first.cut-entropy4.0.samples20.maxnew1024.seed10086.subtreePrefetch.vllm.log,13,5,52,0.5324675717555116
/Users/jiangnanhugo/workspace/power-sharpening/Subtree-Prefetching-Power-Sharpening/case_studies/logs-entropycut/mbpp/2026-09-21/vllm/dataset-mbpp.model-qwen3.5-9b.alpha4.0.steps100.blocks-1.prefetch-budget-20.rank-accept_first.cut-entropy4.0.samples20.maxnew1024.seed10086.subtreePrefetch.vllm.log,13,6,52,0.5324675717555116
/Users/jiangnanhugo/workspace/power-sharpening/Subtree-Prefetching-Power-Sharpening/case_studies/logs-entropycut/mbpp/2026-09-21/vllm/dataset-mbpp.model-qwen3.5-9b.alpha4.0.steps100.blocks-1.prefetch-budget-20.rank-accept_first.cut-entropy4.0.samples20.maxnew1024.seed10086.subtreePrefetch.vllm.log,13,7,52,0.5324675717555116
/Users/jiangnanhugo/workspace/power-sharpening/Subtree-Prefetching-Power-Sharpening/case_studies/logs-entropycut/mbpp/2026-09-21/vllm/dataset-mbpp.model-qwen3.5-9b.alpha4.0.steps100.blocks-1.prefetch-budget-20.rank-accept_first.cut-entropy4.0.samples20.maxnew1024.seed10086.subtreePrefetch.vllm.log,13,8,52,0.5324675717555116
/Users/jiangnanhugo/workspace/power-sharpening/Subtree-Prefetching-Power-Sharpening/case_studies/logs-entropycut/mbpp/2026-09-21/vllm/dataset-mbpp.model-qwen3.5-9b.alpha4.0.steps100.blocks-1.prefetch-budget-20.rank-accept_first.cut-entropy4.0.samples20.maxnew1024.seed10086.subtreePrefetch.vllm.log,13,9,52,0.5324675717555116
/Users/jiangnanhugo/workspace/power-sharpening/Subtree-Prefetching-Power-Sharpening/case_studies/logs-entropycut/mbpp/2026-09-21/vllm/dataset-mbpp.model-qwen3.5-9b.alpha4.0.steps100.blocks-1.prefetch-budget-20.rank-accept_first.cut-entropy4.0.samples20.maxnew1024.seed10086.subtreePrefetch.vllm.log,13,10,52,0.5324675717555116
/Users/jiangnanhugo/workspace/power-sharpening/Subtree-Prefetching-Power-Sharpening/case_studies/logs-entropycut/mbpp/2026-09-21/vllm/dataset-mbpp.model-qwen3.5-9b.alpha4.0.steps100.blocks-1.prefetch-budget-20.rank-accept_first.cut-entropy4.0.samples20.maxnew1024.seed10086.subtreePrefetch.vllm.log,13,11,52,0.5324675717555116
/Users/jiangnanhugo/workspace/power-sharpening/Subtree-Prefetching-Power-Sharpening/case_studies/logs-entropycut/mbpp/2026-09-21/vllm/dataset-mbpp.model-qwen3.5-9b.alpha4.0.steps100.blocks-1.prefetch-budget-20.rank-accept_first.cut-entropy4.0.samples20.maxnew1024.seed10086.subtreePrefetch.vllm.log,13,12,52,0.5324675717555116
/Users/jiangnanhugo/workspace/power-sharpening/Subtree-Prefetching-Power-Sharpening/case_studies/logs-entropycut/mbpp/2026-09-21/vllm/dataset-mbpp.model-qwen3.5-9b.alpha4.0.steps100.blocks-1.prefetch-budget-20.rank-accept_first.cut-entropy4.0.samples20.maxnew1024.seed10086.subtreePrefetch.vllm.log,13,13,52,0.5324675717555116
/Users/jiangnanhugo/workspace/power-sharpening/Subtree-Prefetching-Power-Sharpening/case_studies/logs-entropycut/mbpp/2026-09-21/vllm/dataset-mbpp.model-qwen3.5-9b.alpha4.0.steps100.blocks-1.prefetch-budget-20.rank-accept_first.cut-entropy4.0.samples20.maxnew1024.seed10086.subtreePrefetch.vllm.log,13,14,52,0.5324675717555116
/Users/jiangnanhugo/workspace/power-sharpening/Subtree-Prefetching-Power-Sharpening/case_studies/logs-entropycut/mbpp/2026-09-21/vllm/dataset-mbpp.model-qwen3.5-9b.alpha4.0.steps100.blocks-1.prefetch-budget-20.rank-accept_first.cut-entropy4.0.samples20.maxnew1024.seed10086.subtreePrefetch.vllm.log,13,15,52,0.5324675717555116
/Users/jiangnanhugo/workspace/power-sharpening/Subtree-Prefetching-Power-Sharpening/case_studies/logs-entropycut/mbpp/2026-09-21/vllm/dataset-mbpp.model-qwen3.5-9b.alpha4.0.steps100.blocks-1.prefetch-budget-20.rank-accept_first.cut-entropy4.0.samples20.maxnew1024.seed10086.subtreePrefetch.vllm.log,13,16,16,0.010918964411345515
/Users/jiangnanhugo/workspace/power-sharpening/Subtree-Prefetching-Power-Sharpening/case_studies/logs-entropycut/mbpp/2026-09-21/vllm/dataset-mbpp.model-qwen3.5-9b.alpha4.0.steps100.blocks-1.prefetch-budget-20.rank-accept_first.cut-entropy4.0.samples20.maxnew1024.seed10086.subtreePrefetch.vllm.log,13,17,52,0.5324675717555116
/Users/jiangnanhugo/workspace/power-sharpening/Subtree-Prefetching-Power-Sharpening/case_studies/logs-entropycut/mbpp/2026-09-21/vllm/dataset-mbpp.model-qwen3.5-9b.alpha4.0.steps100.blocks-1.prefetch-budget-20.rank-accept_first.cut-entropy4.0.samples20.maxnew1024.seed10086.subtreePrefetch.vllm.log,13,18,9,0.024357951797752565
/Users/jiangnanhugo/workspace/power-sharpening/Subtree-Prefetching-Power-Sharpening/case_studies/logs-entropycut/mbpp/2026-09-21/vllm/dataset-mbpp.model-qwen3.5-9b.alpha4.0.steps100.blocks-1.prefetch-budget-20.rank-accept_first.cut-entropy4.0.samples20.maxnew1024.seed10086.subtreePrefetch.vllm.log,13,19,52,0.5324675717555116
/Users/jiangnanhugo/workspace/power-sharpening/Subtree-Prefetching-Power-Sharpening/case_studies/logs-entropycut/mbpp/2026-09-21/vllm/dataset-mbpp.model-qwen3.5-9b.alpha4.0.steps100.blocks-1.prefetch-budget-20.rank-accept_first.cut-entropy4.0.samples20.maxnew1024.seed10086.subtreePrefetch.vllm.log,14,0,553,0.014137384248305943
/Users/jiangnanhugo/workspace/power-sharpening/Subtree-Prefetching-Power-Sharpening/case_studies/logs-entropycut/mbpp/2026-09-21/vllm/dataset-mbpp.model-qwen3.5-9b.alpha4.0.steps100.blocks-1.prefetch-budget-20.rank-accept_first.cut-entropy4.0.samples20.maxnew1024.seed10086.subtreePrefetch.vllm.log,14,1,406,0.09868048781453959
/Users/jiangnanhugo/workspace/power-sharpening/Subtree-Prefetching-Power-Sharpening/case_studies/logs-entropycut/mbpp/2026-09-21/vllm/dataset-mbpp.model-qwen3.5-9b.alpha4.0.steps100.blocks-1.prefetch-budget-20.rank-accept_first.cut-entropy4.0.samples20.maxnew1024.seed10086.subtreePrefetch.vllm.log,14,2,52,0.5324675717555116
/Users/jiangnanhugo/workspace/power-sharpening/Subtree-Prefetching-Power-Sharpening/case_studies/logs-entropycut/mbpp/2026-09-21/vllm/dataset-mbpp.model-qwen3.5-9b.alpha4.0.steps100.blocks-1.prefetch-budget-20.rank-accept_first.cut-entropy4.0.samples20.maxnew1024.seed10086.subtreePrefetch.vllm.log,14,3,52,0.5324675717555116
/Users/jiangnanhugo/workspace/power-sharpening/Subtree-Prefetching-Power-Sharpening/case_studies/logs-entropycut/mbpp/2026-09-21/vllm/dataset-mbpp.model-qwen3.5-9b.alpha4.0.steps100.blocks-1.prefetch-budget-20.rank-accept_first.cut-entropy4.0.samples20.maxnew1024.seed10086.subtreePrefetch.vllm.log,14,4,52,0.5324675717555116
/Users/jiangnanhugo/workspace/power-sharpening/Subtree-Prefetching-Power-Sharpening/case_studies/logs-entropycut/mbpp/2026-09-21/vllm/dataset-mbpp.model-qwen3.5-9b.alpha4.0.steps100.blocks-1.prefetch-budget-20.rank-accept_first.cut-entropy4.0.samples20.maxnew1024.seed10086.subtreePrefetch.vllm.log,14,5,52,0.5324675717555116
/Users/jiangnanhugo/workspace/power-sharpening/Subtree-Prefetching-Power-Sharpening/case_studies/logs-entropycut/mbpp/2026-09-21/vllm/dataset-mbpp.model-qwen3.5-9b.alpha4.0.steps100.blocks-1.prefetch-budget-20.rank-accept_first.cut-entropy4.0.samples20.maxnew1024.seed10086.subtreePrefetch.vllm.log,14,6,52,0.5324675717555116
/Users/jiangnanhugo/workspace/power-sharpening/Subtree-Prefetching-Power-Sharpening/case_studies/logs-entropycut/mbpp/2026-09-21/vllm/dataset-mbpp.model-qwen3.5-9b.alpha4.0.steps100.blocks-1.prefetch-budget-20.rank-accept_first.cut-entropy4.0.samples20.maxnew1024.seed10086.subtreePrefetch.vllm.log,14,7,52,0.5324675717555116
/Users/jiangnanhugo/workspace/power-sharpening/Subtree-Prefetching-Power-Sharpening/case_studies/logs-entropycut/mbpp/2026-09-21/vllm/dataset-mbpp.model-qwen3.5-9b.alpha4.0.steps100.blocks-1.prefetch-budget-20.rank-accept_first.cut-entropy4.0.samples20.maxnew1024.seed10086.subtreePrefetch.vllm.log,14,8,52,0.5324675717555116
/Users/jiangnanhugo/workspace/power-sharpening/Subtree-Prefetching-Power-Sharpening/case_studies/logs-entropycut/mbpp/2026-09-21/vllm/dataset-mbpp.model-qwen3.5-9b.alpha4.0.steps100.blocks-1.prefetch-budget-20.rank-accept_first.cut-entropy4.0.samples20.maxnew1024.seed10086.subtreePrefetch.vllm.log,14,9,52,0.5324675717555116
/Users/jiangnanhugo/workspace/power-sharpening/Subtree-Prefetching-Power-Sharpening/case_studies/logs-entropycut/mbpp/2026-09-21/vllm/dataset-mbpp.model-qwen3.5-9b.alpha4.0.steps100.blocks-1.prefetch-budget-20.rank-accept_first.cut-entropy4.0.samples20.maxnew1024.seed10086.subtreePrefetch.vllm.log,14,10,52,0.5324675717555116
/Users/jiangnanhugo/workspace/power-sharpening/Subtree-Prefetching-Power-Sharpening/case_studies/logs-entropycut/mbpp/2026-09-21/vllm/dataset-mbpp.model-qwen3.5-9b.alpha4.0.steps100.blocks-1.prefetch-budget-20.rank-accept_first.cut-entropy4.0.samples20.maxnew1024.seed10086.subtreePrefetch.vllm.log,14,11,52,0.5324675717555116
/Users/jiangnanhugo/workspace/power-sharpening/Subtree-Prefetching-Power-Sharpening/case_studies/logs-entropycut/mbpp/2026-09-21/vllm/dataset-mbpp.model-qwen3.5-9b.alpha4.0.steps100.blocks-1.prefetch-budget-20.rank-accept_first.cut-entropy4.0.samples20.maxnew1024.seed10086.subtreePrefetch.vllm.log,14,12,795,0.008484704265404338
/Users/jiangnanhugo/workspace/power-sharpening/Subtree-Prefetching-Power-Sharpening/case_studies/logs-entropycut/mbpp/2026-09-21/vllm/dataset-mbpp.model-qwen3.5-9b.alpha4.0.steps100.blocks-1.prefetch-budget-20.rank-accept_first.cut-entropy4.0.samples20.maxnew1024.seed10086.subtreePrefetch.vllm.log,14,13,52,0.5324675717555116
/Users/jiangnanhugo/workspace/power-sharpening/Subtree-Prefetching-Power-Sharpening/case_studies/logs-entropycut/mbpp/2026-09-21/vllm/dataset-mbpp.model-qwen3.5-9b.alpha4.0.steps100.blocks-1.prefetch-budget-20.rank-accept_first.cut-entropy4.0.samples20.maxnew1024.seed10086.subtreePrefetch.vllm.log,14,14,52,0.5324675717555116
/Users/jiangnanhugo/workspace/power-sharpening/Subtree-Prefetching-Power-Sharpening/case_studies/logs-entropycut/mbpp/2026-09-21/vllm/dataset-mbpp.model-qwen3.5-9b.alpha4.0.steps100.blocks-1.prefetch-budget-20.rank-accept_first.cut-entropy4.0.samples20.maxnew1024.seed10086.subtreePrefetch.vllm.log,14,15,52,0.5324675717555116
/Users/jiangnanhugo/workspace/power-sharpening/Subtree-Prefetching-Power-Sharpening/case_studies/logs-entropycut/mbpp/2026-09-21/vllm/dataset-mbpp.model-qwen3.5-9b.alpha4.0.steps100.blocks-1.prefetch-budget-20.rank-accept_first.cut-entropy4.0.samples20.maxnew1024.seed10086.subtreePrefetch.vllm.log,14,16,52,0.5324675717555116
/Users/jiangnanhugo/workspace/power-sharpening/Subtree-Prefetching-Power-Sharpening/case_studies/logs-entropycut/mbpp/2026-09-21/vllm/dataset-mbpp.model-qwen3.5-9b.alpha4.0.steps100.blocks-1.prefetch-budget-20.rank-accept_first.cut-entropy4.0.samples20.maxnew1024.seed10086.subtreePrefetch.vllm.log,14,17,52,0.5324675717555116
/Users/jiangnanhugo/workspace/power-sharpening/Subtree-Prefetching-Power-Sharpening/case_studies/logs-entropycut/mbpp/2026-09-21/vllm/dataset-mbpp.model-qwen3.5-9b.alpha4.0.steps100.blocks-1.prefetch-budget-20.rank-accept_first.cut-entropy4.0.samples20.maxnew1024.seed10086.subtreePrefetch.vllm.log,14,18,52,0.5324675717555116
/Users/jiangnanhugo/workspace/power-sharpening/Subtree-Prefetching-Power-Sharpening/case_studies/logs-entropycut/mbpp/2026-09-21/vllm/dataset-mbpp.model-qwen3.5-9b.alpha4.0.steps100.blocks-1.prefetch-budget-20.rank-accept_first.cut-entropy4.0.samples20.maxnew1024.seed10086.subtreePrefetch.vllm.log,14,19,52,0.5324675717555116
/Users/jiangnanhugo/workspace/power-sharpening/Subtree-Prefetching-Power-Sharpening/case_studies/logs-entropycut/mbpp/2026-09-21/vllm/dataset-mbpp.model-qwen3.5-9b.alpha4.0.steps100.blocks-1.prefetch-budget-20.rank-accept_first.cut-entropy4.0.samples20.maxnew1024.seed10086.subtreePrefetch.vllm.log,15,0,496,0.008255562450293994
/Users/jiangnanhugo/workspace/power-sharpening/Subtree-Prefetching-Power-Sharpening/case_studies/logs-entropycut/mbpp/2026-09-21/vllm/dataset-mbpp.model-qwen3.5-9b.alpha4.0.steps100.blocks-1.prefetch-budget-20.rank-accept_first.cut-entropy4.0.samples20.maxnew1024.seed10086.subtreePrefetch.vllm.log,15,1,59,0.05716419451167867
/Users/jiangnanhugo/workspace/power-sharpening/Subtree-Prefetching-Power-Sharpening/case_studies/logs-entropycut/mbpp/2026-09-21/vllm/dataset-mbpp.model-qwen3.5-9b.alpha4.0.steps100.blocks-1.prefetch-budget-20.rank-accept_first.cut-entropy4.0.samples20.maxnew1024.seed10086.subtreePrefetch.vllm.log,15,2,330,0.0787959117963258
/Users/jiangnanhugo/workspace/power-sharpening/Subtree-Prefetching-Power-Sharpening/case_studies/logs-entropycut/mbpp/2026-09-21/vllm/dataset-mbpp.model-qwen3.5-9b.alpha4.0.steps100.blocks-1.prefetch-budget-20.rank-accept_first.cut-entropy4.0.samples20.maxnew1024.seed10086.subtreePrefetch.vllm.log,15,3,52,0.5320613907547547
/Users/jiangnanhugo/workspace/power-sharpening/Subtree-Prefetching-Power-Sharpening/case_studies/logs-entropycut/mbpp/2026-09-21/vllm/dataset-mbpp.model-qwen3.5-9b.alpha4.0.steps100.blocks-1.prefetch-budget-20.rank-accept_first.cut-entropy4.0.samples20.maxnew1024.seed10086.subtreePrefetch.vllm.log,15,4,52,0.5320613907547547
/Users/jiangnanhugo/workspace/power-sharpening/Subtree-Prefetching-Power-Sharpening/case_studies/logs-entropycut/mbpp/2026-09-21/vllm/dataset-mbpp.model-qwen3.5-9b.alpha4.0.steps100.blocks-1.prefetch-budget-20.rank-accept_first.cut-entropy4.0.samples20.maxnew1024.seed10086.subtreePrefetch.vllm.log,15,5,52,0.5320613907547547
/Users/jiangnanhugo/workspace/power-sharpening/Subtree-Prefetching-Power-Sharpening/case_studies/logs-entropycut/mbpp/2026-09-21/vllm/dataset-mbpp.model-qwen3.5-9b.alpha4.0.steps100.blocks-1.prefetch-budget-20.rank-accept_first.cut-entropy4.0.samples20.maxnew1024.seed10086.subtreePrefetch.vllm.log,15,6,52,0.5320613907547547
/Users/jiangnanhugo/workspace/power-sharpening/Subtree-Prefetching-Power-Sharpening/case_studies/logs-entropycut/mbpp/2026-09-21/vllm/dataset-mbpp.model-qwen3.5-9b.alpha4.0.steps100.blocks-1.prefetch-budget-20.rank-accept_first.cut-entropy4.0.samples20.maxnew1024.seed10086.subtreePrefetch.vllm.log,15,7,330,0.0787959117963258
/Users/jiangnanhugo/workspace/power-sharpening/Subtree-Prefetching-Power-Sharpening/case_studies/logs-entropycut/mbpp/2026-09-21/vllm/dataset-mbpp.model-qwen3.5-9b.alpha4.0.steps100.blocks-1.prefetch-budget-20.rank-accept_first.cut-entropy4.0.samples20.maxnew1024.seed10086.subtreePrefetch.vllm.log,15,8,52,0.5320613907547547
/Users/jiangnanhugo/workspace/power-sharpening/Subtree-Prefetching-Power-Sharpening/case_studies/logs-entropycut/mbpp/2026-09-21/vllm/dataset-mbpp.model-qwen3.5-9b.alpha4.0.steps100.blocks-1.prefetch-budget-20.rank-accept_first.cut-entropy4.0.samples20.maxnew1024.seed10086.subtreePrefetch.vllm.log,15,9,52,0.5320613907547547
/Users/jiangnanhugo/workspace/power-sharpening/Subtree-Prefetching-Power-Sharpening/case_studies/logs-entropycut/mbpp/2026-09-21/vllm/dataset-mbpp.model-qwen3.5-9b.alpha4.0.steps100.blocks-1.prefetch-budget-20.rank-accept_first.cut-entropy4.0.samples20.maxnew1024.seed10086.subtreePrefetch.vllm.log,15,10,52,0.5320613907547547
/Users/jiangnanhugo/workspace/power-sharpening/Subtree-Prefetching-Power-Sharpening/case_studies/logs-entropycut/mbpp/2026-09-21/vllm/dataset-mbpp.model-qwen3.5-9b.alpha4.0.steps100.blocks-1.prefetch-budget-20.rank-accept_first.cut-entropy4.0.samples20.maxnew1024.seed10086.subtreePrefetch.vllm.log,15,11,9,0.02433937087797001
/Users/jiangnanhugo/workspace/power-sharpening/Subtree-Prefetching-Power-Sharpening/case_studies/logs-entropycut/mbpp/2026-09-21/vllm/dataset-mbpp.model-qwen3.5-9b.alpha4.0.steps100.blocks-1.prefetch-budget-20.rank-accept_first.cut-entropy4.0.samples20.maxnew1024.seed10086.subtreePrefetch.vllm.log,15,12,52,0.5320613907547547
/Users/jiangnanhugo/workspace/power-sharpening/Subtree-Prefetching-Power-Sharpening/case_studies/logs-entropycut/mbpp/2026-09-21/vllm/dataset-mbpp.model-qwen3.5-9b.alpha4.0.steps100.blocks-1.prefetch-budget-20.rank-accept_first.cut-entropy4.0.samples20.maxnew1024.seed10086.subtreePrefetch.vllm.log,15,13,59,0.05716419451167867
/Users/jiangnanhugo/workspace/power-sharpening/Subtree-Prefetching-Power-Sharpening/case_studies/logs-entropycut/mbpp/2026-09-21/vllm/dataset-mbpp.model-qwen3.5-9b.alpha4.0.steps100.blocks-1.prefetch-budget-20.rank-accept_first.cut-entropy4.0.samples20.maxnew1024.seed10086.subtreePrefetch.vllm.log,15,14,52,0.5320613907547547
/Users/jiangnanhugo/workspace/power-sharpening/Subtree-Prefetching-Power-Sharpening/case_studies/logs-entropycut/mbpp/2026-09-21/vllm/dataset-mbpp.model-qwen3.5-9b.alpha4.0.steps100.blocks-1.prefetch-budget-20.rank-accept_first.cut-entropy4.0.samples20.maxnew1024.seed10086.subtreePrefetch.vllm.log,15,15,52,0.5320613907547547
/Users/jiangnanhugo/workspace/power-sharpening/Subtree-Prefetching-Power-Sharpening/case_studies/logs-entropycut/mbpp/2026-09-21/vllm/dataset-mbpp.model-qwen3.5-9b.alpha4.0.steps100.blocks-1.prefetch-budget-20.rank-accept_first.cut-entropy4.0.samples20.maxnew1024.seed10086.subtreePrefetch.vllm.log,15,16,52,0.5320613907547547
/Users/jiangnanhugo/workspace/power-sharpening/Subtree-Prefetching-Power-Sharpening/case_studies/logs-entropycut/mbpp/2026-09-21/vllm/dataset-mbpp.model-qwen3.5-9b.alpha4.0.steps100.blocks-1.prefetch-budget-20.rank-accept_first.cut-entropy4.0.samples20.maxnew1024.seed10086.subtreePrefetch.vllm.log,15,17,52,0.5320613907547547
/Users/jiangnanhugo/workspace/power-sharpening/Subtree-Prefetching-Power-Sharpening/case_studies/logs-entropycut/mbpp/2026-09-21/vllm/dataset-mbpp.model-qwen3.5-9b.alpha4.0.steps100.blocks-1.prefetch-budget-20.rank-accept_first.cut-entropy4.0.samples20.maxnew1024.seed10086.subtreePrefetch.vllm.log,15,18,52,0.5320613907547547
/Users/jiangnanhugo/workspace/power-sharpening/Subtree-Prefetching-Power-Sharpening/case_studies/logs-entropycut/mbpp/2026-09-21/vllm/dataset-mbpp.model-qwen3.5-9b.alpha4.0.steps100.blocks-1.prefetch-budget-20.rank-accept_first.cut-entropy4.0.samples20.maxnew1024.seed10086.subtreePrefetch.vllm.log,15,19,52,0.5320613907547547
/Users/jiangnanhugo/workspace/power-sharpening/Subtree-Prefetching-Power-Sharpening/case_studies/logs-entropycut/mbpp/2026-09-21/vllm/dataset-mbpp.model-qwen3.5-9b.alpha4.0.steps100.blocks-1.prefetch-budget-20.rank-accept_first.cut-entropy4.0.samples20.maxnew1024.seed10086.subtreePrefetch.vllm.log,16,0,52,0.5320613907547547
/Users/jiangnanhugo/workspace/power-sharpening/Subtree-Prefetching-Power-Sharpening/case_studies/logs-entropycut/mbpp/2026-09-21/vllm/dataset-mbpp.model-qwen3.5-9b.alpha4.0.steps100.blocks-1.prefetch-budget-20.rank-accept_first.cut-entropy4.0.samples20.maxnew1024.seed10086.subtreePrefetch.vllm.log,16,1,18,0.0006634578934697174
/Users/jiangnanhugo/workspace/power-sharpening/Subtree-Prefetching-Power-Sharpening/case_studies/logs-entropycut/mbpp/2026-09-21/vllm/dataset-mbpp.model-qwen3.5-9b.alpha4.0.steps100.blocks-1.prefetch-budget-20.rank-accept_first.cut-entropy4.0.samples20.maxnew1024.seed10086.subtreePrefetch.vllm.log,16,2,52,0.5320613907547547
/Users/jiangnanhugo/workspace/power-sharpening/Subtree-Prefetching-Power-Sharpening/case_studies/logs-entropycut/mbpp/2026-09-21/vllm/dataset-mbpp.model-qwen3.5-9b.alpha4.0.steps100.blocks-1.prefetch-budget-20.rank-accept_first.cut-entropy4.0.samples20.maxnew1024.seed10086.subtreePrefetch.vllm.log,16,3,52,0.5320613907547547
/Users/jiangnanhugo/workspace/power-sharpening/Subtree-Prefetching-Power-Sharpening/case_studies/logs-entropycut/mbpp/2026-09-21/vllm/dataset-mbpp.model-qwen3.5-9b.alpha4.0.steps100.blocks-1.prefetch-budget-20.rank-accept_first.cut-entropy4.0.samples20.maxnew1024.seed10086.subtreePrefetch.vllm.log,16,4,52,0.5320613907547547
/Users/jiangnanhugo/workspace/power-sharpening/Subtree-Prefetching-Power-Sharpening/case_studies/logs-entropycut/mbpp/2026-09-21/vllm/dataset-mbpp.model-qwen3.5-9b.alpha4.0.steps100.blocks-1.prefetch-budget-20.rank-accept_first.cut-entropy4.0.samples20.maxnew1024.seed10086.subtreePrefetch.vllm.log,16,5,52,0.5320613907547547
/Users/jiangnanhugo/workspace/power-sharpening/Subtree-Prefetching-Power-Sharpening/case_studies/logs-entropycut/mbpp/2026-09-21/vllm/dataset-mbpp.model-qwen3.5-9b.alpha4.0.steps100.blocks-1.prefetch-budget-20.rank-accept_first.cut-entropy4.0.samples20.maxnew1024.seed10086.subtreePrefetch.vllm.log,16,6,52,0.5320613907547547
/Users/jiangnanhugo/workspace/power-sharpening/Subtree-Prefetching-Power-Sharpening/case_studies/logs-entropycut/mbpp/2026-09-21/vllm/dataset-mbpp.model-qwen3.5-9b.alpha4.0.steps100.blocks-1.prefetch-budget-20.rank-accept_first.cut-entropy4.0.samples20.maxnew1024.seed10086.subtreePrefetch.vllm.log,16,7,553,0.01412659986032316
/Users/jiangnanhugo/workspace/power-sharpening/Subtree-Prefetching-Power-Sharpening/case_studies/logs-entropycut/mbpp/2026-09-21/vllm/dataset-mbpp.model-qwen3.5-9b.alpha4.0.steps100.blocks-1.prefetch-budget-20.rank-accept_first.cut-entropy4.0.samples20.maxnew1024.seed10086.subtreePrefetch.vllm.log,16,8,52,0.5320613907547547
/Users/jiangnanhugo/workspace/power-sharpening/Subtree-Prefetching-Power-Sharpening/case_studies/logs-entropycut/mbpp/2026-09-21/vllm/dataset-mbpp.model-qwen3.5-9b.alpha4.0.steps100.blocks-1.prefetch-budget-20.rank-accept_first.cut-entropy4.0.samples20.maxnew1024.seed10086.subtreePrefetch.vllm.log,16,9,52,0.5320613907547547
/Users/jiangnanhugo/workspace/power-sharpening/Subtree-Prefetching-Power-Sharpening/case_studies/logs-entropycut/mbpp/2026-09-21/vllm/dataset-mbpp.model-qwen3.5-9b.alpha4.0.steps100.blocks-1.prefetch-budget-20.rank-accept_first.cut-entropy4.0.samples20.maxnew1024.seed10086.subtreePrefetch.vllm.log,16,10,52,0.5320613907547547
/Users/jiangnanhugo/workspace/power-sharpening/Subtree-Prefetching-Power-Sharpening/case_studies/logs-entropycut/mbpp/2026-09-21/vllm/dataset-mbpp.model-qwen3.5-9b.alpha4.0.steps100.blocks-1.prefetch-budget-20.rank-accept_first.cut-entropy4.0.samples20.maxnew1024.seed10086.subtreePrefetch.vllm.log,16,11,52,0.5320613907547547
/Users/jiangnanhugo/workspace/power-sharpening/Subtree-Prefetching-Power-Sharpening/case_studies/logs-entropycut/mbpp/2026-09-21/vllm/dataset-mbpp.model-qwen3.5-9b.alpha4.0.steps100.blocks-1.prefetch-budget-20.rank-accept_first.cut-entropy4.0.samples20.maxnew1024.seed10086.subtreePrefetch.vllm.log,16,12,52,0.5320613907547547
/Users/jiangnanhugo/workspace/power-sharpening/Subtree-Prefetching-Power-Sharpening/case_studies/logs-entropycut/mbpp/2026-09-21/vllm/dataset-mbpp.model-qwen3.5-9b.alpha4.0.steps100.blocks-1.prefetch-budget-20.rank-accept_first.cut-entropy4.0.samples20.maxnew1024.seed10086.subtreePrefetch.vllm.log,16,13,52,0.5320613907547547
/Users/jiangnanhugo/workspace/power-sharpening/Subtree-Prefetching-Power-Sharpening/case_studies/logs-entropycut/mbpp/2026-09-21/vllm/dataset-mbpp.model-qwen3.5-9b.alpha4.0.steps100.blocks-1.prefetch-budget-20.rank-accept_first.cut-entropy4.0.samples20.maxnew1024.seed10086.subtreePrefetch.vllm.log,16,14,52,0.5320613907547547
/Users/jiangnanhugo/workspace/power-sharpening/Subtree-Prefetching-Power-Sharpening/case_studies/logs-entropycut/mbpp/2026-09-21/vllm/dataset-mbpp.model-qwen3.5-9b.alpha4.0.steps100.blocks-1.prefetch-budget-20.rank-accept_first.cut-entropy4.0.samples20.maxnew1024.seed10086.subtreePrefetch.vllm.log,16,15,406,0.09860521160727022
/Users/jiangnanhugo/workspace/power-sharpening/Subtree-Prefetching-Power-Sharpening/case_studies/logs-entropycut/mbpp/2026-09-21/vllm/dataset-mbpp.model-qwen3.5-9b.alpha4.0.steps100.blocks-1.prefetch-budget-20.rank-accept_first.cut-entropy4.0.samples20.maxnew1024.seed10086.subtreePrefetch.vllm.log,16,16,52,0.5320613907547547
/Users/jiangnanhugo/workspace/power-sharpening/Subtree-Prefetching-Power-Sharpening/case_studies/logs-entropycut/mbpp/2026-09-21/vllm/dataset-mbpp.model-qwen3.5-9b.alpha4.0.steps100.blocks-1.prefetch-budget-20.rank-accept_first.cut-entropy4.0.samples20.maxnew1024.seed10086.subtreePrefetch.vllm.log,16,17,52,0.5320613907547547
/Users/jiangnanhugo/workspace/power-sharpening/Subtree-Prefetching-Power-Sharpening/case_studies/logs-entropycut/mbpp/2026-09-21/vllm/dataset-mbpp.model-qwen3.5-9b.alpha4.0.steps100.blocks-1.prefetch-budget-20.rank-accept_first.cut-entropy4.0.samples20.maxnew1024.seed10086.subtreePrefetch.vllm.log,16,18,52,0.5320613907547547
/Users/jiangnanhugo/workspace/power-sharpening/Subtree-Prefetching-Power-Sharpening/case_studies/logs-entropycut/mbpp/2026-09-21/vllm/dataset-mbpp.model-qwen3.5-9b.alpha4.0.steps100.blocks-1.prefetch-budget-20.rank-accept_first.cut-entropy4.0.samples20.maxnew1024.seed10086.subtreePrefetch.vllm.log,16,19,52,0.5320613907547547
/Users/jiangnanhugo/workspace/power-sharpening/Subtree-Prefetching-Power-Sharpening/case_studies/logs-entropycut/mbpp/2026-09-21/vllm/dataset-mbpp.model-qwen3.5-9b.alpha4.0.steps100.blocks-1.prefetch-budget-20.rank-accept_first.cut-entropy4.0.samples20.maxnew1024.seed10086.subtreePrefetch.vllm.log,17,0,215,0.012349326247506356
/Users/jiangnanhugo/workspace/power-sharpening/Subtree-Prefetching-Power-Sharpening/case_studies/logs-entropycut/mbpp/2026-09-21/vllm/dataset-mbpp.model-qwen3.5-9b.alpha4.0.steps100.blocks-1.prefetch-budget-20.rank-accept_first.cut-entropy4.0.samples20.maxnew1024.seed10086.subtreePrefetch.vllm.log,17,1,52,0.5320613907547547
/Users/jiangnanhugo/workspace/power-sharpening/Subtree-Prefetching-Power-Sharpening/case_studies/logs-entropycut/mbpp/2026-09-21/vllm/dataset-mbpp.model-qwen3.5-9b.alpha4.0.steps100.blocks-1.prefetch-budget-20.rank-accept_first.cut-entropy4.0.samples20.maxnew1024.seed10086.subtreePrefetch.vllm.log,17,2,52,0.5320613907547547
/Users/jiangnanhugo/workspace/power-sharpening/Subtree-Prefetching-Power-Sharpening/case_studies/logs-entropycut/mbpp/2026-09-21/vllm/dataset-mbpp.model-qwen3.5-9b.alpha4.0.steps100.blocks-1.prefetch-budget-20.rank-accept_first.cut-entropy4.0.samples20.maxnew1024.seed10086.subtreePrefetch.vllm.log,17,3,704,0.026686413686412867
/Users/jiangnanhugo/workspace/power-sharpening/Subtree-Prefetching-Power-Sharpening/case_studies/logs-entropycut/mbpp/2026-09-21/vllm/dataset-mbpp.model-qwen3.5-9b.alpha4.0.steps100.blocks-1.prefetch-budget-20.rank-accept_first.cut-entropy4.0.samples20.maxnew1024.seed10086.subtreePrefetch.vllm.log,17,4,52,0.5320613907547547
/Users/jiangnanhugo/workspace/power-sharpening/Subtree-Prefetching-Power-Sharpening/case_studies/logs-entropycut/mbpp/2026-09-21/vllm/dataset-mbpp.model-qwen3.5-9b.alpha4.0.steps100.blocks-1.prefetch-budget-20.rank-accept_first.cut-entropy4.0.samples20.maxnew1024.seed10086.subtreePrefetch.vllm.log,17,5,52,0.5320613907547547
/Users/jiangnanhugo/workspace/power-sharpening/Subtree-Prefetching-Power-Sharpening/case_studies/logs-entropycut/mbpp/2026-09-21/vllm/dataset-mbpp.model-qwen3.5-9b.alpha4.0.steps100.blocks-1.prefetch-budget-20.rank-accept_first.cut-entropy4.0.samples20.maxnew1024.seed10086.subtreePrefetch.vllm.log,17,6,52,0.5320613907547547
/Users/jiangnanhugo/workspace/power-sharpening/Subtree-Prefetching-Power-Sharpening/case_studies/logs-entropycut/mbpp/2026-09-21/vllm/dataset-mbpp.model-qwen3.5-9b.alpha4.0.steps100.blocks-1.prefetch-budget-20.rank-accept_first.cut-entropy4.0.samples20.maxnew1024.seed10086.subtreePrefetch.vllm.log,17,7,9,0.02433937087797001
/Users/jiangnanhugo/workspace/power-sharpening/Subtree-Prefetching-Power-Sharpening/case_studies/logs-entropycut/mbpp/2026-09-21/vllm/dataset-mbpp.model-qwen3.5-9b.alpha4.0.steps100.blocks-1.prefetch-budget-20.rank-accept_first.cut-entropy4.0.samples20.maxnew1024.seed10086.subtreePrefetch.vllm.log,17,8,52,0.5320613907547547
/Users/jiangnanhugo/workspace/power-sharpening/Subtree-Prefetching-Power-Sharpening/case_studies/logs-entropycut/mbpp/2026-09-21/vllm/dataset-mbpp.model-qwen3.5-9b.alpha4.0.steps100.blocks-1.prefetch-budget-20.rank-accept_first.cut-entropy4.0.samples20.maxnew1024.seed10086.subtreePrefetch.vllm.log,17,9,52,0.5320613907547547
/Users/jiangnanhugo/workspace/power-sharpening/Subtree-Prefetching-Power-Sharpening/case_studies/logs-entropycut/mbpp/2026-09-21/vllm/dataset-mbpp.model-qwen3.5-9b.alpha4.0.steps100.blocks-1.prefetch-budget-20.rank-accept_first.cut-entropy4.0.samples20.maxnew1024.seed10086.subtreePrefetch.vllm.log,17,10,52,0.5320613907547547
/Users/jiangnanhugo/workspace/power-sharpening/Subtree-Prefetching-Power-Sharpening/case_studies/logs-entropycut/mbpp/2026-09-21/vllm/dataset-mbpp.model-qwen3.5-9b.alpha4.0.steps100.blocks-1.prefetch-budget-20.rank-accept_first.cut-entropy4.0.samples20.maxnew1024.seed10086.subtreePrefetch.vllm.log,17,11,52,0.5320613907547547
/Users/jiangnanhugo/workspace/power-sharpening/Subtree-Prefetching-Power-Sharpening/case_studies/logs-entropycut/mbpp/2026-09-21/vllm/dataset-mbpp.model-qwen3.5-9b.alpha4.0.steps100.blocks-1.prefetch-budget-20.rank-accept_first.cut-entropy4.0.samples20.maxnew1024.seed10086.subtreePrefetch.vllm.log,17,12,406,0.09860521160727022
/Users/jiangnanhugo/workspace/power-sharpening/Subtree-Prefetching-Power-Sharpening/case_studies/logs-entropycut/mbpp/2026-09-21/vllm/dataset-mbpp.model-qwen3.5-9b.alpha4.0.steps100.blocks-1.prefetch-budget-20.rank-accept_first.cut-entropy4.0.samples20.maxnew1024.seed10086.subtreePrefetch.vllm.log,17,13,52,0.5320613907547547
/Users/jiangnanhugo/workspace/power-sharpening/Subtree-Prefetching-Power-Sharpening/case_studies/logs-entropycut/mbpp/2026-09-21/vllm/dataset-mbpp.model-qwen3.5-9b.alpha4.0.steps100.blocks-1.prefetch-budget-20.rank-accept_first.cut-entropy4.0.samples20.maxnew1024.seed10086.subtreePrefetch.vllm.log,17,14,52,0.5320613907547547
/Users/jiangnanhugo/workspace/power-sharpening/Subtree-Prefetching-Power-Sharpening/case_studies/logs-entropycut/mbpp/2026-09-21/vllm/dataset-mbpp.model-qwen3.5-9b.alpha4.0.steps100.blocks-1.prefetch-budget-20.rank-accept_first.cut-entropy4.0.samples20.maxnew1024.seed10086.subtreePrefetch.vllm.log,17,15,52,0.5320613907547547
/Users/jiangnanhugo/workspace/power-sharpening/Subtree-Prefetching-Power-Sharpening/case_studies/logs-entropycut/mbpp/2026-09-21/vllm/dataset-mbpp.model-qwen3.5-9b.alpha4.0.steps100.blocks-1.prefetch-budget-20.rank-accept_first.cut-entropy4.0.samples20.maxnew1024.seed10086.subtreePrefetch.vllm.log,17,16,52,0.5320613907547547
/Users/jiangnanhugo/workspace/power-sharpening/Subtree-Prefetching-Power-Sharpening/case_studies/logs-entropycut/mbpp/2026-09-21/vllm/dataset-mbpp.model-qwen3.5-9b.alpha4.0.steps100.blocks-1.prefetch-budget-20.rank-accept_first.cut-entropy4.0.samples20.maxnew1024.seed10086.subtreePrefetch.vllm.log,17,17,52,0.5320613907547547
/Users/jiangnanhugo/workspace/power-sharpening/Subtree-Prefetching-Power-Sharpening/case_studies/logs-entropycut/mbpp/2026-09-21/vllm/dataset-mbpp.model-qwen3.5-9b.alpha4.0.steps100.blocks-1.prefetch-budget-20.rank-accept_first.cut-entropy4.0.samples20.maxnew1024.seed10086.subtreePrefetch.vllm.log,17,18,52,0.5320613907547547
/Users/jiangnanhugo/workspace/power-sharpening/Subtree-Prefetching-Power-Sharpening/case_studies/logs-entropycut/mbpp/2026-09-21/vllm/dataset-mbpp.model-qwen3.5-9b.alpha4.0.steps100.blocks-1.prefetch-budget-20.rank-accept_first.cut-entropy4.0.samples20.maxnew1024.seed10086.subtreePrefetch.vllm.log,17,19,52,0.5320613907547547
/Users/jiangnanhugo/workspace/power-sharpening/Subtree-Prefetching-Power-Sharpening/case_studies/logs-entropycut/mbpp/2026-09-21/vllm/dataset-mbpp.model-qwen3.5-9b.alpha4.0.steps100.blocks-1.prefetch-budget-20.rank-accept_first.cut-entropy4.0.samples20.maxnew1024.seed10086.subtreePrefetch.vllm.log,18,0,59,0.05683222848592537
/Users/jiangnanhugo/workspace/power-sharpening/Subtree-Prefetching-Power-Sharpening/case_studies/logs-entropycut/mbpp/2026-09-21/vllm/dataset-mbpp.model-qwen3.5-9b.alpha4.0.steps100.blocks-1.prefetch-budget-20.rank-accept_first.cut-entropy4.0.samples20.maxnew1024.seed10086.subtreePrefetch.vllm.log,18,1,9,0.024198026382718795
/Users/jiangnanhugo/workspace/power-sharpening/Subtree-Prefetching-Power-Sharpening/case_studies/logs-entropycut/mbpp/2026-09-21/vllm/dataset-mbpp.model-qwen3.5-9b.alpha4.0.steps100.blocks-1.prefetch-budget-20.rank-accept_first.cut-entropy4.0.samples20.maxnew1024.seed10086.subtreePrefetch.vllm.log,18,2,52,0.5289715841572079
/Users/jiangnanhugo/workspace/power-sharpening/Subtree-Prefetching-Power-Sharpening/case_studies/logs-entropycut/mbpp/2026-09-21/vllm/dataset-mbpp.model-qwen3.5-9b.alpha4.0.steps100.blocks-1.prefetch-budget-20.rank-accept_first.cut-entropy4.0.samples20.maxnew1024.seed10086.subtreePrefetch.vllm.log,18,3,52,0.5289715841572079
/Users/jiangnanhugo/workspace/power-sharpening/Subtree-Prefetching-Power-Sharpening/case_studies/logs-entropycut/mbpp/2026-09-21/vllm/dataset-mbpp.model-qwen3.5-9b.alpha4.0.steps100.blocks-1.prefetch-budget-20.rank-accept_first.cut-entropy4.0.samples20.maxnew1024.seed10086.subtreePrefetch.vllm.log,18,4,52,0.5289715841572079
/Users/jiangnanhugo/workspace/power-sharpening/Subtree-Prefetching-Power-Sharpening/case_studies/logs-entropycut/mbpp/2026-09-21/vllm/dataset-mbpp.model-qwen3.5-9b.alpha4.0.steps100.blocks-1.prefetch-budget-20.rank-accept_first.cut-entropy4.0.samples20.maxnew1024.seed10086.subtreePrefetch.vllm.log,18,5,330,0.07833832526146628
/Users/jiangnanhugo/workspace/power-sharpening/Subtree-Prefetching-Power-Sharpening/case_studies/logs-entropycut/mbpp/2026-09-21/vllm/dataset-mbpp.model-qwen3.5-9b.alpha4.0.steps100.blocks-1.prefetch-budget-20.rank-accept_first.cut-entropy4.0.samples20.maxnew1024.seed10086.subtreePrefetch.vllm.log,18,6,52,0.5289715841572079
/Users/jiangnanhugo/workspace/power-sharpening/Subtree-Prefetching-Power-Sharpening/case_studies/logs-entropycut/mbpp/2026-09-21/vllm/dataset-mbpp.model-qwen3.5-9b.alpha4.0.steps100.blocks-1.prefetch-budget-20.rank-accept_first.cut-entropy4.0.samples20.maxnew1024.seed10086.subtreePrefetch.vllm.log,18,7,330,0.07833832526146628
/Users/jiangnanhugo/workspace/power-sharpening/Subtree-Prefetching-Power-Sharpening/case_studies/logs-entropycut/mbpp/2026-09-21/vllm/dataset-mbpp.model-qwen3.5-9b.alpha4.0.steps100.blocks-1.prefetch-budget-20.rank-accept_first.cut-entropy4.0.samples20.maxnew1024.seed10086.subtreePrefetch.vllm.log,18,8,52,0.5289715841572079
/Users/jiangnanhugo/workspace/power-sharpening/Subtree-Prefetching-Power-Sharpening/case_studies/logs-entropycut/mbpp/2026-09-21/vllm/dataset-mbpp.model-qwen3.5-9b.alpha4.0.steps100.blocks-1.prefetch-budget-20.rank-accept_first.cut-entropy4.0.samples20.maxnew1024.seed10086.subtreePrefetch.vllm.log,18,9,52,0.5289715841572079
/Users/jiangnanhugo/workspace/power-sharpening/Subtree-Prefetching-Power-Sharpening/case_studies/logs-entropycut/mbpp/2026-09-21/vllm/dataset-mbpp.model-qwen3.5-9b.alpha4.0.steps100.blocks-1.prefetch-budget-20.rank-accept_first.cut-entropy4.0.samples20.maxnew1024.seed10086.subtreePrefetch.vllm.log,18,10,52,0.5289715841572079
/Users/jiangnanhugo/workspace/power-sharpening/Subtree-Prefetching-Power-Sharpening/case_studies/logs-entropycut/mbpp/2026-09-21/vllm/dataset-mbpp.model-qwen3.5-9b.alpha4.0.steps100.blocks-1.prefetch-budget-20.rank-accept_first.cut-entropy4.0.samples20.maxnew1024.seed10086.subtreePrefetch.vllm.log,18,11,52,0.5289715841572079
/Users/jiangnanhugo/workspace/power-sharpening/Subtree-Prefetching-Power-Sharpening/case_studies/logs-entropycut/mbpp/2026-09-21/vllm/dataset-mbpp.model-qwen3.5-9b.alpha4.0.steps100.blocks-1.prefetch-budget-20.rank-accept_first.cut-entropy4.0.samples20.maxnew1024.seed10086.subtreePrefetch.vllm.log,18,12,52,0.5289715841572079
/Users/jiangnanhugo/workspace/power-sharpening/Subtree-Prefetching-Power-Sharpening/case_studies/logs-entropycut/mbpp/2026-09-21/vllm/dataset-mbpp.model-qwen3.5-9b.alpha4.0.steps100.blocks-1.prefetch-budget-20.rank-accept_first.cut-entropy4.0.samples20.maxnew1024.seed10086.subtreePrefetch.vllm.log,18,13,52,0.5289715841572079
/Users/jiangnanhugo/workspace/power-sharpening/Subtree-Prefetching-Power-Sharpening/case_studies/logs-entropycut/mbpp/2026-09-21/vllm/dataset-mbpp.model-qwen3.5-9b.alpha4.0.steps100.blocks-1.prefetch-budget-20.rank-accept_first.cut-entropy4.0.samples20.maxnew1024.seed10086.subtreePrefetch.vllm.log,18,14,52,0.5289715841572079
/Users/jiangnanhugo/workspace/power-sharpening/Subtree-Prefetching-Power-Sharpening/case_studies/logs-entropycut/mbpp/2026-09-21/vllm/dataset-mbpp.model-qwen3.5-9b.alpha4.0.steps100.blocks-1.prefetch-budget-20.rank-accept_first.cut-entropy4.0.samples20.maxnew1024.seed10086.subtreePrefetch.vllm.log,18,15,52,0.5289715841572079
/Users/jiangnanhugo/workspace/power-sharpening/Subtree-Prefetching-Power-Sharpening/case_studies/logs-entropycut/mbpp/2026-09-21/vllm/dataset-mbpp.model-qwen3.5-9b.alpha4.0.steps100.blocks-1.prefetch-budget-20.rank-accept_first.cut-entropy4.0.samples20.maxnew1024.seed10086.subtreePrefetch.vllm.log,18,16,52,0.5289715841572079
/Users/jiangnanhugo/workspace/power-sharpening/Subtree-Prefetching-Power-Sharpening/case_studies/logs-entropycut/mbpp/2026-09-21/vllm/dataset-mbpp.model-qwen3.5-9b.alpha4.0.steps100.blocks-1.prefetch-budget-20.rank-accept_first.cut-entropy4.0.samples20.maxnew1024.seed10086.subtreePrefetch.vllm.log,18,17,52,0.5289715841572079
/Users/jiangnanhugo/workspace/power-sharpening/Subtree-Prefetching-Power-Sharpening/case_studies/logs-entropycut/mbpp/2026-09-21/vllm/dataset-mbpp.model-qwen3.5-9b.alpha4.0.steps100.blocks-1.prefetch-budget-20.rank-accept_first.cut-entropy4.0.samples20.maxnew1024.seed10086.subtreePrefetch.vllm.log,18,18,770,0.019518845145950346
/Users/jiangnanhugo/workspace/power-sharpening/Subtree-Prefetching-Power-Sharpening/case_studies/logs-entropycut/mbpp/2026-09-21/vllm/dataset-mbpp.model-qwen3.5-9b.alpha4.0.steps100.blocks-1.prefetch-budget-20.rank-accept_first.cut-entropy4.0.samples20.maxnew1024.seed10086.subtreePrefetch.vllm.log,18,19,52,0.5289715841572079
/Users/jiangnanhugo/workspace/power-sharpening/Subtree-Prefetching-Power-Sharpening/case_studies/logs-entropycut/mbpp/2026-09-21/vllm/dataset-mbpp.model-qwen3.5-9b.alpha4.0.steps100.blocks-1.prefetch-budget-20.rank-accept_first.cut-entropy4.0.samples20.maxnew1024.seed10086.subtreePrefetch.vllm.log,19,0,330,0.0786038421140884
/Users/jiangnanhugo/workspace/power-sharpening/Subtree-Prefetching-Power-Sharpening/case_studies/logs-entropycut/mbpp/2026-09-21/vllm/dataset-mbpp.model-qwen3.5-9b.alpha4.0.steps100.blocks-1.prefetch-budget-20.rank-accept_first.cut-entropy4.0.samples20.maxnew1024.seed10086.subtreePrefetch.vllm.log,19,1,52,0.5307644597348155
/Users/jiangnanhugo/workspace/power-sharpening/Subtree-Prefetching-Power-Sharpening/case_studies/logs-entropycut/mbpp/2026-09-21/vllm/dataset-mbpp.model-qwen3.5-9b.alpha4.0.steps100.blocks-1.prefetch-budget-20.rank-accept_first.cut-entropy4.0.samples20.maxnew1024.seed10086.subtreePrefetch.vllm.log,19,2,52,0.5307644597348155
/Users/jiangnanhugo/workspace/power-sharpening/Subtree-Prefetching-Power-Sharpening/case_studies/logs-entropycut/mbpp/2026-09-21/vllm/dataset-mbpp.model-qwen3.5-9b.alpha4.0.steps100.blocks-1.prefetch-budget-20.rank-accept_first.cut-entropy4.0.samples20.maxnew1024.seed10086.subtreePrefetch.vllm.log,19,3,52,0.5307644597348155
/Users/jiangnanhugo/workspace/power-sharpening/Subtree-Prefetching-Power-Sharpening/case_studies/logs-entropycut/mbpp/2026-09-21/vllm/dataset-mbpp.model-qwen3.5-9b.alpha4.0.steps100.blocks-1.prefetch-budget-20.rank-accept_first.cut-entropy4.0.samples20.maxnew1024.seed10086.subtreePrefetch.vllm.log,19,4,52,0.5307644597348155
/Users/jiangnanhugo/workspace/power-sharpening/Subtree-Prefetching-Power-Sharpening/case_studies/logs-entropycut/mbpp/2026-09-21/vllm/dataset-mbpp.model-qwen3.5-9b.alpha4.0.steps100.blocks-1.prefetch-budget-20.rank-accept_first.cut-entropy4.0.samples20.maxnew1024.seed10086.subtreePrefetch.vllm.log,19,5,330,0.0786038421140884
/Users/jiangnanhugo/workspace/power-sharpening/Subtree-Prefetching-Power-Sharpening/case_studies/logs-entropycut/mbpp/2026-09-21/vllm/dataset-mbpp.model-qwen3.5-9b.alpha4.0.steps100.blocks-1.prefetch-budget-20.rank-accept_first.cut-entropy4.0.samples20.maxnew1024.seed10086.subtreePrefetch.vllm.log,19,6,52,0.5307644597348155
/Users/jiangnanhugo/workspace/power-sharpening/Subtree-Prefetching-Power-Sharpening/case_studies/logs-entropycut/mbpp/2026-09-21/vllm/dataset-mbpp.model-qwen3.5-9b.alpha4.0.steps100.blocks-1.prefetch-budget-20.rank-accept_first.cut-entropy4.0.samples20.maxnew1024.seed10086.subtreePrefetch.vllm.log,19,7,52,0.5307644597348155
/Users/jiangnanhugo/workspace/power-sharpening/Subtree-Prefetching-Power-Sharpening/case_studies/logs-entropycut/mbpp/2026-09-21/vllm/dataset-mbpp.model-qwen3.5-9b.alpha4.0.steps100.blocks-1.prefetch-budget-20.rank-accept_first.cut-entropy4.0.samples20.maxnew1024.seed10086.subtreePrefetch.vllm.log,19,8,52,0.5307644597348155
/Users/jiangnanhugo/workspace/power-sharpening/Subtree-Prefetching-Power-Sharpening/case_studies/logs-entropycut/mbpp/2026-09-21/vllm/dataset-mbpp.model-qwen3.5-9b.alpha4.0.steps100.blocks-1.prefetch-budget-20.rank-accept_first.cut-entropy4.0.samples20.maxnew1024.seed10086.subtreePrefetch.vllm.log,19,9,52,0.5307644597348155
/Users/jiangnanhugo/workspace/power-sharpening/Subtree-Prefetching-Power-Sharpening/case_studies/logs-entropycut/mbpp/2026-09-21/vllm/dataset-mbpp.model-qwen3.5-9b.alpha4.0.steps100.blocks-1.prefetch-budget-20.rank-accept_first.cut-entropy4.0.samples20.maxnew1024.seed10086.subtreePrefetch.vllm.log,19,10,52,0.5307644597348155
/Users/jiangnanhugo/workspace/power-sharpening/Subtree-Prefetching-Power-Sharpening/case_studies/logs-entropycut/mbpp/2026-09-21/vllm/dataset-mbpp.model-qwen3.5-9b.alpha4.0.steps100.blocks-1.prefetch-budget-20.rank-accept_first.cut-entropy4.0.samples20.maxnew1024.seed10086.subtreePrefetch.vllm.log,19,11,52,0.5307644597348155
/Users/jiangnanhugo/workspace/power-sharpening/Subtree-Prefetching-Power-Sharpening/case_studies/logs-entropycut/mbpp/2026-09-21/vllm/dataset-mbpp.model-qwen3.5-9b.alpha4.0.steps100.blocks-1.prefetch-budget-20.rank-accept_first.cut-entropy4.0.samples20.maxnew1024.seed10086.subtreePrefetch.vllm.log,19,12,52,0.5307644597348155
/Users/jiangnanhugo/workspace/power-sharpening/Subtree-Prefetching-Power-Sharpening/case_studies/logs-entropycut/mbpp/2026-09-21/vllm/dataset-mbpp.model-qwen3.5-9b.alpha4.0.steps100.blocks-1.prefetch-budget-20.rank-accept_first.cut-entropy4.0.samples20.maxnew1024.seed10086.subtreePrefetch.vllm.log,19,13,52,0.5307644597348155
/Users/jiangnanhugo/workspace/power-sharpening/Subtree-Prefetching-Power-Sharpening/case_studies/logs-entropycut/mbpp/2026-09-21/vllm/dataset-mbpp.model-qwen3.5-9b.alpha4.0.steps100.blocks-1.prefetch-budget-20.rank-accept_first.cut-entropy4.0.samples20.maxnew1024.seed10086.subtreePrefetch.vllm.log,19,14,406,0.09836485558842861
/Users/jiangnanhugo/workspace/power-sharpening/Subtree-Prefetching-Power-Sharpening/case_studies/logs-entropycut/mbpp/2026-09-21/vllm/dataset-mbpp.model-qwen3.5-9b.alpha4.0.steps100.blocks-1.prefetch-budget-20.rank-accept_first.cut-entropy4.0.samples20.maxnew1024.seed10086.subtreePrefetch.vllm.log,19,15,52,0.5307644597348155
/Users/jiangnanhugo/workspace/power-sharpening/Subtree-Prefetching-Power-Sharpening/case_studies/logs-entropycut/mbpp/2026-09-21/vllm/dataset-mbpp.model-qwen3.5-9b.alpha4.0.steps100.blocks-1.prefetch-budget-20.rank-accept_first.cut-entropy4.0.samples20.maxnew1024.seed10086.subtreePrefetch.vllm.log,19,16,9,0.0242800422259649
/Users/jiangnanhugo/workspace/power-sharpening/Subtree-Prefetching-Power-Sharpening/case_studies/logs-entropycut/mbpp/2026-09-21/vllm/dataset-mbpp.model-qwen3.5-9b.alpha4.0.steps100.blocks-1.prefetch-budget-20.rank-accept_first.cut-entropy4.0.samples20.maxnew1024.seed10086.subtreePrefetch.vllm.log,19,17,52,0.5307644597348155
/Users/jiangnanhugo/workspace/power-sharpening/Subtree-Prefetching-Power-Sharpening/case_studies/logs-entropycut/mbpp/2026-09-21/vllm/dataset-mbpp.model-qwen3.5-9b.alpha4.0.steps100.blocks-1.prefetch-budget-20.rank-accept_first.cut-entropy4.0.samples20.maxnew1024.seed10086.subtreePrefetch.vllm.log,19,18,52,0.5307644597348155
/Users/jiangnanhugo/workspace/power-sharpening/Subtree-Prefetching-Power-Sharpening/case_studies/logs-entropycut/mbpp/2026-09-21/vllm/dataset-mbpp.model-qwen3.5-9b.alpha4.0.steps100.blocks-1.prefetch-budget-20.rank-accept_first.cut-entropy4.0.samples20.maxnew1024.seed10086.subtreePrefetch.vllm.log,19,19,52,0.5307644597348155
/Users/jiangnanhugo/workspace/power-sharpening/Subtree-Prefetching-Power-Sharpening/case_studies/logs-entropycut/mbpp/2026-09-21/vllm/dataset-mbpp.model-qwen3.5-9b.alpha4.0.steps100.blocks-1.prefetch-budget-20.rank-accept_first.cut-entropy4.0.samples20.maxnew1024.seed10086.subtreePrefetch.vllm.log,20,0,52,0.5307644597348155
/Users/jiangnanhugo/workspace/power-sharpening/Subtree-Prefetching-Power-Sharpening/case_studies/logs-entropycut/mbpp/2026-09-21/vllm/dataset-mbpp.model-qwen3.5-9b.alpha4.0.steps100.blocks-1.prefetch-budget-20.rank-accept_first.cut-entropy4.0.samples20.maxnew1024.seed10086.subtreePrefetch.vllm.log,20,1,52,0.5307644597348155
/Users/jiangnanhugo/workspace/power-sharpening/Subtree-Prefetching-Power-Sharpening/case_studies/logs-entropycut/mbpp/2026-09-21/vllm/dataset-mbpp.model-qwen3.5-9b.alpha4.0.steps100.blocks-1.prefetch-budget-20.rank-accept_first.cut-entropy4.0.samples20.maxnew1024.seed10086.subtreePrefetch.vllm.log,20,2,406,0.09836485558842861
/Users/jiangnanhugo/workspace/power-sharpening/Subtree-Prefetching-Power-Sharpening/case_studies/logs-entropycut/mbpp/2026-09-21/vllm/dataset-mbpp.model-qwen3.5-9b.alpha4.0.steps100.blocks-1.prefetch-budget-20.rank-accept_first.cut-entropy4.0.samples20.maxnew1024.seed10086.subtreePrefetch.vllm.log,20,3,9,0.0242800422259649
/Users/jiangnanhugo/workspace/power-sharpening/Subtree-Prefetching-Power-Sharpening/case_studies/logs-entropycut/mbpp/2026-09-21/vllm/dataset-mbpp.model-qwen3.5-9b.alpha4.0.steps100.blocks-1.prefetch-budget-20.rank-accept_first.cut-entropy4.0.samples20.maxnew1024.seed10086.subtreePrefetch.vllm.log,20,4,52,0.5307644597348155
/Users/jiangnanhugo/workspace/power-sharpening/Subtree-Prefetching-Power-Sharpening/case_studies/logs-entropycut/mbpp/2026-09-21/vllm/dataset-mbpp.model-qwen3.5-9b.alpha4.0.steps100.blocks-1.prefetch-budget-20.rank-accept_first.cut-entropy4.0.samples20.maxnew1024.seed10086.subtreePrefetch.vllm.log,20,5,52,0.5307644597348155
/Users/jiangnanhugo/workspace/power-sharpening/Subtree-Prefetching-Power-Sharpening/case_studies/logs-entropycut/mbpp/2026-09-21/vllm/dataset-mbpp.model-qwen3.5-9b.alpha4.0.steps100.blocks-1.prefetch-budget-20.rank-accept_first.cut-entropy4.0.samples20.maxnew1024.seed10086.subtreePrefetch.vllm.log,20,6,52,0.5307644597348155
/Users/jiangnanhugo/workspace/power-sharpening/Subtree-Prefetching-Power-Sharpening/case_studies/logs-entropycut/mbpp/2026-09-21/vllm/dataset-mbpp.model-qwen3.5-9b.alpha4.0.steps100.blocks-1.prefetch-budget-20.rank-accept_first.cut-entropy4.0.samples20.maxnew1024.seed10086.subtreePrefetch.vllm.log,20,7,16,0.010884039806488914
/Users/jiangnanhugo/workspace/power-sharpening/Subtree-Prefetching-Power-Sharpening/case_studies/logs-entropycut/mbpp/2026-09-21/vllm/dataset-mbpp.model-qwen3.5-9b.alpha4.0.steps100.blocks-1.prefetch-budget-20.rank-accept_first.cut-entropy4.0.samples20.maxnew1024.seed10086.subtreePrefetch.vllm.log,20,8,52,0.5307644597348155
/Users/jiangnanhugo/workspace/power-sharpening/Subtree-Prefetching-Power-Sharpening/case_studies/logs-entropycut/mbpp/2026-09-21/vllm/dataset-mbpp.model-qwen3.5-9b.alpha4.0.steps100.blocks-1.prefetch-budget-20.rank-accept_first.cut-entropy4.0.samples20.maxnew1024.seed10086.subtreePrefetch.vllm.log,20,9,52,0.5307644597348155
/Users/jiangnanhugo/workspace/power-sharpening/Subtree-Prefetching-Power-Sharpening/case_studies/logs-entropycut/mbpp/2026-09-21/vllm/dataset-mbpp.model-qwen3.5-9b.alpha4.0.steps100.blocks-1.prefetch-budget-20.rank-accept_first.cut-entropy4.0.samples20.maxnew1024.seed10086.subtreePrefetch.vllm.log,20,10,52,0.5307644597348155
/Users/jiangnanhugo/workspace/power-sharpening/Subtree-Prefetching-Power-Sharpening/case_studies/logs-entropycut/mbpp/2026-09-21/vllm/dataset-mbpp.model-qwen3.5-9b.alpha4.0.steps100.blocks-1.prefetch-budget-20.rank-accept_first.cut-entropy4.0.samples20.maxnew1024.seed10086.subtreePrefetch.vllm.log,20,11,16,0.010884039806488914
/Users/jiangnanhugo/workspace/power-sharpening/Subtree-Prefetching-Power-Sharpening/case_studies/logs-entropycut/mbpp/2026-09-21/vllm/dataset-mbpp.model-qwen3.5-9b.alpha4.0.steps100.blocks-1.prefetch-budget-20.rank-accept_first.cut-entropy4.0.samples20.maxnew1024.seed10086.subtreePrefetch.vllm.log,20,12,9,0.0242800422259649
/Users/jiangnanhugo/workspace/power-sharpening/Subtree-Prefetching-Power-Sharpening/case_studies/logs-entropycut/mbpp/2026-09-21/vllm/dataset-mbpp.model-qwen3.5-9b.alpha4.0.steps100.blocks-1.prefetch-budget-20.rank-accept_first.cut-entropy4.0.samples20.maxnew1024.seed10086.subtreePrefetch.vllm.log,20,13,52,0.5307644597348155
/Users/jiangnanhugo/workspace/power-sharpening/Subtree-Prefetching-Power-Sharpening/case_studies/logs-entropycut/mbpp/2026-09-21/vllm/dataset-mbpp.model-qwen3.5-9b.alpha4.0.steps100.blocks-1.prefetch-budget-20.rank-accept_first.cut-entropy4.0.samples20.maxnew1024.seed10086.subtreePrefetch.vllm.log,20,14,52,0.5307644597348155
/Users/jiangnanhugo/workspace/power-sharpening/Subtree-Prefetching-Power-Sharpening/case_studies/logs-entropycut/mbpp/2026-09-21/vllm/dataset-mbpp.model-qwen3.5-9b.alpha4.0.steps100.blocks-1.prefetch-budget-20.rank-accept_first.cut-entropy4.0.samples20.maxnew1024.seed10086.subtreePrefetch.vllm.log,20,15,52,0.5307644597348155
/Users/jiangnanhugo/workspace/power-sharpening/Subtree-Prefetching-Power-Sharpening/case_studies/logs-entropycut/mbpp/2026-09-21/vllm/dataset-mbpp.model-qwen3.5-9b.alpha4.0.steps100.blocks-1.prefetch-budget-20.rank-accept_first.cut-entropy4.0.samples20.maxnew1024.seed10086.subtreePrefetch.vllm.log,20,16,52,0.5307644597348155
/Users/jiangnanhugo/workspace/power-sharpening/Subtree-Prefetching-Power-Sharpening/case_studies/logs-entropycut/mbpp/2026-09-21/vllm/dataset-mbpp.model-qwen3.5-9b.alpha4.0.steps100.blocks-1.prefetch-budget-20.rank-accept_first.cut-entropy4.0.samples20.maxnew1024.seed10086.subtreePrefetch.vllm.log,20,17,52,0.5307644597348155
/Users/jiangnanhugo/workspace/power-sharpening/Subtree-Prefetching-Power-Sharpening/case_studies/logs-entropycut/mbpp/2026-09-21/vllm/dataset-mbpp.model-qwen3.5-9b.alpha4.0.steps100.blocks-1.prefetch-budget-20.rank-accept_first.cut-entropy4.0.samples20.maxnew1024.seed10086.subtreePrefetch.vllm.log,20,18,52,0.5307644597348155
/Users/jiangnanhugo/workspace/power-sharpening/Subtree-Prefetching-Power-Sharpening/case_studies/logs-entropycut/mbpp/2026-09-21/vllm/dataset-mbpp.model-qwen3.5-9b.alpha4.0.steps100.blocks-1.prefetch-budget-20.rank-accept_first.cut-entropy4.0.samples20.maxnew1024.seed10086.subtreePrefetch.vllm.log,20,19,52,0.5307644597348155
/Users/jiangnanhugo/workspace/power-sharpening/Subtree-Prefetching-Power-Sharpening/case_studies/logs-entropycut/mbpp/2026-09-21/vllm/dataset-mbpp.model-qwen3.5-9b.alpha4.0.steps100.blocks-1.prefetch-budget-20.rank-accept_first.cut-entropy4.0.samples20.maxnew1024.seed10086.subtreePrefetch.vllm.log,21,0,52,0.5307644597348155
/Users/jiangnanhugo/workspace/power-sharpening/Subtree-Prefetching-Power-Sharpening/case_studies/logs-entropycut/mbpp/2026-09-21/vllm/dataset-mbpp.model-qwen3.5-9b.alpha4.0.steps100.blocks-1.prefetch-budget-20.rank-accept_first.cut-entropy4.0.samples20.maxnew1024.seed10086.subtreePrefetch.vllm.log,21,1,52,0.5307644597348155
/Users/jiangnanhugo/workspace/power-sharpening/Subtree-Prefetching-Power-Sharpening/case_studies/logs-entropycut/mbpp/2026-09-21/vllm/dataset-mbpp.model-qwen3.5-9b.alpha4.0.steps100.blocks-1.prefetch-budget-20.rank-accept_first.cut-entropy4.0.samples20.maxnew1024.seed10086.subtreePrefetch.vllm.log,21,2,52,0.5307644597348155
/Users/jiangnanhugo/workspace/power-sharpening/Subtree-Prefetching-Power-Sharpening/case_studies/logs-entropycut/mbpp/2026-09-21/vllm/dataset-mbpp.model-qwen3.5-9b.alpha4.0.steps100.blocks-1.prefetch-budget-20.rank-accept_first.cut-entropy4.0.samples20.maxnew1024.seed10086.subtreePrefetch.vllm.log,21,3,52,0.5307644597348155
/Users/jiangnanhugo/workspace/power-sharpening/Subtree-Prefetching-Power-Sharpening/case_studies/logs-entropycut/mbpp/2026-09-21/vllm/dataset-mbpp.model-qwen3.5-9b.alpha4.0.steps100.blocks-1.prefetch-budget-20.rank-accept_first.cut-entropy4.0.samples20.maxnew1024.seed10086.subtreePrefetch.vllm.log,21,4,770,0.016747324356088302
/Users/jiangnanhugo/workspace/power-sharpening/Subtree-Prefetching-Power-Sharpening/case_studies/logs-entropycut/mbpp/2026-09-21/vllm/dataset-mbpp.model-qwen3.5-9b.alpha4.0.steps100.blocks-1.prefetch-budget-20.rank-accept_first.cut-entropy4.0.samples20.maxnew1024.seed10086.subtreePrefetch.vllm.log,21,5,52,0.5307644597348155
/Users/jiangnanhugo/workspace/power-sharpening/Subtree-Prefetching-Power-Sharpening/case_studies/logs-entropycut/mbpp/2026-09-21/vllm/dataset-mbpp.model-qwen3.5-9b.alpha4.0.steps100.blocks-1.prefetch-budget-20.rank-accept_first.cut-entropy4.0.samples20.maxnew1024.seed10086.subtreePrefetch.vllm.log,21,6,52,0.5307644597348155
/Users/jiangnanhugo/workspace/power-sharpening/Subtree-Prefetching-Power-Sharpening/case_studies/logs-entropycut/mbpp/2026-09-21/vllm/dataset-mbpp.model-qwen3.5-9b.alpha4.0.steps100.blocks-1.prefetch-budget-20.rank-accept_first.cut-entropy4.0.samples20.maxnew1024.seed10086.subtreePrefetch.vllm.log,21,7,52,0.5307644597348155
/Users/jiangnanhugo/workspace/power-sharpening/Subtree-Prefetching-Power-Sharpening/case_studies/logs-entropycut/mbpp/2026-09-21/vllm/dataset-mbpp.model-qwen3.5-9b.alpha4.0.steps100.blocks-1.prefetch-budget-20.rank-accept_first.cut-entropy4.0.samples20.maxnew1024.seed10086.subtreePrefetch.vllm.log,21,8,406,0.09836485558842861
/Users/jiangnanhugo/workspace/power-sharpening/Subtree-Prefetching-Power-Sharpening/case_studies/logs-entropycut/mbpp/2026-09-21/vllm/dataset-mbpp.model-qwen3.5-9b.alpha4.0.steps100.blocks-1.prefetch-budget-20.rank-accept_first.cut-entropy4.0.samples20.maxnew1024.seed10086.subtreePrefetch.vllm.log,21,9,52,0.5307644597348155
/Users/jiangnanhugo/workspace/power-sharpening/Subtree-Prefetching-Power-Sharpening/case_studies/logs-entropycut/mbpp/2026-09-21/vllm/dataset-mbpp.model-qwen3.5-9b.alpha4.0.steps100.blocks-1.prefetch-budget-20.rank-accept_first.cut-entropy4.0.samples20.maxnew1024.seed10086.subtreePrefetch.vllm.log,21,10,52,0.5307644597348155
/Users/jiangnanhugo/workspace/power-sharpening/Subtree-Prefetching-Power-Sharpening/case_studies/logs-entropycut/mbpp/2026-09-21/vllm/dataset-mbpp.model-qwen3.5-9b.alpha4.0.steps100.blocks-1.prefetch-budget-20.rank-accept_first.cut-entropy4.0.samples20.maxnew1024.seed10086.subtreePrefetch.vllm.log,21,11,52,0.5307644597348155
/Users/jiangnanhugo/workspace/power-sharpening/Subtree-Prefetching-Power-Sharpening/case_studies/logs-entropycut/mbpp/2026-09-21/vllm/dataset-mbpp.model-qwen3.5-9b.alpha4.0.steps100.blocks-1.prefetch-budget-20.rank-accept_first.cut-entropy4.0.samples20.maxnew1024.seed10086.subtreePrefetch.vllm.log,21,12,52,0.5307644597348155
/Users/jiangnanhugo/workspace/power-sharpening/Subtree-Prefetching-Power-Sharpening/case_studies/logs-entropycut/mbpp/2026-09-21/vllm/dataset-mbpp.model-qwen3.5-9b.alpha4.0.steps100.blocks-1.prefetch-budget-20.rank-accept_first.cut-entropy4.0.samples20.maxnew1024.seed10086.subtreePrefetch.vllm.log,21,13,52,0.5307644597348155
/Users/jiangnanhugo/workspace/power-sharpening/Subtree-Prefetching-Power-Sharpening/case_studies/logs-entropycut/mbpp/2026-09-21/vllm/dataset-mbpp.model-qwen3.5-9b.alpha4.0.steps100.blocks-1.prefetch-budget-20.rank-accept_first.cut-entropy4.0.samples20.maxnew1024.seed10086.subtreePrefetch.vllm.log,21,14,52,0.5307644597348155
/Users/jiangnanhugo/workspace/power-sharpening/Subtree-Prefetching-Power-Sharpening/case_studies/logs-entropycut/mbpp/2026-09-21/vllm/dataset-mbpp.model-qwen3.5-9b.alpha4.0.steps100.blocks-1.prefetch-budget-20.rank-accept_first.cut-entropy4.0.samples20.maxnew1024.seed10086.subtreePrefetch.vllm.log,21,15,52,0.5307644597348155
/Users/jiangnanhugo/workspace/power-sharpening/Subtree-Prefetching-Power-Sharpening/case_studies/logs-entropycut/mbpp/2026-09-21/vllm/dataset-mbpp.model-qwen3.5-9b.alpha4.0.steps100.blocks-1.prefetch-budget-20.rank-accept_first.cut-entropy4.0.samples20.maxnew1024.seed10086.subtreePrefetch.vllm.log,21,16,52,0.5307644597348155
/Users/jiangnanhugo/workspace/power-sharpening/Subtree-Prefetching-Power-Sharpening/case_studies/logs-entropycut/mbpp/2026-09-21/vllm/dataset-mbpp.model-qwen3.5-9b.alpha4.0.steps100.blocks-1.prefetch-budget-20.rank-accept_first.cut-entropy4.0.samples20.maxnew1024.seed10086.subtreePrefetch.vllm.log,21,17,52,0.5307644597348155
/Users/jiangnanhugo/workspace/power-sharpening/Subtree-Prefetching-Power-Sharpening/case_studies/logs-entropycut/mbpp/2026-09-21/vllm/dataset-mbpp.model-qwen3.5-9b.alpha4.0.steps100.blocks-1.prefetch-budget-20.rank-accept_first.cut-entropy4.0.samples20.maxnew1024.seed10086.subtreePrefetch.vllm.log,21,18,52,0.5307644597348155
/Users/jiangnanhugo/workspace/power-sharpening/Subtree-Prefetching-Power-Sharpening/case_studies/logs-entropycut/mbpp/2026-09-21/vllm/dataset-mbpp.model-qwen3.5-9b.alpha4.0.steps100.blocks-1.prefetch-budget-20.rank-accept_first.cut-entropy4.0.samples20.maxnew1024.seed10086.subtreePrefetch.vllm.log,21,19,330,0.0786038421140884
/Users/jiangnanhugo/workspace/power-sharpening/Subtree-Prefetching-Power-Sharpening/case_studies/logs-entropycut/mbpp/2026-09-21/vllm/dataset-mbpp.model-qwen3.5-9b.alpha4.0.steps100.blocks-1.prefetch-budget-20.rank-accept_first.cut-entropy4.0.samples20.maxnew1024.seed10086.subtreePrefetch.vllm.log,22,0,52,0.5307644597348155
/Users/jiangnanhugo/workspace/power-sharpening/Subtree-Prefetching-Power-Sharpening/case_studies/logs-entropycut/mbpp/2026-09-21/vllm/dataset-mbpp.model-qwen3.5-9b.alpha4.0.steps100.blocks-1.prefetch-budget-20.rank-accept_first.cut-entropy4.0.samples20.maxnew1024.seed10086.subtreePrefetch.vllm.log,22,1,52,0.5307644597348155
/Users/jiangnanhugo/workspace/power-sharpening/Subtree-Prefetching-Power-Sharpening/case_studies/logs-entropycut/mbpp/2026-09-21/vllm/dataset-mbpp.model-qwen3.5-9b.alpha4.0.steps100.blocks-1.prefetch-budget-20.rank-accept_first.cut-entropy4.0.samples20.maxnew1024.seed10086.subtreePrefetch.vllm.log,22,2,52,0.5307644597348155
/Users/jiangnanhugo/workspace/power-sharpening/Subtree-Prefetching-Power-Sharpening/case_studies/logs-entropycut/mbpp/2026-09-21/vllm/dataset-mbpp.model-qwen3.5-9b.alpha4.0.steps100.blocks-1.prefetch-budget-20.rank-accept_first.cut-entropy4.0.samples20.maxnew1024.seed10086.subtreePrefetch.vllm.log,22,3,52,0.5307644597348155
/Users/jiangnanhugo/workspace/power-sharpening/Subtree-Prefetching-Power-Sharpening/case_studies/logs-entropycut/mbpp/2026-09-21/vllm/dataset-mbpp.model-qwen3.5-9b.alpha4.0.steps100.blocks-1.prefetch-budget-20.rank-accept_first.cut-entropy4.0.samples20.maxnew1024.seed10086.subtreePrefetch.vllm.log,22,4,9,0.0242800422259649
/Users/jiangnanhugo/workspace/power-sharpening/Subtree-Prefetching-Power-Sharpening/case_studies/logs-entropycut/mbpp/2026-09-21/vllm/dataset-mbpp.model-qwen3.5-9b.alpha4.0.steps100.blocks-1.prefetch-budget-20.rank-accept_first.cut-entropy4.0.samples20.maxnew1024.seed10086.subtreePrefetch.vllm.log,22,5,9,0.0242800422259649
/Users/jiangnanhugo/workspace/power-sharpening/Subtree-Prefetching-Power-Sharpening/case_studies/logs-entropycut/mbpp/2026-09-21/vllm/dataset-mbpp.model-qwen3.5-9b.alpha4.0.steps100.blocks-1.prefetch-budget-20.rank-accept_first.cut-entropy4.0.samples20.maxnew1024.seed10086.subtreePrefetch.vllm.log,22,6,52,0.5307644597348155
/Users/jiangnanhugo/workspace/power-sharpening/Subtree-Prefetching-Power-Sharpening/case_studies/logs-entropycut/mbpp/2026-09-21/vllm/dataset-mbpp.model-qwen3.5-9b.alpha4.0.steps100.blocks-1.prefetch-budget-20.rank-accept_first.cut-entropy4.0.samples20.maxnew1024.seed10086.subtreePrefetch.vllm.log,22,7,330,0.0786038421140884
/Users/jiangnanhugo/workspace/power-sharpening/Subtree-Prefetching-Power-Sharpening/case_studies/logs-entropycut/mbpp/2026-09-21/vllm/dataset-mbpp.model-qwen3.5-9b.alpha4.0.steps100.blocks-1.prefetch-budget-20.rank-accept_first.cut-entropy4.0.samples20.maxnew1024.seed10086.subtreePrefetch.vllm.log,22,8,52,0.5307644597348155
/Users/jiangnanhugo/workspace/power-sharpening/Subtree-Prefetching-Power-Sharpening/case_studies/logs-entropycut/mbpp/2026-09-21/vllm/dataset-mbpp.model-qwen3.5-9b.alpha4.0.steps100.blocks-1.prefetch-budget-20.rank-accept_first.cut-entropy4.0.samples20.maxnew1024.seed10086.subtreePrefetch.vllm.log,22,9,52,0.5307644597348155
/Users/jiangnanhugo/workspace/power-sharpening/Subtree-Prefetching-Power-Sharpening/case_studies/logs-entropycut/mbpp/2026-09-21/vllm/dataset-mbpp.model-qwen3.5-9b.alpha4.0.steps100.blocks-1.prefetch-budget-20.rank-accept_first.cut-entropy4.0.samples20.maxnew1024.seed10086.subtreePrefetch.vllm.log,22,10,52,0.5307644597348155
/Users/jiangnanhugo/workspace/power-sharpening/Subtree-Prefetching-Power-Sharpening/case_studies/logs-entropycut/mbpp/2026-09-21/vllm/dataset-mbpp.model-qwen3.5-9b.alpha4.0.steps100.blocks-1.prefetch-budget-20.rank-accept_first.cut-entropy4.0.samples20.maxnew1024.seed10086.subtreePrefetch.vllm.log,22,11,52,0.5307644597348155
/Users/jiangnanhugo/workspace/power-sharpening/Subtree-Prefetching-Power-Sharpening/case_studies/logs-entropycut/mbpp/2026-09-21/vllm/dataset-mbpp.model-qwen3.5-9b.alpha4.0.steps100.blocks-1.prefetch-budget-20.rank-accept_first.cut-entropy4.0.samples20.maxnew1024.seed10086.subtreePrefetch.vllm.log,22,12,18,0.0006618406757248933
/Users/jiangnanhugo/workspace/power-sharpening/Subtree-Prefetching-Power-Sharpening/case_studies/logs-entropycut/mbpp/2026-09-21/vllm/dataset-mbpp.model-qwen3.5-9b.alpha4.0.steps100.blocks-1.prefetch-budget-20.rank-accept_first.cut-entropy4.0.samples20.maxnew1024.seed10086.subtreePrefetch.vllm.log,22,13,52,0.5307644597348155
/Users/jiangnanhugo/workspace/power-sharpening/Subtree-Prefetching-Power-Sharpening/case_studies/logs-entropycut/mbpp/2026-09-21/vllm/dataset-mbpp.model-qwen3.5-9b.alpha4.0.steps100.blocks-1.prefetch-budget-20.rank-accept_first.cut-entropy4.0.samples20.maxnew1024.seed10086.subtreePrefetch.vllm.log,22,14,52,0.5307644597348155
/Users/jiangnanhugo/workspace/power-sharpening/Subtree-Prefetching-Power-Sharpening/case_studies/logs-entropycut/mbpp/2026-09-21/vllm/dataset-mbpp.model-qwen3.5-9b.alpha4.0.steps100.blocks-1.prefetch-budget-20.rank-accept_first.cut-entropy4.0.samples20.maxnew1024.seed10086.subtreePrefetch.vllm.log,22,15,52,0.5307644597348155
/Users/jiangnanhugo/workspace/power-sharpening/Subtree-Prefetching-Power-Sharpening/case_studies/logs-entropycut/mbpp/2026-09-21/vllm/dataset-mbpp.model-qwen3.5-9b.alpha4.0.steps100.blocks-1.prefetch-budget-20.rank-accept_first.cut-entropy4.0.samples20.maxnew1024.seed10086.subtreePrefetch.vllm.log,22,16,52,0.5307644597348155
/Users/jiangnanhugo/workspace/power-sharpening/Subtree-Prefetching-Power-Sharpening/case_studies/logs-entropycut/mbpp/2026-09-21/vllm/dataset-mbpp.model-qwen3.5-9b.alpha4.0.steps100.blocks-1.prefetch-budget-20.rank-accept_first.cut-entropy4.0.samples20.maxnew1024.seed10086.subtreePrefetch.vllm.log,22,17,52,0.5307644597348155
/Users/jiangnanhugo/workspace/power-sharpening/Subtree-Prefetching-Power-Sharpening/case_studies/logs-entropycut/mbpp/2026-09-21/vllm/dataset-mbpp.model-qwen3.5-9b.alpha4.0.steps100.blocks-1.prefetch-budget-20.rank-accept_first.cut-entropy4.0.samples20.maxnew1024.seed10086.subtreePrefetch.vllm.log,22,18,52,0.5307644597348155
/Users/jiangnanhugo/workspace/power-sharpening/Subtree-Prefetching-Power-Sharpening/case_studies/logs-entropycut/mbpp/2026-09-21/vllm/dataset-mbpp.model-qwen3.5-9b.alpha4.0.steps100.blocks-1.prefetch-budget-20.rank-accept_first.cut-entropy4.0.samples20.maxnew1024.seed10086.subtreePrefetch.vllm.log,22,19,52,0.5307644597348155
/Users/jiangnanhugo/workspace/power-sharpening/Subtree-Prefetching-Power-Sharpening/case_studies/logs-entropycut/mbpp/2026-09-21/vllm/dataset-mbpp.model-qwen3.5-9b.alpha4.0.steps100.blocks-1.prefetch-budget-20.rank-accept_first.cut-entropy4.0.samples20.maxnew1024.seed10086.subtreePrefetch.vllm.log,23,0,52,0.5307644597348155
/Users/jiangnanhugo/workspace/power-sharpening/Subtree-Prefetching-Power-Sharpening/case_studies/logs-entropycut/mbpp/2026-09-21/vllm/dataset-mbpp.model-qwen3.5-9b.alpha4.0.steps100.blocks-1.prefetch-budget-20.rank-accept_first.cut-entropy4.0.samples20.maxnew1024.seed10086.subtreePrefetch.vllm.log,23,1,52,0.5307644597348155
/Users/jiangnanhugo/workspace/power-sharpening/Subtree-Prefetching-Power-Sharpening/case_studies/logs-entropycut/mbpp/2026-09-21/vllm/dataset-mbpp.model-qwen3.5-9b.alpha4.0.steps100.blocks-1.prefetch-budget-20.rank-accept_first.cut-entropy4.0.samples20.maxnew1024.seed10086.subtreePrefetch.vllm.log,23,2,406,0.09836485558842861
/Users/jiangnanhugo/workspace/power-sharpening/Subtree-Prefetching-Power-Sharpening/case_studies/logs-entropycut/mbpp/2026-09-21/vllm/dataset-mbpp.model-qwen3.5-9b.alpha4.0.steps100.blocks-1.prefetch-budget-20.rank-accept_first.cut-entropy4.0.samples20.maxnew1024.seed10086.subtreePrefetch.vllm.log,23,3,137,0.0017322449840752692
/Users/jiangnanhugo/workspace/power-sharpening/Subtree-Prefetching-Power-Sharpening/case_studies/logs-entropycut/mbpp/2026-09-21/vllm/dataset-mbpp.model-qwen3.5-9b.alpha4.0.steps100.blocks-1.prefetch-budget-20.rank-accept_first.cut-entropy4.0.samples20.maxnew1024.seed10086.subtreePrefetch.vllm.log,23,4,330,0.0786038421140884
/Users/jiangnanhugo/workspace/power-sharpening/Subtree-Prefetching-Power-Sharpening/case_studies/logs-entropycut/mbpp/2026-09-21/vllm/dataset-mbpp.model-qwen3.5-9b.alpha4.0.steps100.blocks-1.prefetch-budget-20.rank-accept_first.cut-entropy4.0.samples20.maxnew1024.seed10086.subtreePrefetch.vllm.log,23,5,52,0.5307644597348155
/Users/jiangnanhugo/workspace/power-sharpening/Subtree-Prefetching-Power-Sharpening/case_studies/logs-entropycut/mbpp/2026-09-21/vllm/dataset-mbpp.model-qwen3.5-9b.alpha4.0.steps100.blocks-1.prefetch-budget-20.rank-accept_first.cut-entropy4.0.samples20.maxnew1024.seed10086.subtreePrefetch.vllm.log,23,6,57,0.0032267843289455716
/Users/jiangnanhugo/workspace/power-sharpening/Subtree-Prefetching-Power-Sharpening/case_studies/logs-entropycut/mbpp/2026-09-21/vllm/dataset-mbpp.model-qwen3.5-9b.alpha4.0.steps100.blocks-1.prefetch-budget-20.rank-accept_first.cut-entropy4.0.samples20.maxnew1024.seed10086.subtreePrefetch.vllm.log,23,7,52,0.5307644597348155
/Users/jiangnanhugo/workspace/power-sharpening/Subtree-Prefetching-Power-Sharpening/case_studies/logs-entropycut/mbpp/2026-09-21/vllm/dataset-mbpp.model-qwen3.5-9b.alpha4.0.steps100.blocks-1.prefetch-budget-20.rank-accept_first.cut-entropy4.0.samples20.maxnew1024.seed10086.subtreePrefetch.vllm.log,23,8,52,0.5307644597348155
/Users/jiangnanhugo/workspace/power-sharpening/Subtree-Prefetching-Power-Sharpening/case_studies/logs-entropycut/mbpp/2026-09-21/vllm/dataset-mbpp.model-qwen3.5-9b.alpha4.0.steps100.blocks-1.prefetch-budget-20.rank-accept_first.cut-entropy4.0.samples20.maxnew1024.seed10086.subtreePrefetch.vllm.log,23,9,52,0.5307644597348155
/Users/jiangnanhugo/workspace/power-sharpening/Subtree-Prefetching-Power-Sharpening/case_studies/logs-entropycut/mbpp/2026-09-21/vllm/dataset-mbpp.model-qwen3.5-9b.alpha4.0.steps100.blocks-1.prefetch-budget-20.rank-accept_first.cut-entropy4.0.samples20.maxnew1024.seed10086.subtreePrefetch.vllm.log,23,10,52,0.5307644597348155
/Users/jiangnanhugo/workspace/power-sharpening/Subtree-Prefetching-Power-Sharpening/case_studies/logs-entropycut/mbpp/2026-09-21/vllm/dataset-mbpp.model-qwen3.5-9b.alpha4.0.steps100.blocks-1.prefetch-budget-20.rank-accept_first.cut-entropy4.0.samples20.maxnew1024.seed10086.subtreePrefetch.vllm.log,23,11,52,0.5307644597348155
/Users/jiangnanhugo/workspace/power-sharpening/Subtree-Prefetching-Power-Sharpening/case_studies/logs-entropycut/mbpp/2026-09-21/vllm/dataset-mbpp.model-qwen3.5-9b.alpha4.0.steps100.blocks-1.prefetch-budget-20.rank-accept_first.cut-entropy4.0.samples20.maxnew1024.seed10086.subtreePrefetch.vllm.log,23,12,52,0.5307644597348155
/Users/jiangnanhugo/workspace/power-sharpening/Subtree-Prefetching-Power-Sharpening/case_studies/logs-entropycut/mbpp/2026-09-21/vllm/dataset-mbpp.model-qwen3.5-9b.alpha4.0.steps100.blocks-1.prefetch-budget-20.rank-accept_first.cut-entropy4.0.samples20.maxnew1024.seed10086.subtreePrefetch.vllm.log,23,13,52,0.5307644597348155
/Users/jiangnanhugo/workspace/power-sharpening/Subtree-Prefetching-Power-Sharpening/case_studies/logs-entropycut/mbpp/2026-09-21/vllm/dataset-mbpp.model-qwen3.5-9b.alpha4.0.steps100.blocks-1.prefetch-budget-20.rank-accept_first.cut-entropy4.0.samples20.maxnew1024.seed10086.subtreePrefetch.vllm.log,23,14,52,0.5307644597348155
/Users/jiangnanhugo/workspace/power-sharpening/Subtree-Prefetching-Power-Sharpening/case_studies/logs-entropycut/mbpp/2026-09-21/vllm/dataset-mbpp.model-qwen3.5-9b.alpha4.0.steps100.blocks-1.prefetch-budget-20.rank-accept_first.cut-entropy4.0.samples20.maxnew1024.seed10086.subtreePrefetch.vllm.log,23,15,52,0.5307644597348155
/Users/jiangnanhugo/workspace/power-sharpening/Subtree-Prefetching-Power-Sharpening/case_studies/logs-entropycut/mbpp/2026-09-21/vllm/dataset-mbpp.model-qwen3.5-9b.alpha4.0.steps100.blocks-1.prefetch-budget-20.rank-accept_first.cut-entropy4.0.samples20.maxnew1024.seed10086.subtreePrefetch.vllm.log,23,16,52,0.5307644597348155
/Users/jiangnanhugo/workspace/power-sharpening/Subtree-Prefetching-Power-Sharpening/case_studies/logs-entropycut/mbpp/2026-09-21/vllm/dataset-mbpp.model-qwen3.5-9b.alpha4.0.steps100.blocks-1.prefetch-budget-20.rank-accept_first.cut-entropy4.0.samples20.maxnew1024.seed10086.subtreePrefetch.vllm.log,23,17,52,0.5307644597348155
/Users/jiangnanhugo/workspace/power-sharpening/Subtree-Prefetching-Power-Sharpening/case_studies/logs-entropycut/mbpp/2026-09-21/vllm/dataset-mbpp.model-qwen3.5-9b.alpha4.0.steps100.blocks-1.prefetch-budget-20.rank-accept_first.cut-entropy4.0.samples20.maxnew1024.seed10086.subtreePrefetch.vllm.log,23,18,52,0.5307644597348155
/Users/jiangnanhugo/workspace/power-sharpening/Subtree-Prefetching-Power-Sharpening/case_studies/logs-entropycut/mbpp/2026-09-21/vllm/dataset-mbpp.model-qwen3.5-9b.alpha4.0.steps100.blocks-1.prefetch-budget-20.rank-accept_first.cut-entropy4.0.samples20.maxnew1024.seed10086.subtreePrefetch.vllm.log,23,19,52,0.5307644597348155
/Users/jiangnanhugo/workspace/power-sharpening/Subtree-Prefetching-Power-Sharpening/case_studies/logs-entropycut/mbpp/2026-09-21/vllm/dataset-mbpp.model-qwen3.5-9b.alpha4.0.steps100.blocks-1.prefetch-budget-20.rank-accept_first.cut-entropy4.0.samples20.maxnew1024.seed10086.subtreePrefetch.vllm.log,24,0,685,0.17773156573761129
/Users/jiangnanhugo/workspace/power-sharpening/Subtree-Prefetching-Power-Sharpening/case_studies/logs-entropycut/mbpp/2026-09-21/vllm/dataset-mbpp.model-qwen3.5-9b.alpha4.0.steps100.blocks-1.prefetch-budget-20.rank-accept_first.cut-entropy4.0.samples20.maxnew1024.seed10086.subtreePrefetch.vllm.log,24,1,52,0.4727831675507034
/Users/jiangnanhugo/workspace/power-sharpening/Subtree-Prefetching-Power-Sharpening/case_studies/logs-entropycut/mbpp/2026-09-21/vllm/dataset-mbpp.model-qwen3.5-9b.alpha4.0.steps100.blocks-1.prefetch-budget-20.rank-accept_first.cut-entropy4.0.samples20.maxnew1024.seed10086.subtreePrefetch.vllm.log,24,2,52,0.4727831675507034
/Users/jiangnanhugo/workspace/power-sharpening/Subtree-Prefetching-Power-Sharpening/case_studies/logs-entropycut/mbpp/2026-09-21/vllm/dataset-mbpp.model-qwen3.5-9b.alpha4.0.steps100.blocks-1.prefetch-budget-20.rank-accept_first.cut-entropy4.0.samples20.maxnew1024.seed10086.subtreePrefetch.vllm.log,24,3,9,0.02162766376179716
/Users/jiangnanhugo/workspace/power-sharpening/Subtree-Prefetching-Power-Sharpening/case_studies/logs-entropycut/mbpp/2026-09-21/vllm/dataset-mbpp.model-qwen3.5-9b.alpha4.0.steps100.blocks-1.prefetch-budget-20.rank-accept_first.cut-entropy4.0.samples20.maxnew1024.seed10086.subtreePrefetch.vllm.log,24,4,330,0.07109792487436047
/Users/jiangnanhugo/workspace/power-sharpening/Subtree-Prefetching-Power-Sharpening/case_studies/logs-entropycut/mbpp/2026-09-21/vllm/dataset-mbpp.model-qwen3.5-9b.alpha4.0.steps100.blocks-1.prefetch-budget-20.rank-accept_first.cut-entropy4.0.samples20.maxnew1024.seed10086.subtreePrefetch.vllm.log,24,5,52,0.4727831675507034
/Users/jiangnanhugo/workspace/power-sharpening/Subtree-Prefetching-Power-Sharpening/case_studies/logs-entropycut/mbpp/2026-09-21/vllm/dataset-mbpp.model-qwen3.5-9b.alpha4.0.steps100.blocks-1.prefetch-budget-20.rank-accept_first.cut-entropy4.0.samples20.maxnew1024.seed10086.subtreePrefetch.vllm.log,24,6,9,0.02162766376179716
/Users/jiangnanhugo/workspace/power-sharpening/Subtree-Prefetching-Power-Sharpening/case_studies/logs-entropycut/mbpp/2026-09-21/vllm/dataset-mbpp.model-qwen3.5-9b.alpha4.0.steps100.blocks-1.prefetch-budget-20.rank-accept_first.cut-entropy4.0.samples20.maxnew1024.seed10086.subtreePrefetch.vllm.log,24,7,52,0.4727831675507034
/Users/jiangnanhugo/workspace/power-sharpening/Subtree-Prefetching-Power-Sharpening/case_studies/logs-entropycut/mbpp/2026-09-21/vllm/dataset-mbpp.model-qwen3.5-9b.alpha4.0.steps100.blocks-1.prefetch-budget-20.rank-accept_first.cut-entropy4.0.samples20.maxnew1024.seed10086.subtreePrefetch.vllm.log,24,8,52,0.4727831675507034
/Users/jiangnanhugo/workspace/power-sharpening/Subtree-Prefetching-Power-Sharpening/case_studies/logs-entropycut/mbpp/2026-09-21/vllm/dataset-mbpp.model-qwen3.5-9b.alpha4.0.steps100.blocks-1.prefetch-budget-20.rank-accept_first.cut-entropy4.0.samples20.maxnew1024.seed10086.subtreePrefetch.vllm.log,24,9,52,0.4727831675507034
/Users/jiangnanhugo/workspace/power-sharpening/Subtree-Prefetching-Power-Sharpening/case_studies/logs-entropycut/mbpp/2026-09-21/vllm/dataset-mbpp.model-qwen3.5-9b.alpha4.0.steps100.blocks-1.prefetch-budget-20.rank-accept_first.cut-entropy4.0.samples20.maxnew1024.seed10086.subtreePrefetch.vllm.log,24,10,52,0.4727831675507034
/Users/jiangnanhugo/workspace/power-sharpening/Subtree-Prefetching-Power-Sharpening/case_studies/logs-entropycut/mbpp/2026-09-21/vllm/dataset-mbpp.model-qwen3.5-9b.alpha4.0.steps100.blocks-1.prefetch-budget-20.rank-accept_first.cut-entropy4.0.samples20.maxnew1024.seed10086.subtreePrefetch.vllm.log,24,11,52,0.4727831675507034
/Users/jiangnanhugo/workspace/power-sharpening/Subtree-Prefetching-Power-Sharpening/case_studies/logs-entropycut/mbpp/2026-09-21/vllm/dataset-mbpp.model-qwen3.5-9b.alpha4.0.steps100.blocks-1.prefetch-budget-20.rank-accept_first.cut-entropy4.0.samples20.maxnew1024.seed10086.subtreePrefetch.vllm.log,24,12,52,0.4727831675507034
/Users/jiangnanhugo/workspace/power-sharpening/Subtree-Prefetching-Power-Sharpening/case_studies/logs-entropycut/mbpp/2026-09-21/vllm/dataset-mbpp.model-qwen3.5-9b.alpha4.0.steps100.blocks-1.prefetch-budget-20.rank-accept_first.cut-entropy4.0.samples20.maxnew1024.seed10086.subtreePrefetch.vllm.log,24,13,52,0.4727831675507034
/Users/jiangnanhugo/workspace/power-sharpening/Subtree-Prefetching-Power-Sharpening/case_studies/logs-entropycut/mbpp/2026-09-21/vllm/dataset-mbpp.model-qwen3.5-9b.alpha4.0.steps100.blocks-1.prefetch-budget-20.rank-accept_first.cut-entropy4.0.samples20.maxnew1024.seed10086.subtreePrefetch.vllm.log,24,14,52,0.4727831675507034
/Users/jiangnanhugo/workspace/power-sharpening/Subtree-Prefetching-Power-Sharpening/case_studies/logs-entropycut/mbpp/2026-09-21/vllm/dataset-mbpp.model-qwen3.5-9b.alpha4.0.steps100.blocks-1.prefetch-budget-20.rank-accept_first.cut-entropy4.0.samples20.maxnew1024.seed10086.subtreePrefetch.vllm.log,24,15,52,0.4727831675507034
/Users/jiangnanhugo/workspace/power-sharpening/Subtree-Prefetching-Power-Sharpening/case_studies/logs-entropycut/mbpp/2026-09-21/vllm/dataset-mbpp.model-qwen3.5-9b.alpha4.0.steps100.blocks-1.prefetch-budget-20.rank-accept_first.cut-entropy4.0.samples20.maxnew1024.seed10086.subtreePrefetch.vllm.log,24,16,685,0.17773156573761129
/Users/jiangnanhugo/workspace/power-sharpening/Subtree-Prefetching-Power-Sharpening/case_studies/logs-entropycut/mbpp/2026-09-21/vllm/dataset-mbpp.model-qwen3.5-9b.alpha4.0.steps100.blocks-1.prefetch-budget-20.rank-accept_first.cut-entropy4.0.samples20.maxnew1024.seed10086.subtreePrefetch.vllm.log,24,17,52,0.4727831675507034
/Users/jiangnanhugo/workspace/power-sharpening/Subtree-Prefetching-Power-Sharpening/case_studies/logs-entropycut/mbpp/2026-09-21/vllm/dataset-mbpp.model-qwen3.5-9b.alpha4.0.steps100.blocks-1.prefetch-budget-20.rank-accept_first.cut-entropy4.0.samples20.maxnew1024.seed10086.subtreePrefetch.vllm.log,24,18,52,0.4727831675507034
/Users/jiangnanhugo/workspace/power-sharpening/Subtree-Prefetching-Power-Sharpening/case_studies/logs-entropycut/mbpp/2026-09-21/vllm/dataset-mbpp.model-qwen3.5-9b.alpha4.0.steps100.blocks-1.prefetch-budget-20.rank-accept_first.cut-entropy4.0.samples20.maxnew1024.seed10086.subtreePrefetch.vllm.log,24,19,52,0.4727831675507034
/Users/jiangnanhugo/workspace/power-sharpening/Subtree-Prefetching-Power-Sharpening/case_studies/logs-entropycut/mbpp/2026-09-21/vllm/dataset-mbpp.model-qwen3.5-9b.alpha4.0.steps100.blocks-1.prefetch-budget-20.rank-accept_first.cut-entropy4.0.samples20.maxnew1024.seed10086.subtreePrefetch.vllm.log,25,0,52,0.4727831675507034
/Users/jiangnanhugo/workspace/power-sharpening/Subtree-Prefetching-Power-Sharpening/case_studies/logs-entropycut/mbpp/2026-09-21/vllm/dataset-mbpp.model-qwen3.5-9b.alpha4.0.steps100.blocks-1.prefetch-budget-20.rank-accept_first.cut-entropy4.0.samples20.maxnew1024.seed10086.subtreePrefetch.vllm.log,25,1,330,0.07109792487436047
/Users/jiangnanhugo/workspace/power-sharpening/Subtree-Prefetching-Power-Sharpening/case_studies/logs-entropycut/mbpp/2026-09-21/vllm/dataset-mbpp.model-qwen3.5-9b.alpha4.0.steps100.blocks-1.prefetch-budget-20.rank-accept_first.cut-entropy4.0.samples20.maxnew1024.seed10086.subtreePrefetch.vllm.log,25,2,52,0.4727831675507034
/Users/jiangnanhugo/workspace/power-sharpening/Subtree-Prefetching-Power-Sharpening/case_studies/logs-entropycut/mbpp/2026-09-21/vllm/dataset-mbpp.model-qwen3.5-9b.alpha4.0.steps100.blocks-1.prefetch-budget-20.rank-accept_first.cut-entropy4.0.samples20.maxnew1024.seed10086.subtreePrefetch.vllm.log,25,3,52,0.4727831675507034
/Users/jiangnanhugo/workspace/power-sharpening/Subtree-Prefetching-Power-Sharpening/case_studies/logs-entropycut/mbpp/2026-09-21/vllm/dataset-mbpp.model-qwen3.5-9b.alpha4.0.steps100.blocks-1.prefetch-budget-20.rank-accept_first.cut-entropy4.0.samples20.maxnew1024.seed10086.subtreePrefetch.vllm.log,25,4,52,0.4727831675507034
/Users/jiangnanhugo/workspace/power-sharpening/Subtree-Prefetching-Power-Sharpening/case_studies/logs-entropycut/mbpp/2026-09-21/vllm/dataset-mbpp.model-qwen3.5-9b.alpha4.0.steps100.blocks-1.prefetch-budget-20.rank-accept_first.cut-entropy4.0.samples20.maxnew1024.seed10086.subtreePrefetch.vllm.log,25,5,52,0.4727831675507034
/Users/jiangnanhugo/workspace/power-sharpening/Subtree-Prefetching-Power-Sharpening/case_studies/logs-entropycut/mbpp/2026-09-21/vllm/dataset-mbpp.model-qwen3.5-9b.alpha4.0.steps100.blocks-1.prefetch-budget-20.rank-accept_first.cut-entropy4.0.samples20.maxnew1024.seed10086.subtreePrefetch.vllm.log,25,6,52,0.4727831675507034
/Users/jiangnanhugo/workspace/power-sharpening/Subtree-Prefetching-Power-Sharpening/case_studies/logs-entropycut/mbpp/2026-09-21/vllm/dataset-mbpp.model-qwen3.5-9b.alpha4.0.steps100.blocks-1.prefetch-budget-20.rank-accept_first.cut-entropy4.0.samples20.maxnew1024.seed10086.subtreePrefetch.vllm.log,25,7,52,0.4727831675507034
/Users/jiangnanhugo/workspace/power-sharpening/Subtree-Prefetching-Power-Sharpening/case_studies/logs-entropycut/mbpp/2026-09-21/vllm/dataset-mbpp.model-qwen3.5-9b.alpha4.0.steps100.blocks-1.prefetch-budget-20.rank-accept_first.cut-entropy4.0.samples20.maxnew1024.seed10086.subtreePrefetch.vllm.log,25,8,52,0.4727831675507034
/Users/jiangnanhugo/workspace/power-sharpening/Subtree-Prefetching-Power-Sharpening/case_studies/logs-entropycut/mbpp/2026-09-21/vllm/dataset-mbpp.model-qwen3.5-9b.alpha4.0.steps100.blocks-1.prefetch-budget-20.rank-accept_first.cut-entropy4.0.samples20.maxnew1024.seed10086.subtreePrefetch.vllm.log,25,9,52,0.4727831675507034
/Users/jiangnanhugo/workspace/power-sharpening/Subtree-Prefetching-Power-Sharpening/case_studies/logs-entropycut/mbpp/2026-09-21/vllm/dataset-mbpp.model-qwen3.5-9b.alpha4.0.steps100.blocks-1.prefetch-budget-20.rank-accept_first.cut-entropy4.0.samples20.maxnew1024.seed10086.subtreePrefetch.vllm.log,25,10,330,0.07109792487436047
/Users/jiangnanhugo/workspace/power-sharpening/Subtree-Prefetching-Power-Sharpening/case_studies/logs-entropycut/mbpp/2026-09-21/vllm/dataset-mbpp.model-qwen3.5-9b.alpha4.0.steps100.blocks-1.prefetch-budget-20.rank-accept_first.cut-entropy4.0.samples20.maxnew1024.seed10086.subtreePrefetch.vllm.log,25,11,52,0.4727831675507034
/Users/jiangnanhugo/workspace/power-sharpening/Subtree-Prefetching-Power-Sharpening/case_studies/logs-entropycut/mbpp/2026-09-21/vllm/dataset-mbpp.model-qwen3.5-9b.alpha4.0.steps100.blocks-1.prefetch-budget-20.rank-accept_first.cut-entropy4.0.samples20.maxnew1024.seed10086.subtreePrefetch.vllm.log,25,12,52,0.4727831675507034
/Users/jiangnanhugo/workspace/power-sharpening/Subtree-Prefetching-Power-Sharpening/case_studies/logs-entropycut/mbpp/2026-09-21/vllm/dataset-mbpp.model-qwen3.5-9b.alpha4.0.steps100.blocks-1.prefetch-budget-20.rank-accept_first.cut-entropy4.0.samples20.maxnew1024.seed10086.subtreePrefetch.vllm.log,25,13,52,0.4727831675507034
/Users/jiangnanhugo/workspace/power-sharpening/Subtree-Prefetching-Power-Sharpening/case_studies/logs-entropycut/mbpp/2026-09-21/vllm/dataset-mbpp.model-qwen3.5-9b.alpha4.0.steps100.blocks-1.prefetch-budget-20.rank-accept_first.cut-entropy4.0.samples20.maxnew1024.seed10086.subtreePrefetch.vllm.log,25,14,52,0.4727831675507034
/Users/jiangnanhugo/workspace/power-sharpening/Subtree-Prefetching-Power-Sharpening/case_studies/logs-entropycut/mbpp/2026-09-21/vllm/dataset-mbpp.model-qwen3.5-9b.alpha4.0.steps100.blocks-1.prefetch-budget-20.rank-accept_first.cut-entropy4.0.samples20.maxnew1024.seed10086.subtreePrefetch.vllm.log,25,15,52,0.4727831675507034
/Users/jiangnanhugo/workspace/power-sharpening/Subtree-Prefetching-Power-Sharpening/case_studies/logs-entropycut/mbpp/2026-09-21/vllm/dataset-mbpp.model-qwen3.5-9b.alpha4.0.steps100.blocks-1.prefetch-budget-20.rank-accept_first.cut-entropy4.0.samples20.maxnew1024.seed10086.subtreePrefetch.vllm.log,25,16,9,0.02162766376179716
/Users/jiangnanhugo/workspace/power-sharpening/Subtree-Prefetching-Power-Sharpening/case_studies/logs-entropycut/mbpp/2026-09-21/vllm/dataset-mbpp.model-qwen3.5-9b.alpha4.0.steps100.blocks-1.prefetch-budget-20.rank-accept_first.cut-entropy4.0.samples20.maxnew1024.seed10086.subtreePrefetch.vllm.log,25,17,52,0.4727831675507034
/Users/jiangnanhugo/workspace/power-sharpening/Subtree-Prefetching-Power-Sharpening/case_studies/logs-entropycut/mbpp/2026-09-21/vllm/dataset-mbpp.model-qwen3.5-9b.alpha4.0.steps100.blocks-1.prefetch-budget-20.rank-accept_first.cut-entropy4.0.samples20.maxnew1024.seed10086.subtreePrefetch.vllm.log,25,18,52,0.4727831675507034
/Users/jiangnanhugo/workspace/power-sharpening/Subtree-Prefetching-Power-Sharpening/case_studies/logs-entropycut/mbpp/2026-09-21/vllm/dataset-mbpp.model-qwen3.5-9b.alpha4.0.steps100.blocks-1.prefetch-budget-20.rank-accept_first.cut-entropy4.0.samples20.maxnew1024.seed10086.subtreePrefetch.vllm.log,25,19,52,0.4727831675507034
/Users/jiangnanhugo/workspace/power-sharpening/Subtree-Prefetching-Power-Sharpening/case_studies/logs-entropycut/mbpp/2026-09-21/vllm/dataset-mbpp.model-qwen3.5-9b.alpha4.0.steps100.blocks-1.prefetch-budget-20.rank-accept_first.cut-entropy4.0.samples20.maxnew1024.seed10086.subtreePrefetch.vllm.log,26,0,59,0.050795395834638386
/Users/jiangnanhugo/workspace/power-sharpening/Subtree-Prefetching-Power-Sharpening/case_studies/logs-entropycut/mbpp/2026-09-21/vllm/dataset-mbpp.model-qwen3.5-9b.alpha4.0.steps100.blocks-1.prefetch-budget-20.rank-accept_first.cut-entropy4.0.samples20.maxnew1024.seed10086.subtreePrefetch.vllm.log,26,1,52,0.4727831675507034
/Users/jiangnanhugo/workspace/power-sharpening/Subtree-Prefetching-Power-Sharpening/case_studies/logs-entropycut/mbpp/2026-09-21/vllm/dataset-mbpp.model-qwen3.5-9b.alpha4.0.steps100.blocks-1.prefetch-budget-20.rank-accept_first.cut-entropy4.0.samples20.maxnew1024.seed10086.subtreePrefetch.vllm.log,26,2,1012,0.014158021874678905
/Users/jiangnanhugo/workspace/power-sharpening/Subtree-Prefetching-Power-Sharpening/case_studies/logs-entropycut/mbpp/2026-09-21/vllm/dataset-mbpp.model-qwen3.5-9b.alpha4.0.steps100.blocks-1.prefetch-budget-20.rank-accept_first.cut-entropy4.0.samples20.maxnew1024.seed10086.subtreePrefetch.vllm.log,26,3,685,0.17773156573761129
/Users/jiangnanhugo/workspace/power-sharpening/Subtree-Prefetching-Power-Sharpening/case_studies/logs-entropycut/mbpp/2026-09-21/vllm/dataset-mbpp.model-qwen3.5-9b.alpha4.0.steps100.blocks-1.prefetch-budget-20.rank-accept_first.cut-entropy4.0.samples20.maxnew1024.seed10086.subtreePrefetch.vllm.log,26,4,52,0.4727831675507034
/Users/jiangnanhugo/workspace/power-sharpening/Subtree-Prefetching-Power-Sharpening/case_studies/logs-entropycut/mbpp/2026-09-21/vllm/dataset-mbpp.model-qwen3.5-9b.alpha4.0.steps100.blocks-1.prefetch-budget-20.rank-accept_first.cut-entropy4.0.samples20.maxnew1024.seed10086.subtreePrefetch.vllm.log,26,5,52,0.4727831675507034
/Users/jiangnanhugo/workspace/power-sharpening/Subtree-Prefetching-Power-Sharpening/case_studies/logs-entropycut/mbpp/2026-09-21/vllm/dataset-mbpp.model-qwen3.5-9b.alpha4.0.steps100.blocks-1.prefetch-budget-20.rank-accept_first.cut-entropy4.0.samples20.maxnew1024.seed10086.subtreePrefetch.vllm.log,26,6,52,0.4727831675507034
/Users/jiangnanhugo/workspace/power-sharpening/Subtree-Prefetching-Power-Sharpening/case_studies/logs-entropycut/mbpp/2026-09-21/vllm/dataset-mbpp.model-qwen3.5-9b.alpha4.0.steps100.blocks-1.prefetch-budget-20.rank-accept_first.cut-entropy4.0.samples20.maxnew1024.seed10086.subtreePrefetch.vllm.log,26,7,52,0.4727831675507034
/Users/jiangnanhugo/workspace/power-sharpening/Subtree-Prefetching-Power-Sharpening/case_studies/logs-entropycut/mbpp/2026-09-21/vllm/dataset-mbpp.model-qwen3.5-9b.alpha4.0.steps100.blocks-1.prefetch-budget-20.rank-accept_first.cut-entropy4.0.samples20.maxnew1024.seed10086.subtreePrefetch.vllm.log,26,8,52,0.4727831675507034
/Users/jiangnanhugo/workspace/power-sharpening/Subtree-Prefetching-Power-Sharpening/case_studies/logs-entropycut/mbpp/2026-09-21/vllm/dataset-mbpp.model-qwen3.5-9b.alpha4.0.steps100.blocks-1.prefetch-budget-20.rank-accept_first.cut-entropy4.0.samples20.maxnew1024.seed10086.subtreePrefetch.vllm.log,26,9,330,0.07109792487436047
/Users/jiangnanhugo/workspace/power-sharpening/Subtree-Prefetching-Power-Sharpening/case_studies/logs-entropycut/mbpp/2026-09-21/vllm/dataset-mbpp.model-qwen3.5-9b.alpha4.0.steps100.blocks-1.prefetch-budget-20.rank-accept_first.cut-entropy4.0.samples20.maxnew1024.seed10086.subtreePrefetch.vllm.log,26,10,52,0.4727831675507034
/Users/jiangnanhugo/workspace/power-sharpening/Subtree-Prefetching-Power-Sharpening/case_studies/logs-entropycut/mbpp/2026-09-21/vllm/dataset-mbpp.model-qwen3.5-9b.alpha4.0.steps100.blocks-1.prefetch-budget-20.rank-accept_first.cut-entropy4.0.samples20.maxnew1024.seed10086.subtreePrefetch.vllm.log,26,11,52,0.4727831675507034
/Users/jiangnanhugo/workspace/power-sharpening/Subtree-Prefetching-Power-Sharpening/case_studies/logs-entropycut/mbpp/2026-09-21/vllm/dataset-mbpp.model-qwen3.5-9b.alpha4.0.steps100.blocks-1.prefetch-budget-20.rank-accept_first.cut-entropy4.0.samples20.maxnew1024.seed10086.subtreePrefetch.vllm.log,26,12,52,0.4727831675507034
/Users/jiangnanhugo/workspace/power-sharpening/Subtree-Prefetching-Power-Sharpening/case_studies/logs-entropycut/mbpp/2026-09-21/vllm/dataset-mbpp.model-qwen3.5-9b.alpha4.0.steps100.blocks-1.prefetch-budget-20.rank-accept_first.cut-entropy4.0.samples20.maxnew1024.seed10086.subtreePrefetch.vllm.log,26,13,52,0.4727831675507034
/Users/jiangnanhugo/workspace/power-sharpening/Subtree-Prefetching-Power-Sharpening/case_studies/logs-entropycut/mbpp/2026-09-21/vllm/dataset-mbpp.model-qwen3.5-9b.alpha4.0.steps100.blocks-1.prefetch-budget-20.rank-accept_first.cut-entropy4.0.samples20.maxnew1024.seed10086.subtreePrefetch.vllm.log,26,14,52,0.4727831675507034
/Users/jiangnanhugo/workspace/power-sharpening/Subtree-Prefetching-Power-Sharpening/case_studies/logs-entropycut/mbpp/2026-09-21/vllm/dataset-mbpp.model-qwen3.5-9b.alpha4.0.steps100.blocks-1.prefetch-budget-20.rank-accept_first.cut-entropy4.0.samples20.maxnew1024.seed10086.subtreePrefetch.vllm.log,26,15,52,0.4727831675507034
/Users/jiangnanhugo/workspace/power-sharpening/Subtree-Prefetching-Power-Sharpening/case_studies/logs-entropycut/mbpp/2026-09-21/vllm/dataset-mbpp.model-qwen3.5-9b.alpha4.0.steps100.blocks-1.prefetch-budget-20.rank-accept_first.cut-entropy4.0.samples20.maxnew1024.seed10086.subtreePrefetch.vllm.log,26,16,52,0.4727831675507034
/Users/jiangnanhugo/workspace/power-sharpening/Subtree-Prefetching-Power-Sharpening/case_studies/logs-entropycut/mbpp/2026-09-21/vllm/dataset-mbpp.model-qwen3.5-9b.alpha4.0.steps100.blocks-1.prefetch-budget-20.rank-accept_first.cut-entropy4.0.samples20.maxnew1024.seed10086.subtreePrefetch.vllm.log,26,17,406,0.07745954157911508
/Users/jiangnanhugo/workspace/power-sharpening/Subtree-Prefetching-Power-Sharpening/case_studies/logs-entropycut/mbpp/2026-09-21/vllm/dataset-mbpp.model-qwen3.5-9b.alpha4.0.steps100.blocks-1.prefetch-budget-20.rank-accept_first.cut-entropy4.0.samples20.maxnew1024.seed10086.subtreePrefetch.vllm.log,26,18,52,0.4727831675507034
/Users/jiangnanhugo/workspace/power-sharpening/Subtree-Prefetching-Power-Sharpening/case_studies/logs-entropycut/mbpp/2026-09-21/vllm/dataset-mbpp.model-qwen3.5-9b.alpha4.0.steps100.blocks-1.prefetch-budget-20.rank-accept_first.cut-entropy4.0.samples20.maxnew1024.seed10086.subtreePrefetch.vllm.log,26,19,556,0.0031616164339868386
/Users/jiangnanhugo/workspace/power-sharpening/Subtree-Prefetching-Power-Sharpening/case_studies/logs-entropycut/mbpp/2026-09-21/vllm/dataset-mbpp.model-qwen3.5-9b.alpha4.0.steps100.blocks-1.prefetch-budget-20.rank-accept_first.cut-entropy4.0.samples20.maxnew1024.seed10086.subtreePrefetch.vllm.log,27,0,52,0.4738142626188498
/Users/jiangnanhugo/workspace/power-sharpening/Subtree-Prefetching-Power-Sharpening/case_studies/logs-entropycut/mbpp/2026-09-21/vllm/dataset-mbpp.model-qwen3.5-9b.alpha4.0.steps100.blocks-1.prefetch-budget-20.rank-accept_first.cut-entropy4.0.samples20.maxnew1024.seed10086.subtreePrefetch.vllm.log,27,1,685,0.17811918135818294
/Users/jiangnanhugo/workspace/power-sharpening/Subtree-Prefetching-Power-Sharpening/case_studies/logs-entropycut/mbpp/2026-09-21/vllm/dataset-mbpp.model-qwen3.5-9b.alpha4.0.steps100.blocks-1.prefetch-budget-20.rank-accept_first.cut-entropy4.0.samples20.maxnew1024.seed10086.subtreePrefetch.vllm.log,28,0,36,0.09541601328371148
/Users/jiangnanhugo/workspace/power-sharpening/Subtree-Prefetching-Power-Sharpening/case_studies/logs-entropycut/mbpp/2026-09-21/vllm/dataset-mbpp.model-qwen3.5-9b.alpha4.0.steps100.blocks-1.prefetch-budget-20.rank-accept_first.cut-entropy4.0.samples20.maxnew1024.seed10086.subtreePrefetch.vllm.log,28,1,36,0.09541601328371148
/Users/jiangnanhugo/workspace/power-sharpening/Subtree-Prefetching-Power-Sharpening/case_studies/logs-entropycut/mbpp/2026-09-21/vllm/dataset-mbpp.model-qwen3.5-9b.alpha4.0.steps100.blocks-1.prefetch-budget-20.rank-accept_first.cut-entropy4.0.samples20.maxnew1024.seed10086.subtreePrefetch.vllm.log,28,2,26,0.08589562964777513
/Users/jiangnanhugo/workspace/power-sharpening/Subtree-Prefetching-Power-Sharpening/case_studies/logs-entropycut/mbpp/2026-09-21/vllm/dataset-mbpp.model-qwen3.5-9b.alpha4.0.steps100.blocks-1.prefetch-budget-20.rank-accept_first.cut-entropy4.0.samples20.maxnew1024.seed10086.subtreePrefetch.vllm.log,28,3,684,0.0027746353634406514
/Users/jiangnanhugo/workspace/power-sharpening/Subtree-Prefetching-Power-Sharpening/case_studies/logs-entropycut/mbpp/2026-09-21/vllm/dataset-mbpp.model-qwen3.5-9b.alpha4.0.steps100.blocks-1.prefetch-budget-20.rank-accept_first.cut-entropy4.0.samples20.maxnew1024.seed10086.subtreePrefetch.vllm.log,28,4,362,0.08186179951578072
/Users/jiangnanhugo/workspace/power-sharpening/Subtree-Prefetching-Power-Sharpening/case_studies/logs-entropycut/mbpp/2026-09-21/vllm/dataset-mbpp.model-qwen3.5-9b.alpha4.0.steps100.blocks-1.prefetch-budget-20.rank-accept_first.cut-entropy4.0.samples20.maxnew1024.seed10086.subtreePrefetch.vllm.log,28,5,362,0.08186179951578072
/Users/jiangnanhugo/workspace/power-sharpening/Subtree-Prefetching-Power-Sharpening/case_studies/logs-entropycut/mbpp/2026-09-21/vllm/dataset-mbpp.model-qwen3.5-9b.alpha4.0.steps100.blocks-1.prefetch-budget-20.rank-accept_first.cut-entropy4.0.samples20.maxnew1024.seed10086.subtreePrefetch.vllm.log,28,6,165,0.005652208091718309
/Users/jiangnanhugo/workspace/power-sharpening/Subtree-Prefetching-Power-Sharpening/case_studies/logs-entropycut/mbpp/2026-09-21/vllm/dataset-mbpp.model-qwen3.5-9b.alpha4.0.steps100.blocks-1.prefetch-budget-20.rank-accept_first.cut-entropy4.0.samples20.maxnew1024.seed10086.subtreePrefetch.vllm.log,28,7,33,0.04557565460902895
/Users/jiangnanhugo/workspace/power-sharpening/Subtree-Prefetching-Power-Sharpening/case_studies/logs-entropycut/mbpp/2026-09-21/vllm/dataset-mbpp.model-qwen3.5-9b.alpha4.0.steps100.blocks-1.prefetch-budget-20.rank-accept_first.cut-entropy4.0.samples20.maxnew1024.seed10086.subtreePrefetch.vllm.log,28,8,26,0.08589562964777513
/Users/jiangnanhugo/workspace/power-sharpening/Subtree-Prefetching-Power-Sharpening/case_studies/logs-entropycut/mbpp/2026-09-21/vllm/dataset-mbpp.model-qwen3.5-9b.alpha4.0.steps100.blocks-1.prefetch-budget-20.rank-accept_first.cut-entropy4.0.samples20.maxnew1024.seed10086.subtreePrefetch.vllm.log,28,9,33,0.04557565460902895
/Users/jiangnanhugo/workspace/power-sharpening/Subtree-Prefetching-Power-Sharpening/case_studies/logs-entropycut/mbpp/2026-09-21/vllm/dataset-mbpp.model-qwen3.5-9b.alpha4.0.steps100.blocks-1.prefetch-budget-20.rank-accept_first.cut-entropy4.0.samples20.maxnew1024.seed10086.subtreePrefetch.vllm.log,28,10,36,0.09541601328371148
/Users/jiangnanhugo/workspace/power-sharpening/Subtree-Prefetching-Power-Sharpening/case_studies/logs-entropycut/mbpp/2026-09-21/vllm/dataset-mbpp.model-qwen3.5-9b.alpha4.0.steps100.blocks-1.prefetch-budget-20.rank-accept_first.cut-entropy4.0.samples20.maxnew1024.seed10086.subtreePrefetch.vllm.log,28,11,33,0.04557565460902895
/Users/jiangnanhugo/workspace/power-sharpening/Subtree-Prefetching-Power-Sharpening/case_studies/logs-entropycut/mbpp/2026-09-21/vllm/dataset-mbpp.model-qwen3.5-9b.alpha4.0.steps100.blocks-1.prefetch-budget-20.rank-accept_first.cut-entropy4.0.samples20.maxnew1024.seed10086.subtreePrefetch.vllm.log,28,12,321,0.08249404957015886
/Users/jiangnanhugo/workspace/power-sharpening/Subtree-Prefetching-Power-Sharpening/case_studies/logs-entropycut/mbpp/2026-09-21/vllm/dataset-mbpp.model-qwen3.5-9b.alpha4.0.steps100.blocks-1.prefetch-budget-20.rank-accept_first.cut-entropy4.0.samples20.maxnew1024.seed10086.subtreePrefetch.vllm.log,28,13,33,0.04557565460902895
/Users/jiangnanhugo/workspace/power-sharpening/Subtree-Prefetching-Power-Sharpening/case_studies/logs-entropycut/mbpp/2026-09-21/vllm/dataset-mbpp.model-qwen3.5-9b.alpha4.0.steps100.blocks-1.prefetch-budget-20.rank-accept_first.cut-entropy4.0.samples20.maxnew1024.seed10086.subtreePrefetch.vllm.log,28,14,36,0.09541601328371148
/Users/jiangnanhugo/workspace/power-sharpening/Subtree-Prefetching-Power-Sharpening/case_studies/logs-entropycut/mbpp/2026-09-21/vllm/dataset-mbpp.model-qwen3.5-9b.alpha4.0.steps100.blocks-1.prefetch-budget-20.rank-accept_first.cut-entropy4.0.samples20.maxnew1024.seed10086.subtreePrefetch.vllm.log,28,15,26,0.08589562964777513
/Users/jiangnanhugo/workspace/power-sharpening/Subtree-Prefetching-Power-Sharpening/case_studies/logs-entropycut/mbpp/2026-09-21/vllm/dataset-mbpp.model-qwen3.5-9b.alpha4.0.steps100.blocks-1.prefetch-budget-20.rank-accept_first.cut-entropy4.0.samples20.maxnew1024.seed10086.subtreePrefetch.vllm.log,28,16,165,0.005652208091718309
/Users/jiangnanhugo/workspace/power-sharpening/Subtree-Prefetching-Power-Sharpening/case_studies/logs-entropycut/mbpp/2026-09-21/vllm/dataset-mbpp.model-qwen3.5-9b.alpha4.0.steps100.blocks-1.prefetch-budget-20.rank-accept_first.cut-entropy4.0.samples20.maxnew1024.seed10086.subtreePrefetch.vllm.log,28,17,69,0.03355670420796873
/Users/jiangnanhugo/workspace/power-sharpening/Subtree-Prefetching-Power-Sharpening/case_studies/logs-entropycut/mbpp/2026-09-21/vllm/dataset-mbpp.model-qwen3.5-9b.alpha4.0.steps100.blocks-1.prefetch-budget-20.rank-accept_first.cut-entropy4.0.samples20.maxnew1024.seed10086.subtreePrefetch.vllm.log,28,18,141,0.032188184174528144
/Users/jiangnanhugo/workspace/power-sharpening/Subtree-Prefetching-Power-Sharpening/case_studies/logs-entropycut/mbpp/2026-09-21/vllm/dataset-mbpp.model-qwen3.5-9b.alpha4.0.steps100.blocks-1.prefetch-budget-20.rank-accept_first.cut-entropy4.0.samples20.maxnew1024.seed10086.subtreePrefetch.vllm.log,28,19,33,0.04557565460902895
/Users/jiangnanhugo/workspace/power-sharpening/Subtree-Prefetching-Power-Sharpening/case_studies/logs-entropycut/mbpp/2026-09-21/vllm/dataset-mbpp.model-qwen3.5-9b.alpha4.0.steps100.blocks-1.prefetch-budget-20.rank-accept_first.cut-entropy4.0.samples20.maxnew1024.seed10086.subtreePrefetch.vllm.log,29,0,594,0.3758255021758676
/Users/jiangnanhugo/workspace/power-sharpening/Subtree-Prefetching-Power-Sharpening/case_studies/logs-entropycut/mbpp/2026-09-21/vllm/dataset-mbpp.model-qwen3.5-9b.alpha4.0.steps100.blocks-1.prefetch-budget-20.rank-accept_first.cut-entropy4.0.samples20.maxnew1024.seed10086.subtreePrefetch.vllm.log,29,1,69,0.01892025938391021
/Users/jiangnanhugo/workspace/power-sharpening/Subtree-Prefetching-Power-Sharpening/case_studies/logs-entropycut/mbpp/2026-09-21/vllm/dataset-mbpp.model-qwen3.5-9b.alpha4.0.steps100.blocks-1.prefetch-budget-20.rank-accept_first.cut-entropy4.0.samples20.maxnew1024.seed10086.subtreePrefetch.vllm.log,29,2,36,0.05379836200593677
/Users/jiangnanhugo/workspace/power-sharpening/Subtree-Prefetching-Power-Sharpening/case_studies/logs-entropycut/mbpp/2026-09-21/vllm/dataset-mbpp.model-qwen3.5-9b.alpha4.0.steps100.blocks-1.prefetch-budget-20.rank-accept_first.cut-entropy4.0.samples20.maxnew1024.seed10086.subtreePrefetch.vllm.log,29,3,594,0.3758255021758676
/Users/jiangnanhugo/workspace/power-sharpening/Subtree-Prefetching-Power-Sharpening/case_studies/logs-entropycut/mbpp/2026-09-21/vllm/dataset-mbpp.model-qwen3.5-9b.alpha4.0.steps100.blocks-1.prefetch-budget-20.rank-accept_first.cut-entropy4.0.samples20.maxnew1024.seed10086.subtreePrefetch.vllm.log,29,4,594,0.3758255021758676
/Users/jiangnanhugo/workspace/power-sharpening/Subtree-Prefetching-Power-Sharpening/case_studies/logs-entropycut/mbpp/2026-09-21/vllm/dataset-mbpp.model-qwen3.5-9b.alpha4.0.steps100.blocks-1.prefetch-budget-20.rank-accept_first.cut-entropy4.0.samples20.maxnew1024.seed10086.subtreePrefetch.vllm.log,29,5,44,0.0019410149615490698
/Users/jiangnanhugo/workspace/power-sharpening/Subtree-Prefetching-Power-Sharpening/case_studies/logs-entropycut/mbpp/2026-09-21/vllm/dataset-mbpp.model-qwen3.5-9b.alpha4.0.steps100.blocks-1.prefetch-budget-20.rank-accept_first.cut-entropy4.0.samples20.maxnew1024.seed10086.subtreePrefetch.vllm.log,29,6,594,0.3758255021758676
/Users/jiangnanhugo/workspace/power-sharpening/Subtree-Prefetching-Power-Sharpening/case_studies/logs-entropycut/mbpp/2026-09-21/vllm/dataset-mbpp.model-qwen3.5-9b.alpha4.0.steps100.blocks-1.prefetch-budget-20.rank-accept_first.cut-entropy4.0.samples20.maxnew1024.seed10086.subtreePrefetch.vllm.log,29,7,36,0.05379836200593677
/Users/jiangnanhugo/workspace/power-sharpening/Subtree-Prefetching-Power-Sharpening/case_studies/logs-entropycut/mbpp/2026-09-21/vllm/dataset-mbpp.model-qwen3.5-9b.alpha4.0.steps100.blocks-1.prefetch-budget-20.rank-accept_first.cut-entropy4.0.samples20.maxnew1024.seed10086.subtreePrefetch.vllm.log,29,8,594,0.3758255021758676
/Users/jiangnanhugo/workspace/power-sharpening/Subtree-Prefetching-Power-Sharpening/case_studies/logs-entropycut/mbpp/2026-09-21/vllm/dataset-mbpp.model-qwen3.5-9b.alpha4.0.steps100.blocks-1.prefetch-budget-20.rank-accept_first.cut-entropy4.0.samples20.maxnew1024.seed10086.subtreePrefetch.vllm.log,29,9,594,0.3758255021758676
/Users/jiangnanhugo/workspace/power-sharpening/Subtree-Prefetching-Power-Sharpening/case_studies/logs-entropycut/mbpp/2026-09-21/vllm/dataset-mbpp.model-qwen3.5-9b.alpha4.0.steps100.blocks-1.prefetch-budget-20.rank-accept_first.cut-entropy4.0.samples20.maxnew1024.seed10086.subtreePrefetch.vllm.log,29,10,26,0.04843048896602497
/Users/jiangnanhugo/workspace/power-sharpening/Subtree-Prefetching-Power-Sharpening/case_studies/logs-entropycut/mbpp/2026-09-21/vllm/dataset-mbpp.model-qwen3.5-9b.alpha4.0.steps100.blocks-1.prefetch-budget-20.rank-accept_first.cut-entropy4.0.samples20.maxnew1024.seed10086.subtreePrefetch.vllm.log,29,11,2,0.0002204903518319057
/Users/jiangnanhugo/workspace/power-sharpening/Subtree-Prefetching-Power-Sharpening/case_studies/logs-entropycut/mbpp/2026-09-21/vllm/dataset-mbpp.model-qwen3.5-9b.alpha4.0.steps100.blocks-1.prefetch-budget-20.rank-accept_first.cut-entropy4.0.samples20.maxnew1024.seed10086.subtreePrefetch.vllm.log,29,12,423,0.030159401179632363
/Users/jiangnanhugo/workspace/power-sharpening/Subtree-Prefetching-Power-Sharpening/case_studies/logs-entropycut/mbpp/2026-09-21/vllm/dataset-mbpp.model-qwen3.5-9b.alpha4.0.steps100.blocks-1.prefetch-budget-20.rank-accept_first.cut-entropy4.0.samples20.maxnew1024.seed10086.subtreePrefetch.vllm.log,29,13,594,0.3758255021758676
/Users/jiangnanhugo/workspace/power-sharpening/Subtree-Prefetching-Power-Sharpening/case_studies/logs-entropycut/mbpp/2026-09-21/vllm/dataset-mbpp.model-qwen3.5-9b.alpha4.0.steps100.blocks-1.prefetch-budget-20.rank-accept_first.cut-entropy4.0.samples20.maxnew1024.seed10086.subtreePrefetch.vllm.log,29,14,594,0.3758255021758676
/Users/jiangnanhugo/workspace/power-sharpening/Subtree-Prefetching-Power-Sharpening/case_studies/logs-entropycut/mbpp/2026-09-21/vllm/dataset-mbpp.model-qwen3.5-9b.alpha4.0.steps100.blocks-1.prefetch-budget-20.rank-accept_first.cut-entropy4.0.samples20.maxnew1024.seed10086.subtreePrefetch.vllm.log,29,15,400,0.01147915414240783
/Users/jiangnanhugo/workspace/power-sharpening/Subtree-Prefetching-Power-Sharpening/case_studies/logs-entropycut/mbpp/2026-09-21/vllm/dataset-mbpp.model-qwen3.5-9b.alpha4.0.steps100.blocks-1.prefetch-budget-20.rank-accept_first.cut-entropy4.0.samples20.maxnew1024.seed10086.subtreePrefetch.vllm.log,29,16,594,0.3758255021758676
/Users/jiangnanhugo/workspace/power-sharpening/Subtree-Prefetching-Power-Sharpening/case_studies/logs-entropycut/mbpp/2026-09-21/vllm/dataset-mbpp.model-qwen3.5-9b.alpha4.0.steps100.blocks-1.prefetch-budget-20.rank-accept_first.cut-entropy4.0.samples20.maxnew1024.seed10086.subtreePrefetch.vllm.log,29,17,36,0.05379836200593677
/Users/jiangnanhugo/workspace/power-sharpening/Subtree-Prefetching-Power-Sharpening/case_studies/logs-entropycut/mbpp/2026-09-21/vllm/dataset-mbpp.model-qwen3.5-9b.alpha4.0.steps100.blocks-1.prefetch-budget-20.rank-accept_first.cut-entropy4.0.samples20.maxnew1024.seed10086.subtreePrefetch.vllm.log,29,18,69,0.01892025938391021
/Users/jiangnanhugo/workspace/power-sharpening/Subtree-Prefetching-Power-Sharpening/case_studies/logs-entropycut/mbpp/2026-09-21/vllm/dataset-mbpp.model-qwen3.5-9b.alpha4.0.steps100.blocks-1.prefetch-budget-20.rank-accept_first.cut-entropy4.0.samples20.maxnew1024.seed10086.subtreePrefetch.vllm.log,29,19,36,0.05379836200593677
/Users/jiangnanhugo/workspace/power-sharpening/Subtree-Prefetching-Power-Sharpening/case_studies/logs-entropycut/mbpp/2026-09-21/vllm/dataset-mbpp.model-qwen3.5-9b.alpha4.0.steps100.blocks-1.prefetch-budget-20.rank-accept_first.cut-entropy4.0.samples20.maxnew1024.seed10086.subtreePrefetch.vllm.log,30,0,114,0.039182952942649785
/Users/jiangnanhugo/workspace/power-sharpening/Subtree-Prefetching-Power-Sharpening/case_studies/logs-entropycut/mbpp/2026-09-21/vllm/dataset-mbpp.model-qwen3.5-9b.alpha4.0.steps100.blocks-1.prefetch-budget-20.rank-accept_first.cut-entropy4.0.samples20.maxnew1024.seed10086.subtreePrefetch.vllm.log,30,1,36,0.049453797597482675
/Users/jiangnanhugo/workspace/power-sharpening/Subtree-Prefetching-Power-Sharpening/case_studies/logs-entropycut/mbpp/2026-09-21/vllm/dataset-mbpp.model-qwen3.5-9b.alpha4.0.steps100.blocks-1.prefetch-budget-20.rank-accept_first.cut-entropy4.0.samples20.maxnew1024.seed10086.subtreePrefetch.vllm.log,30,2,114,0.039182952942649785
/Users/jiangnanhugo/workspace/power-sharpening/Subtree-Prefetching-Power-Sharpening/case_studies/logs-entropycut/mbpp/2026-09-21/vllm/dataset-mbpp.model-qwen3.5-9b.alpha4.0.steps100.blocks-1.prefetch-budget-20.rank-accept_first.cut-entropy4.0.samples20.maxnew1024.seed10086.subtreePrefetch.vllm.log,30,3,36,0.049453797597482675
/Users/jiangnanhugo/workspace/power-sharpening/Subtree-Prefetching-Power-Sharpening/case_studies/logs-entropycut/mbpp/2026-09-21/vllm/dataset-mbpp.model-qwen3.5-9b.alpha4.0.steps100.blocks-1.prefetch-budget-20.rank-accept_first.cut-entropy4.0.samples20.maxnew1024.seed10086.subtreePrefetch.vllm.log,30,4,114,0.039182952942649785
/Users/jiangnanhugo/workspace/power-sharpening/Subtree-Prefetching-Power-Sharpening/case_studies/logs-entropycut/mbpp/2026-09-21/vllm/dataset-mbpp.model-qwen3.5-9b.alpha4.0.steps100.blocks-1.prefetch-budget-20.rank-accept_first.cut-entropy4.0.samples20.maxnew1024.seed10086.subtreePrefetch.vllm.log,30,5,429,0.26581581696752876
/Users/jiangnanhugo/workspace/power-sharpening/Subtree-Prefetching-Power-Sharpening/case_studies/logs-entropycut/mbpp/2026-09-21/vllm/dataset-mbpp.model-qwen3.5-9b.alpha4.0.steps100.blocks-1.prefetch-budget-20.rank-accept_first.cut-entropy4.0.samples20.maxnew1024.seed10086.subtreePrefetch.vllm.log,30,6,36,0.049453797597482675
/Users/jiangnanhugo/workspace/power-sharpening/Subtree-Prefetching-Power-Sharpening/case_studies/logs-entropycut/mbpp/2026-09-21/vllm/dataset-mbpp.model-qwen3.5-9b.alpha4.0.steps100.blocks-1.prefetch-budget-20.rank-accept_first.cut-entropy4.0.samples20.maxnew1024.seed10086.subtreePrefetch.vllm.log,30,7,33,0.023319283295829395
/Users/jiangnanhugo/workspace/power-sharpening/Subtree-Prefetching-Power-Sharpening/case_studies/logs-entropycut/mbpp/2026-09-21/vllm/dataset-mbpp.model-qwen3.5-9b.alpha4.0.steps100.blocks-1.prefetch-budget-20.rank-accept_first.cut-entropy4.0.samples20.maxnew1024.seed10086.subtreePrefetch.vllm.log,30,8,429,0.26581581696752876
/Users/jiangnanhugo/workspace/power-sharpening/Subtree-Prefetching-Power-Sharpening/case_studies/logs-entropycut/mbpp/2026-09-21/vllm/dataset-mbpp.model-qwen3.5-9b.alpha4.0.steps100.blocks-1.prefetch-budget-20.rank-accept_first.cut-entropy4.0.samples20.maxnew1024.seed10086.subtreePrefetch.vllm.log,30,9,26,0.04394944052505816
/Users/jiangnanhugo/workspace/power-sharpening/Subtree-Prefetching-Power-Sharpening/case_studies/logs-entropycut/mbpp/2026-09-21/vllm/dataset-mbpp.model-qwen3.5-9b.alpha4.0.steps100.blocks-1.prefetch-budget-20.rank-accept_first.cut-entropy4.0.samples20.maxnew1024.seed10086.subtreePrefetch.vllm.log,30,10,26,0.04394944052505816
/Users/jiangnanhugo/workspace/power-sharpening/Subtree-Prefetching-Power-Sharpening/case_studies/logs-entropycut/mbpp/2026-09-21/vllm/dataset-mbpp.model-qwen3.5-9b.alpha4.0.steps100.blocks-1.prefetch-budget-20.rank-accept_first.cut-entropy4.0.samples20.maxnew1024.seed10086.subtreePrefetch.vllm.log,30,11,339,0.06756060590861791
/Users/jiangnanhugo/workspace/power-sharpening/Subtree-Prefetching-Power-Sharpening/case_studies/logs-entropycut/mbpp/2026-09-21/vllm/dataset-mbpp.model-qwen3.5-9b.alpha4.0.steps100.blocks-1.prefetch-budget-20.rank-accept_first.cut-entropy4.0.samples20.maxnew1024.seed10086.subtreePrefetch.vllm.log,30,12,36,0.049453797597482675
/Users/jiangnanhugo/workspace/power-sharpening/Subtree-Prefetching-Power-Sharpening/case_studies/logs-entropycut/mbpp/2026-09-21/vllm/dataset-mbpp.model-qwen3.5-9b.alpha4.0.steps100.blocks-1.prefetch-budget-20.rank-accept_first.cut-entropy4.0.samples20.maxnew1024.seed10086.subtreePrefetch.vllm.log,30,13,41,0.03228721440053407
/Users/jiangnanhugo/workspace/power-sharpening/Subtree-Prefetching-Power-Sharpening/case_studies/logs-entropycut/mbpp/2026-09-21/vllm/dataset-mbpp.model-qwen3.5-9b.alpha4.0.steps100.blocks-1.prefetch-budget-20.rank-accept_first.cut-entropy4.0.samples20.maxnew1024.seed10086.subtreePrefetch.vllm.log,30,14,36,0.049453797597482675
/Users/jiangnanhugo/workspace/power-sharpening/Subtree-Prefetching-Power-Sharpening/case_studies/logs-entropycut/mbpp/2026-09-21/vllm/dataset-mbpp.model-qwen3.5-9b.alpha4.0.steps100.blocks-1.prefetch-budget-20.rank-accept_first.cut-entropy4.0.samples20.maxnew1024.seed10086.subtreePrefetch.vllm.log,30,15,36,0.049453797597482675
/Users/jiangnanhugo/workspace/power-sharpening/Subtree-Prefetching-Power-Sharpening/case_studies/logs-entropycut/mbpp/2026-09-21/vllm/dataset-mbpp.model-qwen3.5-9b.alpha4.0.steps100.blocks-1.prefetch-budget-20.rank-accept_first.cut-entropy4.0.samples20.maxnew1024.seed10086.subtreePrefetch.vllm.log,30,16,429,0.26581581696752876
/Users/jiangnanhugo/workspace/power-sharpening/Subtree-Prefetching-Power-Sharpening/case_studies/logs-entropycut/mbpp/2026-09-21/vllm/dataset-mbpp.model-qwen3.5-9b.alpha4.0.steps100.blocks-1.prefetch-budget-20.rank-accept_first.cut-entropy4.0.samples20.maxnew1024.seed10086.subtreePrefetch.vllm.log,30,17,26,0.04394944052505816
/Users/jiangnanhugo/workspace/power-sharpening/Subtree-Prefetching-Power-Sharpening/case_studies/logs-entropycut/mbpp/2026-09-21/vllm/dataset-mbpp.model-qwen3.5-9b.alpha4.0.steps100.blocks-1.prefetch-budget-20.rank-accept_first.cut-entropy4.0.samples20.maxnew1024.seed10086.subtreePrefetch.vllm.log,30,18,41,0.03228721440053407
/Users/jiangnanhugo/workspace/power-sharpening/Subtree-Prefetching-Power-Sharpening/case_studies/logs-entropycut/mbpp/2026-09-21/vllm/dataset-mbpp.model-qwen3.5-9b.alpha4.0.steps100.blocks-1.prefetch-budget-20.rank-accept_first.cut-entropy4.0.samples20.maxnew1024.seed10086.subtreePrefetch.vllm.log,30,19,36,0.049453797597482675
/Users/jiangnanhugo/workspace/power-sharpening/Subtree-Prefetching-Power-Sharpening/case_studies/logs-entropycut/mbpp/2026-09-21/vllm/dataset-mbpp.model-qwen3.5-9b.alpha4.0.steps100.blocks-1.prefetch-budget-20.rank-accept_first.cut-entropy4.0.samples20.maxnew1024.seed10086.subtreePrefetch.vllm.log,31,0,429,0.25741646053648054
/Users/jiangnanhugo/workspace/power-sharpening/Subtree-Prefetching-Power-Sharpening/case_studies/logs-entropycut/mbpp/2026-09-21/vllm/dataset-mbpp.model-qwen3.5-9b.alpha4.0.steps100.blocks-1.prefetch-budget-20.rank-accept_first.cut-entropy4.0.samples20.maxnew1024.seed10086.subtreePrefetch.vllm.log,31,1,339,0.063895307425796
/Users/jiangnanhugo/workspace/power-sharpening/Subtree-Prefetching-Power-Sharpening/case_studies/logs-entropycut/mbpp/2026-09-21/vllm/dataset-mbpp.model-qwen3.5-9b.alpha4.0.steps100.blocks-1.prefetch-budget-20.rank-accept_first.cut-entropy4.0.samples20.maxnew1024.seed10086.subtreePrefetch.vllm.log,31,2,348,0.09176056780970905
/Users/jiangnanhugo/workspace/power-sharpening/Subtree-Prefetching-Power-Sharpening/case_studies/logs-entropycut/mbpp/2026-09-21/vllm/dataset-mbpp.model-qwen3.5-9b.alpha4.0.steps100.blocks-1.prefetch-budget-20.rank-accept_first.cut-entropy4.0.samples20.maxnew1024.seed10086.subtreePrefetch.vllm.log,31,3,534,0.00213800312324689
/Users/jiangnanhugo/workspace/power-sharpening/Subtree-Prefetching-Power-Sharpening/case_studies/logs-entropycut/mbpp/2026-09-21/vllm/dataset-mbpp.model-qwen3.5-9b.alpha4.0.steps100.blocks-1.prefetch-budget-20.rank-accept_first.cut-entropy4.0.samples20.maxnew1024.seed10086.subtreePrefetch.vllm.log,31,4,348,0.09176056780970905
/Users/jiangnanhugo/workspace/power-sharpening/Subtree-Prefetching-Power-Sharpening/case_studies/logs-entropycut/mbpp/2026-09-21/vllm/dataset-mbpp.model-qwen3.5-9b.alpha4.0.steps100.blocks-1.prefetch-budget-20.rank-accept_first.cut-entropy4.0.samples20.maxnew1024.seed10086.subtreePrefetch.vllm.log,31,5,272,0.04736972354374497
/Users/jiangnanhugo/workspace/power-sharpening/Subtree-Prefetching-Power-Sharpening/case_studies/logs-entropycut/mbpp/2026-09-21/vllm/dataset-mbpp.model-qwen3.5-9b.alpha4.0.steps100.blocks-1.prefetch-budget-20.rank-accept_first.cut-entropy4.0.samples20.maxnew1024.seed10086.subtreePrefetch.vllm.log,31,6,41,0.030535568210195093
/Users/jiangnanhugo/workspace/power-sharpening/Subtree-Prefetching-Power-Sharpening/case_studies/logs-entropycut/mbpp/2026-09-21/vllm/dataset-mbpp.model-qwen3.5-9b.alpha4.0.steps100.blocks-1.prefetch-budget-20.rank-accept_first.cut-entropy4.0.samples20.maxnew1024.seed10086.subtreePrefetch.vllm.log,31,7,429,0.25741646053648054
/Users/jiangnanhugo/workspace/power-sharpening/Subtree-Prefetching-Power-Sharpening/case_studies/logs-entropycut/mbpp/2026-09-21/vllm/dataset-mbpp.model-qwen3.5-9b.alpha4.0.steps100.blocks-1.prefetch-budget-20.rank-accept_first.cut-entropy4.0.samples20.maxnew1024.seed10086.subtreePrefetch.vllm.log,31,8,429,0.25741646053648054
/Users/jiangnanhugo/workspace/power-sharpening/Subtree-Prefetching-Power-Sharpening/case_studies/logs-entropycut/mbpp/2026-09-21/vllm/dataset-mbpp.model-qwen3.5-9b.alpha4.0.steps100.blocks-1.prefetch-budget-20.rank-accept_first.cut-entropy4.0.samples20.maxnew1024.seed10086.subtreePrefetch.vllm.log,31,9,41,0.030535568210195093
/Users/jiangnanhugo/workspace/power-sharpening/Subtree-Prefetching-Power-Sharpening/case_studies/logs-entropycut/mbpp/2026-09-21/vllm/dataset-mbpp.model-qwen3.5-9b.alpha4.0.steps100.blocks-1.prefetch-budget-20.rank-accept_first.cut-entropy4.0.samples20.maxnew1024.seed10086.subtreePrefetch.vllm.log,31,10,429,0.25741646053648054
/Users/jiangnanhugo/workspace/power-sharpening/Subtree-Prefetching-Power-Sharpening/case_studies/logs-entropycut/mbpp/2026-09-21/vllm/dataset-mbpp.model-qwen3.5-9b.alpha4.0.steps100.blocks-1.prefetch-budget-20.rank-accept_first.cut-entropy4.0.samples20.maxnew1024.seed10086.subtreePrefetch.vllm.log,31,11,357,0.039007654565011915
/Users/jiangnanhugo/workspace/power-sharpening/Subtree-Prefetching-Power-Sharpening/case_studies/logs-entropycut/mbpp/2026-09-21/vllm/dataset-mbpp.model-qwen3.5-9b.alpha4.0.steps100.blocks-1.prefetch-budget-20.rank-accept_first.cut-entropy4.0.samples20.maxnew1024.seed10086.subtreePrefetch.vllm.log,31,12,36,0.04677082981076669
/Users/jiangnanhugo/workspace/power-sharpening/Subtree-Prefetching-Power-Sharpening/case_studies/logs-entropycut/mbpp/2026-09-21/vllm/dataset-mbpp.model-qwen3.5-9b.alpha4.0.steps100.blocks-1.prefetch-budget-20.rank-accept_first.cut-entropy4.0.samples20.maxnew1024.seed10086.subtreePrefetch.vllm.log,31,13,429,0.25741646053648054
/Users/jiangnanhugo/workspace/power-sharpening/Subtree-Prefetching-Power-Sharpening/case_studies/logs-entropycut/mbpp/2026-09-21/vllm/dataset-mbpp.model-qwen3.5-9b.alpha4.0.steps100.blocks-1.prefetch-budget-20.rank-accept_first.cut-entropy4.0.samples20.maxnew1024.seed10086.subtreePrefetch.vllm.log,31,14,26,0.04156509515824404
/Users/jiangnanhugo/workspace/power-sharpening/Subtree-Prefetching-Power-Sharpening/case_studies/logs-entropycut/mbpp/2026-09-21/vllm/dataset-mbpp.model-qwen3.5-9b.alpha4.0.steps100.blocks-1.prefetch-budget-20.rank-accept_first.cut-entropy4.0.samples20.maxnew1024.seed10086.subtreePrefetch.vllm.log,31,15,429,0.25741646053648054
/Users/jiangnanhugo/workspace/power-sharpening/Subtree-Prefetching-Power-Sharpening/case_studies/logs-entropycut/mbpp/2026-09-21/vllm/dataset-mbpp.model-qwen3.5-9b.alpha4.0.steps100.blocks-1.prefetch-budget-20.rank-accept_first.cut-entropy4.0.samples20.maxnew1024.seed10086.subtreePrefetch.vllm.log,31,16,410,0.0062979017763316715
/Users/jiangnanhugo/workspace/power-sharpening/Subtree-Prefetching-Power-Sharpening/case_studies/logs-entropycut/mbpp/2026-09-21/vllm/dataset-mbpp.model-qwen3.5-9b.alpha4.0.steps100.blocks-1.prefetch-budget-20.rank-accept_first.cut-entropy4.0.samples20.maxnew1024.seed10086.subtreePrefetch.vllm.log,31,17,339,0.063895307425796
/Users/jiangnanhugo/workspace/power-sharpening/Subtree-Prefetching-Power-Sharpening/case_studies/logs-entropycut/mbpp/2026-09-21/vllm/dataset-mbpp.model-qwen3.5-9b.alpha4.0.steps100.blocks-1.prefetch-budget-20.rank-accept_first.cut-entropy4.0.samples20.maxnew1024.seed10086.subtreePrefetch.vllm.log,31,18,36,0.04677082981076669
/Users/jiangnanhugo/workspace/power-sharpening/Subtree-Prefetching-Power-Sharpening/case_studies/logs-entropycut/mbpp/2026-09-21/vllm/dataset-mbpp.model-qwen3.5-9b.alpha4.0.steps100.blocks-1.prefetch-budget-20.rank-accept_first.cut-entropy4.0.samples20.maxnew1024.seed10086.subtreePrefetch.vllm.log,31,19,97,0.0058847414378406645
/Users/jiangnanhugo/workspace/power-sharpening/Subtree-Prefetching-Power-Sharpening/case_studies/logs-entropycut/mbpp/2026-09-21/vllm/dataset-mbpp.model-qwen3.5-9b.alpha4.0.steps100.blocks-1.prefetch-budget-20.rank-accept_first.cut-entropy4.0.samples20.maxnew1024.seed10086.subtreePrefetch.vllm.log,32,0,429,0.25741646053648054
/Users/jiangnanhugo/workspace/power-sharpening/Subtree-Prefetching-Power-Sharpening/case_studies/logs-entropycut/mbpp/2026-09-21/vllm/dataset-mbpp.model-qwen3.5-9b.alpha4.0.steps100.blocks-1.prefetch-budget-20.rank-accept_first.cut-entropy4.0.samples20.maxnew1024.seed10086.subtreePrefetch.vllm.log,32,1,52,0.007742826365858422
/Users/jiangnanhugo/workspace/power-sharpening/Subtree-Prefetching-Power-Sharpening/case_studies/logs-entropycut/mbpp/2026-09-21/vllm/dataset-mbpp.model-qwen3.5-9b.alpha4.0.steps100.blocks-1.prefetch-budget-20.rank-accept_first.cut-entropy4.0.samples20.maxnew1024.seed10086.subtreePrefetch.vllm.log,32,2,429,0.25741646053648054
/Users/jiangnanhugo/workspace/power-sharpening/Subtree-Prefetching-Power-Sharpening/case_studies/logs-entropycut/mbpp/2026-09-21/vllm/dataset-mbpp.model-qwen3.5-9b.alpha4.0.steps100.blocks-1.prefetch-budget-20.rank-accept_first.cut-entropy4.0.samples20.maxnew1024.seed10086.subtreePrefetch.vllm.log,32,3,357,0.039007654565011915
/Users/jiangnanhugo/workspace/power-sharpening/Subtree-Prefetching-Power-Sharpening/case_studies/logs-entropycut/mbpp/2026-09-21/vllm/dataset-mbpp.model-qwen3.5-9b.alpha4.0.steps100.blocks-1.prefetch-budget-20.rank-accept_first.cut-entropy4.0.samples20.maxnew1024.seed10086.subtreePrefetch.vllm.log,32,4,41,0.030535568210195093
/Users/jiangnanhugo/workspace/power-sharpening/Subtree-Prefetching-Power-Sharpening/case_studies/logs-entropycut/mbpp/2026-09-21/vllm/dataset-mbpp.model-qwen3.5-9b.alpha4.0.steps100.blocks-1.prefetch-budget-20.rank-accept_first.cut-entropy4.0.samples20.maxnew1024.seed10086.subtreePrefetch.vllm.log,32,5,272,0.04736972354374497
/Users/jiangnanhugo/workspace/power-sharpening/Subtree-Prefetching-Power-Sharpening/case_studies/logs-entropycut/mbpp/2026-09-21/vllm/dataset-mbpp.model-qwen3.5-9b.alpha4.0.steps100.blocks-1.prefetch-budget-20.rank-accept_first.cut-entropy4.0.samples20.maxnew1024.seed10086.subtreePrefetch.vllm.log,32,6,97,0.0058847414378406645
/Users/jiangnanhugo/workspace/power-sharpening/Subtree-Prefetching-Power-Sharpening/case_studies/logs-entropycut/mbpp/2026-09-21/vllm/dataset-mbpp.model-qwen3.5-9b.alpha4.0.steps100.blocks-1.prefetch-budget-20.rank-accept_first.cut-entropy4.0.samples20.maxnew1024.seed10086.subtreePrefetch.vllm.log,32,7,36,0.04677082981076669
/Users/jiangnanhugo/workspace/power-sharpening/Subtree-Prefetching-Power-Sharpening/case_studies/logs-entropycut/mbpp/2026-09-21/vllm/dataset-mbpp.model-qwen3.5-9b.alpha4.0.steps100.blocks-1.prefetch-budget-20.rank-accept_first.cut-entropy4.0.samples20.maxnew1024.seed10086.subtreePrefetch.vllm.log,32,8,235,0.00011584344254229552
/Users/jiangnanhugo/workspace/power-sharpening/Subtree-Prefetching-Power-Sharpening/case_studies/logs-entropycut/mbpp/2026-09-21/vllm/dataset-mbpp.model-qwen3.5-9b.alpha4.0.steps100.blocks-1.prefetch-budget-20.rank-accept_first.cut-entropy4.0.samples20.maxnew1024.seed10086.subtreePrefetch.vllm.log,32,9,272,0.04736972354374497
/Users/jiangnanhugo/workspace/power-sharpening/Subtree-Prefetching-Power-Sharpening/case_studies/logs-entropycut/mbpp/2026-09-21/vllm/dataset-mbpp.model-qwen3.5-9b.alpha4.0.steps100.blocks-1.prefetch-budget-20.rank-accept_first.cut-entropy4.0.samples20.maxnew1024.seed10086.subtreePrefetch.vllm.log,32,10,429,0.25741646053648054
/Users/jiangnanhugo/workspace/power-sharpening/Subtree-Prefetching-Power-Sharpening/case_studies/logs-entropycut/mbpp/2026-09-21/vllm/dataset-mbpp.model-qwen3.5-9b.alpha4.0.steps100.blocks-1.prefetch-budget-20.rank-accept_first.cut-entropy4.0.samples20.maxnew1024.seed10086.subtreePrefetch.vllm.log,32,11,36,0.04677082981076669
/Users/jiangnanhugo/workspace/power-sharpening/Subtree-Prefetching-Power-Sharpening/case_studies/logs-entropycut/mbpp/2026-09-21/vllm/dataset-mbpp.model-qwen3.5-9b.alpha4.0.steps100.blocks-1.prefetch-budget-20.rank-accept_first.cut-entropy4.0.samples20.maxnew1024.seed10086.subtreePrefetch.vllm.log,32,12,41,0.030535568210195093
/Users/jiangnanhugo/workspace/power-sharpening/Subtree-Prefetching-Power-Sharpening/case_studies/logs-entropycut/mbpp/2026-09-21/vllm/dataset-mbpp.model-qwen3.5-9b.alpha4.0.steps100.blocks-1.prefetch-budget-20.rank-accept_first.cut-entropy4.0.samples20.maxnew1024.seed10086.subtreePrefetch.vllm.log,32,13,36,0.04677082981076669
/Users/jiangnanhugo/workspace/power-sharpening/Subtree-Prefetching-Power-Sharpening/case_studies/logs-entropycut/mbpp/2026-09-21/vllm/dataset-mbpp.model-qwen3.5-9b.alpha4.0.steps100.blocks-1.prefetch-budget-20.rank-accept_first.cut-entropy4.0.samples20.maxnew1024.seed10086.subtreePrefetch.vllm.log,32,14,272,0.04736972354374497
/Users/jiangnanhugo/workspace/power-sharpening/Subtree-Prefetching-Power-Sharpening/case_studies/logs-entropycut/mbpp/2026-09-21/vllm/dataset-mbpp.model-qwen3.5-9b.alpha4.0.steps100.blocks-1.prefetch-budget-20.rank-accept_first.cut-entropy4.0.samples20.maxnew1024.seed10086.subtreePrefetch.vllm.log,32,15,41,0.030535568210195093
/Users/jiangnanhugo/workspace/power-sharpening/Subtree-Prefetching-Power-Sharpening/case_studies/logs-entropycut/mbpp/2026-09-21/vllm/dataset-mbpp.model-qwen3.5-9b.alpha4.0.steps100.blocks-1.prefetch-budget-20.rank-accept_first.cut-entropy4.0.samples20.maxnew1024.seed10086.subtreePrefetch.vllm.log,32,16,429,0.25741646053648054
/Users/jiangnanhugo/workspace/power-sharpening/Subtree-Prefetching-Power-Sharpening/case_studies/logs-entropycut/mbpp/2026-09-21/vllm/dataset-mbpp.model-qwen3.5-9b.alpha4.0.steps100.blocks-1.prefetch-budget-20.rank-accept_first.cut-entropy4.0.samples20.maxnew1024.seed10086.subtreePrefetch.vllm.log,32,17,348,0.09176056780970905
/Users/jiangnanhugo/workspace/power-sharpening/Subtree-Prefetching-Power-Sharpening/case_studies/logs-entropycut/mbpp/2026-09-21/vllm/dataset-mbpp.model-qwen3.5-9b.alpha4.0.steps100.blocks-1.prefetch-budget-20.rank-accept_first.cut-entropy4.0.samples20.maxnew1024.seed10086.subtreePrefetch.vllm.log,32,18,272,0.04736972354374497
/Users/jiangnanhugo/workspace/power-sharpening/Subtree-Prefetching-Power-Sharpening/case_studies/logs-entropycut/mbpp/2026-09-21/vllm/dataset-mbpp.model-qwen3.5-9b.alpha4.0.steps100.blocks-1.prefetch-budget-20.rank-accept_first.cut-entropy4.0.samples20.maxnew1024.seed10086.subtreePrefetch.vllm.log,32,19,36,0.04677082981076669
/Users/jiangnanhugo/workspace/power-sharpening/Subtree-Prefetching-Power-Sharpening/case_studies/logs-entropycut/mbpp/2026-09-21/vllm/dataset-mbpp.model-qwen3.5-9b.alpha4.0.steps100.blocks-1.prefetch-budget-20.rank-accept_first.cut-entropy4.0.samples20.maxnew1024.seed10086.subtreePrefetch.vllm.log,33,0,145,0.00849269059539051
/Users/jiangnanhugo/workspace/power-sharpening/Subtree-Prefetching-Power-Sharpening/case_studies/logs-entropycut/mbpp/2026-09-21/vllm/dataset-mbpp.model-qwen3.5-9b.alpha4.0.steps100.blocks-1.prefetch-budget-20.rank-accept_first.cut-entropy4.0.samples20.maxnew1024.seed10086.subtreePrefetch.vllm.log,33,1,348,0.17673513910056884
/Users/jiangnanhugo/workspace/power-sharpening/Subtree-Prefetching-Power-Sharpening/case_studies/logs-entropycut/mbpp/2026-09-21/vllm/dataset-mbpp.model-qwen3.5-9b.alpha4.0.steps100.blocks-1.prefetch-budget-20.rank-accept_first.cut-entropy4.0.samples20.maxnew1024.seed10086.subtreePrefetch.vllm.log,33,2,339,0.06647972002636834
/Users/jiangnanhugo/workspace/power-sharpening/Subtree-Prefetching-Power-Sharpening/case_studies/logs-entropycut/mbpp/2026-09-21/vllm/dataset-mbpp.model-qwen3.5-9b.alpha4.0.steps100.blocks-1.prefetch-budget-20.rank-accept_first.cut-entropy4.0.samples20.maxnew1024.seed10086.subtreePrefetch.vllm.log,33,3,114,0.06809325664293138
/Users/jiangnanhugo/workspace/power-sharpening/Subtree-Prefetching-Power-Sharpening/case_studies/logs-entropycut/mbpp/2026-09-21/vllm/dataset-mbpp.model-qwen3.5-9b.alpha4.0.steps100.blocks-1.prefetch-budget-20.rank-accept_first.cut-entropy4.0.samples20.maxnew1024.seed10086.subtreePrefetch.vllm.log,33,4,348,0.17673513910056884
/Users/jiangnanhugo/workspace/power-sharpening/Subtree-Prefetching-Power-Sharpening/case_studies/logs-entropycut/mbpp/2026-09-21/vllm/dataset-mbpp.model-qwen3.5-9b.alpha4.0.steps100.blocks-1.prefetch-budget-20.rank-accept_first.cut-entropy4.0.samples20.maxnew1024.seed10086.subtreePrefetch.vllm.log,33,5,52,0.014227579950747256
/Users/jiangnanhugo/workspace/power-sharpening/Subtree-Prefetching-Power-Sharpening/case_studies/logs-entropycut/mbpp/2026-09-21/vllm/dataset-mbpp.model-qwen3.5-9b.alpha4.0.steps100.blocks-1.prefetch-budget-20.rank-accept_first.cut-entropy4.0.samples20.maxnew1024.seed10086.subtreePrefetch.vllm.log,33,6,26,0.07637659513223133
/Users/jiangnanhugo/workspace/power-sharpening/Subtree-Prefetching-Power-Sharpening/case_studies/logs-entropycut/mbpp/2026-09-21/vllm/dataset-mbpp.model-qwen3.5-9b.alpha4.0.steps100.blocks-1.prefetch-budget-20.rank-accept_first.cut-entropy4.0.samples20.maxnew1024.seed10086.subtreePrefetch.vllm.log,33,7,277,0.011278527017014699
/Users/jiangnanhugo/workspace/power-sharpening/Subtree-Prefetching-Power-Sharpening/case_studies/logs-entropycut/mbpp/2026-09-21/vllm/dataset-mbpp.model-qwen3.5-9b.alpha4.0.steps100.blocks-1.prefetch-budget-20.rank-accept_first.cut-entropy4.0.samples20.maxnew1024.seed10086.subtreePrefetch.vllm.log,33,8,339,0.06647972002636834
/Users/jiangnanhugo/workspace/power-sharpening/Subtree-Prefetching-Power-Sharpening/case_studies/logs-entropycut/mbpp/2026-09-21/vllm/dataset-mbpp.model-qwen3.5-9b.alpha4.0.steps100.blocks-1.prefetch-budget-20.rank-accept_first.cut-entropy4.0.samples20.maxnew1024.seed10086.subtreePrefetch.vllm.log,33,9,26,0.07637659513223133
/Users/jiangnanhugo/workspace/power-sharpening/Subtree-Prefetching-Power-Sharpening/case_studies/logs-entropycut/mbpp/2026-09-21/vllm/dataset-mbpp.model-qwen3.5-9b.alpha4.0.steps100.blocks-1.prefetch-budget-20.rank-accept_first.cut-entropy4.0.samples20.maxnew1024.seed10086.subtreePrefetch.vllm.log,33,10,26,0.07637659513223133
/Users/jiangnanhugo/workspace/power-sharpening/Subtree-Prefetching-Power-Sharpening/case_studies/logs-entropycut/mbpp/2026-09-21/vllm/dataset-mbpp.model-qwen3.5-9b.alpha4.0.steps100.blocks-1.prefetch-budget-20.rank-accept_first.cut-entropy4.0.samples20.maxnew1024.seed10086.subtreePrefetch.vllm.log,33,11,348,0.17673513910056884
/Users/jiangnanhugo/workspace/power-sharpening/Subtree-Prefetching-Power-Sharpening/case_studies/logs-entropycut/mbpp/2026-09-21/vllm/dataset-mbpp.model-qwen3.5-9b.alpha4.0.steps100.blocks-1.prefetch-budget-20.rank-accept_first.cut-entropy4.0.samples20.maxnew1024.seed10086.subtreePrefetch.vllm.log,33,12,26,0.07637659513223133
/Users/jiangnanhugo/workspace/power-sharpening/Subtree-Prefetching-Power-Sharpening/case_studies/logs-entropycut/mbpp/2026-09-21/vllm/dataset-mbpp.model-qwen3.5-9b.alpha4.0.steps100.blocks-1.prefetch-budget-20.rank-accept_first.cut-entropy4.0.samples20.maxnew1024.seed10086.subtreePrefetch.vllm.log,33,13,272,0.08677169831558527
/Users/jiangnanhugo/workspace/power-sharpening/Subtree-Prefetching-Power-Sharpening/case_studies/logs-entropycut/mbpp/2026-09-21/vllm/dataset-mbpp.model-qwen3.5-9b.alpha4.0.steps100.blocks-1.prefetch-budget-20.rank-accept_first.cut-entropy4.0.samples20.maxnew1024.seed10086.subtreePrefetch.vllm.log,33,14,33,0.0405249176731587
/Users/jiangnanhugo/workspace/power-sharpening/Subtree-Prefetching-Power-Sharpening/case_studies/logs-entropycut/mbpp/2026-09-21/vllm/dataset-mbpp.model-qwen3.5-9b.alpha4.0.steps100.blocks-1.prefetch-budget-20.rank-accept_first.cut-entropy4.0.samples20.maxnew1024.seed10086.subtreePrefetch.vllm.log,33,15,36,0.08594222433163158
/Users/jiangnanhugo/workspace/power-sharpening/Subtree-Prefetching-Power-Sharpening/case_studies/logs-entropycut/mbpp/2026-09-21/vllm/dataset-mbpp.model-qwen3.5-9b.alpha4.0.steps100.blocks-1.prefetch-budget-20.rank-accept_first.cut-entropy4.0.samples20.maxnew1024.seed10086.subtreePrefetch.vllm.log,33,16,270,0.0517215833856933
/Users/jiangnanhugo/workspace/power-sharpening/Subtree-Prefetching-Power-Sharpening/case_studies/logs-entropycut/mbpp/2026-09-21/vllm/dataset-mbpp.model-qwen3.5-9b.alpha4.0.steps100.blocks-1.prefetch-budget-20.rank-accept_first.cut-entropy4.0.samples20.maxnew1024.seed10086.subtreePrefetch.vllm.log,33,17,33,0.0405249176731587
/Users/jiangnanhugo/workspace/power-sharpening/Subtree-Prefetching-Power-Sharpening/case_studies/logs-entropycut/mbpp/2026-09-21/vllm/dataset-mbpp.model-qwen3.5-9b.alpha4.0.steps100.blocks-1.prefetch-budget-20.rank-accept_first.cut-entropy4.0.samples20.maxnew1024.seed10086.subtreePrefetch.vllm.log,33,18,114,0.06809325664293138
/Users/jiangnanhugo/workspace/power-sharpening/Subtree-Prefetching-Power-Sharpening/case_studies/logs-entropycut/mbpp/2026-09-21/vllm/dataset-mbpp.model-qwen3.5-9b.alpha4.0.steps100.blocks-1.prefetch-budget-20.rank-accept_first.cut-entropy4.0.samples20.maxnew1024.seed10086.subtreePrefetch.vllm.log,33,19,114,0.06809325664293138
/Users/jiangnanhugo/workspace/power-sharpening/Subtree-Prefetching-Power-Sharpening/case_studies/logs-entropycut/mbpp/2026-09-21/vllm/dataset-mbpp.model-qwen3.5-9b.alpha4.0.steps100.blocks-1.prefetch-budget-20.rank-accept_first.cut-entropy4.0.samples20.maxnew1024.seed10086.subtreePrefetch.vllm.log,34,0,348,0.17673513910056884
/Users/jiangnanhugo/workspace/power-sharpening/Subtree-Prefetching-Power-Sharpening/case_studies/logs-entropycut/mbpp/2026-09-21/vllm/dataset-mbpp.model-qwen3.5-9b.alpha4.0.steps100.blocks-1.prefetch-budget-20.rank-accept_first.cut-entropy4.0.samples20.maxnew1024.seed10086.subtreePrefetch.vllm.log,34,1,26,0.07637659513223133
/Users/jiangnanhugo/workspace/power-sharpening/Subtree-Prefetching-Power-Sharpening/case_studies/logs-entropycut/mbpp/2026-09-21/vllm/dataset-mbpp.model-qwen3.5-9b.alpha4.0.steps100.blocks-1.prefetch-budget-20.rank-accept_first.cut-entropy4.0.samples20.maxnew1024.seed10086.subtreePrefetch.vllm.log,34,2,758,0.00021713679167869855
/Users/jiangnanhugo/workspace/power-sharpening/Subtree-Prefetching-Power-Sharpening/case_studies/logs-entropycut/mbpp/2026-09-21/vllm/dataset-mbpp.model-qwen3.5-9b.alpha4.0.steps100.blocks-1.prefetch-budget-20.rank-accept_first.cut-entropy4.0.samples20.maxnew1024.seed10086.subtreePrefetch.vllm.log,34,3,33,0.0405249176731587
/Users/jiangnanhugo/workspace/power-sharpening/Subtree-Prefetching-Power-Sharpening/case_studies/logs-entropycut/mbpp/2026-09-21/vllm/dataset-mbpp.model-qwen3.5-9b.alpha4.0.steps100.blocks-1.prefetch-budget-20.rank-accept_first.cut-entropy4.0.samples20.maxnew1024.seed10086.subtreePrefetch.vllm.log,34,4,348,0.17673513910056884
/Users/jiangnanhugo/workspace/power-sharpening/Subtree-Prefetching-Power-Sharpening/case_studies/logs-entropycut/mbpp/2026-09-21/vllm/dataset-mbpp.model-qwen3.5-9b.alpha4.0.steps100.blocks-1.prefetch-budget-20.rank-accept_first.cut-entropy4.0.samples20.maxnew1024.seed10086.subtreePrefetch.vllm.log,34,5,26,0.07637659513223133
/Users/jiangnanhugo/workspace/power-sharpening/Subtree-Prefetching-Power-Sharpening/case_studies/logs-entropycut/mbpp/2026-09-21/vllm/dataset-mbpp.model-qwen3.5-9b.alpha4.0.steps100.blocks-1.prefetch-budget-20.rank-accept_first.cut-entropy4.0.samples20.maxnew1024.seed10086.subtreePrefetch.vllm.log,34,6,272,0.08677169831558527
/Users/jiangnanhugo/workspace/power-sharpening/Subtree-Prefetching-Power-Sharpening/case_studies/logs-entropycut/mbpp/2026-09-21/vllm/dataset-mbpp.model-qwen3.5-9b.alpha4.0.steps100.blocks-1.prefetch-budget-20.rank-accept_first.cut-entropy4.0.samples20.maxnew1024.seed10086.subtreePrefetch.vllm.log,34,7,348,0.17673513910056884
/Users/jiangnanhugo/workspace/power-sharpening/Subtree-Prefetching-Power-Sharpening/case_studies/logs-entropycut/mbpp/2026-09-21/vllm/dataset-mbpp.model-qwen3.5-9b.alpha4.0.steps100.blocks-1.prefetch-budget-20.rank-accept_first.cut-entropy4.0.samples20.maxnew1024.seed10086.subtreePrefetch.vllm.log,34,8,377,0.043192685835620324
/Users/jiangnanhugo/workspace/power-sharpening/Subtree-Prefetching-Power-Sharpening/case_studies/logs-entropycut/mbpp/2026-09-21/vllm/dataset-mbpp.model-qwen3.5-9b.alpha4.0.steps100.blocks-1.prefetch-budget-20.rank-accept_first.cut-entropy4.0.samples20.maxnew1024.seed10086.subtreePrefetch.vllm.log,34,9,39,0.006784075772448777
/Users/jiangnanhugo/workspace/power-sharpening/Subtree-Prefetching-Power-Sharpening/case_studies/logs-entropycut/mbpp/2026-09-21/vllm/dataset-mbpp.model-qwen3.5-9b.alpha4.0.steps100.blocks-1.prefetch-budget-20.rank-accept_first.cut-entropy4.0.samples20.maxnew1024.seed10086.subtreePrefetch.vllm.log,34,10,272,0.08677169831558527
/Users/jiangnanhugo/workspace/power-sharpening/Subtree-Prefetching-Power-Sharpening/case_studies/logs-entropycut/mbpp/2026-09-21/vllm/dataset-mbpp.model-qwen3.5-9b.alpha4.0.steps100.blocks-1.prefetch-budget-20.rank-accept_first.cut-entropy4.0.samples20.maxnew1024.seed10086.subtreePrefetch.vllm.log,34,11,33,0.0405249176731587
/Users/jiangnanhugo/workspace/power-sharpening/Subtree-Prefetching-Power-Sharpening/case_studies/logs-entropycut/mbpp/2026-09-21/vllm/dataset-mbpp.model-qwen3.5-9b.alpha4.0.steps100.blocks-1.prefetch-budget-20.rank-accept_first.cut-entropy4.0.samples20.maxnew1024.seed10086.subtreePrefetch.vllm.log,34,12,121,0.003345070422552798
/Users/jiangnanhugo/workspace/power-sharpening/Subtree-Prefetching-Power-Sharpening/case_studies/logs-entropycut/mbpp/2026-09-21/vllm/dataset-mbpp.model-qwen3.5-9b.alpha4.0.steps100.blocks-1.prefetch-budget-20.rank-accept_first.cut-entropy4.0.samples20.maxnew1024.seed10086.subtreePrefetch.vllm.log,34,13,348,0.17673513910056884
/Users/jiangnanhugo/workspace/power-sharpening/Subtree-Prefetching-Power-Sharpening/case_studies/logs-entropycut/mbpp/2026-09-21/vllm/dataset-mbpp.model-qwen3.5-9b.alpha4.0.steps100.blocks-1.prefetch-budget-20.rank-accept_first.cut-entropy4.0.samples20.maxnew1024.seed10086.subtreePrefetch.vllm.log,34,14,348,0.17673513910056884
/Users/jiangnanhugo/workspace/power-sharpening/Subtree-Prefetching-Power-Sharpening/case_studies/logs-entropycut/mbpp/2026-09-21/vllm/dataset-mbpp.model-qwen3.5-9b.alpha4.0.steps100.blocks-1.prefetch-budget-20.rank-accept_first.cut-entropy4.0.samples20.maxnew1024.seed10086.subtreePrefetch.vllm.log,34,15,33,0.0405249176731587
/Users/jiangnanhugo/workspace/power-sharpening/Subtree-Prefetching-Power-Sharpening/case_studies/logs-entropycut/mbpp/2026-09-21/vllm/dataset-mbpp.model-qwen3.5-9b.alpha4.0.steps100.blocks-1.prefetch-budget-20.rank-accept_first.cut-entropy4.0.samples20.maxnew1024.seed10086.subtreePrefetch.vllm.log,34,16,33,0.0405249176731587
/Users/jiangnanhugo/workspace/power-sharpening/Subtree-Prefetching-Power-Sharpening/case_studies/logs-entropycut/mbpp/2026-09-21/vllm/dataset-mbpp.model-qwen3.5-9b.alpha4.0.steps100.blocks-1.prefetch-budget-20.rank-accept_first.cut-entropy4.0.samples20.maxnew1024.seed10086.subtreePrefetch.vllm.log,34,17,339,0.06647972002636834
/Users/jiangnanhugo/workspace/power-sharpening/Subtree-Prefetching-Power-Sharpening/case_studies/logs-entropycut/mbpp/2026-09-21/vllm/dataset-mbpp.model-qwen3.5-9b.alpha4.0.steps100.blocks-1.prefetch-budget-20.rank-accept_first.cut-entropy4.0.samples20.maxnew1024.seed10086.subtreePrefetch.vllm.log,34,18,48,0.010490104074049073
/Users/jiangnanhugo/workspace/power-sharpening/Subtree-Prefetching-Power-Sharpening/case_studies/logs-entropycut/mbpp/2026-09-21/vllm/dataset-mbpp.model-qwen3.5-9b.alpha4.0.steps100.blocks-1.prefetch-budget-20.rank-accept_first.cut-entropy4.0.samples20.maxnew1024.seed10086.subtreePrefetch.vllm.log,34,19,26,0.07637659513223133
/Users/jiangnanhugo/workspace/power-sharpening/Subtree-Prefetching-Power-Sharpening/case_studies/logs-entropycut/mbpp/2026-09-21/vllm/dataset-mbpp.model-qwen3.5-9b.alpha4.0.steps100.blocks-1.prefetch-budget-20.rank-accept_first.cut-entropy4.0.samples20.maxnew1024.seed10086.subtreePrefetch.vllm.log,35,0,348,0.17673668104685678
/Users/jiangnanhugo/workspace/power-sharpening/Subtree-Prefetching-Power-Sharpening/case_studies/logs-entropycut/mbpp/2026-09-21/vllm/dataset-mbpp.model-qwen3.5-9b.alpha4.0.steps100.blocks-1.prefetch-budget-20.rank-accept_first.cut-entropy4.0.samples20.maxnew1024.seed10086.subtreePrefetch.vllm.log,35,1,348,0.17673668104685678
/Users/jiangnanhugo/workspace/power-sharpening/Subtree-Prefetching-Power-Sharpening/case_studies/logs-entropycut/mbpp/2026-09-21/vllm/dataset-mbpp.model-qwen3.5-9b.alpha4.0.steps100.blocks-1.prefetch-budget-20.rank-accept_first.cut-entropy4.0.samples20.maxnew1024.seed10086.subtreePrefetch.vllm.log,35,2,339,0.06648030003642202
/Users/jiangnanhugo/workspace/power-sharpening/Subtree-Prefetching-Power-Sharpening/case_studies/logs-entropycut/mbpp/2026-09-21/vllm/dataset-mbpp.model-qwen3.5-9b.alpha4.0.steps100.blocks-1.prefetch-budget-20.rank-accept_first.cut-entropy4.0.samples20.maxnew1024.seed10086.subtreePrefetch.vllm.log,35,3,41,0.056110134453385266
/Users/jiangnanhugo/workspace/power-sharpening/Subtree-Prefetching-Power-Sharpening/case_studies/logs-entropycut/mbpp/2026-09-21/vllm/dataset-mbpp.model-qwen3.5-9b.alpha4.0.steps100.blocks-1.prefetch-budget-20.rank-accept_first.cut-entropy4.0.samples20.maxnew1024.seed10086.subtreePrefetch.vllm.log,35,4,270,0.05172203463666644
/Users/jiangnanhugo/workspace/power-sharpening/Subtree-Prefetching-Power-Sharpening/case_studies/logs-entropycut/mbpp/2026-09-21/vllm/dataset-mbpp.model-qwen3.5-9b.alpha4.0.steps100.blocks-1.prefetch-budget-20.rank-accept_first.cut-entropy4.0.samples20.maxnew1024.seed10086.subtreePrefetch.vllm.log,35,5,348,0.17673668104685678
/Users/jiangnanhugo/workspace/power-sharpening/Subtree-Prefetching-Power-Sharpening/case_studies/logs-entropycut/mbpp/2026-09-21/vllm/dataset-mbpp.model-qwen3.5-9b.alpha4.0.steps100.blocks-1.prefetch-budget-20.rank-accept_first.cut-entropy4.0.samples20.maxnew1024.seed10086.subtreePrefetch.vllm.log,35,6,348,0.17673668104685678
/Users/jiangnanhugo/workspace/power-sharpening/Subtree-Prefetching-Power-Sharpening/case_studies/logs-entropycut/mbpp/2026-09-21/vllm/dataset-mbpp.model-qwen3.5-9b.alpha4.0.steps100.blocks-1.prefetch-budget-20.rank-accept_first.cut-entropy4.0.samples20.maxnew1024.seed10086.subtreePrefetch.vllm.log,35,7,114,0.06809385073047305
/Users/jiangnanhugo/workspace/power-sharpening/Subtree-Prefetching-Power-Sharpening/case_studies/logs-entropycut/mbpp/2026-09-21/vllm/dataset-mbpp.model-qwen3.5-9b.alpha4.0.steps100.blocks-1.prefetch-budget-20.rank-accept_first.cut-entropy4.0.samples20.maxnew1024.seed10086.subtreePrefetch.vllm.log,35,8,272,0.08677245536536494
/Users/jiangnanhugo/workspace/power-sharpening/Subtree-Prefetching-Power-Sharpening/case_studies/logs-entropycut/mbpp/2026-09-21/vllm/dataset-mbpp.model-qwen3.5-9b.alpha4.0.steps100.blocks-1.prefetch-budget-20.rank-accept_first.cut-entropy4.0.samples20.maxnew1024.seed10086.subtreePrefetch.vllm.log,35,9,270,0.05172203463666644
/Users/jiangnanhugo/workspace/power-sharpening/Subtree-Prefetching-Power-Sharpening/case_studies/logs-entropycut/mbpp/2026-09-21/vllm/dataset-mbpp.model-qwen3.5-9b.alpha4.0.steps100.blocks-1.prefetch-budget-20.rank-accept_first.cut-entropy4.0.samples20.maxnew1024.seed10086.subtreePrefetch.vllm.log,35,10,114,0.06809385073047305
/Users/jiangnanhugo/workspace/power-sharpening/Subtree-Prefetching-Power-Sharpening/case_studies/logs-entropycut/mbpp/2026-09-21/vllm/dataset-mbpp.model-qwen3.5-9b.alpha4.0.steps100.blocks-1.prefetch-budget-20.rank-accept_first.cut-entropy4.0.samples20.maxnew1024.seed10086.subtreePrefetch.vllm.log,35,11,39,0.006784134960907324
/Users/jiangnanhugo/workspace/power-sharpening/Subtree-Prefetching-Power-Sharpening/case_studies/logs-entropycut/mbpp/2026-09-21/vllm/dataset-mbpp.model-qwen3.5-9b.alpha4.0.steps100.blocks-1.prefetch-budget-20.rank-accept_first.cut-entropy4.0.samples20.maxnew1024.seed10086.subtreePrefetch.vllm.log,35,12,36,0.08594297414456895
/Users/jiangnanhugo/workspace/power-sharpening/Subtree-Prefetching-Power-Sharpening/case_studies/logs-entropycut/mbpp/2026-09-21/vllm/dataset-mbpp.model-qwen3.5-9b.alpha4.0.steps100.blocks-1.prefetch-budget-20.rank-accept_first.cut-entropy4.0.samples20.maxnew1024.seed10086.subtreePrefetch.vllm.log,35,13,145,0.008492764690857912
/Users/jiangnanhugo/workspace/power-sharpening/Subtree-Prefetching-Power-Sharpening/case_studies/logs-entropycut/mbpp/2026-09-21/vllm/dataset-mbpp.model-qwen3.5-9b.alpha4.0.steps100.blocks-1.prefetch-budget-20.rank-accept_first.cut-entropy4.0.samples20.maxnew1024.seed10086.subtreePrefetch.vllm.log,35,14,348,0.17673668104685678
/Users/jiangnanhugo/workspace/power-sharpening/Subtree-Prefetching-Power-Sharpening/case_studies/logs-entropycut/mbpp/2026-09-21/vllm/dataset-mbpp.model-qwen3.5-9b.alpha4.0.steps100.blocks-1.prefetch-budget-20.rank-accept_first.cut-entropy4.0.samples20.maxnew1024.seed10086.subtreePrefetch.vllm.log,35,15,26,0.07637726148872358
/Users/jiangnanhugo/workspace/power-sharpening/Subtree-Prefetching-Power-Sharpening/case_studies/logs-entropycut/mbpp/2026-09-21/vllm/dataset-mbpp.model-qwen3.5-9b.alpha4.0.steps100.blocks-1.prefetch-budget-20.rank-accept_first.cut-entropy4.0.samples20.maxnew1024.seed10086.subtreePrefetch.vllm.log,35,16,26,0.07637726148872358
/Users/jiangnanhugo/workspace/power-sharpening/Subtree-Prefetching-Power-Sharpening/case_studies/logs-entropycut/mbpp/2026-09-21/vllm/dataset-mbpp.model-qwen3.5-9b.alpha4.0.steps100.blocks-1.prefetch-budget-20.rank-accept_first.cut-entropy4.0.samples20.maxnew1024.seed10086.subtreePrefetch.vllm.log,35,17,41,0.056110134453385266
/Users/jiangnanhugo/workspace/power-sharpening/Subtree-Prefetching-Power-Sharpening/case_studies/logs-entropycut/mbpp/2026-09-21/vllm/dataset-mbpp.model-qwen3.5-9b.alpha4.0.steps100.blocks-1.prefetch-budget-20.rank-accept_first.cut-entropy4.0.samples20.maxnew1024.seed10086.subtreePrefetch.vllm.log,35,18,26,0.07637726148872358
/Users/jiangnanhugo/workspace/power-sharpening/Subtree-Prefetching-Power-Sharpening/case_studies/logs-entropycut/mbpp/2026-09-21/vllm/dataset-mbpp.model-qwen3.5-9b.alpha4.0.steps100.blocks-1.prefetch-budget-20.rank-accept_first.cut-entropy4.0.samples20.maxnew1024.seed10086.subtreePrefetch.vllm.log,35,19,272,0.08677245536536494
/Users/jiangnanhugo/workspace/power-sharpening/Subtree-Prefetching-Power-Sharpening/case_studies/logs-entropycut/mbpp/2026-09-21/vllm/dataset-mbpp.model-qwen3.5-9b.alpha4.0.steps100.blocks-1.prefetch-budget-20.rank-accept_first.cut-entropy4.0.samples20.maxnew1024.seed10086.subtreePrefetch.vllm.log,36,0,388,0.1781964519132193
/Users/jiangnanhugo/workspace/power-sharpening/Subtree-Prefetching-Power-Sharpening/case_studies/logs-entropycut/mbpp/2026-09-21/vllm/dataset-mbpp.model-qwen3.5-9b.alpha4.0.steps100.blocks-1.prefetch-budget-20.rank-accept_first.cut-entropy4.0.samples20.maxnew1024.seed10086.subtreePrefetch.vllm.log,36,1,388,0.1781964519132193
/Users/jiangnanhugo/workspace/power-sharpening/Subtree-Prefetching-Power-Sharpening/case_studies/logs-entropycut/mbpp/2026-09-21/vllm/dataset-mbpp.model-qwen3.5-9b.alpha4.0.steps100.blocks-1.prefetch-budget-20.rank-accept_first.cut-entropy4.0.samples20.maxnew1024.seed10086.subtreePrefetch.vllm.log,36,2,322,0.09909888562934298
/Users/jiangnanhugo/workspace/power-sharpening/Subtree-Prefetching-Power-Sharpening/case_studies/logs-entropycut/mbpp/2026-09-21/vllm/dataset-mbpp.model-qwen3.5-9b.alpha4.0.steps100.blocks-1.prefetch-budget-20.rank-accept_first.cut-entropy4.0.samples20.maxnew1024.seed10086.subtreePrefetch.vllm.log,36,3,36,0.10711392190110358
/Users/jiangnanhugo/workspace/power-sharpening/Subtree-Prefetching-Power-Sharpening/case_studies/logs-entropycut/mbpp/2026-09-21/vllm/dataset-mbpp.model-qwen3.5-9b.alpha4.0.steps100.blocks-1.prefetch-budget-20.rank-accept_first.cut-entropy4.0.samples20.maxnew1024.seed10086.subtreePrefetch.vllm.log,36,4,322,0.09909888562934298
/Users/jiangnanhugo/workspace/power-sharpening/Subtree-Prefetching-Power-Sharpening/case_studies/logs-entropycut/mbpp/2026-09-21/vllm/dataset-mbpp.model-qwen3.5-9b.alpha4.0.steps100.blocks-1.prefetch-budget-20.rank-accept_first.cut-entropy4.0.samples20.maxnew1024.seed10086.subtreePrefetch.vllm.log,36,5,36,0.10711392190110358
/Users/jiangnanhugo/workspace/power-sharpening/Subtree-Prefetching-Power-Sharpening/case_studies/logs-entropycut/mbpp/2026-09-21/vllm/dataset-mbpp.model-qwen3.5-9b.alpha4.0.steps100.blocks-1.prefetch-budget-20.rank-accept_first.cut-entropy4.0.samples20.maxnew1024.seed10086.subtreePrefetch.vllm.log,36,6,388,0.1781964519132193
/Users/jiangnanhugo/workspace/power-sharpening/Subtree-Prefetching-Power-Sharpening/case_studies/logs-entropycut/mbpp/2026-09-21/vllm/dataset-mbpp.model-qwen3.5-9b.alpha4.0.steps100.blocks-1.prefetch-budget-20.rank-accept_first.cut-entropy4.0.samples20.maxnew1024.seed10086.subtreePrefetch.vllm.log,36,7,320,0.06886047352164287
/Users/jiangnanhugo/workspace/power-sharpening/Subtree-Prefetching-Power-Sharpening/case_studies/logs-entropycut/mbpp/2026-09-21/vllm/dataset-mbpp.model-qwen3.5-9b.alpha4.0.steps100.blocks-1.prefetch-budget-20.rank-accept_first.cut-entropy4.0.samples20.maxnew1024.seed10086.subtreePrefetch.vllm.log,36,8,36,0.10711392190110358
/Users/jiangnanhugo/workspace/power-sharpening/Subtree-Prefetching-Power-Sharpening/case_studies/logs-entropycut/mbpp/2026-09-21/vllm/dataset-mbpp.model-qwen3.5-9b.alpha4.0.steps100.blocks-1.prefetch-budget-20.rank-accept_first.cut-entropy4.0.samples20.maxnew1024.seed10086.subtreePrefetch.vllm.log,36,9,33,0.05599348919010293
/Users/jiangnanhugo/workspace/power-sharpening/Subtree-Prefetching-Power-Sharpening/case_studies/logs-entropycut/mbpp/2026-09-21/vllm/dataset-mbpp.model-qwen3.5-9b.alpha4.0.steps100.blocks-1.prefetch-budget-20.rank-accept_first.cut-entropy4.0.samples20.maxnew1024.seed10086.subtreePrefetch.vllm.log,36,10,36,0.10711392190110358
/Users/jiangnanhugo/workspace/power-sharpening/Subtree-Prefetching-Power-Sharpening/case_studies/logs-entropycut/mbpp/2026-09-21/vllm/dataset-mbpp.model-qwen3.5-9b.alpha4.0.steps100.blocks-1.prefetch-budget-20.rank-accept_first.cut-entropy4.0.samples20.maxnew1024.seed10086.subtreePrefetch.vllm.log,36,11,320,0.06886047352164287
/Users/jiangnanhugo/workspace/power-sharpening/Subtree-Prefetching-Power-Sharpening/case_studies/logs-entropycut/mbpp/2026-09-21/vllm/dataset-mbpp.model-qwen3.5-9b.alpha4.0.steps100.blocks-1.prefetch-budget-20.rank-accept_first.cut-entropy4.0.samples20.maxnew1024.seed10086.subtreePrefetch.vllm.log,36,12,352,0.0032996584820470356
/Users/jiangnanhugo/workspace/power-sharpening/Subtree-Prefetching-Power-Sharpening/case_studies/logs-entropycut/mbpp/2026-09-21/vllm/dataset-mbpp.model-qwen3.5-9b.alpha4.0.steps100.blocks-1.prefetch-budget-20.rank-accept_first.cut-entropy4.0.samples20.maxnew1024.seed10086.subtreePrefetch.vllm.log,36,13,322,0.09909888562934298
/Users/jiangnanhugo/workspace/power-sharpening/Subtree-Prefetching-Power-Sharpening/case_studies/logs-entropycut/mbpp/2026-09-21/vllm/dataset-mbpp.model-qwen3.5-9b.alpha4.0.steps100.blocks-1.prefetch-budget-20.rank-accept_first.cut-entropy4.0.samples20.maxnew1024.seed10086.subtreePrefetch.vllm.log,36,14,141,0.052450420781040744
/Users/jiangnanhugo/workspace/power-sharpening/Subtree-Prefetching-Power-Sharpening/case_studies/logs-entropycut/mbpp/2026-09-21/vllm/dataset-mbpp.model-qwen3.5-9b.alpha4.0.steps100.blocks-1.prefetch-budget-20.rank-accept_first.cut-entropy4.0.samples20.maxnew1024.seed10086.subtreePrefetch.vllm.log,36,15,36,0.10711392190110358
/Users/jiangnanhugo/workspace/power-sharpening/Subtree-Prefetching-Power-Sharpening/case_studies/logs-entropycut/mbpp/2026-09-21/vllm/dataset-mbpp.model-qwen3.5-9b.alpha4.0.steps100.blocks-1.prefetch-budget-20.rank-accept_first.cut-entropy4.0.samples20.maxnew1024.seed10086.subtreePrefetch.vllm.log,36,16,388,0.1781964519132193
/Users/jiangnanhugo/workspace/power-sharpening/Subtree-Prefetching-Power-Sharpening/case_studies/logs-entropycut/mbpp/2026-09-21/vllm/dataset-mbpp.model-qwen3.5-9b.alpha4.0.steps100.blocks-1.prefetch-budget-20.rank-accept_first.cut-entropy4.0.samples20.maxnew1024.seed10086.subtreePrefetch.vllm.log,36,17,45,0.008443237575669898
/Users/jiangnanhugo/workspace/power-sharpening/Subtree-Prefetching-Power-Sharpening/case_studies/logs-entropycut/mbpp/2026-09-21/vllm/dataset-mbpp.model-qwen3.5-9b.alpha4.0.steps100.blocks-1.prefetch-budget-20.rank-accept_first.cut-entropy4.0.samples20.maxnew1024.seed10086.subtreePrefetch.vllm.log,36,18,141,0.052450420781040744
/Users/jiangnanhugo/workspace/power-sharpening/Subtree-Prefetching-Power-Sharpening/case_studies/logs-entropycut/mbpp/2026-09-21/vllm/dataset-mbpp.model-qwen3.5-9b.alpha4.0.steps100.blocks-1.prefetch-budget-20.rank-accept_first.cut-entropy4.0.samples20.maxnew1024.seed10086.subtreePrefetch.vllm.log,36,19,36,0.10711392190110358
/Users/jiangnanhugo/workspace/power-sharpening/Subtree-Prefetching-Power-Sharpening/case_studies/logs-entropycut/mbpp/2026-09-21/vllm/dataset-mbpp.model-qwen3.5-9b.alpha4.0.steps100.blocks-1.prefetch-budget-20.rank-accept_first.cut-entropy4.0.samples20.maxnew1024.seed10086.subtreePrefetch.vllm.log,37,0,33,0.057291558008905376
/Users/jiangnanhugo/workspace/power-sharpening/Subtree-Prefetching-Power-Sharpening/case_studies/logs-entropycut/mbpp/2026-09-21/vllm/dataset-mbpp.model-qwen3.5-9b.alpha4.0.steps100.blocks-1.prefetch-budget-20.rank-accept_first.cut-entropy4.0.samples20.maxnew1024.seed10086.subtreePrefetch.vllm.log,37,1,194,0.04576919410774377
/Users/jiangnanhugo/workspace/power-sharpening/Subtree-Prefetching-Power-Sharpening/case_studies/logs-entropycut/mbpp/2026-09-21/vllm/dataset-mbpp.model-qwen3.5-9b.alpha4.0.steps100.blocks-1.prefetch-budget-20.rank-accept_first.cut-entropy4.0.samples20.maxnew1024.seed10086.subtreePrefetch.vllm.log,37,2,26,0.08854425286682331
/Users/jiangnanhugo/workspace/power-sharpening/Subtree-Prefetching-Power-Sharpening/case_studies/logs-entropycut/mbpp/2026-09-21/vllm/dataset-mbpp.model-qwen3.5-9b.alpha4.0.steps100.blocks-1.prefetch-budget-20.rank-accept_first.cut-entropy4.0.samples20.maxnew1024.seed10086.subtreePrefetch.vllm.log,37,3,33,0.057291558008905376
/Users/jiangnanhugo/workspace/power-sharpening/Subtree-Prefetching-Power-Sharpening/case_studies/logs-entropycut/mbpp/2026-09-21/vllm/dataset-mbpp.model-qwen3.5-9b.alpha4.0.steps100.blocks-1.prefetch-budget-20.rank-accept_first.cut-entropy4.0.samples20.maxnew1024.seed10086.subtreePrefetch.vllm.log,37,4,33,0.057291558008905376
/Users/jiangnanhugo/workspace/power-sharpening/Subtree-Prefetching-Power-Sharpening/case_studies/logs-entropycut/mbpp/2026-09-21/vllm/dataset-mbpp.model-qwen3.5-9b.alpha4.0.steps100.blocks-1.prefetch-budget-20.rank-accept_first.cut-entropy4.0.samples20.maxnew1024.seed10086.subtreePrefetch.vllm.log,37,5,48,0.0006697482940364746
/Users/jiangnanhugo/workspace/power-sharpening/Subtree-Prefetching-Power-Sharpening/case_studies/logs-entropycut/mbpp/2026-09-21/vllm/dataset-mbpp.model-qwen3.5-9b.alpha4.0.steps100.blocks-1.prefetch-budget-20.rank-accept_first.cut-entropy4.0.samples20.maxnew1024.seed10086.subtreePrefetch.vllm.log,37,6,388,0.1882181149365202
/Users/jiangnanhugo/workspace/power-sharpening/Subtree-Prefetching-Power-Sharpening/case_studies/logs-entropycut/mbpp/2026-09-21/vllm/dataset-mbpp.model-qwen3.5-9b.alpha4.0.steps100.blocks-1.prefetch-budget-20.rank-accept_first.cut-entropy4.0.samples20.maxnew1024.seed10086.subtreePrefetch.vllm.log,37,7,33,0.057291558008905376
/Users/jiangnanhugo/workspace/power-sharpening/Subtree-Prefetching-Power-Sharpening/case_studies/logs-entropycut/mbpp/2026-09-21/vllm/dataset-mbpp.model-qwen3.5-9b.alpha4.0.steps100.blocks-1.prefetch-budget-20.rank-accept_first.cut-entropy4.0.samples20.maxnew1024.seed10086.subtreePrefetch.vllm.log,37,8,36,0.10959708992814696
/Users/jiangnanhugo/workspace/power-sharpening/Subtree-Prefetching-Power-Sharpening/case_studies/logs-entropycut/mbpp/2026-09-21/vllm/dataset-mbpp.model-qwen3.5-9b.alpha4.0.steps100.blocks-1.prefetch-budget-20.rank-accept_first.cut-entropy4.0.samples20.maxnew1024.seed10086.subtreePrefetch.vllm.log,37,9,26,0.08854425286682331
/Users/jiangnanhugo/workspace/power-sharpening/Subtree-Prefetching-Power-Sharpening/case_studies/logs-entropycut/mbpp/2026-09-21/vllm/dataset-mbpp.model-qwen3.5-9b.alpha4.0.steps100.blocks-1.prefetch-budget-20.rank-accept_first.cut-entropy4.0.samples20.maxnew1024.seed10086.subtreePrefetch.vllm.log,37,10,56,0.011012627518128653
/Users/jiangnanhugo/workspace/power-sharpening/Subtree-Prefetching-Power-Sharpening/case_studies/logs-entropycut/mbpp/2026-09-21/vllm/dataset-mbpp.model-qwen3.5-9b.alpha4.0.steps100.blocks-1.prefetch-budget-20.rank-accept_first.cut-entropy4.0.samples20.maxnew1024.seed10086.subtreePrefetch.vllm.log,37,11,26,0.08854425286682331
/Users/jiangnanhugo/workspace/power-sharpening/Subtree-Prefetching-Power-Sharpening/case_studies/logs-entropycut/mbpp/2026-09-21/vllm/dataset-mbpp.model-qwen3.5-9b.alpha4.0.steps100.blocks-1.prefetch-budget-20.rank-accept_first.cut-entropy4.0.samples20.maxnew1024.seed10086.subtreePrefetch.vllm.log,37,12,26,0.08854425286682331
/Users/jiangnanhugo/workspace/power-sharpening/Subtree-Prefetching-Power-Sharpening/case_studies/logs-entropycut/mbpp/2026-09-21/vllm/dataset-mbpp.model-qwen3.5-9b.alpha4.0.steps100.blocks-1.prefetch-budget-20.rank-accept_first.cut-entropy4.0.samples20.maxnew1024.seed10086.subtreePrefetch.vllm.log,37,13,36,0.10959708992814696
/Users/jiangnanhugo/workspace/power-sharpening/Subtree-Prefetching-Power-Sharpening/case_studies/logs-entropycut/mbpp/2026-09-21/vllm/dataset-mbpp.model-qwen3.5-9b.alpha4.0.steps100.blocks-1.prefetch-budget-20.rank-accept_first.cut-entropy4.0.samples20.maxnew1024.seed10086.subtreePrefetch.vllm.log,37,14,36,0.10959708992814696
/Users/jiangnanhugo/workspace/power-sharpening/Subtree-Prefetching-Power-Sharpening/case_studies/logs-entropycut/mbpp/2026-09-21/vllm/dataset-mbpp.model-qwen3.5-9b.alpha4.0.steps100.blocks-1.prefetch-budget-20.rank-accept_first.cut-entropy4.0.samples20.maxnew1024.seed10086.subtreePrefetch.vllm.log,37,15,26,0.08854425286682331
/Users/jiangnanhugo/workspace/power-sharpening/Subtree-Prefetching-Power-Sharpening/case_studies/logs-entropycut/mbpp/2026-09-21/vllm/dataset-mbpp.model-qwen3.5-9b.alpha4.0.steps100.blocks-1.prefetch-budget-20.rank-accept_first.cut-entropy4.0.samples20.maxnew1024.seed10086.subtreePrefetch.vllm.log,37,16,26,0.08854425286682331
/Users/jiangnanhugo/workspace/power-sharpening/Subtree-Prefetching-Power-Sharpening/case_studies/logs-entropycut/mbpp/2026-09-21/vllm/dataset-mbpp.model-qwen3.5-9b.alpha4.0.steps100.blocks-1.prefetch-budget-20.rank-accept_first.cut-entropy4.0.samples20.maxnew1024.seed10086.subtreePrefetch.vllm.log,37,17,26,0.08854425286682331
/Users/jiangnanhugo/workspace/power-sharpening/Subtree-Prefetching-Power-Sharpening/case_studies/logs-entropycut/mbpp/2026-09-21/vllm/dataset-mbpp.model-qwen3.5-9b.alpha4.0.steps100.blocks-1.prefetch-budget-20.rank-accept_first.cut-entropy4.0.samples20.maxnew1024.seed10086.subtreePrefetch.vllm.log,37,18,141,0.05366635243191152
/Users/jiangnanhugo/workspace/power-sharpening/Subtree-Prefetching-Power-Sharpening/case_studies/logs-entropycut/mbpp/2026-09-21/vllm/dataset-mbpp.model-qwen3.5-9b.alpha4.0.steps100.blocks-1.prefetch-budget-20.rank-accept_first.cut-entropy4.0.samples20.maxnew1024.seed10086.subtreePrefetch.vllm.log,37,19,36,0.10959708992814696
/Users/jiangnanhugo/workspace/power-sharpening/Subtree-Prefetching-Power-Sharpening/case_studies/logs-entropycut/mbpp/2026-09-21/vllm/dataset-mbpp.model-qwen3.5-9b.alpha4.0.steps100.blocks-1.prefetch-budget-20.rank-accept_first.cut-entropy4.0.samples20.maxnew1024.seed10086.subtreePrefetch.vllm.log,38,0,26,0.08871597491687891
/Users/jiangnanhugo/workspace/power-sharpening/Subtree-Prefetching-Power-Sharpening/case_studies/logs-entropycut/mbpp/2026-09-21/vllm/dataset-mbpp.model-qwen3.5-9b.alpha4.0.steps100.blocks-1.prefetch-budget-20.rank-accept_first.cut-entropy4.0.samples20.maxnew1024.seed10086.subtreePrefetch.vllm.log,38,1,452,0.07387004822607342
/Users/jiangnanhugo/workspace/power-sharpening/Subtree-Prefetching-Power-Sharpening/case_studies/logs-entropycut/mbpp/2026-09-21/vllm/dataset-mbpp.model-qwen3.5-9b.alpha4.0.steps100.blocks-1.prefetch-budget-20.rank-accept_first.cut-entropy4.0.samples20.maxnew1024.seed10086.subtreePrefetch.vllm.log,38,2,447,0.013738052857068158
/Users/jiangnanhugo/workspace/power-sharpening/Subtree-Prefetching-Power-Sharpening/case_studies/logs-entropycut/mbpp/2026-09-21/vllm/dataset-mbpp.model-qwen3.5-9b.alpha4.0.steps100.blocks-1.prefetch-budget-20.rank-accept_first.cut-entropy4.0.samples20.maxnew1024.seed10086.subtreePrefetch.vllm.log,38,3,568,0.0005084865224372341
/Users/jiangnanhugo/workspace/power-sharpening/Subtree-Prefetching-Power-Sharpening/case_studies/logs-entropycut/mbpp/2026-09-21/vllm/dataset-mbpp.model-qwen3.5-9b.alpha4.0.steps100.blocks-1.prefetch-budget-20.rank-accept_first.cut-entropy4.0.samples20.maxnew1024.seed10086.subtreePrefetch.vllm.log,38,4,322,0.10159289221898761
/Users/jiangnanhugo/workspace/power-sharpening/Subtree-Prefetching-Power-Sharpening/case_studies/logs-entropycut/mbpp/2026-09-21/vllm/dataset-mbpp.model-qwen3.5-9b.alpha4.0.steps100.blocks-1.prefetch-budget-20.rank-accept_first.cut-entropy4.0.samples20.maxnew1024.seed10086.subtreePrefetch.vllm.log,38,5,26,0.08871597491687891
/Users/jiangnanhugo/workspace/power-sharpening/Subtree-Prefetching-Power-Sharpening/case_studies/logs-entropycut/mbpp/2026-09-21/vllm/dataset-mbpp.model-qwen3.5-9b.alpha4.0.steps100.blocks-1.prefetch-budget-20.rank-accept_first.cut-entropy4.0.samples20.maxnew1024.seed10086.subtreePrefetch.vllm.log,38,6,388,0.17262846098460932
/Users/jiangnanhugo/workspace/power-sharpening/Subtree-Prefetching-Power-Sharpening/case_studies/logs-entropycut/mbpp/2026-09-21/vllm/dataset-mbpp.model-qwen3.5-9b.alpha4.0.steps100.blocks-1.prefetch-budget-20.rank-accept_first.cut-entropy4.0.samples20.maxnew1024.seed10086.subtreePrefetch.vllm.log,38,7,141,0.05377043254733669
/Users/jiangnanhugo/workspace/power-sharpening/Subtree-Prefetching-Power-Sharpening/case_studies/logs-entropycut/mbpp/2026-09-21/vllm/dataset-mbpp.model-qwen3.5-9b.alpha4.0.steps100.blocks-1.prefetch-budget-20.rank-accept_first.cut-entropy4.0.samples20.maxnew1024.seed10086.subtreePrefetch.vllm.log,38,8,388,0.17262846098460932
/Users/jiangnanhugo/workspace/power-sharpening/Subtree-Prefetching-Power-Sharpening/case_studies/logs-entropycut/mbpp/2026-09-21/vllm/dataset-mbpp.model-qwen3.5-9b.alpha4.0.steps100.blocks-1.prefetch-budget-20.rank-accept_first.cut-entropy4.0.samples20.maxnew1024.seed10086.subtreePrefetch.vllm.log,38,9,141,0.05377043254733669
/Users/jiangnanhugo/workspace/power-sharpening/Subtree-Prefetching-Power-Sharpening/case_studies/logs-entropycut/mbpp/2026-09-21/vllm/dataset-mbpp.model-qwen3.5-9b.alpha4.0.steps100.blocks-1.prefetch-budget-20.rank-accept_first.cut-entropy4.0.samples20.maxnew1024.seed10086.subtreePrefetch.vllm.log,38,10,141,0.05377043254733669
/Users/jiangnanhugo/workspace/power-sharpening/Subtree-Prefetching-Power-Sharpening/case_studies/logs-entropycut/mbpp/2026-09-21/vllm/dataset-mbpp.model-qwen3.5-9b.alpha4.0.steps100.blocks-1.prefetch-budget-20.rank-accept_first.cut-entropy4.0.samples20.maxnew1024.seed10086.subtreePrefetch.vllm.log,38,11,388,0.17262846098460932
/Users/jiangnanhugo/workspace/power-sharpening/Subtree-Prefetching-Power-Sharpening/case_studies/logs-entropycut/mbpp/2026-09-21/vllm/dataset-mbpp.model-qwen3.5-9b.alpha4.0.steps100.blocks-1.prefetch-budget-20.rank-accept_first.cut-entropy4.0.samples20.maxnew1024.seed10086.subtreePrefetch.vllm.log,38,12,26,0.08871597491687891
/Users/jiangnanhugo/workspace/power-sharpening/Subtree-Prefetching-Power-Sharpening/case_studies/logs-entropycut/mbpp/2026-09-21/vllm/dataset-mbpp.model-qwen3.5-9b.alpha4.0.steps100.blocks-1.prefetch-budget-20.rank-accept_first.cut-entropy4.0.samples20.maxnew1024.seed10086.subtreePrefetch.vllm.log,38,13,152,7.211213407230215e-05
/Users/jiangnanhugo/workspace/power-sharpening/Subtree-Prefetching-Power-Sharpening/case_studies/logs-entropycut/mbpp/2026-09-21/vllm/dataset-mbpp.model-qwen3.5-9b.alpha4.0.steps100.blocks-1.prefetch-budget-20.rank-accept_first.cut-entropy4.0.samples20.maxnew1024.seed10086.subtreePrefetch.vllm.log,38,14,141,0.05377043254733669
/Users/jiangnanhugo/workspace/power-sharpening/Subtree-Prefetching-Power-Sharpening/case_studies/logs-entropycut/mbpp/2026-09-21/vllm/dataset-mbpp.model-qwen3.5-9b.alpha4.0.steps100.blocks-1.prefetch-budget-20.rank-accept_first.cut-entropy4.0.samples20.maxnew1024.seed10086.subtreePrefetch.vllm.log,38,15,33,0.05740266882043333
/Users/jiangnanhugo/workspace/power-sharpening/Subtree-Prefetching-Power-Sharpening/case_studies/logs-entropycut/mbpp/2026-09-21/vllm/dataset-mbpp.model-qwen3.5-9b.alpha4.0.steps100.blocks-1.prefetch-budget-20.rank-accept_first.cut-entropy4.0.samples20.maxnew1024.seed10086.subtreePrefetch.vllm.log,38,16,26,0.08871597491687891
/Users/jiangnanhugo/workspace/power-sharpening/Subtree-Prefetching-Power-Sharpening/case_studies/logs-entropycut/mbpp/2026-09-21/vllm/dataset-mbpp.model-qwen3.5-9b.alpha4.0.steps100.blocks-1.prefetch-budget-20.rank-accept_first.cut-entropy4.0.samples20.maxnew1024.seed10086.subtreePrefetch.vllm.log,38,17,26,0.08871597491687891
/Users/jiangnanhugo/workspace/power-sharpening/Subtree-Prefetching-Power-Sharpening/case_studies/logs-entropycut/mbpp/2026-09-21/vllm/dataset-mbpp.model-qwen3.5-9b.alpha4.0.steps100.blocks-1.prefetch-budget-20.rank-accept_first.cut-entropy4.0.samples20.maxnew1024.seed10086.subtreePrefetch.vllm.log,38,18,322,0.10159289221898761
/Users/jiangnanhugo/workspace/power-sharpening/Subtree-Prefetching-Power-Sharpening/case_studies/logs-entropycut/mbpp/2026-09-21/vllm/dataset-mbpp.model-qwen3.5-9b.alpha4.0.steps100.blocks-1.prefetch-budget-20.rank-accept_first.cut-entropy4.0.samples20.maxnew1024.seed10086.subtreePrefetch.vllm.log,38,19,33,0.05740266882043333
/Users/jiangnanhugo/workspace/power-sharpening/Subtree-Prefetching-Power-Sharpening/case_studies/logs-entropycut/mbpp/2026-09-21/vllm/dataset-mbpp.model-qwen3.5-9b.alpha4.0.steps100.blocks-1.prefetch-budget-20.rank-accept_first.cut-entropy4.0.samples20.maxnew1024.seed10086.subtreePrefetch.vllm.log,39,0,320,0.06994071564453717
/Users/jiangnanhugo/workspace/power-sharpening/Subtree-Prefetching-Power-Sharpening/case_studies/logs-entropycut/mbpp/2026-09-21/vllm/dataset-mbpp.model-qwen3.5-9b.alpha4.0.steps100.blocks-1.prefetch-budget-20.rank-accept_first.cut-entropy4.0.samples20.maxnew1024.seed10086.subtreePrefetch.vllm.log,39,1,26,0.08789564206568645
/Users/jiangnanhugo/workspace/power-sharpening/Subtree-Prefetching-Power-Sharpening/case_studies/logs-entropycut/mbpp/2026-09-21/vllm/dataset-mbpp.model-qwen3.5-9b.alpha4.0.steps100.blocks-1.prefetch-budget-20.rank-accept_first.cut-entropy4.0.samples20.maxnew1024.seed10086.subtreePrefetch.vllm.log,39,2,194,0.045433922278161995
/Users/jiangnanhugo/workspace/power-sharpening/Subtree-Prefetching-Power-Sharpening/case_studies/logs-entropycut/mbpp/2026-09-21/vllm/dataset-mbpp.model-qwen3.5-9b.alpha4.0.steps100.blocks-1.prefetch-budget-20.rank-accept_first.cut-entropy4.0.samples20.maxnew1024.seed10086.subtreePrefetch.vllm.log,39,3,156,0.003130395385237333
/Users/jiangnanhugo/workspace/power-sharpening/Subtree-Prefetching-Power-Sharpening/case_studies/logs-entropycut/mbpp/2026-09-21/vllm/dataset-mbpp.model-qwen3.5-9b.alpha4.0.steps100.blocks-1.prefetch-budget-20.rank-accept_first.cut-entropy4.0.samples20.maxnew1024.seed10086.subtreePrefetch.vllm.log,39,4,26,0.08789564206568645
/Users/jiangnanhugo/workspace/power-sharpening/Subtree-Prefetching-Power-Sharpening/case_studies/logs-entropycut/mbpp/2026-09-21/vllm/dataset-mbpp.model-qwen3.5-9b.alpha4.0.steps100.blocks-1.prefetch-budget-20.rank-accept_first.cut-entropy4.0.samples20.maxnew1024.seed10086.subtreePrefetch.vllm.log,39,5,320,0.06994071564453717
/Users/jiangnanhugo/workspace/power-sharpening/Subtree-Prefetching-Power-Sharpening/case_studies/logs-entropycut/mbpp/2026-09-21/vllm/dataset-mbpp.model-qwen3.5-9b.alpha4.0.steps100.blocks-1.prefetch-budget-20.rank-accept_first.cut-entropy4.0.samples20.maxnew1024.seed10086.subtreePrefetch.vllm.log,39,6,402,0.0015447038842966274
/Users/jiangnanhugo/workspace/power-sharpening/Subtree-Prefetching-Power-Sharpening/case_studies/logs-entropycut/mbpp/2026-09-21/vllm/dataset-mbpp.model-qwen3.5-9b.alpha4.0.steps100.blocks-1.prefetch-budget-20.rank-accept_first.cut-entropy4.0.samples20.maxnew1024.seed10086.subtreePrefetch.vllm.log,39,7,26,0.08789564206568645
/Users/jiangnanhugo/workspace/power-sharpening/Subtree-Prefetching-Power-Sharpening/case_studies/logs-entropycut/mbpp/2026-09-21/vllm/dataset-mbpp.model-qwen3.5-9b.alpha4.0.steps100.blocks-1.prefetch-budget-20.rank-accept_first.cut-entropy4.0.samples20.maxnew1024.seed10086.subtreePrefetch.vllm.log,39,8,36,0.10879426135374495
/Users/jiangnanhugo/workspace/power-sharpening/Subtree-Prefetching-Power-Sharpening/case_studies/logs-entropycut/mbpp/2026-09-21/vllm/dataset-mbpp.model-qwen3.5-9b.alpha4.0.steps100.blocks-1.prefetch-budget-20.rank-accept_first.cut-entropy4.0.samples20.maxnew1024.seed10086.subtreePrefetch.vllm.log,39,9,26,0.08789564206568645
/Users/jiangnanhugo/workspace/power-sharpening/Subtree-Prefetching-Power-Sharpening/case_studies/logs-entropycut/mbpp/2026-09-21/vllm/dataset-mbpp.model-qwen3.5-9b.alpha4.0.steps100.blocks-1.prefetch-budget-20.rank-accept_first.cut-entropy4.0.samples20.maxnew1024.seed10086.subtreePrefetch.vllm.log,39,10,36,0.10879426135374495
/Users/jiangnanhugo/workspace/power-sharpening/Subtree-Prefetching-Power-Sharpening/case_studies/logs-entropycut/mbpp/2026-09-21/vllm/dataset-mbpp.model-qwen3.5-9b.alpha4.0.steps100.blocks-1.prefetch-budget-20.rank-accept_first.cut-entropy4.0.samples20.maxnew1024.seed10086.subtreePrefetch.vllm.log,39,11,388,0.1871837613349664
/Users/jiangnanhugo/workspace/power-sharpening/Subtree-Prefetching-Power-Sharpening/case_studies/logs-entropycut/mbpp/2026-09-21/vllm/dataset-mbpp.model-qwen3.5-9b.alpha4.0.steps100.blocks-1.prefetch-budget-20.rank-accept_first.cut-entropy4.0.samples20.maxnew1024.seed10086.subtreePrefetch.vllm.log,39,12,275,0.007528021537756696
/Users/jiangnanhugo/workspace/power-sharpening/Subtree-Prefetching-Power-Sharpening/case_studies/logs-entropycut/mbpp/2026-09-21/vllm/dataset-mbpp.model-qwen3.5-9b.alpha4.0.steps100.blocks-1.prefetch-budget-20.rank-accept_first.cut-entropy4.0.samples20.maxnew1024.seed10086.subtreePrefetch.vllm.log,39,13,33,0.05687188172122552
/Users/jiangnanhugo/workspace/power-sharpening/Subtree-Prefetching-Power-Sharpening/case_studies/logs-entropycut/mbpp/2026-09-21/vllm/dataset-mbpp.model-qwen3.5-9b.alpha4.0.steps100.blocks-1.prefetch-budget-20.rank-accept_first.cut-entropy4.0.samples20.maxnew1024.seed10086.subtreePrefetch.vllm.log,39,14,26,0.08789564206568645
/Users/jiangnanhugo/workspace/power-sharpening/Subtree-Prefetching-Power-Sharpening/case_studies/logs-entropycut/mbpp/2026-09-21/vllm/dataset-mbpp.model-qwen3.5-9b.alpha4.0.steps100.blocks-1.prefetch-budget-20.rank-accept_first.cut-entropy4.0.samples20.maxnew1024.seed10086.subtreePrefetch.vllm.log,39,15,26,0.08789564206568645
/Users/jiangnanhugo/workspace/power-sharpening/Subtree-Prefetching-Power-Sharpening/case_studies/logs-entropycut/mbpp/2026-09-21/vllm/dataset-mbpp.model-qwen3.5-9b.alpha4.0.steps100.blocks-1.prefetch-budget-20.rank-accept_first.cut-entropy4.0.samples20.maxnew1024.seed10086.subtreePrefetch.vllm.log,39,16,26,0.08789564206568645
/Users/jiangnanhugo/workspace/power-sharpening/Subtree-Prefetching-Power-Sharpening/case_studies/logs-entropycut/mbpp/2026-09-21/vllm/dataset-mbpp.model-qwen3.5-9b.alpha4.0.steps100.blocks-1.prefetch-budget-20.rank-accept_first.cut-entropy4.0.samples20.maxnew1024.seed10086.subtreePrefetch.vllm.log,39,17,36,0.10879426135374495
/Users/jiangnanhugo/workspace/power-sharpening/Subtree-Prefetching-Power-Sharpening/case_studies/logs-entropycut/mbpp/2026-09-21/vllm/dataset-mbpp.model-qwen3.5-9b.alpha4.0.steps100.blocks-1.prefetch-budget-20.rank-accept_first.cut-entropy4.0.samples20.maxnew1024.seed10086.subtreePrefetch.vllm.log,39,18,26,0.08789564206568645
/Users/jiangnanhugo/workspace/power-sharpening/Subtree-Prefetching-Power-Sharpening/case_studies/logs-entropycut/mbpp/2026-09-21/vllm/dataset-mbpp.model-qwen3.5-9b.alpha4.0.steps100.blocks-1.prefetch-budget-20.rank-accept_first.cut-entropy4.0.samples20.maxnew1024.seed10086.subtreePrefetch.vllm.log,39,19,36,0.10879426135374495
/Users/jiangnanhugo/workspace/power-sharpening/Subtree-Prefetching-Power-Sharpening/case_studies/logs-entropycut/mbpp/2026-09-21/vllm/dataset-mbpp.model-qwen3.5-9b.alpha4.0.steps100.blocks-1.prefetch-budget-20.rank-accept_first.cut-entropy4.0.samples20.maxnew1024.seed10086.subtreePrefetch.vllm.log,40,0,388,0.1871837613349664
/Users/jiangnanhugo/workspace/power-sharpening/Subtree-Prefetching-Power-Sharpening/case_studies/logs-entropycut/mbpp/2026-09-21/vllm/dataset-mbpp.model-qwen3.5-9b.alpha4.0.steps100.blocks-1.prefetch-budget-20.rank-accept_first.cut-entropy4.0.samples20.maxnew1024.seed10086.subtreePrefetch.vllm.log,40,1,322,0.08528254537469371
/Users/jiangnanhugo/workspace/power-sharpening/Subtree-Prefetching-Power-Sharpening/case_studies/logs-entropycut/mbpp/2026-09-21/vllm/dataset-mbpp.model-qwen3.5-9b.alpha4.0.steps100.blocks-1.prefetch-budget-20.rank-accept_first.cut-entropy4.0.samples20.maxnew1024.seed10086.subtreePrefetch.vllm.log,40,2,452,0.08070981947040214
/Users/jiangnanhugo/workspace/power-sharpening/Subtree-Prefetching-Power-Sharpening/case_studies/logs-entropycut/mbpp/2026-09-21/vllm/dataset-mbpp.model-qwen3.5-9b.alpha4.0.steps100.blocks-1.prefetch-budget-20.rank-accept_first.cut-entropy4.0.samples20.maxnew1024.seed10086.subtreePrefetch.vllm.log,40,3,388,0.1871837613349664
/Users/jiangnanhugo/workspace/power-sharpening/Subtree-Prefetching-Power-Sharpening/case_studies/logs-entropycut/mbpp/2026-09-21/vllm/dataset-mbpp.model-qwen3.5-9b.alpha4.0.steps100.blocks-1.prefetch-budget-20.rank-accept_first.cut-entropy4.0.samples20.maxnew1024.seed10086.subtreePrefetch.vllm.log,40,4,33,0.05687188172122552
/Users/jiangnanhugo/workspace/power-sharpening/Subtree-Prefetching-Power-Sharpening/case_studies/logs-entropycut/mbpp/2026-09-21/vllm/dataset-mbpp.model-qwen3.5-9b.alpha4.0.steps100.blocks-1.prefetch-budget-20.rank-accept_first.cut-entropy4.0.samples20.maxnew1024.seed10086.subtreePrefetch.vllm.log,40,5,388,0.1871837613349664
/Users/jiangnanhugo/workspace/power-sharpening/Subtree-Prefetching-Power-Sharpening/case_studies/logs-entropycut/mbpp/2026-09-21/vllm/dataset-mbpp.model-qwen3.5-9b.alpha4.0.steps100.blocks-1.prefetch-budget-20.rank-accept_first.cut-entropy4.0.samples20.maxnew1024.seed10086.subtreePrefetch.vllm.log,40,6,194,0.045433922278161995
/Users/jiangnanhugo/workspace/power-sharpening/Subtree-Prefetching-Power-Sharpening/case_studies/logs-entropycut/mbpp/2026-09-21/vllm/dataset-mbpp.model-qwen3.5-9b.alpha4.0.steps100.blocks-1.prefetch-budget-20.rank-accept_first.cut-entropy4.0.samples20.maxnew1024.seed10086.subtreePrefetch.vllm.log,40,7,36,0.10879426135374495
/Users/jiangnanhugo/workspace/power-sharpening/Subtree-Prefetching-Power-Sharpening/case_studies/logs-entropycut/mbpp/2026-09-21/vllm/dataset-mbpp.model-qwen3.5-9b.alpha4.0.steps100.blocks-1.prefetch-budget-20.rank-accept_first.cut-entropy4.0.samples20.maxnew1024.seed10086.subtreePrefetch.vllm.log,40,8,26,0.08789564206568645
/Users/jiangnanhugo/workspace/power-sharpening/Subtree-Prefetching-Power-Sharpening/case_studies/logs-entropycut/mbpp/2026-09-21/vllm/dataset-mbpp.model-qwen3.5-9b.alpha4.0.steps100.blocks-1.prefetch-budget-20.rank-accept_first.cut-entropy4.0.samples20.maxnew1024.seed10086.subtreePrefetch.vllm.log,40,9,388,0.1871837613349664
/Users/jiangnanhugo/workspace/power-sharpening/Subtree-Prefetching-Power-Sharpening/case_studies/logs-entropycut/mbpp/2026-09-21/vllm/dataset-mbpp.model-qwen3.5-9b.alpha4.0.steps100.blocks-1.prefetch-budget-20.rank-accept_first.cut-entropy4.0.samples20.maxnew1024.seed10086.subtreePrefetch.vllm.log,40,10,388,0.1871837613349664
/Users/jiangnanhugo/workspace/power-sharpening/Subtree-Prefetching-Power-Sharpening/case_studies/logs-entropycut/mbpp/2026-09-21/vllm/dataset-mbpp.model-qwen3.5-9b.alpha4.0.steps100.blocks-1.prefetch-budget-20.rank-accept_first.cut-entropy4.0.samples20.maxnew1024.seed10086.subtreePrefetch.vllm.log,40,11,320,0.06994071564453717
/Users/jiangnanhugo/workspace/power-sharpening/Subtree-Prefetching-Power-Sharpening/case_studies/logs-entropycut/mbpp/2026-09-21/vllm/dataset-mbpp.model-qwen3.5-9b.alpha4.0.steps100.blocks-1.prefetch-budget-20.rank-accept_first.cut-entropy4.0.samples20.maxnew1024.seed10086.subtreePrefetch.vllm.log,40,12,352,0.003276383846053503
/Users/jiangnanhugo/workspace/power-sharpening/Subtree-Prefetching-Power-Sharpening/case_studies/logs-entropycut/mbpp/2026-09-21/vllm/dataset-mbpp.model-qwen3.5-9b.alpha4.0.steps100.blocks-1.prefetch-budget-20.rank-accept_first.cut-entropy4.0.samples20.maxnew1024.seed10086.subtreePrefetch.vllm.log,40,13,69,0.04289238685779015
/Users/jiangnanhugo/workspace/power-sharpening/Subtree-Prefetching-Power-Sharpening/case_studies/logs-entropycut/mbpp/2026-09-21/vllm/dataset-mbpp.model-qwen3.5-9b.alpha4.0.steps100.blocks-1.prefetch-budget-20.rank-accept_first.cut-entropy4.0.samples20.maxnew1024.seed10086.subtreePrefetch.vllm.log,40,14,26,0.08789564206568645
/Users/jiangnanhugo/workspace/power-sharpening/Subtree-Prefetching-Power-Sharpening/case_studies/logs-entropycut/mbpp/2026-09-21/vllm/dataset-mbpp.model-qwen3.5-9b.alpha4.0.steps100.blocks-1.prefetch-budget-20.rank-accept_first.cut-entropy4.0.samples20.maxnew1024.seed10086.subtreePrefetch.vllm.log,40,15,26,0.08789564206568645
/Users/jiangnanhugo/workspace/power-sharpening/Subtree-Prefetching-Power-Sharpening/case_studies/logs-entropycut/mbpp/2026-09-21/vllm/dataset-mbpp.model-qwen3.5-9b.alpha4.0.steps100.blocks-1.prefetch-budget-20.rank-accept_first.cut-entropy4.0.samples20.maxnew1024.seed10086.subtreePrefetch.vllm.log,40,16,388,0.1871837613349664
/Users/jiangnanhugo/workspace/power-sharpening/Subtree-Prefetching-Power-Sharpening/case_studies/logs-entropycut/mbpp/2026-09-21/vllm/dataset-mbpp.model-qwen3.5-9b.alpha4.0.steps100.blocks-1.prefetch-budget-20.rank-accept_first.cut-entropy4.0.samples20.maxnew1024.seed10086.subtreePrefetch.vllm.log,40,17,26,0.08789564206568645
/Users/jiangnanhugo/workspace/power-sharpening/Subtree-Prefetching-Power-Sharpening/case_studies/logs-entropycut/mbpp/2026-09-21/vllm/dataset-mbpp.model-qwen3.5-9b.alpha4.0.steps100.blocks-1.prefetch-budget-20.rank-accept_first.cut-entropy4.0.samples20.maxnew1024.seed10086.subtreePrefetch.vllm.log,40,18,26,0.08789564206568645
/Users/jiangnanhugo/workspace/power-sharpening/Subtree-Prefetching-Power-Sharpening/case_studies/logs-entropycut/mbpp/2026-09-21/vllm/dataset-mbpp.model-qwen3.5-9b.alpha4.0.steps100.blocks-1.prefetch-budget-20.rank-accept_first.cut-entropy4.0.samples20.maxnew1024.seed10086.subtreePrefetch.vllm.log,40,19,165,0.006916437609730822
/Users/jiangnanhugo/workspace/power-sharpening/Subtree-Prefetching-Power-Sharpening/case_studies/logs-entropycut/mbpp/2026-09-21/vllm/dataset-mbpp.model-qwen3.5-9b.alpha4.0.steps100.blocks-1.prefetch-budget-20.rank-accept_first.cut-entropy4.0.samples20.maxnew1024.seed10086.subtreePrefetch.vllm.log,41,0,26,0.08789564206568645
/Users/jiangnanhugo/workspace/power-sharpening/Subtree-Prefetching-Power-Sharpening/case_studies/logs-entropycut/mbpp/2026-09-21/vllm/dataset-mbpp.model-qwen3.5-9b.alpha4.0.steps100.blocks-1.prefetch-budget-20.rank-accept_first.cut-entropy4.0.samples20.maxnew1024.seed10086.subtreePrefetch.vllm.log,41,1,452,0.08070981947040214
/Users/jiangnanhugo/workspace/power-sharpening/Subtree-Prefetching-Power-Sharpening/case_studies/logs-entropycut/mbpp/2026-09-21/vllm/dataset-mbpp.model-qwen3.5-9b.alpha4.0.steps100.blocks-1.prefetch-budget-20.rank-accept_first.cut-entropy4.0.samples20.maxnew1024.seed10086.subtreePrefetch.vllm.log,41,2,78,0.0011499132170509619
/Users/jiangnanhugo/workspace/power-sharpening/Subtree-Prefetching-Power-Sharpening/case_studies/logs-entropycut/mbpp/2026-09-21/vllm/dataset-mbpp.model-qwen3.5-9b.alpha4.0.steps100.blocks-1.prefetch-budget-20.rank-accept_first.cut-entropy4.0.samples20.maxnew1024.seed10086.subtreePrefetch.vllm.log,41,3,36,0.10879426135374495
/Users/jiangnanhugo/workspace/power-sharpening/Subtree-Prefetching-Power-Sharpening/case_studies/logs-entropycut/mbpp/2026-09-21/vllm/dataset-mbpp.model-qwen3.5-9b.alpha4.0.steps100.blocks-1.prefetch-budget-20.rank-accept_first.cut-entropy4.0.samples20.maxnew1024.seed10086.subtreePrefetch.vllm.log,41,4,33,0.05687188172122552
/Users/jiangnanhugo/workspace/power-sharpening/Subtree-Prefetching-Power-Sharpening/case_studies/logs-entropycut/mbpp/2026-09-21/vllm/dataset-mbpp.model-qwen3.5-9b.alpha4.0.steps100.blocks-1.prefetch-budget-20.rank-accept_first.cut-entropy4.0.samples20.maxnew1024.seed10086.subtreePrefetch.vllm.log,41,5,452,0.08070981947040214
/Users/jiangnanhugo/workspace/power-sharpening/Subtree-Prefetching-Power-Sharpening/case_studies/logs-entropycut/mbpp/2026-09-21/vllm/dataset-mbpp.model-qwen3.5-9b.alpha4.0.steps100.blocks-1.prefetch-budget-20.rank-accept_first.cut-entropy4.0.samples20.maxnew1024.seed10086.subtreePrefetch.vllm.log,41,6,322,0.08528254537469371
/Users/jiangnanhugo/workspace/power-sharpening/Subtree-Prefetching-Power-Sharpening/case_studies/logs-entropycut/mbpp/2026-09-21/vllm/dataset-mbpp.model-qwen3.5-9b.alpha4.0.steps100.blocks-1.prefetch-budget-20.rank-accept_first.cut-entropy4.0.samples20.maxnew1024.seed10086.subtreePrefetch.vllm.log,41,7,388,0.1871837613349664
/Users/jiangnanhugo/workspace/power-sharpening/Subtree-Prefetching-Power-Sharpening/case_studies/logs-entropycut/mbpp/2026-09-21/vllm/dataset-mbpp.model-qwen3.5-9b.alpha4.0.steps100.blocks-1.prefetch-budget-20.rank-accept_first.cut-entropy4.0.samples20.maxnew1024.seed10086.subtreePrefetch.vllm.log,41,8,141,0.0532732317637942
/Users/jiangnanhugo/workspace/power-sharpening/Subtree-Prefetching-Power-Sharpening/case_studies/logs-entropycut/mbpp/2026-09-21/vllm/dataset-mbpp.model-qwen3.5-9b.alpha4.0.steps100.blocks-1.prefetch-budget-20.rank-accept_first.cut-entropy4.0.samples20.maxnew1024.seed10086.subtreePrefetch.vllm.log,41,9,33,0.05687188172122552
/Users/jiangnanhugo/workspace/power-sharpening/Subtree-Prefetching-Power-Sharpening/case_studies/logs-entropycut/mbpp/2026-09-21/vllm/dataset-mbpp.model-qwen3.5-9b.alpha4.0.steps100.blocks-1.prefetch-budget-20.rank-accept_first.cut-entropy4.0.samples20.maxnew1024.seed10086.subtreePrefetch.vllm.log,41,10,54,0.0010212097144496413
/Users/jiangnanhugo/workspace/power-sharpening/Subtree-Prefetching-Power-Sharpening/case_studies/logs-entropycut/mbpp/2026-09-21/vllm/dataset-mbpp.model-qwen3.5-9b.alpha4.0.steps100.blocks-1.prefetch-budget-20.rank-accept_first.cut-entropy4.0.samples20.maxnew1024.seed10086.subtreePrefetch.vllm.log,41,11,45,0.008575690061346983
/Users/jiangnanhugo/workspace/power-sharpening/Subtree-Prefetching-Power-Sharpening/case_studies/logs-entropycut/mbpp/2026-09-21/vllm/dataset-mbpp.model-qwen3.5-9b.alpha4.0.steps100.blocks-1.prefetch-budget-20.rank-accept_first.cut-entropy4.0.samples20.maxnew1024.seed10086.subtreePrefetch.vllm.log,41,12,388,0.1871837613349664
/Users/jiangnanhugo/workspace/power-sharpening/Subtree-Prefetching-Power-Sharpening/case_studies/logs-entropycut/mbpp/2026-09-21/vllm/dataset-mbpp.model-qwen3.5-9b.alpha4.0.steps100.blocks-1.prefetch-budget-20.rank-accept_first.cut-entropy4.0.samples20.maxnew1024.seed10086.subtreePrefetch.vllm.log,41,13,26,0.08789564206568645
/Users/jiangnanhugo/workspace/power-sharpening/Subtree-Prefetching-Power-Sharpening/case_studies/logs-entropycut/mbpp/2026-09-21/vllm/dataset-mbpp.model-qwen3.5-9b.alpha4.0.steps100.blocks-1.prefetch-budget-20.rank-accept_first.cut-entropy4.0.samples20.maxnew1024.seed10086.subtreePrefetch.vllm.log,41,14,452,0.08070981947040214
/Users/jiangnanhugo/workspace/power-sharpening/Subtree-Prefetching-Power-Sharpening/case_studies/logs-entropycut/mbpp/2026-09-21/vllm/dataset-mbpp.model-qwen3.5-9b.alpha4.0.steps100.blocks-1.prefetch-budget-20.rank-accept_first.cut-entropy4.0.samples20.maxnew1024.seed10086.subtreePrefetch.vllm.log,41,15,194,0.045433922278161995
/Users/jiangnanhugo/workspace/power-sharpening/Subtree-Prefetching-Power-Sharpening/case_studies/logs-entropycut/mbpp/2026-09-21/vllm/dataset-mbpp.model-qwen3.5-9b.alpha4.0.steps100.blocks-1.prefetch-budget-20.rank-accept_first.cut-entropy4.0.samples20.maxnew1024.seed10086.subtreePrefetch.vllm.log,41,16,45,0.008575690061346983
/Users/jiangnanhugo/workspace/power-sharpening/Subtree-Prefetching-Power-Sharpening/case_studies/logs-entropycut/mbpp/2026-09-21/vllm/dataset-mbpp.model-qwen3.5-9b.alpha4.0.steps100.blocks-1.prefetch-budget-20.rank-accept_first.cut-entropy4.0.samples20.maxnew1024.seed10086.subtreePrefetch.vllm.log,41,17,141,0.0532732317637942
/Users/jiangnanhugo/workspace/power-sharpening/Subtree-Prefetching-Power-Sharpening/case_studies/logs-entropycut/mbpp/2026-09-21/vllm/dataset-mbpp.model-qwen3.5-9b.alpha4.0.steps100.blocks-1.prefetch-budget-20.rank-accept_first.cut-entropy4.0.samples20.maxnew1024.seed10086.subtreePrefetch.vllm.log,41,18,26,0.08789564206568645
/Users/jiangnanhugo/workspace/power-sharpening/Subtree-Prefetching-Power-Sharpening/case_studies/logs-entropycut/mbpp/2026-09-21/vllm/dataset-mbpp.model-qwen3.5-9b.alpha4.0.steps100.blocks-1.prefetch-budget-20.rank-accept_first.cut-entropy4.0.samples20.maxnew1024.seed10086.subtreePrefetch.vllm.log,41,19,33,0.05687188172122552
/Users/jiangnanhugo/workspace/power-sharpening/Subtree-Prefetching-Power-Sharpening/case_studies/logs-entropycut/mbpp/2026-09-21/vllm/dataset-mbpp.model-qwen3.5-9b.alpha4.0.steps100.blocks-1.prefetch-budget-20.rank-accept_first.cut-entropy4.0.samples20.maxnew1024.seed10086.subtreePrefetch.vllm.log,42,0,33,0.056871881723358594
/Users/jiangnanhugo/workspace/power-sharpening/Subtree-Prefetching-Power-Sharpening/case_studies/logs-entropycut/mbpp/2026-09-21/vllm/dataset-mbpp.model-qwen3.5-9b.alpha4.0.steps100.blocks-1.prefetch-budget-20.rank-accept_first.cut-entropy4.0.samples20.maxnew1024.seed10086.subtreePrefetch.vllm.log,42,1,26,0.08789564206898312
/Users/jiangnanhugo/workspace/power-sharpening/Subtree-Prefetching-Power-Sharpening/case_studies/logs-entropycut/mbpp/2026-09-21/vllm/dataset-mbpp.model-qwen3.5-9b.alpha4.0.steps100.blocks-1.prefetch-budget-20.rank-accept_first.cut-entropy4.0.samples20.maxnew1024.seed10086.subtreePrefetch.vllm.log,42,2,33,0.056871881723358594
/Users/jiangnanhugo/workspace/power-sharpening/Subtree-Prefetching-Power-Sharpening/case_studies/logs-entropycut/mbpp/2026-09-21/vllm/dataset-mbpp.model-qwen3.5-9b.alpha4.0.steps100.blocks-1.prefetch-budget-20.rank-accept_first.cut-entropy4.0.samples20.maxnew1024.seed10086.subtreePrefetch.vllm.log,42,3,33,0.056871881723358594
/Users/jiangnanhugo/workspace/power-sharpening/Subtree-Prefetching-Power-Sharpening/case_studies/logs-entropycut/mbpp/2026-09-21/vllm/dataset-mbpp.model-qwen3.5-9b.alpha4.0.steps100.blocks-1.prefetch-budget-20.rank-accept_first.cut-entropy4.0.samples20.maxnew1024.seed10086.subtreePrefetch.vllm.log,42,4,22,0.0015770947212969467
/Users/jiangnanhugo/workspace/power-sharpening/Subtree-Prefetching-Power-Sharpening/case_studies/logs-entropycut/mbpp/2026-09-21/vllm/dataset-mbpp.model-qwen3.5-9b.alpha4.0.steps100.blocks-1.prefetch-budget-20.rank-accept_first.cut-entropy4.0.samples20.maxnew1024.seed10086.subtreePrefetch.vllm.log,42,5,141,0.0532732317657923
/Users/jiangnanhugo/workspace/power-sharpening/Subtree-Prefetching-Power-Sharpening/case_studies/logs-entropycut/mbpp/2026-09-21/vllm/dataset-mbpp.model-qwen3.5-9b.alpha4.0.steps100.blocks-1.prefetch-budget-20.rank-accept_first.cut-entropy4.0.samples20.maxnew1024.seed10086.subtreePrefetch.vllm.log,42,6,322,0.08528254537789237
/Users/jiangnanhugo/workspace/power-sharpening/Subtree-Prefetching-Power-Sharpening/case_studies/logs-entropycut/mbpp/2026-09-21/vllm/dataset-mbpp.model-qwen3.5-9b.alpha4.0.steps100.blocks-1.prefetch-budget-20.rank-accept_first.cut-entropy4.0.samples20.maxnew1024.seed10086.subtreePrefetch.vllm.log,42,7,26,0.08789564206898312
/Users/jiangnanhugo/workspace/power-sharpening/Subtree-Prefetching-Power-Sharpening/case_studies/logs-entropycut/mbpp/2026-09-21/vllm/dataset-mbpp.model-qwen3.5-9b.alpha4.0.steps100.blocks-1.prefetch-budget-20.rank-accept_first.cut-entropy4.0.samples20.maxnew1024.seed10086.subtreePrefetch.vllm.log,42,8,26,0.08789564206898312
/Users/jiangnanhugo/workspace/power-sharpening/Subtree-Prefetching-Power-Sharpening/case_studies/logs-entropycut/mbpp/2026-09-21/vllm/dataset-mbpp.model-qwen3.5-9b.alpha4.0.steps100.blocks-1.prefetch-budget-20.rank-accept_first.cut-entropy4.0.samples20.maxnew1024.seed10086.subtreePrefetch.vllm.log,42,9,36,0.10879426135782545
/Users/jiangnanhugo/workspace/power-sharpening/Subtree-Prefetching-Power-Sharpening/case_studies/logs-entropycut/mbpp/2026-09-21/vllm/dataset-mbpp.model-qwen3.5-9b.alpha4.0.steps100.blocks-1.prefetch-budget-20.rank-accept_first.cut-entropy4.0.samples20.maxnew1024.seed10086.subtreePrefetch.vllm.log,42,10,26,0.08789564206898312
/Users/jiangnanhugo/workspace/power-sharpening/Subtree-Prefetching-Power-Sharpening/case_studies/logs-entropycut/mbpp/2026-09-21/vllm/dataset-mbpp.model-qwen3.5-9b.alpha4.0.steps100.blocks-1.prefetch-budget-20.rank-accept_first.cut-entropy4.0.samples20.maxnew1024.seed10086.subtreePrefetch.vllm.log,42,11,36,0.10879426135782545
/Users/jiangnanhugo/workspace/power-sharpening/Subtree-Prefetching-Power-Sharpening/case_studies/logs-entropycut/mbpp/2026-09-21/vllm/dataset-mbpp.model-qwen3.5-9b.alpha4.0.steps100.blocks-1.prefetch-budget-20.rank-accept_first.cut-entropy4.0.samples20.maxnew1024.seed10086.subtreePrefetch.vllm.log,42,12,26,0.08789564206898312
/Users/jiangnanhugo/workspace/power-sharpening/Subtree-Prefetching-Power-Sharpening/case_studies/logs-entropycut/mbpp/2026-09-21/vllm/dataset-mbpp.model-qwen3.5-9b.alpha4.0.steps100.blocks-1.prefetch-budget-20.rank-accept_first.cut-entropy4.0.samples20.maxnew1024.seed10086.subtreePrefetch.vllm.log,42,13,388,0.18718376134198703
/Users/jiangnanhugo/workspace/power-sharpening/Subtree-Prefetching-Power-Sharpening/case_studies/logs-entropycut/mbpp/2026-09-21/vllm/dataset-mbpp.model-qwen3.5-9b.alpha4.0.steps100.blocks-1.prefetch-budget-20.rank-accept_first.cut-entropy4.0.samples20.maxnew1024.seed10086.subtreePrefetch.vllm.log,42,14,26,0.08789564206898312
/Users/jiangnanhugo/workspace/power-sharpening/Subtree-Prefetching-Power-Sharpening/case_studies/logs-entropycut/mbpp/2026-09-21/vllm/dataset-mbpp.model-qwen3.5-9b.alpha4.0.steps100.blocks-1.prefetch-budget-20.rank-accept_first.cut-entropy4.0.samples20.maxnew1024.seed10086.subtreePrefetch.vllm.log,42,15,36,0.10879426135782545
/Users/jiangnanhugo/workspace/power-sharpening/Subtree-Prefetching-Power-Sharpening/case_studies/logs-entropycut/mbpp/2026-09-21/vllm/dataset-mbpp.model-qwen3.5-9b.alpha4.0.steps100.blocks-1.prefetch-budget-20.rank-accept_first.cut-entropy4.0.samples20.maxnew1024.seed10086.subtreePrefetch.vllm.log,42,16,33,0.056871881723358594
/Users/jiangnanhugo/workspace/power-sharpening/Subtree-Prefetching-Power-Sharpening/case_studies/logs-entropycut/mbpp/2026-09-21/vllm/dataset-mbpp.model-qwen3.5-9b.alpha4.0.steps100.blocks-1.prefetch-budget-20.rank-accept_first.cut-entropy4.0.samples20.maxnew1024.seed10086.subtreePrefetch.vllm.log,42,17,36,0.10879426135782545
/Users/jiangnanhugo/workspace/power-sharpening/Subtree-Prefetching-Power-Sharpening/case_studies/logs-entropycut/mbpp/2026-09-21/vllm/dataset-mbpp.model-qwen3.5-9b.alpha4.0.steps100.blocks-1.prefetch-budget-20.rank-accept_first.cut-entropy4.0.samples20.maxnew1024.seed10086.subtreePrefetch.vllm.log,42,18,194,0.04543392227986607
/Users/jiangnanhugo/workspace/power-sharpening/Subtree-Prefetching-Power-Sharpening/case_studies/logs-entropycut/mbpp/2026-09-21/vllm/dataset-mbpp.model-qwen3.5-9b.alpha4.0.steps100.blocks-1.prefetch-budget-20.rank-accept_first.cut-entropy4.0.samples20.maxnew1024.seed10086.subtreePrefetch.vllm.log,42,19,26,0.08789564206898312
/Users/jiangnanhugo/workspace/power-sharpening/Subtree-Prefetching-Power-Sharpening/case_studies/logs-entropycut/mbpp/2026-09-21/vllm/dataset-mbpp.model-qwen3.5-9b.alpha4.0.steps100.blocks-1.prefetch-budget-20.rank-accept_first.cut-entropy4.0.samples20.maxnew1024.seed10086.subtreePrefetch.vllm.log,43,0,26,0.08789527371070328
/Users/jiangnanhugo/workspace/power-sharpening/Subtree-Prefetching-Power-Sharpening/case_studies/logs-entropycut/mbpp/2026-09-21/vllm/dataset-mbpp.model-qwen3.5-9b.alpha4.0.steps100.blocks-1.prefetch-budget-20.rank-accept_first.cut-entropy4.0.samples20.maxnew1024.seed10086.subtreePrefetch.vllm.log,43,1,275,0.007527989989159044
/Users/jiangnanhugo/workspace/power-sharpening/Subtree-Prefetching-Power-Sharpening/case_studies/logs-entropycut/mbpp/2026-09-21/vllm/dataset-mbpp.model-qwen3.5-9b.alpha4.0.steps100.blocks-1.prefetch-budget-20.rank-accept_first.cut-entropy4.0.samples20.maxnew1024.seed10086.subtreePrefetch.vllm.log,43,2,320,0.06994042253545317
/Users/jiangnanhugo/workspace/power-sharpening/Subtree-Prefetching-Power-Sharpening/case_studies/logs-entropycut/mbpp/2026-09-21/vllm/dataset-mbpp.model-qwen3.5-9b.alpha4.0.steps100.blocks-1.prefetch-budget-20.rank-accept_first.cut-entropy4.0.samples20.maxnew1024.seed10086.subtreePrefetch.vllm.log,43,3,141,0.05327300850516693
/Users/jiangnanhugo/workspace/power-sharpening/Subtree-Prefetching-Power-Sharpening/case_studies/logs-entropycut/mbpp/2026-09-21/vllm/dataset-mbpp.model-qwen3.5-9b.alpha4.0.steps100.blocks-1.prefetch-budget-20.rank-accept_first.cut-entropy4.0.samples20.maxnew1024.seed10086.subtreePrefetch.vllm.log,43,4,194,0.045433731872684735
/Users/jiangnanhugo/workspace/power-sharpening/Subtree-Prefetching-Power-Sharpening/case_studies/logs-entropycut/mbpp/2026-09-21/vllm/dataset-mbpp.model-qwen3.5-9b.alpha4.0.steps100.blocks-1.prefetch-budget-20.rank-accept_first.cut-entropy4.0.samples20.maxnew1024.seed10086.subtreePrefetch.vllm.log,43,5,36,0.10879380541637003
/Users/jiangnanhugo/workspace/power-sharpening/Subtree-Prefetching-Power-Sharpening/case_studies/logs-entropycut/mbpp/2026-09-21/vllm/dataset-mbpp.model-qwen3.5-9b.alpha4.0.steps100.blocks-1.prefetch-budget-20.rank-accept_first.cut-entropy4.0.samples20.maxnew1024.seed10086.subtreePrefetch.vllm.log,43,6,36,0.10879380541637003
/Users/jiangnanhugo/workspace/power-sharpening/Subtree-Prefetching-Power-Sharpening/case_studies/logs-entropycut/mbpp/2026-09-21/vllm/dataset-mbpp.model-qwen3.5-9b.alpha4.0.steps100.blocks-1.prefetch-budget-20.rank-accept_first.cut-entropy4.0.samples20.maxnew1024.seed10086.subtreePrefetch.vllm.log,43,7,194,0.045433731872684735
/Users/jiangnanhugo/workspace/power-sharpening/Subtree-Prefetching-Power-Sharpening/case_studies/logs-entropycut/mbpp/2026-09-21/vllm/dataset-mbpp.model-qwen3.5-9b.alpha4.0.steps100.blocks-1.prefetch-budget-20.rank-accept_first.cut-entropy4.0.samples20.maxnew1024.seed10086.subtreePrefetch.vllm.log,43,8,56,0.010931911204172863
/Users/jiangnanhugo/workspace/power-sharpening/Subtree-Prefetching-Power-Sharpening/case_studies/logs-entropycut/mbpp/2026-09-21/vllm/dataset-mbpp.model-qwen3.5-9b.alpha4.0.steps100.blocks-1.prefetch-budget-20.rank-accept_first.cut-entropy4.0.samples20.maxnew1024.seed10086.subtreePrefetch.vllm.log,43,9,36,0.10879380541637003
/Users/jiangnanhugo/workspace/power-sharpening/Subtree-Prefetching-Power-Sharpening/case_studies/logs-entropycut/mbpp/2026-09-21/vllm/dataset-mbpp.model-qwen3.5-9b.alpha4.0.steps100.blocks-1.prefetch-budget-20.rank-accept_first.cut-entropy4.0.samples20.maxnew1024.seed10086.subtreePrefetch.vllm.log,43,10,26,0.08789527371070328
/Users/jiangnanhugo/workspace/power-sharpening/Subtree-Prefetching-Power-Sharpening/case_studies/logs-entropycut/mbpp/2026-09-21/vllm/dataset-mbpp.model-qwen3.5-9b.alpha4.0.steps100.blocks-1.prefetch-budget-20.rank-accept_first.cut-entropy4.0.samples20.maxnew1024.seed10086.subtreePrefetch.vllm.log,43,11,36,0.10879380541637003
/Users/jiangnanhugo/workspace/power-sharpening/Subtree-Prefetching-Power-Sharpening/case_studies/logs-entropycut/mbpp/2026-09-21/vllm/dataset-mbpp.model-qwen3.5-9b.alpha4.0.steps100.blocks-1.prefetch-budget-20.rank-accept_first.cut-entropy4.0.samples20.maxnew1024.seed10086.subtreePrefetch.vllm.log,43,12,33,0.056871643381297146
/Users/jiangnanhugo/workspace/power-sharpening/Subtree-Prefetching-Power-Sharpening/case_studies/logs-entropycut/mbpp/2026-09-21/vllm/dataset-mbpp.model-qwen3.5-9b.alpha4.0.steps100.blocks-1.prefetch-budget-20.rank-accept_first.cut-entropy4.0.samples20.maxnew1024.seed10086.subtreePrefetch.vllm.log,43,13,69,0.042892207103435234
/Users/jiangnanhugo/workspace/power-sharpening/Subtree-Prefetching-Power-Sharpening/case_studies/logs-entropycut/mbpp/2026-09-21/vllm/dataset-mbpp.model-qwen3.5-9b.alpha4.0.steps100.blocks-1.prefetch-budget-20.rank-accept_first.cut-entropy4.0.samples20.maxnew1024.seed10086.subtreePrefetch.vllm.log,43,14,452,0.08070948122992179
/Users/jiangnanhugo/workspace/power-sharpening/Subtree-Prefetching-Power-Sharpening/case_studies/logs-entropycut/mbpp/2026-09-21/vllm/dataset-mbpp.model-qwen3.5-9b.alpha4.0.steps100.blocks-1.prefetch-budget-20.rank-accept_first.cut-entropy4.0.samples20.maxnew1024.seed10086.subtreePrefetch.vllm.log,43,15,320,0.06994042253545317
/Users/jiangnanhugo/workspace/power-sharpening/Subtree-Prefetching-Power-Sharpening/case_studies/logs-entropycut/mbpp/2026-09-21/vllm/dataset-mbpp.model-qwen3.5-9b.alpha4.0.steps100.blocks-1.prefetch-budget-20.rank-accept_first.cut-entropy4.0.samples20.maxnew1024.seed10086.subtreePrefetch.vllm.log,43,16,32,0.0016716798176383513
/Users/jiangnanhugo/workspace/power-sharpening/Subtree-Prefetching-Power-Sharpening/case_studies/logs-entropycut/mbpp/2026-09-21/vllm/dataset-mbpp.model-qwen3.5-9b.alpha4.0.steps100.blocks-1.prefetch-budget-20.rank-accept_first.cut-entropy4.0.samples20.maxnew1024.seed10086.subtreePrefetch.vllm.log,43,17,26,0.08789527371070328
/Users/jiangnanhugo/workspace/power-sharpening/Subtree-Prefetching-Power-Sharpening/case_studies/logs-entropycut/mbpp/2026-09-21/vllm/dataset-mbpp.model-qwen3.5-9b.alpha4.0.steps100.blocks-1.prefetch-budget-20.rank-accept_first.cut-entropy4.0.samples20.maxnew1024.seed10086.subtreePrefetch.vllm.log,43,18,322,0.08528218797073342
/Users/jiangnanhugo/workspace/power-sharpening/Subtree-Prefetching-Power-Sharpening/case_studies/logs-entropycut/mbpp/2026-09-21/vllm/dataset-mbpp.model-qwen3.5-9b.alpha4.0.steps100.blocks-1.prefetch-budget-20.rank-accept_first.cut-entropy4.0.samples20.maxnew1024.seed10086.subtreePrefetch.vllm.log,43,19,26,0.08789527371070328
/Users/jiangnanhugo/workspace/power-sharpening/Subtree-Prefetching-Power-Sharpening/case_studies/logs-entropycut/mbpp/2026-09-21/vllm/dataset-mbpp.model-qwen3.5-9b.alpha4.0.steps100.blocks-1.prefetch-budget-20.rank-accept_first.cut-entropy4.0.samples20.maxnew1024.seed10086.subtreePrefetch.vllm.log,44,0,388,0.18718297688115687
/Users/jiangnanhugo/workspace/power-sharpening/Subtree-Prefetching-Power-Sharpening/case_studies/logs-entropycut/mbpp/2026-09-21/vllm/dataset-mbpp.model-qwen3.5-9b.alpha4.0.steps100.blocks-1.prefetch-budget-20.rank-accept_first.cut-entropy4.0.samples20.maxnew1024.seed10086.subtreePrefetch.vllm.log,44,1,56,0.010931911204172863
/Users/jiangnanhugo/workspace/power-sharpening/Subtree-Prefetching-Power-Sharpening/case_studies/logs-entropycut/mbpp/2026-09-21/vllm/dataset-mbpp.model-qwen3.5-9b.alpha4.0.steps100.blocks-1.prefetch-budget-20.rank-accept_first.cut-entropy4.0.samples20.maxnew1024.seed10086.subtreePrefetch.vllm.log,44,2,141,0.05327300850516693
/Users/jiangnanhugo/workspace/power-sharpening/Subtree-Prefetching-Power-Sharpening/case_studies/logs-entropycut/mbpp/2026-09-21/vllm/dataset-mbpp.model-qwen3.5-9b.alpha4.0.steps100.blocks-1.prefetch-budget-20.rank-accept_first.cut-entropy4.0.samples20.maxnew1024.seed10086.subtreePrefetch.vllm.log,44,3,36,0.10879380541637003
/Users/jiangnanhugo/workspace/power-sharpening/Subtree-Prefetching-Power-Sharpening/case_studies/logs-entropycut/mbpp/2026-09-21/vllm/dataset-mbpp.model-qwen3.5-9b.alpha4.0.steps100.blocks-1.prefetch-budget-20.rank-accept_first.cut-entropy4.0.samples20.maxnew1024.seed10086.subtreePrefetch.vllm.log,44,4,388,0.18718297688115687
/Users/jiangnanhugo/workspace/power-sharpening/Subtree-Prefetching-Power-Sharpening/case_studies/logs-entropycut/mbpp/2026-09-21/vllm/dataset-mbpp.model-qwen3.5-9b.alpha4.0.steps100.blocks-1.prefetch-budget-20.rank-accept_first.cut-entropy4.0.samples20.maxnew1024.seed10086.subtreePrefetch.vllm.log,44,5,388,0.18718297688115687
/Users/jiangnanhugo/workspace/power-sharpening/Subtree-Prefetching-Power-Sharpening/case_studies/logs-entropycut/mbpp/2026-09-21/vllm/dataset-mbpp.model-qwen3.5-9b.alpha4.0.steps100.blocks-1.prefetch-budget-20.rank-accept_first.cut-entropy4.0.samples20.maxnew1024.seed10086.subtreePrefetch.vllm.log,44,6,36,0.10879380541637003
/Users/jiangnanhugo/workspace/power-sharpening/Subtree-Prefetching-Power-Sharpening/case_studies/logs-entropycut/mbpp/2026-09-21/vllm/dataset-mbpp.model-qwen3.5-9b.alpha4.0.steps100.blocks-1.prefetch-budget-20.rank-accept_first.cut-entropy4.0.samples20.maxnew1024.seed10086.subtreePrefetch.vllm.log,44,7,36,0.10879380541637003
/Users/jiangnanhugo/workspace/power-sharpening/Subtree-Prefetching-Power-Sharpening/case_studies/logs-entropycut/mbpp/2026-09-21/vllm/dataset-mbpp.model-qwen3.5-9b.alpha4.0.steps100.blocks-1.prefetch-budget-20.rank-accept_first.cut-entropy4.0.samples20.maxnew1024.seed10086.subtreePrefetch.vllm.log,44,8,322,0.08528218797073342
/Users/jiangnanhugo/workspace/power-sharpening/Subtree-Prefetching-Power-Sharpening/case_studies/logs-entropycut/mbpp/2026-09-21/vllm/dataset-mbpp.model-qwen3.5-9b.alpha4.0.steps100.blocks-1.prefetch-budget-20.rank-accept_first.cut-entropy4.0.samples20.maxnew1024.seed10086.subtreePrefetch.vllm.log,44,9,36,0.10879380541637003
/Users/jiangnanhugo/workspace/power-sharpening/Subtree-Prefetching-Power-Sharpening/case_studies/logs-entropycut/mbpp/2026-09-21/vllm/dataset-mbpp.model-qwen3.5-9b.alpha4.0.steps100.blocks-1.prefetch-budget-20.rank-accept_first.cut-entropy4.0.samples20.maxnew1024.seed10086.subtreePrefetch.vllm.log,44,10,36,0.10879380541637003
/Users/jiangnanhugo/workspace/power-sharpening/Subtree-Prefetching-Power-Sharpening/case_studies/logs-entropycut/mbpp/2026-09-21/vllm/dataset-mbpp.model-qwen3.5-9b.alpha4.0.steps100.blocks-1.prefetch-budget-20.rank-accept_first.cut-entropy4.0.samples20.maxnew1024.seed10086.subtreePrefetch.vllm.log,44,11,320,0.06994042253545317
/Users/jiangnanhugo/workspace/power-sharpening/Subtree-Prefetching-Power-Sharpening/case_studies/logs-entropycut/mbpp/2026-09-21/vllm/dataset-mbpp.model-qwen3.5-9b.alpha4.0.steps100.blocks-1.prefetch-budget-20.rank-accept_first.cut-entropy4.0.samples20.maxnew1024.seed10086.subtreePrefetch.vllm.log,44,12,44,0.0042668754224710875
/Users/jiangnanhugo/workspace/power-sharpening/Subtree-Prefetching-Power-Sharpening/case_studies/logs-entropycut/mbpp/2026-09-21/vllm/dataset-mbpp.model-qwen3.5-9b.alpha4.0.steps100.blocks-1.prefetch-budget-20.rank-accept_first.cut-entropy4.0.samples20.maxnew1024.seed10086.subtreePrefetch.vllm.log,44,13,322,0.08528218797073342
/Users/jiangnanhugo/workspace/power-sharpening/Subtree-Prefetching-Power-Sharpening/case_studies/logs-entropycut/mbpp/2026-09-21/vllm/dataset-mbpp.model-qwen3.5-9b.alpha4.0.steps100.blocks-1.prefetch-budget-20.rank-accept_first.cut-entropy4.0.samples20.maxnew1024.seed10086.subtreePrefetch.vllm.log,44,14,26,0.08789527371070328
/Users/jiangnanhugo/workspace/power-sharpening/Subtree-Prefetching-Power-Sharpening/case_studies/logs-entropycut/mbpp/2026-09-21/vllm/dataset-mbpp.model-qwen3.5-9b.alpha4.0.steps100.blocks-1.prefetch-budget-20.rank-accept_first.cut-entropy4.0.samples20.maxnew1024.seed10086.subtreePrefetch.vllm.log,44,15,26,0.08789527371070328
/Users/jiangnanhugo/workspace/power-sharpening/Subtree-Prefetching-Power-Sharpening/case_studies/logs-entropycut/mbpp/2026-09-21/vllm/dataset-mbpp.model-qwen3.5-9b.alpha4.0.steps100.blocks-1.prefetch-budget-20.rank-accept_first.cut-entropy4.0.samples20.maxnew1024.seed10086.subtreePrefetch.vllm.log,44,16,388,0.18718297688115687
/Users/jiangnanhugo/workspace/power-sharpening/Subtree-Prefetching-Power-Sharpening/case_studies/logs-entropycut/mbpp/2026-09-21/vllm/dataset-mbpp.model-qwen3.5-9b.alpha4.0.steps100.blocks-1.prefetch-budget-20.rank-accept_first.cut-entropy4.0.samples20.maxnew1024.seed10086.subtreePrefetch.vllm.log,44,17,126,1.8165217028773943e-05
/Users/jiangnanhugo/workspace/power-sharpening/Subtree-Prefetching-Power-Sharpening/case_studies/logs-entropycut/mbpp/2026-09-21/vllm/dataset-mbpp.model-qwen3.5-9b.alpha4.0.steps100.blocks-1.prefetch-budget-20.rank-accept_first.cut-entropy4.0.samples20.maxnew1024.seed10086.subtreePrefetch.vllm.log,44,18,26,0.08789527371070328
/Users/jiangnanhugo/workspace/power-sharpening/Subtree-Prefetching-Power-Sharpening/case_studies/logs-entropycut/mbpp/2026-09-21/vllm/dataset-mbpp.model-qwen3.5-9b.alpha4.0.steps100.blocks-1.prefetch-budget-20.rank-accept_first.cut-entropy4.0.samples20.maxnew1024.seed10086.subtreePrefetch.vllm.log,44,19,56,0.010931911204172863
/Users/jiangnanhugo/workspace/power-sharpening/Subtree-Prefetching-Power-Sharpening/case_studies/logs-entropycut/mbpp/2026-09-21/vllm/dataset-mbpp.model-qwen3.5-9b.alpha4.0.steps100.blocks-1.prefetch-budget-20.rank-accept_first.cut-entropy4.0.samples20.maxnew1024.seed10086.subtreePrefetch.vllm.log,45,0,69,0.04378959779133858
/Users/jiangnanhugo/workspace/power-sharpening/Subtree-Prefetching-Power-Sharpening/case_studies/logs-entropycut/mbpp/2026-09-21/vllm/dataset-mbpp.model-qwen3.5-9b.alpha4.0.steps100.blocks-1.prefetch-budget-20.rank-accept_first.cut-entropy4.0.samples20.maxnew1024.seed10086.subtreePrefetch.vllm.log,45,1,36,0.11106998923798549
/Users/jiangnanhugo/workspace/power-sharpening/Subtree-Prefetching-Power-Sharpening/case_studies/logs-entropycut/mbpp/2026-09-21/vllm/dataset-mbpp.model-qwen3.5-9b.alpha4.0.steps100.blocks-1.prefetch-budget-20.rank-accept_first.cut-entropy4.0.samples20.maxnew1024.seed10086.subtreePrefetch.vllm.log,45,2,388,0.1907476194313098
/Users/jiangnanhugo/workspace/power-sharpening/Subtree-Prefetching-Power-Sharpening/case_studies/logs-entropycut/mbpp/2026-09-21/vllm/dataset-mbpp.model-qwen3.5-9b.alpha4.0.steps100.blocks-1.prefetch-budget-20.rank-accept_first.cut-entropy4.0.samples20.maxnew1024.seed10086.subtreePrefetch.vllm.log,45,3,26,0.0897342184856478
/Users/jiangnanhugo/workspace/power-sharpening/Subtree-Prefetching-Power-Sharpening/case_studies/logs-entropycut/mbpp/2026-09-21/vllm/dataset-mbpp.model-qwen3.5-9b.alpha4.0.steps100.blocks-1.prefetch-budget-20.rank-accept_first.cut-entropy4.0.samples20.maxnew1024.seed10086.subtreePrefetch.vllm.log,45,4,322,0.08706646177003692
/Users/jiangnanhugo/workspace/power-sharpening/Subtree-Prefetching-Power-Sharpening/case_studies/logs-entropycut/mbpp/2026-09-21/vllm/dataset-mbpp.model-qwen3.5-9b.alpha4.0.steps100.blocks-1.prefetch-budget-20.rank-accept_first.cut-entropy4.0.samples20.maxnew1024.seed10086.subtreePrefetch.vllm.log,45,5,141,0.05438758630327011
/Users/jiangnanhugo/workspace/power-sharpening/Subtree-Prefetching-Power-Sharpening/case_studies/logs-entropycut/mbpp/2026-09-21/vllm/dataset-mbpp.model-qwen3.5-9b.alpha4.0.steps100.blocks-1.prefetch-budget-20.rank-accept_first.cut-entropy4.0.samples20.maxnew1024.seed10086.subtreePrefetch.vllm.log,45,6,69,0.04378959779133858
/Users/jiangnanhugo/workspace/power-sharpening/Subtree-Prefetching-Power-Sharpening/case_studies/logs-entropycut/mbpp/2026-09-21/vllm/dataset-mbpp.model-qwen3.5-9b.alpha4.0.steps100.blocks-1.prefetch-budget-20.rank-accept_first.cut-entropy4.0.samples20.maxnew1024.seed10086.subtreePrefetch.vllm.log,45,7,221,0.009400055267548741
/Users/jiangnanhugo/workspace/power-sharpening/Subtree-Prefetching-Power-Sharpening/case_studies/logs-entropycut/mbpp/2026-09-21/vllm/dataset-mbpp.model-qwen3.5-9b.alpha4.0.steps100.blocks-1.prefetch-budget-20.rank-accept_first.cut-entropy4.0.samples20.maxnew1024.seed10086.subtreePrefetch.vllm.log,45,8,36,0.11106998923798549
/Users/jiangnanhugo/workspace/power-sharpening/Subtree-Prefetching-Power-Sharpening/case_studies/logs-entropycut/mbpp/2026-09-21/vllm/dataset-mbpp.model-qwen3.5-9b.alpha4.0.steps100.blocks-1.prefetch-budget-20.rank-accept_first.cut-entropy4.0.samples20.maxnew1024.seed10086.subtreePrefetch.vllm.log,45,9,452,0.0592741925561045
/Users/jiangnanhugo/workspace/power-sharpening/Subtree-Prefetching-Power-Sharpening/case_studies/logs-entropycut/mbpp/2026-09-21/vllm/dataset-mbpp.model-qwen3.5-9b.alpha4.0.steps100.blocks-1.prefetch-budget-20.rank-accept_first.cut-entropy4.0.samples20.maxnew1024.seed10086.subtreePrefetch.vllm.log,45,10,36,0.11106998923798549
/Users/jiangnanhugo/workspace/power-sharpening/Subtree-Prefetching-Power-Sharpening/case_studies/logs-entropycut/mbpp/2026-09-21/vllm/dataset-mbpp.model-qwen3.5-9b.alpha4.0.steps100.blocks-1.prefetch-budget-20.rank-accept_first.cut-entropy4.0.samples20.maxnew1024.seed10086.subtreePrefetch.vllm.log,45,11,33,0.05806151181248003
/Users/jiangnanhugo/workspace/power-sharpening/Subtree-Prefetching-Power-Sharpening/case_studies/logs-entropycut/mbpp/2026-09-21/vllm/dataset-mbpp.model-qwen3.5-9b.alpha4.0.steps100.blocks-1.prefetch-budget-20.rank-accept_first.cut-entropy4.0.samples20.maxnew1024.seed10086.subtreePrefetch.vllm.log,45,12,26,0.0897342184856478
/Users/jiangnanhugo/workspace/power-sharpening/Subtree-Prefetching-Power-Sharpening/case_studies/logs-entropycut/mbpp/2026-09-21/vllm/dataset-mbpp.model-qwen3.5-9b.alpha4.0.steps100.blocks-1.prefetch-budget-20.rank-accept_first.cut-entropy4.0.samples20.maxnew1024.seed10086.subtreePrefetch.vllm.log,45,13,141,0.05438758630327011
/Users/jiangnanhugo/workspace/power-sharpening/Subtree-Prefetching-Power-Sharpening/case_studies/logs-entropycut/mbpp/2026-09-21/vllm/dataset-mbpp.model-qwen3.5-9b.alpha4.0.steps100.blocks-1.prefetch-budget-20.rank-accept_first.cut-entropy4.0.samples20.maxnew1024.seed10086.subtreePrefetch.vllm.log,45,14,45,0.008755073943882438
/Users/jiangnanhugo/workspace/power-sharpening/Subtree-Prefetching-Power-Sharpening/case_studies/logs-entropycut/mbpp/2026-09-21/vllm/dataset-mbpp.model-qwen3.5-9b.alpha4.0.steps100.blocks-1.prefetch-budget-20.rank-accept_first.cut-entropy4.0.samples20.maxnew1024.seed10086.subtreePrefetch.vllm.log,45,15,388,0.1907476194313098
/Users/jiangnanhugo/workspace/power-sharpening/Subtree-Prefetching-Power-Sharpening/case_studies/logs-entropycut/mbpp/2026-09-21/vllm/dataset-mbpp.model-qwen3.5-9b.alpha4.0.steps100.blocks-1.prefetch-budget-20.rank-accept_first.cut-entropy4.0.samples20.maxnew1024.seed10086.subtreePrefetch.vllm.log,45,16,33,0.05806151181248003
/Users/jiangnanhugo/workspace/power-sharpening/Subtree-Prefetching-Power-Sharpening/case_studies/logs-entropycut/mbpp/2026-09-21/vllm/dataset-mbpp.model-qwen3.5-9b.alpha4.0.steps100.blocks-1.prefetch-budget-20.rank-accept_first.cut-entropy4.0.samples20.maxnew1024.seed10086.subtreePrefetch.vllm.log,45,17,388,0.1907476194313098
/Users/jiangnanhugo/workspace/power-sharpening/Subtree-Prefetching-Power-Sharpening/case_studies/logs-entropycut/mbpp/2026-09-21/vllm/dataset-mbpp.model-qwen3.5-9b.alpha4.0.steps100.blocks-1.prefetch-budget-20.rank-accept_first.cut-entropy4.0.samples20.maxnew1024.seed10086.subtreePrefetch.vllm.log,45,18,36,0.11106998923798549
/Users/jiangnanhugo/workspace/power-sharpening/Subtree-Prefetching-Power-Sharpening/case_studies/logs-entropycut/mbpp/2026-09-21/vllm/dataset-mbpp.model-qwen3.5-9b.alpha4.0.steps100.blocks-1.prefetch-budget-20.rank-accept_first.cut-entropy4.0.samples20.maxnew1024.seed10086.subtreePrefetch.vllm.log,45,19,141,0.05438758630327011
/Users/jiangnanhugo/workspace/power-sharpening/Subtree-Prefetching-Power-Sharpening/case_studies/logs-entropycut/mbpp/2026-09-21/vllm/dataset-mbpp.model-qwen3.5-9b.alpha4.0.steps100.blocks-1.prefetch-budget-20.rank-accept_first.cut-entropy4.0.samples20.maxnew1024.seed10086.subtreePrefetch.vllm.log,46,0,69,0.04289227050755084
/Users/jiangnanhugo/workspace/power-sharpening/Subtree-Prefetching-Power-Sharpening/case_studies/logs-entropycut/mbpp/2026-09-21/vllm/dataset-mbpp.model-qwen3.5-9b.alpha4.0.steps100.blocks-1.prefetch-budget-20.rank-accept_first.cut-entropy4.0.samples20.maxnew1024.seed10086.subtreePrefetch.vllm.log,46,1,388,0.18718325357876484
/Users/jiangnanhugo/workspace/power-sharpening/Subtree-Prefetching-Power-Sharpening/case_studies/logs-entropycut/mbpp/2026-09-21/vllm/dataset-mbpp.model-qwen3.5-9b.alpha4.0.steps100.blocks-1.prefetch-budget-20.rank-accept_first.cut-entropy4.0.samples20.maxnew1024.seed10086.subtreePrefetch.vllm.log,46,2,36,0.10879396623754202
/Users/jiangnanhugo/workspace/power-sharpening/Subtree-Prefetching-Power-Sharpening/case_studies/logs-entropycut/mbpp/2026-09-21/vllm/dataset-mbpp.model-qwen3.5-9b.alpha4.0.steps100.blocks-1.prefetch-budget-20.rank-accept_first.cut-entropy4.0.samples20.maxnew1024.seed10086.subtreePrefetch.vllm.log,46,3,36,0.10879396623754202
/Users/jiangnanhugo/workspace/power-sharpening/Subtree-Prefetching-Power-Sharpening/case_studies/logs-entropycut/mbpp/2026-09-21/vllm/dataset-mbpp.model-qwen3.5-9b.alpha4.0.steps100.blocks-1.prefetch-budget-20.rank-accept_first.cut-entropy4.0.samples20.maxnew1024.seed10086.subtreePrefetch.vllm.log,46,4,26,0.0878954036392491
/Users/jiangnanhugo/workspace/power-sharpening/Subtree-Prefetching-Power-Sharpening/case_studies/logs-entropycut/mbpp/2026-09-21/vllm/dataset-mbpp.model-qwen3.5-9b.alpha4.0.steps100.blocks-1.prefetch-budget-20.rank-accept_first.cut-entropy4.0.samples20.maxnew1024.seed10086.subtreePrefetch.vllm.log,46,5,388,0.18718325357876484
/Users/jiangnanhugo/workspace/power-sharpening/Subtree-Prefetching-Power-Sharpening/case_studies/logs-entropycut/mbpp/2026-09-21/vllm/dataset-mbpp.model-qwen3.5-9b.alpha4.0.steps100.blocks-1.prefetch-budget-20.rank-accept_first.cut-entropy4.0.samples20.maxnew1024.seed10086.subtreePrefetch.vllm.log,46,6,33,0.05687172745009414
/Users/jiangnanhugo/workspace/power-sharpening/Subtree-Prefetching-Power-Sharpening/case_studies/logs-entropycut/mbpp/2026-09-21/vllm/dataset-mbpp.model-qwen3.5-9b.alpha4.0.steps100.blocks-1.prefetch-budget-20.rank-accept_first.cut-entropy4.0.samples20.maxnew1024.seed10086.subtreePrefetch.vllm.log,46,7,320,0.06994052592278004
/Users/jiangnanhugo/workspace/power-sharpening/Subtree-Prefetching-Power-Sharpening/case_studies/logs-entropycut/mbpp/2026-09-21/vllm/dataset-mbpp.model-qwen3.5-9b.alpha4.0.steps100.blocks-1.prefetch-budget-20.rank-accept_first.cut-entropy4.0.samples20.maxnew1024.seed10086.subtreePrefetch.vllm.log,46,8,26,0.0878954036392491
/Users/jiangnanhugo/workspace/power-sharpening/Subtree-Prefetching-Power-Sharpening/case_studies/logs-entropycut/mbpp/2026-09-21/vllm/dataset-mbpp.model-qwen3.5-9b.alpha4.0.steps100.blocks-1.prefetch-budget-20.rank-accept_first.cut-entropy4.0.samples20.maxnew1024.seed10086.subtreePrefetch.vllm.log,46,9,452,0.0807096005362859
/Users/jiangnanhugo/workspace/power-sharpening/Subtree-Prefetching-Power-Sharpening/case_studies/logs-entropycut/mbpp/2026-09-21/vllm/dataset-mbpp.model-qwen3.5-9b.alpha4.0.steps100.blocks-1.prefetch-budget-20.rank-accept_first.cut-entropy4.0.samples20.maxnew1024.seed10086.subtreePrefetch.vllm.log,46,10,141,0.05327308725439012
/Users/jiangnanhugo/workspace/power-sharpening/Subtree-Prefetching-Power-Sharpening/case_studies/logs-entropycut/mbpp/2026-09-21/vllm/dataset-mbpp.model-qwen3.5-9b.alpha4.0.steps100.blocks-1.prefetch-budget-20.rank-accept_first.cut-entropy4.0.samples20.maxnew1024.seed10086.subtreePrefetch.vllm.log,46,11,56,0.010931927363941935
/Users/jiangnanhugo/workspace/power-sharpening/Subtree-Prefetching-Power-Sharpening/case_studies/logs-entropycut/mbpp/2026-09-21/vllm/dataset-mbpp.model-qwen3.5-9b.alpha4.0.steps100.blocks-1.prefetch-budget-20.rank-accept_first.cut-entropy4.0.samples20.maxnew1024.seed10086.subtreePrefetch.vllm.log,46,12,36,0.10879396623754202
/Users/jiangnanhugo/workspace/power-sharpening/Subtree-Prefetching-Power-Sharpening/case_studies/logs-entropycut/mbpp/2026-09-21/vllm/dataset-mbpp.model-qwen3.5-9b.alpha4.0.steps100.blocks-1.prefetch-budget-20.rank-accept_first.cut-entropy4.0.samples20.maxnew1024.seed10086.subtreePrefetch.vllm.log,46,13,69,0.04289227050755084
/Users/jiangnanhugo/workspace/power-sharpening/Subtree-Prefetching-Power-Sharpening/case_studies/logs-entropycut/mbpp/2026-09-21/vllm/dataset-mbpp.model-qwen3.5-9b.alpha4.0.steps100.blocks-1.prefetch-budget-20.rank-accept_first.cut-entropy4.0.samples20.maxnew1024.seed10086.subtreePrefetch.vllm.log,46,14,26,0.0878954036392491
/Users/jiangnanhugo/workspace/power-sharpening/Subtree-Prefetching-Power-Sharpening/case_studies/logs-entropycut/mbpp/2026-09-21/vllm/dataset-mbpp.model-qwen3.5-9b.alpha4.0.steps100.blocks-1.prefetch-budget-20.rank-accept_first.cut-entropy4.0.samples20.maxnew1024.seed10086.subtreePrefetch.vllm.log,46,15,26,0.0878954036392491
/Users/jiangnanhugo/workspace/power-sharpening/Subtree-Prefetching-Power-Sharpening/case_studies/logs-entropycut/mbpp/2026-09-21/vllm/dataset-mbpp.model-qwen3.5-9b.alpha4.0.steps100.blocks-1.prefetch-budget-20.rank-accept_first.cut-entropy4.0.samples20.maxnew1024.seed10086.subtreePrefetch.vllm.log,46,16,36,0.10879396623754202
/Users/jiangnanhugo/workspace/power-sharpening/Subtree-Prefetching-Power-Sharpening/case_studies/logs-entropycut/mbpp/2026-09-21/vllm/dataset-mbpp.model-qwen3.5-9b.alpha4.0.steps100.blocks-1.prefetch-budget-20.rank-accept_first.cut-entropy4.0.samples20.maxnew1024.seed10086.subtreePrefetch.vllm.log,46,17,36,0.10879396623754202
/Users/jiangnanhugo/workspace/power-sharpening/Subtree-Prefetching-Power-Sharpening/case_studies/logs-entropycut/mbpp/2026-09-21/vllm/dataset-mbpp.model-qwen3.5-9b.alpha4.0.steps100.blocks-1.prefetch-budget-20.rank-accept_first.cut-entropy4.0.samples20.maxnew1024.seed10086.subtreePrefetch.vllm.log,46,18,26,0.0878954036392491
/Users/jiangnanhugo/workspace/power-sharpening/Subtree-Prefetching-Power-Sharpening/case_studies/logs-entropycut/mbpp/2026-09-21/vllm/dataset-mbpp.model-qwen3.5-9b.alpha4.0.steps100.blocks-1.prefetch-budget-20.rank-accept_first.cut-entropy4.0.samples20.maxnew1024.seed10086.subtreePrefetch.vllm.log,46,19,452,0.0807096005362859
/Users/jiangnanhugo/workspace/power-sharpening/Subtree-Prefetching-Power-Sharpening/case_studies/logs-entropycut/mbpp/2026-09-21/vllm/dataset-mbpp.model-qwen3.5-9b.alpha4.0.steps100.blocks-1.prefetch-budget-20.rank-accept_first.cut-entropy4.0.samples20.maxnew1024.seed10086.subtreePrefetch.vllm.log,47,0,26,0.08973488723463631
/Users/jiangnanhugo/workspace/power-sharpening/Subtree-Prefetching-Power-Sharpening/case_studies/logs-entropycut/mbpp/2026-09-21/vllm/dataset-mbpp.model-qwen3.5-9b.alpha4.0.steps100.blocks-1.prefetch-budget-20.rank-accept_first.cut-entropy4.0.samples20.maxnew1024.seed10086.subtreePrefetch.vllm.log,47,1,388,0.19074904098798803
/Users/jiangnanhugo/workspace/power-sharpening/Subtree-Prefetching-Power-Sharpening/case_studies/logs-entropycut/mbpp/2026-09-21/vllm/dataset-mbpp.model-qwen3.5-9b.alpha4.0.steps100.blocks-1.prefetch-budget-20.rank-accept_first.cut-entropy4.0.samples20.maxnew1024.seed10086.subtreePrefetch.vllm.log,47,2,26,0.08973488723463631
/Users/jiangnanhugo/workspace/power-sharpening/Subtree-Prefetching-Power-Sharpening/case_studies/logs-entropycut/mbpp/2026-09-21/vllm/dataset-mbpp.model-qwen3.5-9b.alpha4.0.steps100.blocks-1.prefetch-budget-20.rank-accept_first.cut-entropy4.0.samples20.maxnew1024.seed10086.subtreePrefetch.vllm.log,47,3,320,0.07140424808299387
/Users/jiangnanhugo/workspace/power-sharpening/Subtree-Prefetching-Power-Sharpening/case_studies/logs-entropycut/mbpp/2026-09-21/vllm/dataset-mbpp.model-qwen3.5-9b.alpha4.0.steps100.blocks-1.prefetch-budget-20.rank-accept_first.cut-entropy4.0.samples20.maxnew1024.seed10086.subtreePrefetch.vllm.log,47,4,26,0.08973488723463631
/Users/jiangnanhugo/workspace/power-sharpening/Subtree-Prefetching-Power-Sharpening/case_studies/logs-entropycut/mbpp/2026-09-21/vllm/dataset-mbpp.model-qwen3.5-9b.alpha4.0.steps100.blocks-1.prefetch-budget-20.rank-accept_first.cut-entropy4.0.samples20.maxnew1024.seed10086.subtreePrefetch.vllm.log,47,5,194,0.046384642019125975
/Users/jiangnanhugo/workspace/power-sharpening/Subtree-Prefetching-Power-Sharpening/case_studies/logs-entropycut/mbpp/2026-09-21/vllm/dataset-mbpp.model-qwen3.5-9b.alpha4.0.steps100.blocks-1.prefetch-budget-20.rank-accept_first.cut-entropy4.0.samples20.maxnew1024.seed10086.subtreePrefetch.vllm.log,47,6,56,0.011160711807943922
/Users/jiangnanhugo/workspace/power-sharpening/Subtree-Prefetching-Power-Sharpening/case_studies/logs-entropycut/mbpp/2026-09-21/vllm/dataset-mbpp.model-qwen3.5-9b.alpha4.0.steps100.blocks-1.prefetch-budget-20.rank-accept_first.cut-entropy4.0.samples20.maxnew1024.seed10086.subtreePrefetch.vllm.log,47,7,33,0.058061944518954224
/Users/jiangnanhugo/workspace/power-sharpening/Subtree-Prefetching-Power-Sharpening/case_studies/logs-entropycut/mbpp/2026-09-21/vllm/dataset-mbpp.model-qwen3.5-9b.alpha4.0.steps100.blocks-1.prefetch-budget-20.rank-accept_first.cut-entropy4.0.samples20.maxnew1024.seed10086.subtreePrefetch.vllm.log,47,8,36,0.11107081699292902
/Users/jiangnanhugo/workspace/power-sharpening/Subtree-Prefetching-Power-Sharpening/case_studies/logs-entropycut/mbpp/2026-09-21/vllm/dataset-mbpp.model-qwen3.5-9b.alpha4.0.steps100.blocks-1.prefetch-budget-20.rank-accept_first.cut-entropy4.0.samples20.maxnew1024.seed10086.subtreePrefetch.vllm.log,47,9,33,0.058061944518954224
/Users/jiangnanhugo/workspace/power-sharpening/Subtree-Prefetching-Power-Sharpening/case_studies/logs-entropycut/mbpp/2026-09-21/vllm/dataset-mbpp.model-qwen3.5-9b.alpha4.0.steps100.blocks-1.prefetch-budget-20.rank-accept_first.cut-entropy4.0.samples20.maxnew1024.seed10086.subtreePrefetch.vllm.log,47,10,388,0.19074904098798803
/Users/jiangnanhugo/workspace/power-sharpening/Subtree-Prefetching-Power-Sharpening/case_studies/logs-entropycut/mbpp/2026-09-21/vllm/dataset-mbpp.model-qwen3.5-9b.alpha4.0.steps100.blocks-1.prefetch-budget-20.rank-accept_first.cut-entropy4.0.samples20.maxnew1024.seed10086.subtreePrefetch.vllm.log,47,11,33,0.058061944518954224
/Users/jiangnanhugo/workspace/power-sharpening/Subtree-Prefetching-Power-Sharpening/case_studies/logs-entropycut/mbpp/2026-09-21/vllm/dataset-mbpp.model-qwen3.5-9b.alpha4.0.steps100.blocks-1.prefetch-budget-20.rank-accept_first.cut-entropy4.0.samples20.maxnew1024.seed10086.subtreePrefetch.vllm.log,47,12,322,0.08706711063742802
/Users/jiangnanhugo/workspace/power-sharpening/Subtree-Prefetching-Power-Sharpening/case_studies/logs-entropycut/mbpp/2026-09-21/vllm/dataset-mbpp.model-qwen3.5-9b.alpha4.0.steps100.blocks-1.prefetch-budget-20.rank-accept_first.cut-entropy4.0.samples20.maxnew1024.seed10086.subtreePrefetch.vllm.log,47,13,56,0.011160711807943922
/Users/jiangnanhugo/workspace/power-sharpening/Subtree-Prefetching-Power-Sharpening/case_studies/logs-entropycut/mbpp/2026-09-21/vllm/dataset-mbpp.model-qwen3.5-9b.alpha4.0.steps100.blocks-1.prefetch-budget-20.rank-accept_first.cut-entropy4.0.samples20.maxnew1024.seed10086.subtreePrefetch.vllm.log,47,14,36,0.11107081699292902
/Users/jiangnanhugo/workspace/power-sharpening/Subtree-Prefetching-Power-Sharpening/case_studies/logs-entropycut/mbpp/2026-09-21/vllm/dataset-mbpp.model-qwen3.5-9b.alpha4.0.steps100.blocks-1.prefetch-budget-20.rank-accept_first.cut-entropy4.0.samples20.maxnew1024.seed10086.subtreePrefetch.vllm.log,47,15,388,0.19074904098798803
/Users/jiangnanhugo/workspace/power-sharpening/Subtree-Prefetching-Power-Sharpening/case_studies/logs-entropycut/mbpp/2026-09-21/vllm/dataset-mbpp.model-qwen3.5-9b.alpha4.0.steps100.blocks-1.prefetch-budget-20.rank-accept_first.cut-entropy4.0.samples20.maxnew1024.seed10086.subtreePrefetch.vllm.log,47,16,26,0.08973488723463631
/Users/jiangnanhugo/workspace/power-sharpening/Subtree-Prefetching-Power-Sharpening/case_studies/logs-entropycut/mbpp/2026-09-21/vllm/dataset-mbpp.model-qwen3.5-9b.alpha4.0.steps100.blocks-1.prefetch-budget-20.rank-accept_first.cut-entropy4.0.samples20.maxnew1024.seed10086.subtreePrefetch.vllm.log,47,17,36,0.11107081699292902
/Users/jiangnanhugo/workspace/power-sharpening/Subtree-Prefetching-Power-Sharpening/case_studies/logs-entropycut/mbpp/2026-09-21/vllm/dataset-mbpp.model-qwen3.5-9b.alpha4.0.steps100.blocks-1.prefetch-budget-20.rank-accept_first.cut-entropy4.0.samples20.maxnew1024.seed10086.subtreePrefetch.vllm.log,47,18,36,0.11107081699292902
/Users/jiangnanhugo/workspace/power-sharpening/Subtree-Prefetching-Power-Sharpening/case_studies/logs-entropycut/mbpp/2026-09-21/vllm/dataset-mbpp.model-qwen3.5-9b.alpha4.0.steps100.blocks-1.prefetch-budget-20.rank-accept_first.cut-entropy4.0.samples20.maxnew1024.seed10086.subtreePrefetch.vllm.log,47,19,56,0.011160711807943922
/Users/jiangnanhugo/workspace/power-sharpening/Subtree-Prefetching-Power-Sharpening/case_studies/logs-entropycut/mbpp/2026-09-21/vllm/dataset-mbpp.model-qwen3.5-9b.alpha4.0.steps100.blocks-1.prefetch-budget-20.rank-accept_first.cut-entropy4.0.samples20.maxnew1024.seed10086.subtreePrefetch.vllm.log,48,0,322,0.08706646177003692
/Users/jiangnanhugo/workspace/power-sharpening/Subtree-Prefetching-Power-Sharpening/case_studies/logs-entropycut/mbpp/2026-09-21/vllm/dataset-mbpp.model-qwen3.5-9b.alpha4.0.steps100.blocks-1.prefetch-budget-20.rank-accept_first.cut-entropy4.0.samples20.maxnew1024.seed10086.subtreePrefetch.vllm.log,48,1,141,0.05438758630327011
/Users/jiangnanhugo/workspace/power-sharpening/Subtree-Prefetching-Power-Sharpening/case_studies/logs-entropycut/mbpp/2026-09-21/vllm/dataset-mbpp.model-qwen3.5-9b.alpha4.0.steps100.blocks-1.prefetch-budget-20.rank-accept_first.cut-entropy4.0.samples20.maxnew1024.seed10086.subtreePrefetch.vllm.log,48,2,388,0.1907476194313098
/Users/jiangnanhugo/workspace/power-sharpening/Subtree-Prefetching-Power-Sharpening/case_studies/logs-entropycut/mbpp/2026-09-21/vllm/dataset-mbpp.model-qwen3.5-9b.alpha4.0.steps100.blocks-1.prefetch-budget-20.rank-accept_first.cut-entropy4.0.samples20.maxnew1024.seed10086.subtreePrefetch.vllm.log,48,3,36,0.11106998923798549
/Users/jiangnanhugo/workspace/power-sharpening/Subtree-Prefetching-Power-Sharpening/case_studies/logs-entropycut/mbpp/2026-09-21/vllm/dataset-mbpp.model-qwen3.5-9b.alpha4.0.steps100.blocks-1.prefetch-budget-20.rank-accept_first.cut-entropy4.0.samples20.maxnew1024.seed10086.subtreePrefetch.vllm.log,48,4,388,0.1907476194313098
/Users/jiangnanhugo/workspace/power-sharpening/Subtree-Prefetching-Power-Sharpening/case_studies/logs-entropycut/mbpp/2026-09-21/vllm/dataset-mbpp.model-qwen3.5-9b.alpha4.0.steps100.blocks-1.prefetch-budget-20.rank-accept_first.cut-entropy4.0.samples20.maxnew1024.seed10086.subtreePrefetch.vllm.log,48,5,322,0.08706646177003692
/Users/jiangnanhugo/workspace/power-sharpening/Subtree-Prefetching-Power-Sharpening/case_studies/logs-entropycut/mbpp/2026-09-21/vllm/dataset-mbpp.model-qwen3.5-9b.alpha4.0.steps100.blocks-1.prefetch-budget-20.rank-accept_first.cut-entropy4.0.samples20.maxnew1024.seed10086.subtreePrefetch.vllm.log,48,6,141,0.05438758630327011
/Users/jiangnanhugo/workspace/power-sharpening/Subtree-Prefetching-Power-Sharpening/case_studies/logs-entropycut/mbpp/2026-09-21/vllm/dataset-mbpp.model-qwen3.5-9b.alpha4.0.steps100.blocks-1.prefetch-budget-20.rank-accept_first.cut-entropy4.0.samples20.maxnew1024.seed10086.subtreePrefetch.vllm.log,48,7,69,0.04378959779133858
/Users/jiangnanhugo/workspace/power-sharpening/Subtree-Prefetching-Power-Sharpening/case_studies/logs-entropycut/mbpp/2026-09-21/vllm/dataset-mbpp.model-qwen3.5-9b.alpha4.0.steps100.blocks-1.prefetch-budget-20.rank-accept_first.cut-entropy4.0.samples20.maxnew1024.seed10086.subtreePrefetch.vllm.log,48,8,33,0.05806151181248003
/Users/jiangnanhugo/workspace/power-sharpening/Subtree-Prefetching-Power-Sharpening/case_studies/logs-entropycut/mbpp/2026-09-21/vllm/dataset-mbpp.model-qwen3.5-9b.alpha4.0.steps100.blocks-1.prefetch-budget-20.rank-accept_first.cut-entropy4.0.samples20.maxnew1024.seed10086.subtreePrefetch.vllm.log,48,9,322,0.08706646177003692
/Users/jiangnanhugo/workspace/power-sharpening/Subtree-Prefetching-Power-Sharpening/case_studies/logs-entropycut/mbpp/2026-09-21/vllm/dataset-mbpp.model-qwen3.5-9b.alpha4.0.steps100.blocks-1.prefetch-budget-20.rank-accept_first.cut-entropy4.0.samples20.maxnew1024.seed10086.subtreePrefetch.vllm.log,48,10,36,0.11106998923798549
/Users/jiangnanhugo/workspace/power-sharpening/Subtree-Prefetching-Power-Sharpening/case_studies/logs-entropycut/mbpp/2026-09-21/vllm/dataset-mbpp.model-qwen3.5-9b.alpha4.0.steps100.blocks-1.prefetch-budget-20.rank-accept_first.cut-entropy4.0.samples20.maxnew1024.seed10086.subtreePrefetch.vllm.log,48,11,36,0.11106998923798549
/Users/jiangnanhugo/workspace/power-sharpening/Subtree-Prefetching-Power-Sharpening/case_studies/logs-entropycut/mbpp/2026-09-21/vllm/dataset-mbpp.model-qwen3.5-9b.alpha4.0.steps100.blocks-1.prefetch-budget-20.rank-accept_first.cut-entropy4.0.samples20.maxnew1024.seed10086.subtreePrefetch.vllm.log,48,12,36,0.11106998923798549
/Users/jiangnanhugo/workspace/power-sharpening/Subtree-Prefetching-Power-Sharpening/case_studies/logs-entropycut/mbpp/2026-09-21/vllm/dataset-mbpp.model-qwen3.5-9b.alpha4.0.steps100.blocks-1.prefetch-budget-20.rank-accept_first.cut-entropy4.0.samples20.maxnew1024.seed10086.subtreePrefetch.vllm.log,48,13,33,0.05806151181248003
/Users/jiangnanhugo/workspace/power-sharpening/Subtree-Prefetching-Power-Sharpening/case_studies/logs-entropycut/mbpp/2026-09-21/vllm/dataset-mbpp.model-qwen3.5-9b.alpha4.0.steps100.blocks-1.prefetch-budget-20.rank-accept_first.cut-entropy4.0.samples20.maxnew1024.seed10086.subtreePrefetch.vllm.log,48,14,452,0.0592741925561045
/Users/jiangnanhugo/workspace/power-sharpening/Subtree-Prefetching-Power-Sharpening/case_studies/logs-entropycut/mbpp/2026-09-21/vllm/dataset-mbpp.model-qwen3.5-9b.alpha4.0.steps100.blocks-1.prefetch-budget-20.rank-accept_first.cut-entropy4.0.samples20.maxnew1024.seed10086.subtreePrefetch.vllm.log,48,15,320,0.0714037159430408
/Users/jiangnanhugo/workspace/power-sharpening/Subtree-Prefetching-Power-Sharpening/case_studies/logs-entropycut/mbpp/2026-09-21/vllm/dataset-mbpp.model-qwen3.5-9b.alpha4.0.steps100.blocks-1.prefetch-budget-20.rank-accept_first.cut-entropy4.0.samples20.maxnew1024.seed10086.subtreePrefetch.vllm.log,48,16,69,0.04378959779133858
/Users/jiangnanhugo/workspace/power-sharpening/Subtree-Prefetching-Power-Sharpening/case_studies/logs-entropycut/mbpp/2026-09-21/vllm/dataset-mbpp.model-qwen3.5-9b.alpha4.0.steps100.blocks-1.prefetch-budget-20.rank-accept_first.cut-entropy4.0.samples20.maxnew1024.seed10086.subtreePrefetch.vllm.log,48,17,36,0.11106998923798549
/Users/jiangnanhugo/workspace/power-sharpening/Subtree-Prefetching-Power-Sharpening/case_studies/logs-entropycut/mbpp/2026-09-21/vllm/dataset-mbpp.model-qwen3.5-9b.alpha4.0.steps100.blocks-1.prefetch-budget-20.rank-accept_first.cut-entropy4.0.samples20.maxnew1024.seed10086.subtreePrefetch.vllm.log,49,0,322,0.08528252982075293
/Users/jiangnanhugo/workspace/power-sharpening/Subtree-Prefetching-Power-Sharpening/case_studies/logs-entropycut/mbpp/2026-09-21/vllm/dataset-mbpp.model-qwen3.5-9b.alpha4.0.steps100.blocks-1.prefetch-budget-20.rank-accept_first.cut-entropy4.0.samples20.maxnew1024.seed10086.subtreePrefetch.vllm.log,49,1,221,0.009207455495206712
/Users/jiangnanhugo/workspace/power-sharpening/Subtree-Prefetching-Power-Sharpening/case_studies/logs-entropycut/mbpp/2026-09-21/vllm/dataset-mbpp.model-qwen3.5-9b.alpha4.0.steps100.blocks-1.prefetch-budget-20.rank-accept_first.cut-entropy4.0.samples20.maxnew1024.seed10086.subtreePrefetch.vllm.log,49,2,452,0.0807098126236119
/Users/jiangnanhugo/workspace/power-sharpening/Subtree-Prefetching-Power-Sharpening/case_studies/logs-entropycut/mbpp/2026-09-21/vllm/dataset-mbpp.model-qwen3.5-9b.alpha4.0.steps100.blocks-1.prefetch-budget-20.rank-accept_first.cut-entropy4.0.samples20.maxnew1024.seed10086.subtreePrefetch.vllm.log,49,3,36,0.10879425212449019
/Users/jiangnanhugo/workspace/power-sharpening/Subtree-Prefetching-Power-Sharpening/case_studies/logs-entropycut/mbpp/2026-09-21/vllm/dataset-mbpp.model-qwen3.5-9b.alpha4.0.steps100.blocks-1.prefetch-budget-20.rank-accept_first.cut-entropy4.0.samples20.maxnew1024.seed10086.subtreePrefetch.vllm.log,49,4,69,0.04289238321913531
/Users/jiangnanhugo/workspace/power-sharpening/Subtree-Prefetching-Power-Sharpening/case_studies/logs-entropycut/mbpp/2026-09-21/vllm/dataset-mbpp.model-qwen3.5-9b.alpha4.0.steps100.blocks-1.prefetch-budget-20.rank-accept_first.cut-entropy4.0.samples20.maxnew1024.seed10086.subtreePrefetch.vllm.log,49,5,284,0.0016395186447354733
/Users/jiangnanhugo/workspace/power-sharpening/Subtree-Prefetching-Power-Sharpening/case_studies/logs-entropycut/mbpp/2026-09-21/vllm/dataset-mbpp.model-qwen3.5-9b.alpha4.0.steps100.blocks-1.prefetch-budget-20.rank-accept_first.cut-entropy4.0.samples20.maxnew1024.seed10086.subtreePrefetch.vllm.log,50,0,53,0.1935933505530124
/Users/jiangnanhugo/workspace/power-sharpening/Subtree-Prefetching-Power-Sharpening/case_studies/logs-entropycut/mbpp/2026-09-21/vllm/dataset-mbpp.model-qwen3.5-9b.alpha4.0.steps100.blocks-1.prefetch-budget-20.rank-accept_first.cut-entropy4.0.samples20.maxnew1024.seed10086.subtreePrefetch.vllm.log,50,1,28,0.23354199402720624
/Users/jiangnanhugo/workspace/power-sharpening/Subtree-Prefetching-Power-Sharpening/case_studies/logs-entropycut/mbpp/2026-09-21/vllm/dataset-mbpp.model-qwen3.5-9b.alpha4.0.steps100.blocks-1.prefetch-budget-20.rank-accept_first.cut-entropy4.0.samples20.maxnew1024.seed10086.subtreePrefetch.vllm.log,50,2,28,0.23354199402720624
/Users/jiangnanhugo/workspace/power-sharpening/Subtree-Prefetching-Power-Sharpening/case_studies/logs-entropycut/mbpp/2026-09-21/vllm/dataset-mbpp.model-qwen3.5-9b.alpha4.0.steps100.blocks-1.prefetch-budget-20.rank-accept_first.cut-entropy4.0.samples20.maxnew1024.seed10086.subtreePrefetch.vllm.log,50,3,53,0.1935933505530124
/Users/jiangnanhugo/workspace/power-sharpening/Subtree-Prefetching-Power-Sharpening/case_studies/logs-entropycut/mbpp/2026-09-21/vllm/dataset-mbpp.model-qwen3.5-9b.alpha4.0.steps100.blocks-1.prefetch-budget-20.rank-accept_first.cut-entropy4.0.samples20.maxnew1024.seed10086.subtreePrefetch.vllm.log,50,4,51,0.021586977552571277
/Users/jiangnanhugo/workspace/power-sharpening/Subtree-Prefetching-Power-Sharpening/case_studies/logs-entropycut/mbpp/2026-09-21/vllm/dataset-mbpp.model-qwen3.5-9b.alpha4.0.steps100.blocks-1.prefetch-budget-20.rank-accept_first.cut-entropy4.0.samples20.maxnew1024.seed10086.subtreePrefetch.vllm.log,50,5,3,0.012642247625760593
/Users/jiangnanhugo/workspace/power-sharpening/Subtree-Prefetching-Power-Sharpening/case_studies/logs-entropycut/mbpp/2026-09-21/vllm/dataset-mbpp.model-qwen3.5-9b.alpha4.0.steps100.blocks-1.prefetch-budget-20.rank-accept_first.cut-entropy4.0.samples20.maxnew1024.seed10086.subtreePrefetch.vllm.log,50,6,28,0.23354199402720624
/Users/jiangnanhugo/workspace/power-sharpening/Subtree-Prefetching-Power-Sharpening/case_studies/logs-entropycut/mbpp/2026-09-21/vllm/dataset-mbpp.model-qwen3.5-9b.alpha4.0.steps100.blocks-1.prefetch-budget-20.rank-accept_first.cut-entropy4.0.samples20.maxnew1024.seed10086.subtreePrefetch.vllm.log,50,7,881,0.015218195804493326
/Users/jiangnanhugo/workspace/power-sharpening/Subtree-Prefetching-Power-Sharpening/case_studies/logs-entropycut/mbpp/2026-09-21/vllm/dataset-mbpp.model-qwen3.5-9b.alpha4.0.steps100.blocks-1.prefetch-budget-20.rank-accept_first.cut-entropy4.0.samples20.maxnew1024.seed10086.subtreePrefetch.vllm.log,50,8,28,0.23354199402720624
/Users/jiangnanhugo/workspace/power-sharpening/Subtree-Prefetching-Power-Sharpening/case_studies/logs-entropycut/mbpp/2026-09-21/vllm/dataset-mbpp.model-qwen3.5-9b.alpha4.0.steps100.blocks-1.prefetch-budget-20.rank-accept_first.cut-entropy4.0.samples20.maxnew1024.seed10086.subtreePrefetch.vllm.log,50,9,32,0.02939316786709321
/Users/jiangnanhugo/workspace/power-sharpening/Subtree-Prefetching-Power-Sharpening/case_studies/logs-entropycut/mbpp/2026-09-21/vllm/dataset-mbpp.model-qwen3.5-9b.alpha4.0.steps100.blocks-1.prefetch-budget-20.rank-accept_first.cut-entropy4.0.samples20.maxnew1024.seed10086.subtreePrefetch.vllm.log,50,10,53,0.1935933505530124
/Users/jiangnanhugo/workspace/power-sharpening/Subtree-Prefetching-Power-Sharpening/case_studies/logs-entropycut/mbpp/2026-09-21/vllm/dataset-mbpp.model-qwen3.5-9b.alpha4.0.steps100.blocks-1.prefetch-budget-20.rank-accept_first.cut-entropy4.0.samples20.maxnew1024.seed10086.subtreePrefetch.vllm.log,50,11,28,0.23354199402720624
/Users/jiangnanhugo/workspace/power-sharpening/Subtree-Prefetching-Power-Sharpening/case_studies/logs-entropycut/mbpp/2026-09-21/vllm/dataset-mbpp.model-qwen3.5-9b.alpha4.0.steps100.blocks-1.prefetch-budget-20.rank-accept_first.cut-entropy4.0.samples20.maxnew1024.seed10086.subtreePrefetch.vllm.log,50,12,28,0.23354199402720624
/Users/jiangnanhugo/workspace/power-sharpening/Subtree-Prefetching-Power-Sharpening/case_studies/logs-entropycut/mbpp/2026-09-21/vllm/dataset-mbpp.model-qwen3.5-9b.alpha4.0.steps100.blocks-1.prefetch-budget-20.rank-accept_first.cut-entropy4.0.samples20.maxnew1024.seed10086.subtreePrefetch.vllm.log,50,13,17,0.0007499527975961045
/Users/jiangnanhugo/workspace/power-sharpening/Subtree-Prefetching-Power-Sharpening/case_studies/logs-entropycut/mbpp/2026-09-21/vllm/dataset-mbpp.model-qwen3.5-9b.alpha4.0.steps100.blocks-1.prefetch-budget-20.rank-accept_first.cut-entropy4.0.samples20.maxnew1024.seed10086.subtreePrefetch.vllm.log,50,14,28,0.23354199402720624
/Users/jiangnanhugo/workspace/power-sharpening/Subtree-Prefetching-Power-Sharpening/case_studies/logs-entropycut/mbpp/2026-09-21/vllm/dataset-mbpp.model-qwen3.5-9b.alpha4.0.steps100.blocks-1.prefetch-budget-20.rank-accept_first.cut-entropy4.0.samples20.maxnew1024.seed10086.subtreePrefetch.vllm.log,50,15,28,0.23354199402720624
/Users/jiangnanhugo/workspace/power-sharpening/Subtree-Prefetching-Power-Sharpening/case_studies/logs-entropycut/mbpp/2026-09-21/vllm/dataset-mbpp.model-qwen3.5-9b.alpha4.0.steps100.blocks-1.prefetch-budget-20.rank-accept_first.cut-entropy4.0.samples20.maxnew1024.seed10086.subtreePrefetch.vllm.log,50,16,380,0.09553265882350725
/Users/jiangnanhugo/workspace/power-sharpening/Subtree-Prefetching-Power-Sharpening/case_studies/logs-entropycut/mbpp/2026-09-21/vllm/dataset-mbpp.model-qwen3.5-9b.alpha4.0.steps100.blocks-1.prefetch-budget-20.rank-accept_first.cut-entropy4.0.samples20.maxnew1024.seed10086.subtreePrefetch.vllm.log,50,17,3,0.012642247625760593
/Users/jiangnanhugo/workspace/power-sharpening/Subtree-Prefetching-Power-Sharpening/case_studies/logs-entropycut/mbpp/2026-09-21/vllm/dataset-mbpp.model-qwen3.5-9b.alpha4.0.steps100.blocks-1.prefetch-budget-20.rank-accept_first.cut-entropy4.0.samples20.maxnew1024.seed10086.subtreePrefetch.vllm.log,50,18,28,0.23354199402720624
/Users/jiangnanhugo/workspace/power-sharpening/Subtree-Prefetching-Power-Sharpening/case_studies/logs-entropycut/mbpp/2026-09-21/vllm/dataset-mbpp.model-qwen3.5-9b.alpha4.0.steps100.blocks-1.prefetch-budget-20.rank-accept_first.cut-entropy4.0.samples20.maxnew1024.seed10086.subtreePrefetch.vllm.log,50,19,28,0.23354199402720624
/Users/jiangnanhugo/workspace/power-sharpening/Subtree-Prefetching-Power-Sharpening/case_studies/logs-entropycut/mbpp/2026-09-21/vllm/dataset-mbpp.model-qwen3.5-9b.alpha4.0.steps100.blocks-1.prefetch-budget-20.rank-accept_first.cut-entropy4.0.samples20.maxnew1024.seed10086.subtreePrefetch.vllm.log,51,0,28,0.275590100022841
/Users/jiangnanhugo/workspace/power-sharpening/Subtree-Prefetching-Power-Sharpening/case_studies/logs-entropycut/mbpp/2026-09-21/vllm/dataset-mbpp.model-qwen3.5-9b.alpha4.0.steps100.blocks-1.prefetch-budget-20.rank-accept_first.cut-entropy4.0.samples20.maxnew1024.seed10086.subtreePrefetch.vllm.log,51,1,28,0.275590100022841
/Users/jiangnanhugo/workspace/power-sharpening/Subtree-Prefetching-Power-Sharpening/case_studies/logs-entropycut/mbpp/2026-09-21/vllm/dataset-mbpp.model-qwen3.5-9b.alpha4.0.steps100.blocks-1.prefetch-budget-20.rank-accept_first.cut-entropy4.0.samples20.maxnew1024.seed10086.subtreePrefetch.vllm.log,51,2,28,0.275590100022841
/Users/jiangnanhugo/workspace/power-sharpening/Subtree-Prefetching-Power-Sharpening/case_studies/logs-entropycut/mbpp/2026-09-21/vllm/dataset-mbpp.model-qwen3.5-9b.alpha4.0.steps100.blocks-1.prefetch-budget-20.rank-accept_first.cut-entropy4.0.samples20.maxnew1024.seed10086.subtreePrefetch.vllm.log,51,3,691,0.003957872940266685
/Users/jiangnanhugo/workspace/power-sharpening/Subtree-Prefetching-Power-Sharpening/case_studies/logs-entropycut/mbpp/2026-09-21/vllm/dataset-mbpp.model-qwen3.5-9b.alpha4.0.steps100.blocks-1.prefetch-budget-20.rank-accept_first.cut-entropy4.0.samples20.maxnew1024.seed10086.subtreePrefetch.vllm.log,51,4,28,0.275590100022841
/Users/jiangnanhugo/workspace/power-sharpening/Subtree-Prefetching-Power-Sharpening/case_studies/logs-entropycut/mbpp/2026-09-21/vllm/dataset-mbpp.model-qwen3.5-9b.alpha4.0.steps100.blocks-1.prefetch-budget-20.rank-accept_first.cut-entropy4.0.samples20.maxnew1024.seed10086.subtreePrefetch.vllm.log,51,5,53,0.22918726713723087
/Users/jiangnanhugo/workspace/power-sharpening/Subtree-Prefetching-Power-Sharpening/case_studies/logs-entropycut/mbpp/2026-09-21/vllm/dataset-mbpp.model-qwen3.5-9b.alpha4.0.steps100.blocks-1.prefetch-budget-20.rank-accept_first.cut-entropy4.0.samples20.maxnew1024.seed10086.subtreePrefetch.vllm.log,51,6,53,0.22918726713723087
/Users/jiangnanhugo/workspace/power-sharpening/Subtree-Prefetching-Power-Sharpening/case_studies/logs-entropycut/mbpp/2026-09-21/vllm/dataset-mbpp.model-qwen3.5-9b.alpha4.0.steps100.blocks-1.prefetch-budget-20.rank-accept_first.cut-entropy4.0.samples20.maxnew1024.seed10086.subtreePrefetch.vllm.log,51,7,28,0.275590100022841
/Users/jiangnanhugo/workspace/power-sharpening/Subtree-Prefetching-Power-Sharpening/case_studies/logs-entropycut/mbpp/2026-09-21/vllm/dataset-mbpp.model-qwen3.5-9b.alpha4.0.steps100.blocks-1.prefetch-budget-20.rank-accept_first.cut-entropy4.0.samples20.maxnew1024.seed10086.subtreePrefetch.vllm.log,51,8,56,0.02718838812859273
/Users/jiangnanhugo/workspace/power-sharpening/Subtree-Prefetching-Power-Sharpening/case_studies/logs-entropycut/mbpp/2026-09-21/vllm/dataset-mbpp.model-qwen3.5-9b.alpha4.0.steps100.blocks-1.prefetch-budget-20.rank-accept_first.cut-entropy4.0.samples20.maxnew1024.seed10086.subtreePrefetch.vllm.log,51,9,28,0.275590100022841
/Users/jiangnanhugo/workspace/power-sharpening/Subtree-Prefetching-Power-Sharpening/case_studies/logs-entropycut/mbpp/2026-09-21/vllm/dataset-mbpp.model-qwen3.5-9b.alpha4.0.steps100.blocks-1.prefetch-budget-20.rank-accept_first.cut-entropy4.0.samples20.maxnew1024.seed10086.subtreePrefetch.vllm.log,51,10,53,0.22918726713723087
/Users/jiangnanhugo/workspace/power-sharpening/Subtree-Prefetching-Power-Sharpening/case_studies/logs-entropycut/mbpp/2026-09-21/vllm/dataset-mbpp.model-qwen3.5-9b.alpha4.0.steps100.blocks-1.prefetch-budget-20.rank-accept_first.cut-entropy4.0.samples20.maxnew1024.seed10086.subtreePrefetch.vllm.log,51,11,27,0.006932517406954223
/Users/jiangnanhugo/workspace/power-sharpening/Subtree-Prefetching-Power-Sharpening/case_studies/logs-entropycut/mbpp/2026-09-21/vllm/dataset-mbpp.model-qwen3.5-9b.alpha4.0.steps100.blocks-1.prefetch-budget-20.rank-accept_first.cut-entropy4.0.samples20.maxnew1024.seed10086.subtreePrefetch.vllm.log,51,12,53,0.22918726713723087
/Users/jiangnanhugo/workspace/power-sharpening/Subtree-Prefetching-Power-Sharpening/case_studies/logs-entropycut/mbpp/2026-09-21/vllm/dataset-mbpp.model-qwen3.5-9b.alpha4.0.steps100.blocks-1.prefetch-budget-20.rank-accept_first.cut-entropy4.0.samples20.maxnew1024.seed10086.subtreePrefetch.vllm.log,51,13,28,0.275590100022841
/Users/jiangnanhugo/workspace/power-sharpening/Subtree-Prefetching-Power-Sharpening/case_studies/logs-entropycut/mbpp/2026-09-21/vllm/dataset-mbpp.model-qwen3.5-9b.alpha4.0.steps100.blocks-1.prefetch-budget-20.rank-accept_first.cut-entropy4.0.samples20.maxnew1024.seed10086.subtreePrefetch.vllm.log,51,14,7,0.0005035743388075163
/Users/jiangnanhugo/workspace/power-sharpening/Subtree-Prefetching-Power-Sharpening/case_studies/logs-entropycut/mbpp/2026-09-21/vllm/dataset-mbpp.model-qwen3.5-9b.alpha4.0.steps100.blocks-1.prefetch-budget-20.rank-accept_first.cut-entropy4.0.samples20.maxnew1024.seed10086.subtreePrefetch.vllm.log,51,15,157,0.10174699177791084
/Users/jiangnanhugo/workspace/power-sharpening/Subtree-Prefetching-Power-Sharpening/case_studies/logs-entropycut/mbpp/2026-09-21/vllm/dataset-mbpp.model-qwen3.5-9b.alpha4.0.steps100.blocks-1.prefetch-budget-20.rank-accept_first.cut-entropy4.0.samples20.maxnew1024.seed10086.subtreePrefetch.vllm.log,51,16,28,0.275590100022841
/Users/jiangnanhugo/workspace/power-sharpening/Subtree-Prefetching-Power-Sharpening/case_studies/logs-entropycut/mbpp/2026-09-21/vllm/dataset-mbpp.model-qwen3.5-9b.alpha4.0.steps100.blocks-1.prefetch-budget-20.rank-accept_first.cut-entropy4.0.samples20.maxnew1024.seed10086.subtreePrefetch.vllm.log,51,17,28,0.275590100022841
/Users/jiangnanhugo/workspace/power-sharpening/Subtree-Prefetching-Power-Sharpening/case_studies/logs-entropycut/mbpp/2026-09-21/vllm/dataset-mbpp.model-qwen3.5-9b.alpha4.0.steps100.blocks-1.prefetch-budget-20.rank-accept_first.cut-entropy4.0.samples20.maxnew1024.seed10086.subtreePrefetch.vllm.log,51,18,28,0.275590100022841
/Users/jiangnanhugo/workspace/power-sharpening/Subtree-Prefetching-Power-Sharpening/case_studies/logs-entropycut/mbpp/2026-09-21/vllm/dataset-mbpp.model-qwen3.5-9b.alpha4.0.steps100.blocks-1.prefetch-budget-20.rank-accept_first.cut-entropy4.0.samples20.maxnew1024.seed10086.subtreePrefetch.vllm.log,51,19,51,0.02547360840899089
/Users/jiangnanhugo/workspace/power-sharpening/Subtree-Prefetching-Power-Sharpening/case_studies/logs-entropycut/mbpp/2026-09-21/vllm/dataset-mbpp.model-qwen3.5-9b.alpha4.0.steps100.blocks-1.prefetch-budget-20.rank-accept_first.cut-entropy4.0.samples20.maxnew1024.seed10086.subtreePrefetch.vllm.log,52,0,28,0.2755901014641972
/Users/jiangnanhugo/workspace/power-sharpening/Subtree-Prefetching-Power-Sharpening/case_studies/logs-entropycut/mbpp/2026-09-21/vllm/dataset-mbpp.model-qwen3.5-9b.alpha4.0.steps100.blocks-1.prefetch-budget-20.rank-accept_first.cut-entropy4.0.samples20.maxnew1024.seed10086.subtreePrefetch.vllm.log,52,1,27,0.006932517443211792
/Users/jiangnanhugo/workspace/power-sharpening/Subtree-Prefetching-Power-Sharpening/case_studies/logs-entropycut/mbpp/2026-09-21/vllm/dataset-mbpp.model-qwen3.5-9b.alpha4.0.steps100.blocks-1.prefetch-budget-20.rank-accept_first.cut-entropy4.0.samples20.maxnew1024.seed10086.subtreePrefetch.vllm.log,52,2,87,0.009370296309612246
/Users/jiangnanhugo/workspace/power-sharpening/Subtree-Prefetching-Power-Sharpening/case_studies/logs-entropycut/mbpp/2026-09-21/vllm/dataset-mbpp.model-qwen3.5-9b.alpha4.0.steps100.blocks-1.prefetch-budget-20.rank-accept_first.cut-entropy4.0.samples20.maxnew1024.seed10086.subtreePrefetch.vllm.log,52,3,53,0.2291872683358969
/Users/jiangnanhugo/workspace/power-sharpening/Subtree-Prefetching-Power-Sharpening/case_studies/logs-entropycut/mbpp/2026-09-21/vllm/dataset-mbpp.model-qwen3.5-9b.alpha4.0.steps100.blocks-1.prefetch-budget-20.rank-accept_first.cut-entropy4.0.samples20.maxnew1024.seed10086.subtreePrefetch.vllm.log,52,4,28,0.2755901014641972
/Users/jiangnanhugo/workspace/power-sharpening/Subtree-Prefetching-Power-Sharpening/case_studies/logs-entropycut/mbpp/2026-09-21/vllm/dataset-mbpp.model-qwen3.5-9b.alpha4.0.steps100.blocks-1.prefetch-budget-20.rank-accept_first.cut-entropy4.0.samples20.maxnew1024.seed10086.subtreePrefetch.vllm.log,52,5,28,0.2755901014641972
/Users/jiangnanhugo/workspace/power-sharpening/Subtree-Prefetching-Power-Sharpening/case_studies/logs-entropycut/mbpp/2026-09-21/vllm/dataset-mbpp.model-qwen3.5-9b.alpha4.0.steps100.blocks-1.prefetch-budget-20.rank-accept_first.cut-entropy4.0.samples20.maxnew1024.seed10086.subtreePrefetch.vllm.log,52,6,28,0.2755901014641972
/Users/jiangnanhugo/workspace/power-sharpening/Subtree-Prefetching-Power-Sharpening/case_studies/logs-entropycut/mbpp/2026-09-21/vllm/dataset-mbpp.model-qwen3.5-9b.alpha4.0.steps100.blocks-1.prefetch-budget-20.rank-accept_first.cut-entropy4.0.samples20.maxnew1024.seed10086.subtreePrefetch.vllm.log,52,7,53,0.2291872683358969
/Users/jiangnanhugo/workspace/power-sharpening/Subtree-Prefetching-Power-Sharpening/case_studies/logs-entropycut/mbpp/2026-09-21/vllm/dataset-mbpp.model-qwen3.5-9b.alpha4.0.steps100.blocks-1.prefetch-budget-20.rank-accept_first.cut-entropy4.0.samples20.maxnew1024.seed10086.subtreePrefetch.vllm.log,52,8,28,0.2755901014641972
/Users/jiangnanhugo/workspace/power-sharpening/Subtree-Prefetching-Power-Sharpening/case_studies/logs-entropycut/mbpp/2026-09-21/vllm/dataset-mbpp.model-qwen3.5-9b.alpha4.0.steps100.blocks-1.prefetch-budget-20.rank-accept_first.cut-entropy4.0.samples20.maxnew1024.seed10086.subtreePrefetch.vllm.log,52,9,28,0.2755901014641972
/Users/jiangnanhugo/workspace/power-sharpening/Subtree-Prefetching-Power-Sharpening/case_studies/logs-entropycut/mbpp/2026-09-21/vllm/dataset-mbpp.model-qwen3.5-9b.alpha4.0.steps100.blocks-1.prefetch-budget-20.rank-accept_first.cut-entropy4.0.samples20.maxnew1024.seed10086.subtreePrefetch.vllm.log,52,10,28,0.2755901014641972
/Users/jiangnanhugo/workspace/power-sharpening/Subtree-Prefetching-Power-Sharpening/case_studies/logs-entropycut/mbpp/2026-09-21/vllm/dataset-mbpp.model-qwen3.5-9b.alpha4.0.steps100.blocks-1.prefetch-budget-20.rank-accept_first.cut-entropy4.0.samples20.maxnew1024.seed10086.subtreePrefetch.vllm.log,52,11,32,0.03468526569959296
/Users/jiangnanhugo/workspace/power-sharpening/Subtree-Prefetching-Power-Sharpening/case_studies/logs-entropycut/mbpp/2026-09-21/vllm/dataset-mbpp.model-qwen3.5-9b.alpha4.0.steps100.blocks-1.prefetch-budget-20.rank-accept_first.cut-entropy4.0.samples20.maxnew1024.seed10086.subtreePrefetch.vllm.log,52,12,28,0.2755901014641972
/Users/jiangnanhugo/workspace/power-sharpening/Subtree-Prefetching-Power-Sharpening/case_studies/logs-entropycut/mbpp/2026-09-21/vllm/dataset-mbpp.model-qwen3.5-9b.alpha4.0.steps100.blocks-1.prefetch-budget-20.rank-accept_first.cut-entropy4.0.samples20.maxnew1024.seed10086.subtreePrefetch.vllm.log,52,13,28,0.2755901014641972
/Users/jiangnanhugo/workspace/power-sharpening/Subtree-Prefetching-Power-Sharpening/case_studies/logs-entropycut/mbpp/2026-09-21/vllm/dataset-mbpp.model-qwen3.5-9b.alpha4.0.steps100.blocks-1.prefetch-budget-20.rank-accept_first.cut-entropy4.0.samples20.maxnew1024.seed10086.subtreePrefetch.vllm.log,52,14,28,0.2755901014641972
/Users/jiangnanhugo/workspace/power-sharpening/Subtree-Prefetching-Power-Sharpening/case_studies/logs-entropycut/mbpp/2026-09-21/vllm/dataset-mbpp.model-qwen3.5-9b.alpha4.0.steps100.blocks-1.prefetch-budget-20.rank-accept_first.cut-entropy4.0.samples20.maxnew1024.seed10086.subtreePrefetch.vllm.log,52,15,28,0.2755901014641972
/Users/jiangnanhugo/workspace/power-sharpening/Subtree-Prefetching-Power-Sharpening/case_studies/logs-entropycut/mbpp/2026-09-21/vllm/dataset-mbpp.model-qwen3.5-9b.alpha4.0.steps100.blocks-1.prefetch-budget-20.rank-accept_first.cut-entropy4.0.samples20.maxnew1024.seed10086.subtreePrefetch.vllm.log,52,16,28,0.2755901014641972
/Users/jiangnanhugo/workspace/power-sharpening/Subtree-Prefetching-Power-Sharpening/case_studies/logs-entropycut/mbpp/2026-09-21/vllm/dataset-mbpp.model-qwen3.5-9b.alpha4.0.steps100.blocks-1.prefetch-budget-20.rank-accept_first.cut-entropy4.0.samples20.maxnew1024.seed10086.subtreePrefetch.vllm.log,52,17,28,0.2755901014641972
/Users/jiangnanhugo/workspace/power-sharpening/Subtree-Prefetching-Power-Sharpening/case_studies/logs-entropycut/mbpp/2026-09-21/vllm/dataset-mbpp.model-qwen3.5-9b.alpha4.0.steps100.blocks-1.prefetch-budget-20.rank-accept_first.cut-entropy4.0.samples20.maxnew1024.seed10086.subtreePrefetch.vllm.log,52,18,53,0.2291872683358969
/Users/jiangnanhugo/workspace/power-sharpening/Subtree-Prefetching-Power-Sharpening/case_studies/logs-entropycut/mbpp/2026-09-21/vllm/dataset-mbpp.model-qwen3.5-9b.alpha4.0.steps100.blocks-1.prefetch-budget-20.rank-accept_first.cut-entropy4.0.samples20.maxnew1024.seed10086.subtreePrefetch.vllm.log,52,19,28,0.2755901014641972
/Users/jiangnanhugo/workspace/power-sharpening/Subtree-Prefetching-Power-Sharpening/case_studies/logs-entropycut/mbpp/2026-09-21/vllm/dataset-mbpp.model-qwen3.5-9b.alpha4.0.steps100.blocks-1.prefetch-budget-20.rank-accept_first.cut-entropy4.0.samples20.maxnew1024.seed10086.subtreePrefetch.vllm.log,53,0,32,0.0346852653195346
/Users/jiangnanhugo/workspace/power-sharpening/Subtree-Prefetching-Power-Sharpening/case_studies/logs-entropycut/mbpp/2026-09-21/vllm/dataset-mbpp.model-qwen3.5-9b.alpha4.0.steps100.blocks-1.prefetch-budget-20.rank-accept_first.cut-entropy4.0.samples20.maxnew1024.seed10086.subtreePrefetch.vllm.log,53,1,28,0.2755900984444619
/Users/jiangnanhugo/workspace/power-sharpening/Subtree-Prefetching-Power-Sharpening/case_studies/logs-entropycut/mbpp/2026-09-21/vllm/dataset-mbpp.model-qwen3.5-9b.alpha4.0.steps100.blocks-1.prefetch-budget-20.rank-accept_first.cut-entropy4.0.samples20.maxnew1024.seed10086.subtreePrefetch.vllm.log,53,2,28,0.2755900984444619
/Users/jiangnanhugo/workspace/power-sharpening/Subtree-Prefetching-Power-Sharpening/case_studies/logs-entropycut/mbpp/2026-09-21/vllm/dataset-mbpp.model-qwen3.5-9b.alpha4.0.steps100.blocks-1.prefetch-budget-20.rank-accept_first.cut-entropy4.0.samples20.maxnew1024.seed10086.subtreePrefetch.vllm.log,53,3,88,0.1444504786023209
/Users/jiangnanhugo/workspace/power-sharpening/Subtree-Prefetching-Power-Sharpening/case_studies/logs-entropycut/mbpp/2026-09-21/vllm/dataset-mbpp.model-qwen3.5-9b.alpha4.0.steps100.blocks-1.prefetch-budget-20.rank-accept_first.cut-entropy4.0.samples20.maxnew1024.seed10086.subtreePrefetch.vllm.log,53,4,88,0.1444504786023209
/Users/jiangnanhugo/workspace/power-sharpening/Subtree-Prefetching-Power-Sharpening/case_studies/logs-entropycut/mbpp/2026-09-21/vllm/dataset-mbpp.model-qwen3.5-9b.alpha4.0.steps100.blocks-1.prefetch-budget-20.rank-accept_first.cut-entropy4.0.samples20.maxnew1024.seed10086.subtreePrefetch.vllm.log,53,5,88,0.1444504786023209
/Users/jiangnanhugo/workspace/power-sharpening/Subtree-Prefetching-Power-Sharpening/case_studies/logs-entropycut/mbpp/2026-09-21/vllm/dataset-mbpp.model-qwen3.5-9b.alpha4.0.steps100.blocks-1.prefetch-budget-20.rank-accept_first.cut-entropy4.0.samples20.maxnew1024.seed10086.subtreePrefetch.vllm.log,53,6,28,0.2755900984444619
/Users/jiangnanhugo/workspace/power-sharpening/Subtree-Prefetching-Power-Sharpening/case_studies/logs-entropycut/mbpp/2026-09-21/vllm/dataset-mbpp.model-qwen3.5-9b.alpha4.0.steps100.blocks-1.prefetch-budget-20.rank-accept_first.cut-entropy4.0.samples20.maxnew1024.seed10086.subtreePrefetch.vllm.log,53,7,28,0.2755900984444619
/Users/jiangnanhugo/workspace/power-sharpening/Subtree-Prefetching-Power-Sharpening/case_studies/logs-entropycut/mbpp/2026-09-21/vllm/dataset-mbpp.model-qwen3.5-9b.alpha4.0.steps100.blocks-1.prefetch-budget-20.rank-accept_first.cut-entropy4.0.samples20.maxnew1024.seed10086.subtreePrefetch.vllm.log,53,8,53,0.22918726582461338
/Users/jiangnanhugo/workspace/power-sharpening/Subtree-Prefetching-Power-Sharpening/case_studies/logs-entropycut/mbpp/2026-09-21/vllm/dataset-mbpp.model-qwen3.5-9b.alpha4.0.steps100.blocks-1.prefetch-budget-20.rank-accept_first.cut-entropy4.0.samples20.maxnew1024.seed10086.subtreePrefetch.vllm.log,53,9,28,0.2755900984444619
/Users/jiangnanhugo/workspace/power-sharpening/Subtree-Prefetching-Power-Sharpening/case_studies/logs-entropycut/mbpp/2026-09-21/vllm/dataset-mbpp.model-qwen3.5-9b.alpha4.0.steps100.blocks-1.prefetch-budget-20.rank-accept_first.cut-entropy4.0.samples20.maxnew1024.seed10086.subtreePrefetch.vllm.log,53,10,28,0.2755900984444619
/Users/jiangnanhugo/workspace/power-sharpening/Subtree-Prefetching-Power-Sharpening/case_studies/logs-entropycut/mbpp/2026-09-21/vllm/dataset-mbpp.model-qwen3.5-9b.alpha4.0.steps100.blocks-1.prefetch-budget-20.rank-accept_first.cut-entropy4.0.samples20.maxnew1024.seed10086.subtreePrefetch.vllm.log,53,11,53,0.22918726582461338
/Users/jiangnanhugo/workspace/power-sharpening/Subtree-Prefetching-Power-Sharpening/case_studies/logs-entropycut/mbpp/2026-09-21/vllm/dataset-mbpp.model-qwen3.5-9b.alpha4.0.steps100.blocks-1.prefetch-budget-20.rank-accept_first.cut-entropy4.0.samples20.maxnew1024.seed10086.subtreePrefetch.vllm.log,53,12,53,0.22918726582461338
/Users/jiangnanhugo/workspace/power-sharpening/Subtree-Prefetching-Power-Sharpening/case_studies/logs-entropycut/mbpp/2026-09-21/vllm/dataset-mbpp.model-qwen3.5-9b.alpha4.0.steps100.blocks-1.prefetch-budget-20.rank-accept_first.cut-entropy4.0.samples20.maxnew1024.seed10086.subtreePrefetch.vllm.log,53,13,28,0.2755900984444619
/Users/jiangnanhugo/workspace/power-sharpening/Subtree-Prefetching-Power-Sharpening/case_studies/logs-entropycut/mbpp/2026-09-21/vllm/dataset-mbpp.model-qwen3.5-9b.alpha4.0.steps100.blocks-1.prefetch-budget-20.rank-accept_first.cut-entropy4.0.samples20.maxnew1024.seed10086.subtreePrefetch.vllm.log,53,14,88,0.1444504786023209
/Users/jiangnanhugo/workspace/power-sharpening/Subtree-Prefetching-Power-Sharpening/case_studies/logs-entropycut/mbpp/2026-09-21/vllm/dataset-mbpp.model-qwen3.5-9b.alpha4.0.steps100.blocks-1.prefetch-budget-20.rank-accept_first.cut-entropy4.0.samples20.maxnew1024.seed10086.subtreePrefetch.vllm.log,53,15,28,0.2755900984444619
/Users/jiangnanhugo/workspace/power-sharpening/Subtree-Prefetching-Power-Sharpening/case_studies/logs-entropycut/mbpp/2026-09-21/vllm/dataset-mbpp.model-qwen3.5-9b.alpha4.0.steps100.blocks-1.prefetch-budget-20.rank-accept_first.cut-entropy4.0.samples20.maxnew1024.seed10086.subtreePrefetch.vllm.log,53,16,28,0.2755900984444619
/Users/jiangnanhugo/workspace/power-sharpening/Subtree-Prefetching-Power-Sharpening/case_studies/logs-entropycut/mbpp/2026-09-21/vllm/dataset-mbpp.model-qwen3.5-9b.alpha4.0.steps100.blocks-1.prefetch-budget-20.rank-accept_first.cut-entropy4.0.samples20.maxnew1024.seed10086.subtreePrefetch.vllm.log,53,17,51,0.025473608263096647
/Users/jiangnanhugo/workspace/power-sharpening/Subtree-Prefetching-Power-Sharpening/case_studies/logs-entropycut/mbpp/2026-09-21/vllm/dataset-mbpp.model-qwen3.5-9b.alpha4.0.steps100.blocks-1.prefetch-budget-20.rank-accept_first.cut-entropy4.0.samples20.maxnew1024.seed10086.subtreePrefetch.vllm.log,53,18,53,0.22918726582461338
/Users/jiangnanhugo/workspace/power-sharpening/Subtree-Prefetching-Power-Sharpening/case_studies/logs-entropycut/mbpp/2026-09-21/vllm/dataset-mbpp.model-qwen3.5-9b.alpha4.0.steps100.blocks-1.prefetch-budget-20.rank-accept_first.cut-entropy4.0.samples20.maxnew1024.seed10086.subtreePrefetch.vllm.log,53,19,28,0.2755900984444619
/Users/jiangnanhugo/workspace/power-sharpening/Subtree-Prefetching-Power-Sharpening/case_studies/logs-entropycut/mbpp/2026-09-21/vllm/dataset-mbpp.model-qwen3.5-9b.alpha4.0.steps100.blocks-1.prefetch-budget-20.rank-accept_first.cut-entropy4.0.samples20.maxnew1024.seed10086.subtreePrefetch.vllm.log,54,0,97,0.003970143743964054
/Users/jiangnanhugo/workspace/power-sharpening/Subtree-Prefetching-Power-Sharpening/case_studies/logs-entropycut/mbpp/2026-09-21/vllm/dataset-mbpp.model-qwen3.5-9b.alpha4.0.steps100.blocks-1.prefetch-budget-20.rank-accept_first.cut-entropy4.0.samples20.maxnew1024.seed10086.subtreePrefetch.vllm.log,54,1,51,0.025473608263096647
/Users/jiangnanhugo/workspace/power-sharpening/Subtree-Prefetching-Power-Sharpening/case_studies/logs-entropycut/mbpp/2026-09-21/vllm/dataset-mbpp.model-qwen3.5-9b.alpha4.0.steps100.blocks-1.prefetch-budget-20.rank-accept_first.cut-entropy4.0.samples20.maxnew1024.seed10086.subtreePrefetch.vllm.log,54,2,28,0.2755900984444619
/Users/jiangnanhugo/workspace/power-sharpening/Subtree-Prefetching-Power-Sharpening/case_studies/logs-entropycut/mbpp/2026-09-21/vllm/dataset-mbpp.model-qwen3.5-9b.alpha4.0.steps100.blocks-1.prefetch-budget-20.rank-accept_first.cut-entropy4.0.samples20.maxnew1024.seed10086.subtreePrefetch.vllm.log,54,3,53,0.22918726582461338
/Users/jiangnanhugo/workspace/power-sharpening/Subtree-Prefetching-Power-Sharpening/case_studies/logs-entropycut/mbpp/2026-09-21/vllm/dataset-mbpp.model-qwen3.5-9b.alpha4.0.steps100.blocks-1.prefetch-budget-20.rank-accept_first.cut-entropy4.0.samples20.maxnew1024.seed10086.subtreePrefetch.vllm.log,54,4,28,0.2755900984444619
/Users/jiangnanhugo/workspace/power-sharpening/Subtree-Prefetching-Power-Sharpening/case_studies/logs-entropycut/mbpp/2026-09-21/vllm/dataset-mbpp.model-qwen3.5-9b.alpha4.0.steps100.blocks-1.prefetch-budget-20.rank-accept_first.cut-entropy4.0.samples20.maxnew1024.seed10086.subtreePrefetch.vllm.log,54,5,53,0.22918726582461338
/Users/jiangnanhugo/workspace/power-sharpening/Subtree-Prefetching-Power-Sharpening/case_studies/logs-entropycut/mbpp/2026-09-21/vllm/dataset-mbpp.model-qwen3.5-9b.alpha4.0.steps100.blocks-1.prefetch-budget-20.rank-accept_first.cut-entropy4.0.samples20.maxnew1024.seed10086.subtreePrefetch.vllm.log,54,6,28,0.2755900984444619
/Users/jiangnanhugo/workspace/power-sharpening/Subtree-Prefetching-Power-Sharpening/case_studies/logs-entropycut/mbpp/2026-09-21/vllm/dataset-mbpp.model-qwen3.5-9b.alpha4.0.steps100.blocks-1.prefetch-budget-20.rank-accept_first.cut-entropy4.0.samples20.maxnew1024.seed10086.subtreePrefetch.vllm.log,54,7,28,0.2755900984444619
/Users/jiangnanhugo/workspace/power-sharpening/Subtree-Prefetching-Power-Sharpening/case_studies/logs-entropycut/mbpp/2026-09-21/vllm/dataset-mbpp.model-qwen3.5-9b.alpha4.0.steps100.blocks-1.prefetch-budget-20.rank-accept_first.cut-entropy4.0.samples20.maxnew1024.seed10086.subtreePrefetch.vllm.log,54,8,28,0.2755900984444619
/Users/jiangnanhugo/workspace/power-sharpening/Subtree-Prefetching-Power-Sharpening/case_studies/logs-entropycut/mbpp/2026-09-21/vllm/dataset-mbpp.model-qwen3.5-9b.alpha4.0.steps100.blocks-1.prefetch-budget-20.rank-accept_first.cut-entropy4.0.samples20.maxnew1024.seed10086.subtreePrefetch.vllm.log,54,9,28,0.2755900984444619
/Users/jiangnanhugo/workspace/power-sharpening/Subtree-Prefetching-Power-Sharpening/case_studies/logs-entropycut/mbpp/2026-09-21/vllm/dataset-mbpp.model-qwen3.5-9b.alpha4.0.steps100.blocks-1.prefetch-budget-20.rank-accept_first.cut-entropy4.0.samples20.maxnew1024.seed10086.subtreePrefetch.vllm.log,54,10,88,0.1444504786023209
/Users/jiangnanhugo/workspace/power-sharpening/Subtree-Prefetching-Power-Sharpening/case_studies/logs-entropycut/mbpp/2026-09-21/vllm/dataset-mbpp.model-qwen3.5-9b.alpha4.0.steps100.blocks-1.prefetch-budget-20.rank-accept_first.cut-entropy4.0.samples20.maxnew1024.seed10086.subtreePrefetch.vllm.log,54,11,32,0.0346852653195346
/Users/jiangnanhugo/workspace/power-sharpening/Subtree-Prefetching-Power-Sharpening/case_studies/logs-entropycut/mbpp/2026-09-21/vllm/dataset-mbpp.model-qwen3.5-9b.alpha4.0.steps100.blocks-1.prefetch-budget-20.rank-accept_first.cut-entropy4.0.samples20.maxnew1024.seed10086.subtreePrefetch.vllm.log,54,12,3,0.014918423053871643
/Users/jiangnanhugo/workspace/power-sharpening/Subtree-Prefetching-Power-Sharpening/case_studies/logs-entropycut/mbpp/2026-09-21/vllm/dataset-mbpp.model-qwen3.5-9b.alpha4.0.steps100.blocks-1.prefetch-budget-20.rank-accept_first.cut-entropy4.0.samples20.maxnew1024.seed10086.subtreePrefetch.vllm.log,54,13,53,0.22918726582461338
/Users/jiangnanhugo/workspace/power-sharpening/Subtree-Prefetching-Power-Sharpening/case_studies/logs-entropycut/mbpp/2026-09-21/vllm/dataset-mbpp.model-qwen3.5-9b.alpha4.0.steps100.blocks-1.prefetch-budget-20.rank-accept_first.cut-entropy4.0.samples20.maxnew1024.seed10086.subtreePrefetch.vllm.log,54,14,88,0.1444504786023209
/Users/jiangnanhugo/workspace/power-sharpening/Subtree-Prefetching-Power-Sharpening/case_studies/logs-entropycut/mbpp/2026-09-21/vllm/dataset-mbpp.model-qwen3.5-9b.alpha4.0.steps100.blocks-1.prefetch-budget-20.rank-accept_first.cut-entropy4.0.samples20.maxnew1024.seed10086.subtreePrefetch.vllm.log,54,15,27,0.006932517367249821
/Users/jiangnanhugo/workspace/power-sharpening/Subtree-Prefetching-Power-Sharpening/case_studies/logs-entropycut/mbpp/2026-09-21/vllm/dataset-mbpp.model-qwen3.5-9b.alpha4.0.steps100.blocks-1.prefetch-budget-20.rank-accept_first.cut-entropy4.0.samples20.maxnew1024.seed10086.subtreePrefetch.vllm.log,54,16,88,0.1444504786023209
/Users/jiangnanhugo/workspace/power-sharpening/Subtree-Prefetching-Power-Sharpening/case_studies/logs-entropycut/mbpp/2026-09-21/vllm/dataset-mbpp.model-qwen3.5-9b.alpha4.0.steps100.blocks-1.prefetch-budget-20.rank-accept_first.cut-entropy4.0.samples20.maxnew1024.seed10086.subtreePrefetch.vllm.log,54,17,28,0.2755900984444619
/Users/jiangnanhugo/workspace/power-sharpening/Subtree-Prefetching-Power-Sharpening/case_studies/logs-entropycut/mbpp/2026-09-21/vllm/dataset-mbpp.model-qwen3.5-9b.alpha4.0.steps100.blocks-1.prefetch-budget-20.rank-accept_first.cut-entropy4.0.samples20.maxnew1024.seed10086.subtreePrefetch.vllm.log,54,18,51,0.025473608263096647
/Users/jiangnanhugo/workspace/power-sharpening/Subtree-Prefetching-Power-Sharpening/case_studies/logs-entropycut/mbpp/2026-09-21/vllm/dataset-mbpp.model-qwen3.5-9b.alpha4.0.steps100.blocks-1.prefetch-budget-20.rank-accept_first.cut-entropy4.0.samples20.maxnew1024.seed10086.subtreePrefetch.vllm.log,54,19,88,0.1444504786023209
/Users/jiangnanhugo/workspace/power-sharpening/Subtree-Prefetching-Power-Sharpening/case_studies/logs-entropycut/mbpp/2026-09-21/vllm/dataset-mbpp.model-qwen3.5-9b.alpha4.0.steps100.blocks-1.prefetch-budget-20.rank-accept_first.cut-entropy4.0.samples20.maxnew1024.seed10086.subtreePrefetch.vllm.log,55,0,87,0.009370079290432992
/Users/jiangnanhugo/workspace/power-sharpening/Subtree-Prefetching-Power-Sharpening/case_studies/logs-entropycut/mbpp/2026-09-21/vllm/dataset-mbpp.model-qwen3.5-9b.alpha4.0.steps100.blocks-1.prefetch-budget-20.rank-accept_first.cut-entropy4.0.samples20.maxnew1024.seed10086.subtreePrefetch.vllm.log,55,1,28,0.27558371870578124
/Users/jiangnanhugo/workspace/power-sharpening/Subtree-Prefetching-Power-Sharpening/case_studies/logs-entropycut/mbpp/2026-09-21/vllm/dataset-mbpp.model-qwen3.5-9b.alpha4.0.steps100.blocks-1.prefetch-budget-20.rank-accept_first.cut-entropy4.0.samples20.maxnew1024.seed10086.subtreePrefetch.vllm.log,55,2,28,0.27558371870578124
/Users/jiangnanhugo/workspace/power-sharpening/Subtree-Prefetching-Power-Sharpening/case_studies/logs-entropycut/mbpp/2026-09-21/vllm/dataset-mbpp.model-qwen3.5-9b.alpha4.0.steps100.blocks-1.prefetch-budget-20.rank-accept_first.cut-entropy4.0.samples20.maxnew1024.seed10086.subtreePrefetch.vllm.log,55,3,28,0.27558371870578124
/Users/jiangnanhugo/workspace/power-sharpening/Subtree-Prefetching-Power-Sharpening/case_studies/logs-entropycut/mbpp/2026-09-21/vllm/dataset-mbpp.model-qwen3.5-9b.alpha4.0.steps100.blocks-1.prefetch-budget-20.rank-accept_first.cut-entropy4.0.samples20.maxnew1024.seed10086.subtreePrefetch.vllm.log,55,4,88,0.1444471346639465
/Users/jiangnanhugo/workspace/power-sharpening/Subtree-Prefetching-Power-Sharpening/case_studies/logs-entropycut/mbpp/2026-09-21/vllm/dataset-mbpp.model-qwen3.5-9b.alpha4.0.steps100.blocks-1.prefetch-budget-20.rank-accept_first.cut-entropy4.0.samples20.maxnew1024.seed10086.subtreePrefetch.vllm.log,55,5,28,0.27558371870578124
/Users/jiangnanhugo/workspace/power-sharpening/Subtree-Prefetching-Power-Sharpening/case_studies/logs-entropycut/mbpp/2026-09-21/vllm/dataset-mbpp.model-qwen3.5-9b.alpha4.0.steps100.blocks-1.prefetch-budget-20.rank-accept_first.cut-entropy4.0.samples20.maxnew1024.seed10086.subtreePrefetch.vllm.log,55,6,28,0.27558371870578124
/Users/jiangnanhugo/workspace/power-sharpening/Subtree-Prefetching-Power-Sharpening/case_studies/logs-entropycut/mbpp/2026-09-21/vllm/dataset-mbpp.model-qwen3.5-9b.alpha4.0.steps100.blocks-1.prefetch-budget-20.rank-accept_first.cut-entropy4.0.samples20.maxnew1024.seed10086.subtreePrefetch.vllm.log,55,7,166,0.01009327571571441
/Users/jiangnanhugo/workspace/power-sharpening/Subtree-Prefetching-Power-Sharpening/case_studies/logs-entropycut/mbpp/2026-09-21/vllm/dataset-mbpp.model-qwen3.5-9b.alpha4.0.steps100.blocks-1.prefetch-budget-20.rank-accept_first.cut-entropy4.0.samples20.maxnew1024.seed10086.subtreePrefetch.vllm.log,55,8,27,0.006932356883801931
/Users/jiangnanhugo/workspace/power-sharpening/Subtree-Prefetching-Power-Sharpening/case_studies/logs-entropycut/mbpp/2026-09-21/vllm/dataset-mbpp.model-qwen3.5-9b.alpha4.0.steps100.blocks-1.prefetch-budget-20.rank-accept_first.cut-entropy4.0.samples20.maxnew1024.seed10086.subtreePrefetch.vllm.log,55,9,53,0.22918196028253054
/Users/jiangnanhugo/workspace/power-sharpening/Subtree-Prefetching-Power-Sharpening/case_studies/logs-entropycut/mbpp/2026-09-21/vllm/dataset-mbpp.model-qwen3.5-9b.alpha4.0.steps100.blocks-1.prefetch-budget-20.rank-accept_first.cut-entropy4.0.samples20.maxnew1024.seed10086.subtreePrefetch.vllm.log,55,10,28,0.27558371870578124
/Users/jiangnanhugo/workspace/power-sharpening/Subtree-Prefetching-Power-Sharpening/case_studies/logs-entropycut/mbpp/2026-09-21/vllm/dataset-mbpp.model-qwen3.5-9b.alpha4.0.steps100.blocks-1.prefetch-budget-20.rank-accept_first.cut-entropy4.0.samples20.maxnew1024.seed10086.subtreePrefetch.vllm.log,55,11,28,0.27558371870578124
/Users/jiangnanhugo/workspace/power-sharpening/Subtree-Prefetching-Power-Sharpening/case_studies/logs-entropycut/mbpp/2026-09-21/vllm/dataset-mbpp.model-qwen3.5-9b.alpha4.0.steps100.blocks-1.prefetch-budget-20.rank-accept_first.cut-entropy4.0.samples20.maxnew1024.seed10086.subtreePrefetch.vllm.log,55,12,28,0.27558371870578124
/Users/jiangnanhugo/workspace/power-sharpening/Subtree-Prefetching-Power-Sharpening/case_studies/logs-entropycut/mbpp/2026-09-21/vllm/dataset-mbpp.model-qwen3.5-9b.alpha4.0.steps100.blocks-1.prefetch-budget-20.rank-accept_first.cut-entropy4.0.samples20.maxnew1024.seed10086.subtreePrefetch.vllm.log,55,13,53,0.22918196028253054
/Users/jiangnanhugo/workspace/power-sharpening/Subtree-Prefetching-Power-Sharpening/case_studies/logs-entropycut/mbpp/2026-09-21/vllm/dataset-mbpp.model-qwen3.5-9b.alpha4.0.steps100.blocks-1.prefetch-budget-20.rank-accept_first.cut-entropy4.0.samples20.maxnew1024.seed10086.subtreePrefetch.vllm.log,55,14,28,0.27558371870578124
/Users/jiangnanhugo/workspace/power-sharpening/Subtree-Prefetching-Power-Sharpening/case_studies/logs-entropycut/mbpp/2026-09-21/vllm/dataset-mbpp.model-qwen3.5-9b.alpha4.0.steps100.blocks-1.prefetch-budget-20.rank-accept_first.cut-entropy4.0.samples20.maxnew1024.seed10086.subtreePrefetch.vllm.log,55,15,28,0.27558371870578124
/Users/jiangnanhugo/workspace/power-sharpening/Subtree-Prefetching-Power-Sharpening/case_studies/logs-entropycut/mbpp/2026-09-21/vllm/dataset-mbpp.model-qwen3.5-9b.alpha4.0.steps100.blocks-1.prefetch-budget-20.rank-accept_first.cut-entropy4.0.samples20.maxnew1024.seed10086.subtreePrefetch.vllm.log,55,16,28,0.27558371870578124
/Users/jiangnanhugo/workspace/power-sharpening/Subtree-Prefetching-Power-Sharpening/case_studies/logs-entropycut/mbpp/2026-09-21/vllm/dataset-mbpp.model-qwen3.5-9b.alpha4.0.steps100.blocks-1.prefetch-budget-20.rank-accept_first.cut-entropy4.0.samples20.maxnew1024.seed10086.subtreePrefetch.vllm.log,55,17,28,0.27558371870578124
/Users/jiangnanhugo/workspace/power-sharpening/Subtree-Prefetching-Power-Sharpening/case_studies/logs-entropycut/mbpp/2026-09-21/vllm/dataset-mbpp.model-qwen3.5-9b.alpha4.0.steps100.blocks-1.prefetch-budget-20.rank-accept_first.cut-entropy4.0.samples20.maxnew1024.seed10086.subtreePrefetch.vllm.log,55,18,56,0.02718775857867429
/Users/jiangnanhugo/workspace/power-sharpening/Subtree-Prefetching-Power-Sharpening/case_studies/logs-entropycut/mbpp/2026-09-21/vllm/dataset-mbpp.model-qwen3.5-9b.alpha4.0.steps100.blocks-1.prefetch-budget-20.rank-accept_first.cut-entropy4.0.samples20.maxnew1024.seed10086.subtreePrefetch.vllm.log,55,19,28,0.27558371870578124
/Users/jiangnanhugo/workspace/power-sharpening/Subtree-Prefetching-Power-Sharpening/case_studies/logs-entropycut/mbpp/2026-09-21/vllm/dataset-mbpp.model-qwen3.5-9b.alpha4.0.steps100.blocks-1.prefetch-budget-20.rank-accept_first.cut-entropy4.0.samples20.maxnew1024.seed10086.subtreePrefetch.vllm.log,56,0,88,0.10771121250549578
/Users/jiangnanhugo/workspace/power-sharpening/Subtree-Prefetching-Power-Sharpening/case_studies/logs-entropycut/mbpp/2026-09-21/vllm/dataset-mbpp.model-qwen3.5-9b.alpha4.0.steps100.blocks-1.prefetch-budget-20.rank-accept_first.cut-entropy4.0.samples20.maxnew1024.seed10086.subtreePrefetch.vllm.log,56,1,28,0.2082015497662876
/Users/jiangnanhugo/workspace/power-sharpening/Subtree-Prefetching-Power-Sharpening/case_studies/logs-entropycut/mbpp/2026-09-21/vllm/dataset-mbpp.model-qwen3.5-9b.alpha4.0.steps100.blocks-1.prefetch-budget-20.rank-accept_first.cut-entropy4.0.samples20.maxnew1024.seed10086.subtreePrefetch.vllm.log,56,2,28,0.2082015497662876
/Users/jiangnanhugo/workspace/power-sharpening/Subtree-Prefetching-Power-Sharpening/case_studies/logs-entropycut/mbpp/2026-09-21/vllm/dataset-mbpp.model-qwen3.5-9b.alpha4.0.steps100.blocks-1.prefetch-budget-20.rank-accept_first.cut-entropy4.0.samples20.maxnew1024.seed10086.subtreePrefetch.vllm.log,56,3,88,0.10771121250549578
/Users/jiangnanhugo/workspace/power-sharpening/Subtree-Prefetching-Power-Sharpening/case_studies/logs-entropycut/mbpp/2026-09-21/vllm/dataset-mbpp.model-qwen3.5-9b.alpha4.0.steps100.blocks-1.prefetch-budget-20.rank-accept_first.cut-entropy4.0.samples20.maxnew1024.seed10086.subtreePrefetch.vllm.log,56,4,17,0.0006685792649902717
/Users/jiangnanhugo/workspace/power-sharpening/Subtree-Prefetching-Power-Sharpening/case_studies/logs-entropycut/mbpp/2026-09-21/vllm/dataset-mbpp.model-qwen3.5-9b.alpha4.0.steps100.blocks-1.prefetch-budget-20.rank-accept_first.cut-entropy4.0.samples20.maxnew1024.seed10086.subtreePrefetch.vllm.log,56,5,28,0.2082015497662876
/Users/jiangnanhugo/workspace/power-sharpening/Subtree-Prefetching-Power-Sharpening/case_studies/logs-entropycut/mbpp/2026-09-21/vllm/dataset-mbpp.model-qwen3.5-9b.alpha4.0.steps100.blocks-1.prefetch-budget-20.rank-accept_first.cut-entropy4.0.samples20.maxnew1024.seed10086.subtreePrefetch.vllm.log,56,6,32,0.026203865938374
/Users/jiangnanhugo/workspace/power-sharpening/Subtree-Prefetching-Power-Sharpening/case_studies/logs-entropycut/mbpp/2026-09-21/vllm/dataset-mbpp.model-qwen3.5-9b.alpha4.0.steps100.blocks-1.prefetch-budget-20.rank-accept_first.cut-entropy4.0.samples20.maxnew1024.seed10086.subtreePrefetch.vllm.log,56,7,28,0.2082015497662876
/Users/jiangnanhugo/workspace/power-sharpening/Subtree-Prefetching-Power-Sharpening/case_studies/logs-entropycut/mbpp/2026-09-21/vllm/dataset-mbpp.model-qwen3.5-9b.alpha4.0.steps100.blocks-1.prefetch-budget-20.rank-accept_first.cut-entropy4.0.samples20.maxnew1024.seed10086.subtreePrefetch.vllm.log,56,8,53,0.17314534956341615
/Users/jiangnanhugo/workspace/power-sharpening/Subtree-Prefetching-Power-Sharpening/case_studies/logs-entropycut/mbpp/2026-09-21/vllm/dataset-mbpp.model-qwen3.5-9b.alpha4.0.steps100.blocks-1.prefetch-budget-20.rank-accept_first.cut-entropy4.0.samples20.maxnew1024.seed10086.subtreePrefetch.vllm.log,56,9,53,0.17314534956341615
/Users/jiangnanhugo/workspace/power-sharpening/Subtree-Prefetching-Power-Sharpening/case_studies/logs-entropycut/mbpp/2026-09-21/vllm/dataset-mbpp.model-qwen3.5-9b.alpha4.0.steps100.blocks-1.prefetch-budget-20.rank-accept_first.cut-entropy4.0.samples20.maxnew1024.seed10086.subtreePrefetch.vllm.log,56,10,51,0.019244685307824454
/Users/jiangnanhugo/workspace/power-sharpening/Subtree-Prefetching-Power-Sharpening/case_studies/logs-entropycut/mbpp/2026-09-21/vllm/dataset-mbpp.model-qwen3.5-9b.alpha4.0.steps100.blocks-1.prefetch-budget-20.rank-accept_first.cut-entropy4.0.samples20.maxnew1024.seed10086.subtreePrefetch.vllm.log,56,11,28,0.2082015497662876
/Users/jiangnanhugo/workspace/power-sharpening/Subtree-Prefetching-Power-Sharpening/case_studies/logs-entropycut/mbpp/2026-09-21/vllm/dataset-mbpp.model-qwen3.5-9b.alpha4.0.steps100.blocks-1.prefetch-budget-20.rank-accept_first.cut-entropy4.0.samples20.maxnew1024.seed10086.subtreePrefetch.vllm.log,56,12,28,0.2082015497662876
/Users/jiangnanhugo/workspace/power-sharpening/Subtree-Prefetching-Power-Sharpening/case_studies/logs-entropycut/mbpp/2026-09-21/vllm/dataset-mbpp.model-qwen3.5-9b.alpha4.0.steps100.blocks-1.prefetch-budget-20.rank-accept_first.cut-entropy4.0.samples20.maxnew1024.seed10086.subtreePrefetch.vllm.log,56,13,28,0.2082015497662876
/Users/jiangnanhugo/workspace/power-sharpening/Subtree-Prefetching-Power-Sharpening/case_studies/logs-entropycut/mbpp/2026-09-21/vllm/dataset-mbpp.model-qwen3.5-9b.alpha4.0.steps100.blocks-1.prefetch-budget-20.rank-accept_first.cut-entropy4.0.samples20.maxnew1024.seed10086.subtreePrefetch.vllm.log,56,14,28,0.2082015497662876
/Users/jiangnanhugo/workspace/power-sharpening/Subtree-Prefetching-Power-Sharpening/case_studies/logs-entropycut/mbpp/2026-09-21/vllm/dataset-mbpp.model-qwen3.5-9b.alpha4.0.steps100.blocks-1.prefetch-budget-20.rank-accept_first.cut-entropy4.0.samples20.maxnew1024.seed10086.subtreePrefetch.vllm.log,56,15,247,0.03191051156332836
/Users/jiangnanhugo/workspace/power-sharpening/Subtree-Prefetching-Power-Sharpening/case_studies/logs-entropycut/mbpp/2026-09-21/vllm/dataset-mbpp.model-qwen3.5-9b.alpha4.0.steps100.blocks-1.prefetch-budget-20.rank-accept_first.cut-entropy4.0.samples20.maxnew1024.seed10086.subtreePrefetch.vllm.log,56,16,28,0.2082015497662876
/Users/jiangnanhugo/workspace/power-sharpening/Subtree-Prefetching-Power-Sharpening/case_studies/logs-entropycut/mbpp/2026-09-21/vllm/dataset-mbpp.model-qwen3.5-9b.alpha4.0.steps100.blocks-1.prefetch-budget-20.rank-accept_first.cut-entropy4.0.samples20.maxnew1024.seed10086.subtreePrefetch.vllm.log,56,17,32,0.026203865938374
/Users/jiangnanhugo/workspace/power-sharpening/Subtree-Prefetching-Power-Sharpening/case_studies/logs-entropycut/mbpp/2026-09-21/vllm/dataset-mbpp.model-qwen3.5-9b.alpha4.0.steps100.blocks-1.prefetch-budget-20.rank-accept_first.cut-entropy4.0.samples20.maxnew1024.seed10086.subtreePrefetch.vllm.log,56,18,28,0.2082015497662876
/Users/jiangnanhugo/workspace/power-sharpening/Subtree-Prefetching-Power-Sharpening/case_studies/logs-entropycut/mbpp/2026-09-21/vllm/dataset-mbpp.model-qwen3.5-9b.alpha4.0.steps100.blocks-1.prefetch-budget-20.rank-accept_first.cut-entropy4.0.samples20.maxnew1024.seed10086.subtreePrefetch.vllm.log,56,19,28,0.2082015497662876
/Users/jiangnanhugo/workspace/power-sharpening/Subtree-Prefetching-Power-Sharpening/case_studies/logs-entropycut/mbpp/2026-09-21/vllm/dataset-mbpp.model-qwen3.5-9b.alpha4.0.steps100.blocks-1.prefetch-budget-20.rank-accept_first.cut-entropy4.0.samples20.maxnew1024.seed10086.subtreePrefetch.vllm.log,57,0,32,0.026206222269607757
/Users/jiangnanhugo/workspace/power-sharpening/Subtree-Prefetching-Power-Sharpening/case_studies/logs-entropycut/mbpp/2026-09-21/vllm/dataset-mbpp.model-qwen3.5-9b.alpha4.0.steps100.blocks-1.prefetch-budget-20.rank-accept_first.cut-entropy4.0.samples20.maxnew1024.seed10086.subtreePrefetch.vllm.log,57,1,28,0.2082202718821687
/Users/jiangnanhugo/workspace/power-sharpening/Subtree-Prefetching-Power-Sharpening/case_studies/logs-entropycut/mbpp/2026-09-21/vllm/dataset-mbpp.model-qwen3.5-9b.alpha4.0.steps100.blocks-1.prefetch-budget-20.rank-accept_first.cut-entropy4.0.samples20.maxnew1024.seed10086.subtreePrefetch.vllm.log,57,2,28,0.2082202718821687
/Users/jiangnanhugo/workspace/power-sharpening/Subtree-Prefetching-Power-Sharpening/case_studies/logs-entropycut/mbpp/2026-09-21/vllm/dataset-mbpp.model-qwen3.5-9b.alpha4.0.steps100.blocks-1.prefetch-budget-20.rank-accept_first.cut-entropy4.0.samples20.maxnew1024.seed10086.subtreePrefetch.vllm.log,57,3,28,0.2082202718821687
/Users/jiangnanhugo/workspace/power-sharpening/Subtree-Prefetching-Power-Sharpening/case_studies/logs-entropycut/mbpp/2026-09-21/vllm/dataset-mbpp.model-qwen3.5-9b.alpha4.0.steps100.blocks-1.prefetch-budget-20.rank-accept_first.cut-entropy4.0.samples20.maxnew1024.seed10086.subtreePrefetch.vllm.log,57,4,28,0.2082202718821687
/Users/jiangnanhugo/workspace/power-sharpening/Subtree-Prefetching-Power-Sharpening/case_studies/logs-entropycut/mbpp/2026-09-21/vllm/dataset-mbpp.model-qwen3.5-9b.alpha4.0.steps100.blocks-1.prefetch-budget-20.rank-accept_first.cut-entropy4.0.samples20.maxnew1024.seed10086.subtreePrefetch.vllm.log,57,5,28,0.2082202718821687
/Users/jiangnanhugo/workspace/power-sharpening/Subtree-Prefetching-Power-Sharpening/case_studies/logs-entropycut/mbpp/2026-09-21/vllm/dataset-mbpp.model-qwen3.5-9b.alpha4.0.steps100.blocks-1.prefetch-budget-20.rank-accept_first.cut-entropy4.0.samples20.maxnew1024.seed10086.subtreePrefetch.vllm.log,57,6,28,0.2082202718821687
/Users/jiangnanhugo/workspace/power-sharpening/Subtree-Prefetching-Power-Sharpening/case_studies/logs-entropycut/mbpp/2026-09-21/vllm/dataset-mbpp.model-qwen3.5-9b.alpha4.0.steps100.blocks-1.prefetch-budget-20.rank-accept_first.cut-entropy4.0.samples20.maxnew1024.seed10086.subtreePrefetch.vllm.log,57,7,245,0.2277454796025696
/Users/jiangnanhugo/workspace/power-sharpening/Subtree-Prefetching-Power-Sharpening/case_studies/logs-entropycut/mbpp/2026-09-21/vllm/dataset-mbpp.model-qwen3.5-9b.alpha4.0.steps100.blocks-1.prefetch-budget-20.rank-accept_first.cut-entropy4.0.samples20.maxnew1024.seed10086.subtreePrefetch.vllm.log,57,8,28,0.2082202718821687
/Users/jiangnanhugo/workspace/power-sharpening/Subtree-Prefetching-Power-Sharpening/case_studies/logs-entropycut/mbpp/2026-09-21/vllm/dataset-mbpp.model-qwen3.5-9b.alpha4.0.steps100.blocks-1.prefetch-budget-20.rank-accept_first.cut-entropy4.0.samples20.maxnew1024.seed10086.subtreePrefetch.vllm.log,57,9,28,0.2082202718821687
/Users/jiangnanhugo/workspace/power-sharpening/Subtree-Prefetching-Power-Sharpening/case_studies/logs-entropycut/mbpp/2026-09-21/vllm/dataset-mbpp.model-qwen3.5-9b.alpha4.0.steps100.blocks-1.prefetch-budget-20.rank-accept_first.cut-entropy4.0.samples20.maxnew1024.seed10086.subtreePrefetch.vllm.log,57,10,56,0.020542006290154496
/Users/jiangnanhugo/workspace/power-sharpening/Subtree-Prefetching-Power-Sharpening/case_studies/logs-entropycut/mbpp/2026-09-21/vllm/dataset-mbpp.model-qwen3.5-9b.alpha4.0.steps100.blocks-1.prefetch-budget-20.rank-accept_first.cut-entropy4.0.samples20.maxnew1024.seed10086.subtreePrefetch.vllm.log,57,11,245,0.2277454796025696
/Users/jiangnanhugo/workspace/power-sharpening/Subtree-Prefetching-Power-Sharpening/case_studies/logs-entropycut/mbpp/2026-09-21/vllm/dataset-mbpp.model-qwen3.5-9b.alpha4.0.steps100.blocks-1.prefetch-budget-20.rank-accept_first.cut-entropy4.0.samples20.maxnew1024.seed10086.subtreePrefetch.vllm.log,57,12,28,0.2082202718821687
/Users/jiangnanhugo/workspace/power-sharpening/Subtree-Prefetching-Power-Sharpening/case_studies/logs-entropycut/mbpp/2026-09-21/vllm/dataset-mbpp.model-qwen3.5-9b.alpha4.0.steps100.blocks-1.prefetch-budget-20.rank-accept_first.cut-entropy4.0.samples20.maxnew1024.seed10086.subtreePrefetch.vllm.log,57,13,28,0.2082202718821687
/Users/jiangnanhugo/workspace/power-sharpening/Subtree-Prefetching-Power-Sharpening/case_studies/logs-entropycut/mbpp/2026-09-21/vllm/dataset-mbpp.model-qwen3.5-9b.alpha4.0.steps100.blocks-1.prefetch-budget-20.rank-accept_first.cut-entropy4.0.samples20.maxnew1024.seed10086.subtreePrefetch.vllm.log,57,14,28,0.2082202718821687
/Users/jiangnanhugo/workspace/power-sharpening/Subtree-Prefetching-Power-Sharpening/case_studies/logs-entropycut/mbpp/2026-09-21/vllm/dataset-mbpp.model-qwen3.5-9b.alpha4.0.steps100.blocks-1.prefetch-budget-20.rank-accept_first.cut-entropy4.0.samples20.maxnew1024.seed10086.subtreePrefetch.vllm.log,57,15,245,0.2277454796025696
/Users/jiangnanhugo/workspace/power-sharpening/Subtree-Prefetching-Power-Sharpening/case_studies/logs-entropycut/mbpp/2026-09-21/vllm/dataset-mbpp.model-qwen3.5-9b.alpha4.0.steps100.blocks-1.prefetch-budget-20.rank-accept_first.cut-entropy4.0.samples20.maxnew1024.seed10086.subtreePrefetch.vllm.log,57,16,28,0.2082202718821687
/Users/jiangnanhugo/workspace/power-sharpening/Subtree-Prefetching-Power-Sharpening/case_studies/logs-entropycut/mbpp/2026-09-21/vllm/dataset-mbpp.model-qwen3.5-9b.alpha4.0.steps100.blocks-1.prefetch-budget-20.rank-accept_first.cut-entropy4.0.samples20.maxnew1024.seed10086.subtreePrefetch.vllm.log,57,17,28,0.2082202718821687
/Users/jiangnanhugo/workspace/power-sharpening/Subtree-Prefetching-Power-Sharpening/case_studies/logs-entropycut/mbpp/2026-09-21/vllm/dataset-mbpp.model-qwen3.5-9b.alpha4.0.steps100.blocks-1.prefetch-budget-20.rank-accept_first.cut-entropy4.0.samples20.maxnew1024.seed10086.subtreePrefetch.vllm.log,57,18,28,0.2082202718821687
/Users/jiangnanhugo/workspace/power-sharpening/Subtree-Prefetching-Power-Sharpening/case_studies/logs-entropycut/mbpp/2026-09-21/vllm/dataset-mbpp.model-qwen3.5-9b.alpha4.0.steps100.blocks-1.prefetch-budget-20.rank-accept_first.cut-entropy4.0.samples20.maxnew1024.seed10086.subtreePrefetch.vllm.log,57,19,28,0.2082202718821687
/Users/jiangnanhugo/workspace/power-sharpening/Subtree-Prefetching-Power-Sharpening/case_studies/logs-entropycut/mbpp/2026-09-21/vllm/dataset-mbpp.model-qwen3.5-9b.alpha4.0.steps100.blocks-1.prefetch-budget-20.rank-accept_first.cut-entropy4.0.samples20.maxnew1024.seed10086.subtreePrefetch.vllm.log,58,0,245,0.19479489005016587
/Users/jiangnanhugo/workspace/power-sharpening/Subtree-Prefetching-Power-Sharpening/case_studies/logs-entropycut/mbpp/2026-09-21/vllm/dataset-mbpp.model-qwen3.5-9b.alpha4.0.steps100.blocks-1.prefetch-budget-20.rank-accept_first.cut-entropy4.0.samples20.maxnew1024.seed10086.subtreePrefetch.vllm.log,58,1,88,0.11205396790719221
/Users/jiangnanhugo/workspace/power-sharpening/Subtree-Prefetching-Power-Sharpening/case_studies/logs-entropycut/mbpp/2026-09-21/vllm/dataset-mbpp.model-qwen3.5-9b.alpha4.0.steps100.blocks-1.prefetch-budget-20.rank-accept_first.cut-entropy4.0.samples20.maxnew1024.seed10086.subtreePrefetch.vllm.log,58,2,88,0.11205396790719221
/Users/jiangnanhugo/workspace/power-sharpening/Subtree-Prefetching-Power-Sharpening/case_studies/logs-entropycut/mbpp/2026-09-21/vllm/dataset-mbpp.model-qwen3.5-9b.alpha4.0.steps100.blocks-1.prefetch-budget-20.rank-accept_first.cut-entropy4.0.samples20.maxnew1024.seed10086.subtreePrefetch.vllm.log,58,3,245,0.19479489005016587
/Users/jiangnanhugo/workspace/power-sharpening/Subtree-Prefetching-Power-Sharpening/case_studies/logs-entropycut/mbpp/2026-09-21/vllm/dataset-mbpp.model-qwen3.5-9b.alpha4.0.steps100.blocks-1.prefetch-budget-20.rank-accept_first.cut-entropy4.0.samples20.maxnew1024.seed10086.subtreePrefetch.vllm.log,58,4,28,0.2165959256521127
/Users/jiangnanhugo/workspace/power-sharpening/Subtree-Prefetching-Power-Sharpening/case_studies/logs-entropycut/mbpp/2026-09-21/vllm/dataset-mbpp.model-qwen3.5-9b.alpha4.0.steps100.blocks-1.prefetch-budget-20.rank-accept_first.cut-entropy4.0.samples20.maxnew1024.seed10086.subtreePrefetch.vllm.log,58,5,28,0.2165959256521127
/Users/jiangnanhugo/workspace/power-sharpening/Subtree-Prefetching-Power-Sharpening/case_studies/logs-entropycut/mbpp/2026-09-21/vllm/dataset-mbpp.model-qwen3.5-9b.alpha4.0.steps100.blocks-1.prefetch-budget-20.rank-accept_first.cut-entropy4.0.samples20.maxnew1024.seed10086.subtreePrefetch.vllm.log,58,6,247,0.03396276834318499
/Users/jiangnanhugo/workspace/power-sharpening/Subtree-Prefetching-Power-Sharpening/case_studies/logs-entropycut/mbpp/2026-09-21/vllm/dataset-mbpp.model-qwen3.5-9b.alpha4.0.steps100.blocks-1.prefetch-budget-20.rank-accept_first.cut-entropy4.0.samples20.maxnew1024.seed10086.subtreePrefetch.vllm.log,58,7,174,0.0064422722566705405
/Users/jiangnanhugo/workspace/power-sharpening/Subtree-Prefetching-Power-Sharpening/case_studies/logs-entropycut/mbpp/2026-09-21/vllm/dataset-mbpp.model-qwen3.5-9b.alpha4.0.steps100.blocks-1.prefetch-budget-20.rank-accept_first.cut-entropy4.0.samples20.maxnew1024.seed10086.subtreePrefetch.vllm.log,58,8,28,0.2165959256521127
/Users/jiangnanhugo/workspace/power-sharpening/Subtree-Prefetching-Power-Sharpening/case_studies/logs-entropycut/mbpp/2026-09-21/vllm/dataset-mbpp.model-qwen3.5-9b.alpha4.0.steps100.blocks-1.prefetch-budget-20.rank-accept_first.cut-entropy4.0.samples20.maxnew1024.seed10086.subtreePrefetch.vllm.log,58,9,245,0.19479489005016587
/Users/jiangnanhugo/workspace/power-sharpening/Subtree-Prefetching-Power-Sharpening/case_studies/logs-entropycut/mbpp/2026-09-21/vllm/dataset-mbpp.model-qwen3.5-9b.alpha4.0.steps100.blocks-1.prefetch-budget-20.rank-accept_first.cut-entropy4.0.samples20.maxnew1024.seed10086.subtreePrefetch.vllm.log,58,10,53,0.18012631175485724
/Users/jiangnanhugo/workspace/power-sharpening/Subtree-Prefetching-Power-Sharpening/case_studies/logs-entropycut/mbpp/2026-09-21/vllm/dataset-mbpp.model-qwen3.5-9b.alpha4.0.steps100.blocks-1.prefetch-budget-20.rank-accept_first.cut-entropy4.0.samples20.maxnew1024.seed10086.subtreePrefetch.vllm.log,58,11,28,0.2165959256521127
/Users/jiangnanhugo/workspace/power-sharpening/Subtree-Prefetching-Power-Sharpening/case_studies/logs-entropycut/mbpp/2026-09-21/vllm/dataset-mbpp.model-qwen3.5-9b.alpha4.0.steps100.blocks-1.prefetch-budget-20.rank-accept_first.cut-entropy4.0.samples20.maxnew1024.seed10086.subtreePrefetch.vllm.log,58,12,28,0.2165959256521127
/Users/jiangnanhugo/workspace/power-sharpening/Subtree-Prefetching-Power-Sharpening/case_studies/logs-entropycut/mbpp/2026-09-21/vllm/dataset-mbpp.model-qwen3.5-9b.alpha4.0.steps100.blocks-1.prefetch-budget-20.rank-accept_first.cut-entropy4.0.samples20.maxnew1024.seed10086.subtreePrefetch.vllm.log,58,13,32,0.027260366721367196
/Users/jiangnanhugo/workspace/power-sharpening/Subtree-Prefetching-Power-Sharpening/case_studies/logs-entropycut/mbpp/2026-09-21/vllm/dataset-mbpp.model-qwen3.5-9b.alpha4.0.steps100.blocks-1.prefetch-budget-20.rank-accept_first.cut-entropy4.0.samples20.maxnew1024.seed10086.subtreePrefetch.vllm.log,58,14,157,0.10389468205051901
/Users/jiangnanhugo/workspace/power-sharpening/Subtree-Prefetching-Power-Sharpening/case_studies/logs-entropycut/mbpp/2026-09-21/vllm/dataset-mbpp.model-qwen3.5-9b.alpha4.0.steps100.blocks-1.prefetch-budget-20.rank-accept_first.cut-entropy4.0.samples20.maxnew1024.seed10086.subtreePrefetch.vllm.log,58,15,80,5.663074416979938e-05
/Users/jiangnanhugo/workspace/power-sharpening/Subtree-Prefetching-Power-Sharpening/case_studies/logs-entropycut/mbpp/2026-09-21/vllm/dataset-mbpp.model-qwen3.5-9b.alpha4.0.steps100.blocks-1.prefetch-budget-20.rank-accept_first.cut-entropy4.0.samples20.maxnew1024.seed10086.subtreePrefetch.vllm.log,58,16,53,0.18012631175485724
/Users/jiangnanhugo/workspace/power-sharpening/Subtree-Prefetching-Power-Sharpening/case_studies/logs-entropycut/mbpp/2026-09-21/vllm/dataset-mbpp.model-qwen3.5-9b.alpha4.0.steps100.blocks-1.prefetch-budget-20.rank-accept_first.cut-entropy4.0.samples20.maxnew1024.seed10086.subtreePrefetch.vllm.log,58,17,53,0.18012631175485724
/Users/jiangnanhugo/workspace/power-sharpening/Subtree-Prefetching-Power-Sharpening/case_studies/logs-entropycut/mbpp/2026-09-21/vllm/dataset-mbpp.model-qwen3.5-9b.alpha4.0.steps100.blocks-1.prefetch-budget-20.rank-accept_first.cut-entropy4.0.samples20.maxnew1024.seed10086.subtreePrefetch.vllm.log,58,18,28,0.2165959256521127
/Users/jiangnanhugo/workspace/power-sharpening/Subtree-Prefetching-Power-Sharpening/case_studies/logs-entropycut/mbpp/2026-09-21/vllm/dataset-mbpp.model-qwen3.5-9b.alpha4.0.steps100.blocks-1.prefetch-budget-20.rank-accept_first.cut-entropy4.0.samples20.maxnew1024.seed10086.subtreePrefetch.vllm.log,58,19,28,0.2165959256521127
/Users/jiangnanhugo/workspace/power-sharpening/Subtree-Prefetching-Power-Sharpening/case_studies/logs-entropycut/mbpp/2026-09-21/vllm/dataset-mbpp.model-qwen3.5-9b.alpha4.0.steps100.blocks-1.prefetch-budget-20.rank-accept_first.cut-entropy4.0.samples20.maxnew1024.seed10086.subtreePrefetch.vllm.log,59,0,157,0.10389468205051901
/Users/jiangnanhugo/workspace/power-sharpening/Subtree-Prefetching-Power-Sharpening/case_studies/logs-entropycut/mbpp/2026-09-21/vllm/dataset-mbpp.model-qwen3.5-9b.alpha4.0.steps100.blocks-1.prefetch-budget-20.rank-accept_first.cut-entropy4.0.samples20.maxnew1024.seed10086.subtreePrefetch.vllm.log,59,1,32,0.027260366721367196
/Users/jiangnanhugo/workspace/power-sharpening/Subtree-Prefetching-Power-Sharpening/case_studies/logs-entropycut/mbpp/2026-09-21/vllm/dataset-mbpp.model-qwen3.5-9b.alpha4.0.steps100.blocks-1.prefetch-budget-20.rank-accept_first.cut-entropy4.0.samples20.maxnew1024.seed10086.subtreePrefetch.vllm.log,59,2,28,0.2165959256521127
/Users/jiangnanhugo/workspace/power-sharpening/Subtree-Prefetching-Power-Sharpening/case_studies/logs-entropycut/mbpp/2026-09-21/vllm/dataset-mbpp.model-qwen3.5-9b.alpha4.0.steps100.blocks-1.prefetch-budget-20.rank-accept_first.cut-entropy4.0.samples20.maxnew1024.seed10086.subtreePrefetch.vllm.log,59,3,88,0.11205396790719221
/Users/jiangnanhugo/workspace/power-sharpening/Subtree-Prefetching-Power-Sharpening/case_studies/logs-entropycut/mbpp/2026-09-21/vllm/dataset-mbpp.model-qwen3.5-9b.alpha4.0.steps100.blocks-1.prefetch-budget-20.rank-accept_first.cut-entropy4.0.samples20.maxnew1024.seed10086.subtreePrefetch.vllm.log,59,4,28,0.2165959256521127
/Users/jiangnanhugo/workspace/power-sharpening/Subtree-Prefetching-Power-Sharpening/case_studies/logs-entropycut/mbpp/2026-09-21/vllm/dataset-mbpp.model-qwen3.5-9b.alpha4.0.steps100.blocks-1.prefetch-budget-20.rank-accept_first.cut-entropy4.0.samples20.maxnew1024.seed10086.subtreePrefetch.vllm.log,59,5,28,0.2165959256521127
/Users/jiangnanhugo/workspace/power-sharpening/Subtree-Prefetching-Power-Sharpening/case_studies/logs-entropycut/mbpp/2026-09-21/vllm/dataset-mbpp.model-qwen3.5-9b.alpha4.0.steps100.blocks-1.prefetch-budget-20.rank-accept_first.cut-entropy4.0.samples20.maxnew1024.seed10086.subtreePrefetch.vllm.log,59,6,245,0.19479489005016587
/Users/jiangnanhugo/workspace/power-sharpening/Subtree-Prefetching-Power-Sharpening/case_studies/logs-entropycut/mbpp/2026-09-21/vllm/dataset-mbpp.model-qwen3.5-9b.alpha4.0.steps100.blocks-1.prefetch-budget-20.rank-accept_first.cut-entropy4.0.samples20.maxnew1024.seed10086.subtreePrefetch.vllm.log,59,7,28,0.2165959256521127
/Users/jiangnanhugo/workspace/power-sharpening/Subtree-Prefetching-Power-Sharpening/case_studies/logs-entropycut/mbpp/2026-09-21/vllm/dataset-mbpp.model-qwen3.5-9b.alpha4.0.steps100.blocks-1.prefetch-budget-20.rank-accept_first.cut-entropy4.0.samples20.maxnew1024.seed10086.subtreePrefetch.vllm.log,59,8,88,0.11205396790719221
/Users/jiangnanhugo/workspace/power-sharpening/Subtree-Prefetching-Power-Sharpening/case_studies/logs-entropycut/mbpp/2026-09-21/vllm/dataset-mbpp.model-qwen3.5-9b.alpha4.0.steps100.blocks-1.prefetch-budget-20.rank-accept_first.cut-entropy4.0.samples20.maxnew1024.seed10086.subtreePrefetch.vllm.log,59,9,28,0.2165959256521127
/Users/jiangnanhugo/workspace/power-sharpening/Subtree-Prefetching-Power-Sharpening/case_studies/logs-entropycut/mbpp/2026-09-21/vllm/dataset-mbpp.model-qwen3.5-9b.alpha4.0.steps100.blocks-1.prefetch-budget-20.rank-accept_first.cut-entropy4.0.samples20.maxnew1024.seed10086.subtreePrefetch.vllm.log,59,10,28,0.2165959256521127
/Users/jiangnanhugo/workspace/power-sharpening/Subtree-Prefetching-Power-Sharpening/case_studies/logs-entropycut/mbpp/2026-09-21/vllm/dataset-mbpp.model-qwen3.5-9b.alpha4.0.steps100.blocks-1.prefetch-budget-20.rank-accept_first.cut-entropy4.0.samples20.maxnew1024.seed10086.subtreePrefetch.vllm.log,59,11,28,0.2165959256521127
/Users/jiangnanhugo/workspace/power-sharpening/Subtree-Prefetching-Power-Sharpening/case_studies/logs-entropycut/mbpp/2026-09-21/vllm/dataset-mbpp.model-qwen3.5-9b.alpha4.0.steps100.blocks-1.prefetch-budget-20.rank-accept_first.cut-entropy4.0.samples20.maxnew1024.seed10086.subtreePrefetch.vllm.log,59,12,53,0.18012631175485724
/Users/jiangnanhugo/workspace/power-sharpening/Subtree-Prefetching-Power-Sharpening/case_studies/logs-entropycut/mbpp/2026-09-21/vllm/dataset-mbpp.model-qwen3.5-9b.alpha4.0.steps100.blocks-1.prefetch-budget-20.rank-accept_first.cut-entropy4.0.samples20.maxnew1024.seed10086.subtreePrefetch.vllm.log,59,13,28,0.2165959256521127
/Users/jiangnanhugo/workspace/power-sharpening/Subtree-Prefetching-Power-Sharpening/case_studies/logs-entropycut/mbpp/2026-09-21/vllm/dataset-mbpp.model-qwen3.5-9b.alpha4.0.steps100.blocks-1.prefetch-budget-20.rank-accept_first.cut-entropy4.0.samples20.maxnew1024.seed10086.subtreePrefetch.vllm.log,59,14,88,0.11205396790719221
/Users/jiangnanhugo/workspace/power-sharpening/Subtree-Prefetching-Power-Sharpening/case_studies/logs-entropycut/mbpp/2026-09-21/vllm/dataset-mbpp.model-qwen3.5-9b.alpha4.0.steps100.blocks-1.prefetch-budget-20.rank-accept_first.cut-entropy4.0.samples20.maxnew1024.seed10086.subtreePrefetch.vllm.log,59,15,53,0.18012631175485724
/Users/jiangnanhugo/workspace/power-sharpening/Subtree-Prefetching-Power-Sharpening/case_studies/logs-entropycut/mbpp/2026-09-21/vllm/dataset-mbpp.model-qwen3.5-9b.alpha4.0.steps100.blocks-1.prefetch-budget-20.rank-accept_first.cut-entropy4.0.samples20.maxnew1024.seed10086.subtreePrefetch.vllm.log,59,16,28,0.2165959256521127
/Users/jiangnanhugo/workspace/power-sharpening/Subtree-Prefetching-Power-Sharpening/case_studies/logs-entropycut/mbpp/2026-09-21/vllm/dataset-mbpp.model-qwen3.5-9b.alpha4.0.steps100.blocks-1.prefetch-budget-20.rank-accept_first.cut-entropy4.0.samples20.maxnew1024.seed10086.subtreePrefetch.vllm.log,59,17,28,0.2165959256521127
/Users/jiangnanhugo/workspace/power-sharpening/Subtree-Prefetching-Power-Sharpening/case_studies/logs-entropycut/mbpp/2026-09-21/vllm/dataset-mbpp.model-qwen3.5-9b.alpha4.0.steps100.blocks-1.prefetch-budget-20.rank-accept_first.cut-entropy4.0.samples20.maxnew1024.seed10086.subtreePrefetch.vllm.log,59,18,28,0.2165959256521127
/Users/jiangnanhugo/workspace/power-sharpening/Subtree-Prefetching-Power-Sharpening/case_studies/logs-entropycut/mbpp/2026-09-21/vllm/dataset-mbpp.model-qwen3.5-9b.alpha4.0.steps100.blocks-1.prefetch-budget-20.rank-accept_first.cut-entropy4.0.samples20.maxnew1024.seed10086.subtreePrefetch.vllm.log,59,19,178,0.00023153632251290293
/Users/jiangnanhugo/workspace/power-sharpening/Subtree-Prefetching-Power-Sharpening/case_studies/logs-entropycut/mbpp/2026-09-21/vllm/dataset-mbpp.model-qwen3.5-9b.alpha4.0.steps100.blocks-1.prefetch-budget-20.rank-accept_first.cut-entropy4.0.samples20.maxnew1024.seed10086.subtreePrefetch.vllm.log,60,0,245,0.19479489005016587
/Users/jiangnanhugo/workspace/power-sharpening/Subtree-Prefetching-Power-Sharpening/case_studies/logs-entropycut/mbpp/2026-09-21/vllm/dataset-mbpp.model-qwen3.5-9b.alpha4.0.steps100.blocks-1.prefetch-budget-20.rank-accept_first.cut-entropy4.0.samples20.maxnew1024.seed10086.subtreePrefetch.vllm.log,60,1,245,0.19479489005016587
/Users/jiangnanhugo/workspace/power-sharpening/Subtree-Prefetching-Power-Sharpening/case_studies/logs-entropycut/mbpp/2026-09-21/vllm/dataset-mbpp.model-qwen3.5-9b.alpha4.0.steps100.blocks-1.prefetch-budget-20.rank-accept_first.cut-entropy4.0.samples20.maxnew1024.seed10086.subtreePrefetch.vllm.log,60,2,88,0.11205396790719221
/Users/jiangnanhugo/workspace/power-sharpening/Subtree-Prefetching-Power-Sharpening/case_studies/logs-entropycut/mbpp/2026-09-21/vllm/dataset-mbpp.model-qwen3.5-9b.alpha4.0.steps100.blocks-1.prefetch-budget-20.rank-accept_first.cut-entropy4.0.samples20.maxnew1024.seed10086.subtreePrefetch.vllm.log,60,3,28,0.2165959256521127
/Users/jiangnanhugo/workspace/power-sharpening/Subtree-Prefetching-Power-Sharpening/case_studies/logs-entropycut/mbpp/2026-09-21/vllm/dataset-mbpp.model-qwen3.5-9b.alpha4.0.steps100.blocks-1.prefetch-budget-20.rank-accept_first.cut-entropy4.0.samples20.maxnew1024.seed10086.subtreePrefetch.vllm.log,60,4,245,0.19479489005016587
/Users/jiangnanhugo/workspace/power-sharpening/Subtree-Prefetching-Power-Sharpening/case_studies/logs-entropycut/mbpp/2026-09-21/vllm/dataset-mbpp.model-qwen3.5-9b.alpha4.0.steps100.blocks-1.prefetch-budget-20.rank-accept_first.cut-entropy4.0.samples20.maxnew1024.seed10086.subtreePrefetch.vllm.log,60,5,157,0.10389468205051901
/Users/jiangnanhugo/workspace/power-sharpening/Subtree-Prefetching-Power-Sharpening/case_studies/logs-entropycut/mbpp/2026-09-21/vllm/dataset-mbpp.model-qwen3.5-9b.alpha4.0.steps100.blocks-1.prefetch-budget-20.rank-accept_first.cut-entropy4.0.samples20.maxnew1024.seed10086.subtreePrefetch.vllm.log,60,6,53,0.18012631175485724
/Users/jiangnanhugo/workspace/power-sharpening/Subtree-Prefetching-Power-Sharpening/case_studies/logs-entropycut/mbpp/2026-09-21/vllm/dataset-mbpp.model-qwen3.5-9b.alpha4.0.steps100.blocks-1.prefetch-budget-20.rank-accept_first.cut-entropy4.0.samples20.maxnew1024.seed10086.subtreePrefetch.vllm.log,60,7,28,0.2165959256521127
/Users/jiangnanhugo/workspace/power-sharpening/Subtree-Prefetching-Power-Sharpening/case_studies/logs-entropycut/mbpp/2026-09-21/vllm/dataset-mbpp.model-qwen3.5-9b.alpha4.0.steps100.blocks-1.prefetch-budget-20.rank-accept_first.cut-entropy4.0.samples20.maxnew1024.seed10086.subtreePrefetch.vllm.log,60,8,28,0.2165959256521127
/Users/jiangnanhugo/workspace/power-sharpening/Subtree-Prefetching-Power-Sharpening/case_studies/logs-entropycut/mbpp/2026-09-21/vllm/dataset-mbpp.model-qwen3.5-9b.alpha4.0.steps100.blocks-1.prefetch-budget-20.rank-accept_first.cut-entropy4.0.samples20.maxnew1024.seed10086.subtreePrefetch.vllm.log,60,9,53,0.18012631175485724
/Users/jiangnanhugo/workspace/power-sharpening/Subtree-Prefetching-Power-Sharpening/case_studies/logs-entropycut/mbpp/2026-09-21/vllm/dataset-mbpp.model-qwen3.5-9b.alpha4.0.steps100.blocks-1.prefetch-budget-20.rank-accept_first.cut-entropy4.0.samples20.maxnew1024.seed10086.subtreePrefetch.vllm.log,60,10,53,0.18012631175485724
/Users/jiangnanhugo/workspace/power-sharpening/Subtree-Prefetching-Power-Sharpening/case_studies/logs-entropycut/mbpp/2026-09-21/vllm/dataset-mbpp.model-qwen3.5-9b.alpha4.0.steps100.blocks-1.prefetch-budget-20.rank-accept_first.cut-entropy4.0.samples20.maxnew1024.seed10086.subtreePrefetch.vllm.log,60,11,53,0.18012631175485724
/Users/jiangnanhugo/workspace/power-sharpening/Subtree-Prefetching-Power-Sharpening/case_studies/logs-entropycut/mbpp/2026-09-21/vllm/dataset-mbpp.model-qwen3.5-9b.alpha4.0.steps100.blocks-1.prefetch-budget-20.rank-accept_first.cut-entropy4.0.samples20.maxnew1024.seed10086.subtreePrefetch.vllm.log,60,12,53,0.18012631175485724
/Users/jiangnanhugo/workspace/power-sharpening/Subtree-Prefetching-Power-Sharpening/case_studies/logs-entropycut/mbpp/2026-09-21/vllm/dataset-mbpp.model-qwen3.5-9b.alpha4.0.steps100.blocks-1.prefetch-budget-20.rank-accept_first.cut-entropy4.0.samples20.maxnew1024.seed10086.subtreePrefetch.vllm.log,60,13,53,0.18012631175485724
/Users/jiangnanhugo/workspace/power-sharpening/Subtree-Prefetching-Power-Sharpening/case_studies/logs-entropycut/mbpp/2026-09-21/vllm/dataset-mbpp.model-qwen3.5-9b.alpha4.0.steps100.blocks-1.prefetch-budget-20.rank-accept_first.cut-entropy4.0.samples20.maxnew1024.seed10086.subtreePrefetch.vllm.log,60,14,53,0.18012631175485724
/Users/jiangnanhugo/workspace/power-sharpening/Subtree-Prefetching-Power-Sharpening/case_studies/logs-entropycut/mbpp/2026-09-21/vllm/dataset-mbpp.model-qwen3.5-9b.alpha4.0.steps100.blocks-1.prefetch-budget-20.rank-accept_first.cut-entropy4.0.samples20.maxnew1024.seed10086.subtreePrefetch.vllm.log,60,15,53,0.18012631175485724
/Users/jiangnanhugo/workspace/power-sharpening/Subtree-Prefetching-Power-Sharpening/case_studies/logs-entropycut/mbpp/2026-09-21/vllm/dataset-mbpp.model-qwen3.5-9b.alpha4.0.steps100.blocks-1.prefetch-budget-20.rank-accept_first.cut-entropy4.0.samples20.maxnew1024.seed10086.subtreePrefetch.vllm.log,60,16,88,0.11205396790719221
/Users/jiangnanhugo/workspace/power-sharpening/Subtree-Prefetching-Power-Sharpening/case_studies/logs-entropycut/mbpp/2026-09-21/vllm/dataset-mbpp.model-qwen3.5-9b.alpha4.0.steps100.blocks-1.prefetch-budget-20.rank-accept_first.cut-entropy4.0.samples20.maxnew1024.seed10086.subtreePrefetch.vllm.log,60,17,28,0.2165959256521127
/Users/jiangnanhugo/workspace/power-sharpening/Subtree-Prefetching-Power-Sharpening/case_studies/logs-entropycut/mbpp/2026-09-21/vllm/dataset-mbpp.model-qwen3.5-9b.alpha4.0.steps100.blocks-1.prefetch-budget-20.rank-accept_first.cut-entropy4.0.samples20.maxnew1024.seed10086.subtreePrefetch.vllm.log,60,18,174,0.0064422722566705405
/Users/jiangnanhugo/workspace/power-sharpening/Subtree-Prefetching-Power-Sharpening/case_studies/logs-entropycut/mbpp/2026-09-21/vllm/dataset-mbpp.model-qwen3.5-9b.alpha4.0.steps100.blocks-1.prefetch-budget-20.rank-accept_first.cut-entropy4.0.samples20.maxnew1024.seed10086.subtreePrefetch.vllm.log,60,19,28,0.2165959256521127
/Users/jiangnanhugo/workspace/power-sharpening/Subtree-Prefetching-Power-Sharpening/case_studies/logs-entropycut/mbpp/2026-09-21/vllm/dataset-mbpp.model-qwen3.5-9b.alpha4.0.steps100.blocks-1.prefetch-budget-20.rank-accept_first.cut-entropy4.0.samples20.maxnew1024.seed10086.subtreePrefetch.vllm.log,61,0,245,0.19479489005016587
/Users/jiangnanhugo/workspace/power-sharpening/Subtree-Prefetching-Power-Sharpening/case_studies/logs-entropycut/mbpp/2026-09-21/vllm/dataset-mbpp.model-qwen3.5-9b.alpha4.0.steps100.blocks-1.prefetch-budget-20.rank-accept_first.cut-entropy4.0.samples20.maxnew1024.seed10086.subtreePrefetch.vllm.log,61,1,28,0.2165959256521127
/Users/jiangnanhugo/workspace/power-sharpening/Subtree-Prefetching-Power-Sharpening/case_studies/logs-entropycut/mbpp/2026-09-21/vllm/dataset-mbpp.model-qwen3.5-9b.alpha4.0.steps100.blocks-1.prefetch-budget-20.rank-accept_first.cut-entropy4.0.samples20.maxnew1024.seed10086.subtreePrefetch.vllm.log,61,2,245,0.19479489005016587
/Users/jiangnanhugo/workspace/power-sharpening/Subtree-Prefetching-Power-Sharpening/case_studies/logs-entropycut/mbpp/2026-09-21/vllm/dataset-mbpp.model-qwen3.5-9b.alpha4.0.steps100.blocks-1.prefetch-budget-20.rank-accept_first.cut-entropy4.0.samples20.maxnew1024.seed10086.subtreePrefetch.vllm.log,61,3,28,0.2165959256521127
/Users/jiangnanhugo/workspace/power-sharpening/Subtree-Prefetching-Power-Sharpening/case_studies/logs-entropycut/mbpp/2026-09-21/vllm/dataset-mbpp.model-qwen3.5-9b.alpha4.0.steps100.blocks-1.prefetch-budget-20.rank-accept_first.cut-entropy4.0.samples20.maxnew1024.seed10086.subtreePrefetch.vllm.log,61,4,28,0.2165959256521127
/Users/jiangnanhugo/workspace/power-sharpening/Subtree-Prefetching-Power-Sharpening/case_studies/logs-entropycut/mbpp/2026-09-21/vllm/dataset-mbpp.model-qwen3.5-9b.alpha4.0.steps100.blocks-1.prefetch-budget-20.rank-accept_first.cut-entropy4.0.samples20.maxnew1024.seed10086.subtreePrefetch.vllm.log,61,5,28,0.2165959256521127
/Users/jiangnanhugo/workspace/power-sharpening/Subtree-Prefetching-Power-Sharpening/case_studies/logs-entropycut/mbpp/2026-09-21/vllm/dataset-mbpp.model-qwen3.5-9b.alpha4.0.steps100.blocks-1.prefetch-budget-20.rank-accept_first.cut-entropy4.0.samples20.maxnew1024.seed10086.subtreePrefetch.vllm.log,61,6,180,0.00886984231142805
/Users/jiangnanhugo/workspace/power-sharpening/Subtree-Prefetching-Power-Sharpening/case_studies/logs-entropycut/mbpp/2026-09-21/vllm/dataset-mbpp.model-qwen3.5-9b.alpha4.0.steps100.blocks-1.prefetch-budget-20.rank-accept_first.cut-entropy4.0.samples20.maxnew1024.seed10086.subtreePrefetch.vllm.log,61,7,53,0.18012631175485724
/Users/jiangnanhugo/workspace/power-sharpening/Subtree-Prefetching-Power-Sharpening/case_studies/logs-entropycut/mbpp/2026-09-21/vllm/dataset-mbpp.model-qwen3.5-9b.alpha4.0.steps100.blocks-1.prefetch-budget-20.rank-accept_first.cut-entropy4.0.samples20.maxnew1024.seed10086.subtreePrefetch.vllm.log,61,8,245,0.19479489005016587
/Users/jiangnanhugo/workspace/power-sharpening/Subtree-Prefetching-Power-Sharpening/case_studies/logs-entropycut/mbpp/2026-09-21/vllm/dataset-mbpp.model-qwen3.5-9b.alpha4.0.steps100.blocks-1.prefetch-budget-20.rank-accept_first.cut-entropy4.0.samples20.maxnew1024.seed10086.subtreePrefetch.vllm.log,61,9,28,0.2165959256521127
/Users/jiangnanhugo/workspace/power-sharpening/Subtree-Prefetching-Power-Sharpening/case_studies/logs-entropycut/mbpp/2026-09-21/vllm/dataset-mbpp.model-qwen3.5-9b.alpha4.0.steps100.blocks-1.prefetch-budget-20.rank-accept_first.cut-entropy4.0.samples20.maxnew1024.seed10086.subtreePrefetch.vllm.log,61,10,53,0.18012631175485724
/Users/jiangnanhugo/workspace/power-sharpening/Subtree-Prefetching-Power-Sharpening/case_studies/logs-entropycut/mbpp/2026-09-21/vllm/dataset-mbpp.model-qwen3.5-9b.alpha4.0.steps100.blocks-1.prefetch-budget-20.rank-accept_first.cut-entropy4.0.samples20.maxnew1024.seed10086.subtreePrefetch.vllm.log,61,11,28,0.2165959256521127
/Users/jiangnanhugo/workspace/power-sharpening/Subtree-Prefetching-Power-Sharpening/case_studies/logs-entropycut/mbpp/2026-09-21/vllm/dataset-mbpp.model-qwen3.5-9b.alpha4.0.steps100.blocks-1.prefetch-budget-20.rank-accept_first.cut-entropy4.0.samples20.maxnew1024.seed10086.subtreePrefetch.vllm.log,61,12,53,0.18012631175485724
/Users/jiangnanhugo/workspace/power-sharpening/Subtree-Prefetching-Power-Sharpening/case_studies/logs-entropycut/mbpp/2026-09-21/vllm/dataset-mbpp.model-qwen3.5-9b.alpha4.0.steps100.blocks-1.prefetch-budget-20.rank-accept_first.cut-entropy4.0.samples20.maxnew1024.seed10086.subtreePrefetch.vllm.log,61,13,53,0.18012631175485724
/Users/jiangnanhugo/workspace/power-sharpening/Subtree-Prefetching-Power-Sharpening/case_studies/logs-entropycut/mbpp/2026-09-21/vllm/dataset-mbpp.model-qwen3.5-9b.alpha4.0.steps100.blocks-1.prefetch-budget-20.rank-accept_first.cut-entropy4.0.samples20.maxnew1024.seed10086.subtreePrefetch.vllm.log,61,14,53,0.18012631175485724
/Users/jiangnanhugo/workspace/power-sharpening/Subtree-Prefetching-Power-Sharpening/case_studies/logs-entropycut/mbpp/2026-09-21/vllm/dataset-mbpp.model-qwen3.5-9b.alpha4.0.steps100.blocks-1.prefetch-budget-20.rank-accept_first.cut-entropy4.0.samples20.maxnew1024.seed10086.subtreePrefetch.vllm.log,61,15,53,0.18012631175485724
/Users/jiangnanhugo/workspace/power-sharpening/Subtree-Prefetching-Power-Sharpening/case_studies/logs-entropycut/mbpp/2026-09-21/vllm/dataset-mbpp.model-qwen3.5-9b.alpha4.0.steps100.blocks-1.prefetch-budget-20.rank-accept_first.cut-entropy4.0.samples20.maxnew1024.seed10086.subtreePrefetch.vllm.log,61,16,53,0.18012631175485724
/Users/jiangnanhugo/workspace/power-sharpening/Subtree-Prefetching-Power-Sharpening/case_studies/logs-entropycut/mbpp/2026-09-21/vllm/dataset-mbpp.model-qwen3.5-9b.alpha4.0.steps100.blocks-1.prefetch-budget-20.rank-accept_first.cut-entropy4.0.samples20.maxnew1024.seed10086.subtreePrefetch.vllm.log,61,17,53,0.18012631175485724
/Users/jiangnanhugo/workspace/power-sharpening/Subtree-Prefetching-Power-Sharpening/case_studies/logs-entropycut/mbpp/2026-09-21/vllm/dataset-mbpp.model-qwen3.5-9b.alpha4.0.steps100.blocks-1.prefetch-budget-20.rank-accept_first.cut-entropy4.0.samples20.maxnew1024.seed10086.subtreePrefetch.vllm.log,61,18,157,0.10389468205051901
/Users/jiangnanhugo/workspace/power-sharpening/Subtree-Prefetching-Power-Sharpening/case_studies/logs-entropycut/mbpp/2026-09-21/vllm/dataset-mbpp.model-qwen3.5-9b.alpha4.0.steps100.blocks-1.prefetch-budget-20.rank-accept_first.cut-entropy4.0.samples20.maxnew1024.seed10086.subtreePrefetch.vllm.log,61,19,245,0.19479489005016587
/Users/jiangnanhugo/workspace/power-sharpening/Subtree-Prefetching-Power-Sharpening/case_studies/logs-entropycut/mbpp/2026-09-21/vllm/dataset-mbpp.model-qwen3.5-9b.alpha4.0.steps100.blocks-1.prefetch-budget-20.rank-accept_first.cut-entropy4.0.samples20.maxnew1024.seed10086.subtreePrefetch.vllm.log,62,0,28,0.2165959256521127
/Users/jiangnanhugo/workspace/power-sharpening/Subtree-Prefetching-Power-Sharpening/case_studies/logs-entropycut/mbpp/2026-09-21/vllm/dataset-mbpp.model-qwen3.5-9b.alpha4.0.steps100.blocks-1.prefetch-budget-20.rank-accept_first.cut-entropy4.0.samples20.maxnew1024.seed10086.subtreePrefetch.vllm.log,62,1,88,0.11205396790719221
/Users/jiangnanhugo/workspace/power-sharpening/Subtree-Prefetching-Power-Sharpening/case_studies/logs-entropycut/mbpp/2026-09-21/vllm/dataset-mbpp.model-qwen3.5-9b.alpha4.0.steps100.blocks-1.prefetch-budget-20.rank-accept_first.cut-entropy4.0.samples20.maxnew1024.seed10086.subtreePrefetch.vllm.log,62,2,28,0.2165959256521127
/Users/jiangnanhugo/workspace/power-sharpening/Subtree-Prefetching-Power-Sharpening/case_studies/logs-entropycut/mbpp/2026-09-21/vllm/dataset-mbpp.model-qwen3.5-9b.alpha4.0.steps100.blocks-1.prefetch-budget-20.rank-accept_first.cut-entropy4.0.samples20.maxnew1024.seed10086.subtreePrefetch.vllm.log,62,3,28,0.2165959256521127
/Users/jiangnanhugo/workspace/power-sharpening/Subtree-Prefetching-Power-Sharpening/case_studies/logs-entropycut/mbpp/2026-09-21/vllm/dataset-mbpp.model-qwen3.5-9b.alpha4.0.steps100.blocks-1.prefetch-budget-20.rank-accept_first.cut-entropy4.0.samples20.maxnew1024.seed10086.subtreePrefetch.vllm.log,62,4,53,0.18012631175485724
/Users/jiangnanhugo/workspace/power-sharpening/Subtree-Prefetching-Power-Sharpening/case_studies/logs-entropycut/mbpp/2026-09-21/vllm/dataset-mbpp.model-qwen3.5-9b.alpha4.0.steps100.blocks-1.prefetch-budget-20.rank-accept_first.cut-entropy4.0.samples20.maxnew1024.seed10086.subtreePrefetch.vllm.log,62,5,53,0.18012631175485724
/Users/jiangnanhugo/workspace/power-sharpening/Subtree-Prefetching-Power-Sharpening/case_studies/logs-entropycut/mbpp/2026-09-21/vllm/dataset-mbpp.model-qwen3.5-9b.alpha4.0.steps100.blocks-1.prefetch-budget-20.rank-accept_first.cut-entropy4.0.samples20.maxnew1024.seed10086.subtreePrefetch.vllm.log,62,6,53,0.18012631175485724
/Users/jiangnanhugo/workspace/power-sharpening/Subtree-Prefetching-Power-Sharpening/case_studies/logs-entropycut/mbpp/2026-09-21/vllm/dataset-mbpp.model-qwen3.5-9b.alpha4.0.steps100.blocks-1.prefetch-budget-20.rank-accept_first.cut-entropy4.0.samples20.maxnew1024.seed10086.subtreePrefetch.vllm.log,62,7,53,0.18012631175485724
/Users/jiangnanhugo/workspace/power-sharpening/Subtree-Prefetching-Power-Sharpening/case_studies/logs-entropycut/mbpp/2026-09-21/vllm/dataset-mbpp.model-qwen3.5-9b.alpha4.0.steps100.blocks-1.prefetch-budget-20.rank-accept_first.cut-entropy4.0.samples20.maxnew1024.seed10086.subtreePrefetch.vllm.log,62,8,53,0.18012631175485724
/Users/jiangnanhugo/workspace/power-sharpening/Subtree-Prefetching-Power-Sharpening/case_studies/logs-entropycut/mbpp/2026-09-21/vllm/dataset-mbpp.model-qwen3.5-9b.alpha4.0.steps100.blocks-1.prefetch-budget-20.rank-accept_first.cut-entropy4.0.samples20.maxnew1024.seed10086.subtreePrefetch.vllm.log,62,9,28,0.2165959256521127
/Users/jiangnanhugo/workspace/power-sharpening/Subtree-Prefetching-Power-Sharpening/case_studies/logs-entropycut/mbpp/2026-09-21/vllm/dataset-mbpp.model-qwen3.5-9b.alpha4.0.steps100.blocks-1.prefetch-budget-20.rank-accept_first.cut-entropy4.0.samples20.maxnew1024.seed10086.subtreePrefetch.vllm.log,62,10,88,0.11205396790719221
/Users/jiangnanhugo/workspace/power-sharpening/Subtree-Prefetching-Power-Sharpening/case_studies/logs-entropycut/mbpp/2026-09-21/vllm/dataset-mbpp.model-qwen3.5-9b.alpha4.0.steps100.blocks-1.prefetch-budget-20.rank-accept_first.cut-entropy4.0.samples20.maxnew1024.seed10086.subtreePrefetch.vllm.log,62,11,88,0.11205396790719221
/Users/jiangnanhugo/workspace/power-sharpening/Subtree-Prefetching-Power-Sharpening/case_studies/logs-entropycut/mbpp/2026-09-21/vllm/dataset-mbpp.model-qwen3.5-9b.alpha4.0.steps100.blocks-1.prefetch-budget-20.rank-accept_first.cut-entropy4.0.samples20.maxnew1024.seed10086.subtreePrefetch.vllm.log,62,12,28,0.2165959256521127
/Users/jiangnanhugo/workspace/power-sharpening/Subtree-Prefetching-Power-Sharpening/case_studies/logs-entropycut/mbpp/2026-09-21/vllm/dataset-mbpp.model-qwen3.5-9b.alpha4.0.steps100.blocks-1.prefetch-budget-20.rank-accept_first.cut-entropy4.0.samples20.maxnew1024.seed10086.subtreePrefetch.vllm.log,62,13,27,0.005448508581165233
/Users/jiangnanhugo/workspace/power-sharpening/Subtree-Prefetching-Power-Sharpening/case_studies/logs-entropycut/mbpp/2026-09-21/vllm/dataset-mbpp.model-qwen3.5-9b.alpha4.0.steps100.blocks-1.prefetch-budget-20.rank-accept_first.cut-entropy4.0.samples20.maxnew1024.seed10086.subtreePrefetch.vllm.log,62,14,28,0.2165959256521127
/Users/jiangnanhugo/workspace/power-sharpening/Subtree-Prefetching-Power-Sharpening/case_studies/logs-entropycut/mbpp/2026-09-21/vllm/dataset-mbpp.model-qwen3.5-9b.alpha4.0.steps100.blocks-1.prefetch-budget-20.rank-accept_first.cut-entropy4.0.samples20.maxnew1024.seed10086.subtreePrefetch.vllm.log,62,15,28,0.2165959256521127
/Users/jiangnanhugo/workspace/power-sharpening/Subtree-Prefetching-Power-Sharpening/case_studies/logs-entropycut/mbpp/2026-09-21/vllm/dataset-mbpp.model-qwen3.5-9b.alpha4.0.steps100.blocks-1.prefetch-budget-20.rank-accept_first.cut-entropy4.0.samples20.maxnew1024.seed10086.subtreePrefetch.vllm.log,62,16,28,0.2165959256521127
/Users/jiangnanhugo/workspace/power-sharpening/Subtree-Prefetching-Power-Sharpening/case_studies/logs-entropycut/mbpp/2026-09-21/vllm/dataset-mbpp.model-qwen3.5-9b.alpha4.0.steps100.blocks-1.prefetch-budget-20.rank-accept_first.cut-entropy4.0.samples20.maxnew1024.seed10086.subtreePrefetch.vllm.log,62,17,53,0.18012631175485724
/Users/jiangnanhugo/workspace/power-sharpening/Subtree-Prefetching-Power-Sharpening/case_studies/logs-entropycut/mbpp/2026-09-21/vllm/dataset-mbpp.model-qwen3.5-9b.alpha4.0.steps100.blocks-1.prefetch-budget-20.rank-accept_first.cut-entropy4.0.samples20.maxnew1024.seed10086.subtreePrefetch.vllm.log,62,18,53,0.18012631175485724
/Users/jiangnanhugo/workspace/power-sharpening/Subtree-Prefetching-Power-Sharpening/case_studies/logs-entropycut/mbpp/2026-09-21/vllm/dataset-mbpp.model-qwen3.5-9b.alpha4.0.steps100.blocks-1.prefetch-budget-20.rank-accept_first.cut-entropy4.0.samples20.maxnew1024.seed10086.subtreePrefetch.vllm.log,62,19,28,0.2165959256521127
/Users/jiangnanhugo/workspace/power-sharpening/Subtree-Prefetching-Power-Sharpening/case_studies/logs-entropycut/mbpp/2026-09-21/vllm/dataset-mbpp.model-qwen3.5-9b.alpha4.0.steps100.blocks-1.prefetch-budget-20.rank-accept_first.cut-entropy4.0.samples20.maxnew1024.seed10086.subtreePrefetch.vllm.log,63,0,53,0.18012631175485724
/Users/jiangnanhugo/workspace/power-sharpening/Subtree-Prefetching-Power-Sharpening/case_studies/logs-entropycut/mbpp/2026-09-21/vllm/dataset-mbpp.model-qwen3.5-9b.alpha4.0.steps100.blocks-1.prefetch-budget-20.rank-accept_first.cut-entropy4.0.samples20.maxnew1024.seed10086.subtreePrefetch.vllm.log,63,1,53,0.18012631175485724
/Users/jiangnanhugo/workspace/power-sharpening/Subtree-Prefetching-Power-Sharpening/case_studies/logs-entropycut/mbpp/2026-09-21/vllm/dataset-mbpp.model-qwen3.5-9b.alpha4.0.steps100.blocks-1.prefetch-budget-20.rank-accept_first.cut-entropy4.0.samples20.maxnew1024.seed10086.subtreePrefetch.vllm.log,63,2,28,0.2165959256521127
/Users/jiangnanhugo/workspace/power-sharpening/Subtree-Prefetching-Power-Sharpening/case_studies/logs-entropycut/mbpp/2026-09-21/vllm/dataset-mbpp.model-qwen3.5-9b.alpha4.0.steps100.blocks-1.prefetch-budget-20.rank-accept_first.cut-entropy4.0.samples20.maxnew1024.seed10086.subtreePrefetch.vllm.log,63,3,157,0.10389468205051901
/Users/jiangnanhugo/workspace/power-sharpening/Subtree-Prefetching-Power-Sharpening/case_studies/logs-entropycut/mbpp/2026-09-21/vllm/dataset-mbpp.model-qwen3.5-9b.alpha4.0.steps100.blocks-1.prefetch-budget-20.rank-accept_first.cut-entropy4.0.samples20.maxnew1024.seed10086.subtreePrefetch.vllm.log,63,4,28,0.2165959256521127
/Users/jiangnanhugo/workspace/power-sharpening/Subtree-Prefetching-Power-Sharpening/case_studies/logs-entropycut/mbpp/2026-09-21/vllm/dataset-mbpp.model-qwen3.5-9b.alpha4.0.steps100.blocks-1.prefetch-budget-20.rank-accept_first.cut-entropy4.0.samples20.maxnew1024.seed10086.subtreePrefetch.vllm.log,63,5,157,0.10389468205051901
/Users/jiangnanhugo/workspace/power-sharpening/Subtree-Prefetching-Power-Sharpening/case_studies/logs-entropycut/mbpp/2026-09-21/vllm/dataset-mbpp.model-qwen3.5-9b.alpha4.0.steps100.blocks-1.prefetch-budget-20.rank-accept_first.cut-entropy4.0.samples20.maxnew1024.seed10086.subtreePrefetch.vllm.log,63,6,28,0.2165959256521127
/Users/jiangnanhugo/workspace/power-sharpening/Subtree-Prefetching-Power-Sharpening/case_studies/logs-entropycut/mbpp/2026-09-21/vllm/dataset-mbpp.model-qwen3.5-9b.alpha4.0.steps100.blocks-1.prefetch-budget-20.rank-accept_first.cut-entropy4.0.samples20.maxnew1024.seed10086.subtreePrefetch.vllm.log,63,7,157,0.10389468205051901
/Users/jiangnanhugo/workspace/power-sharpening/Subtree-Prefetching-Power-Sharpening/case_studies/logs-entropycut/mbpp/2026-09-21/vllm/dataset-mbpp.model-qwen3.5-9b.alpha4.0.steps100.blocks-1.prefetch-budget-20.rank-accept_first.cut-entropy4.0.samples20.maxnew1024.seed10086.subtreePrefetch.vllm.log,63,8,53,0.18012631175485724
/Users/jiangnanhugo/workspace/power-sharpening/Subtree-Prefetching-Power-Sharpening/case_studies/logs-entropycut/mbpp/2026-09-21/vllm/dataset-mbpp.model-qwen3.5-9b.alpha4.0.steps100.blocks-1.prefetch-budget-20.rank-accept_first.cut-entropy4.0.samples20.maxnew1024.seed10086.subtreePrefetch.vllm.log,63,9,88,0.11205396790719221
/Users/jiangnanhugo/workspace/power-sharpening/Subtree-Prefetching-Power-Sharpening/case_studies/logs-entropycut/mbpp/2026-09-21/vllm/dataset-mbpp.model-qwen3.5-9b.alpha4.0.steps100.blocks-1.prefetch-budget-20.rank-accept_first.cut-entropy4.0.samples20.maxnew1024.seed10086.subtreePrefetch.vllm.log,63,10,53,0.18012631175485724
/Users/jiangnanhugo/workspace/power-sharpening/Subtree-Prefetching-Power-Sharpening/case_studies/logs-entropycut/mbpp/2026-09-21/vllm/dataset-mbpp.model-qwen3.5-9b.alpha4.0.steps100.blocks-1.prefetch-budget-20.rank-accept_first.cut-entropy4.0.samples20.maxnew1024.seed10086.subtreePrefetch.vllm.log,63,11,53,0.18012631175485724
/Users/jiangnanhugo/workspace/power-sharpening/Subtree-Prefetching-Power-Sharpening/case_studies/logs-entropycut/mbpp/2026-09-21/vllm/dataset-mbpp.model-qwen3.5-9b.alpha4.0.steps100.blocks-1.prefetch-budget-20.rank-accept_first.cut-entropy4.0.samples20.maxnew1024.seed10086.subtreePrefetch.vllm.log,63,12,53,0.18012631175485724
/Users/jiangnanhugo/workspace/power-sharpening/Subtree-Prefetching-Power-Sharpening/case_studies/logs-entropycut/mbpp/2026-09-21/vllm/dataset-mbpp.model-qwen3.5-9b.alpha4.0.steps100.blocks-1.prefetch-budget-20.rank-accept_first.cut-entropy4.0.samples20.maxnew1024.seed10086.subtreePrefetch.vllm.log,63,13,28,0.2165959256521127
/Users/jiangnanhugo/workspace/power-sharpening/Subtree-Prefetching-Power-Sharpening/case_studies/logs-entropycut/mbpp/2026-09-21/vllm/dataset-mbpp.model-qwen3.5-9b.alpha4.0.steps100.blocks-1.prefetch-budget-20.rank-accept_first.cut-entropy4.0.samples20.maxnew1024.seed10086.subtreePrefetch.vllm.log,63,14,157,0.10389468205051901
/Users/jiangnanhugo/workspace/power-sharpening/Subtree-Prefetching-Power-Sharpening/case_studies/logs-entropycut/mbpp/2026-09-21/vllm/dataset-mbpp.model-qwen3.5-9b.alpha4.0.steps100.blocks-1.prefetch-budget-20.rank-accept_first.cut-entropy4.0.samples20.maxnew1024.seed10086.subtreePrefetch.vllm.log,63,15,53,0.18012631175485724
/Users/jiangnanhugo/workspace/power-sharpening/Subtree-Prefetching-Power-Sharpening/case_studies/logs-entropycut/mbpp/2026-09-21/vllm/dataset-mbpp.model-qwen3.5-9b.alpha4.0.steps100.blocks-1.prefetch-budget-20.rank-accept_first.cut-entropy4.0.samples20.maxnew1024.seed10086.subtreePrefetch.vllm.log,63,16,3,0.011724911993796923
/Users/jiangnanhugo/workspace/power-sharpening/Subtree-Prefetching-Power-Sharpening/case_studies/logs-entropycut/mbpp/2026-09-21/vllm/dataset-mbpp.model-qwen3.5-9b.alpha4.0.steps100.blocks-1.prefetch-budget-20.rank-accept_first.cut-entropy4.0.samples20.maxnew1024.seed10086.subtreePrefetch.vllm.log,63,17,28,0.2165959256521127
/Users/jiangnanhugo/workspace/power-sharpening/Subtree-Prefetching-Power-Sharpening/case_studies/logs-entropycut/mbpp/2026-09-21/vllm/dataset-mbpp.model-qwen3.5-9b.alpha4.0.steps100.blocks-1.prefetch-budget-20.rank-accept_first.cut-entropy4.0.samples20.maxnew1024.seed10086.subtreePrefetch.vllm.log,63,18,28,0.2165959256521127
/Users/jiangnanhugo/workspace/power-sharpening/Subtree-Prefetching-Power-Sharpening/case_studies/logs-entropycut/mbpp/2026-09-21/vllm/dataset-mbpp.model-qwen3.5-9b.alpha4.0.steps100.blocks-1.prefetch-budget-20.rank-accept_first.cut-entropy4.0.samples20.maxnew1024.seed10086.subtreePrefetch.vllm.log,63,19,28,0.2165959256521127
/Users/jiangnanhugo/workspace/power-sharpening/Subtree-Prefetching-Power-Sharpening/case_studies/logs-entropycut/mbpp/2026-09-21/vllm/dataset-mbpp.model-qwen3.5-9b.alpha4.0.steps100.blocks-1.prefetch-budget-20.rank-accept_first.cut-entropy4.0.samples20.maxnew1024.seed10086.subtreePrefetch.vllm.log,64,0,87,0.007687789397002245
/Users/jiangnanhugo/workspace/power-sharpening/Subtree-Prefetching-Power-Sharpening/case_studies/logs-entropycut/mbpp/2026-09-21/vllm/dataset-mbpp.model-qwen3.5-9b.alpha4.0.steps100.blocks-1.prefetch-budget-20.rank-accept_first.cut-entropy4.0.samples20.maxnew1024.seed10086.subtreePrefetch.vllm.log,64,1,53,0.18012631175485724
/Users/jiangnanhugo/workspace/power-sharpening/Subtree-Prefetching-Power-Sharpening/case_studies/logs-entropycut/mbpp/2026-09-21/vllm/dataset-mbpp.model-qwen3.5-9b.alpha4.0.steps100.blocks-1.prefetch-budget-20.rank-accept_first.cut-entropy4.0.samples20.maxnew1024.seed10086.subtreePrefetch.vllm.log,64,2,28,0.2165959256521127
/Users/jiangnanhugo/workspace/power-sharpening/Subtree-Prefetching-Power-Sharpening/case_studies/logs-entropycut/mbpp/2026-09-21/vllm/dataset-mbpp.model-qwen3.5-9b.alpha4.0.steps100.blocks-1.prefetch-budget-20.rank-accept_first.cut-entropy4.0.samples20.maxnew1024.seed10086.subtreePrefetch.vllm.log,64,3,87,0.007687789397002245
/Users/jiangnanhugo/workspace/power-sharpening/Subtree-Prefetching-Power-Sharpening/case_studies/logs-entropycut/mbpp/2026-09-21/vllm/dataset-mbpp.model-qwen3.5-9b.alpha4.0.steps100.blocks-1.prefetch-budget-20.rank-accept_first.cut-entropy4.0.samples20.maxnew1024.seed10086.subtreePrefetch.vllm.log,64,4,88,0.11205396790719221
/Users/jiangnanhugo/workspace/power-sharpening/Subtree-Prefetching-Power-Sharpening/case_studies/logs-entropycut/mbpp/2026-09-21/vllm/dataset-mbpp.model-qwen3.5-9b.alpha4.0.steps100.blocks-1.prefetch-budget-20.rank-accept_first.cut-entropy4.0.samples20.maxnew1024.seed10086.subtreePrefetch.vllm.log,64,5,53,0.18012631175485724
/Users/jiangnanhugo/workspace/power-sharpening/Subtree-Prefetching-Power-Sharpening/case_studies/logs-entropycut/mbpp/2026-09-21/vllm/dataset-mbpp.model-qwen3.5-9b.alpha4.0.steps100.blocks-1.prefetch-budget-20.rank-accept_first.cut-entropy4.0.samples20.maxnew1024.seed10086.subtreePrefetch.vllm.log,64,6,32,0.027260366721367196
/Users/jiangnanhugo/workspace/power-sharpening/Subtree-Prefetching-Power-Sharpening/case_studies/logs-entropycut/mbpp/2026-09-21/vllm/dataset-mbpp.model-qwen3.5-9b.alpha4.0.steps100.blocks-1.prefetch-budget-20.rank-accept_first.cut-entropy4.0.samples20.maxnew1024.seed10086.subtreePrefetch.vllm.log,64,7,88,0.11205396790719221
/Users/jiangnanhugo/workspace/power-sharpening/Subtree-Prefetching-Power-Sharpening/case_studies/logs-entropycut/mbpp/2026-09-21/vllm/dataset-mbpp.model-qwen3.5-9b.alpha4.0.steps100.blocks-1.prefetch-budget-20.rank-accept_first.cut-entropy4.0.samples20.maxnew1024.seed10086.subtreePrefetch.vllm.log,64,8,53,0.18012631175485724
/Users/jiangnanhugo/workspace/power-sharpening/Subtree-Prefetching-Power-Sharpening/case_studies/logs-entropycut/mbpp/2026-09-21/vllm/dataset-mbpp.model-qwen3.5-9b.alpha4.0.steps100.blocks-1.prefetch-budget-20.rank-accept_first.cut-entropy4.0.samples20.maxnew1024.seed10086.subtreePrefetch.vllm.log,64,9,28,0.2165959256521127
/Users/jiangnanhugo/workspace/power-sharpening/Subtree-Prefetching-Power-Sharpening/case_studies/logs-entropycut/mbpp/2026-09-21/vllm/dataset-mbpp.model-qwen3.5-9b.alpha4.0.steps100.blocks-1.prefetch-budget-20.rank-accept_first.cut-entropy4.0.samples20.maxnew1024.seed10086.subtreePrefetch.vllm.log,64,10,27,0.005448508581165233
/Users/jiangnanhugo/workspace/power-sharpening/Subtree-Prefetching-Power-Sharpening/case_studies/logs-entropycut/mbpp/2026-09-21/vllm/dataset-mbpp.model-qwen3.5-9b.alpha4.0.steps100.blocks-1.prefetch-budget-20.rank-accept_first.cut-entropy4.0.samples20.maxnew1024.seed10086.subtreePrefetch.vllm.log,64,11,28,0.2165959256521127
/Users/jiangnanhugo/workspace/power-sharpening/Subtree-Prefetching-Power-Sharpening/case_studies/logs-entropycut/mbpp/2026-09-21/vllm/dataset-mbpp.model-qwen3.5-9b.alpha4.0.steps100.blocks-1.prefetch-budget-20.rank-accept_first.cut-entropy4.0.samples20.maxnew1024.seed10086.subtreePrefetch.vllm.log,64,12,53,0.18012631175485724
/Users/jiangnanhugo/workspace/power-sharpening/Subtree-Prefetching-Power-Sharpening/case_studies/logs-entropycut/mbpp/2026-09-21/vllm/dataset-mbpp.model-qwen3.5-9b.alpha4.0.steps100.blocks-1.prefetch-budget-20.rank-accept_first.cut-entropy4.0.samples20.maxnew1024.seed10086.subtreePrefetch.vllm.log,64,13,53,0.18012631175485724
/Users/jiangnanhugo/workspace/power-sharpening/Subtree-Prefetching-Power-Sharpening/case_studies/logs-entropycut/mbpp/2026-09-21/vllm/dataset-mbpp.model-qwen3.5-9b.alpha4.0.steps100.blocks-1.prefetch-budget-20.rank-accept_first.cut-entropy4.0.samples20.maxnew1024.seed10086.subtreePrefetch.vllm.log,64,14,51,0.020020602309689405
/Users/jiangnanhugo/workspace/power-sharpening/Subtree-Prefetching-Power-Sharpening/case_studies/logs-entropycut/mbpp/2026-09-21/vllm/dataset-mbpp.model-qwen3.5-9b.alpha4.0.steps100.blocks-1.prefetch-budget-20.rank-accept_first.cut-entropy4.0.samples20.maxnew1024.seed10086.subtreePrefetch.vllm.log,64,15,157,0.10389468205051901
/Users/jiangnanhugo/workspace/power-sharpening/Subtree-Prefetching-Power-Sharpening/case_studies/logs-entropycut/mbpp/2026-09-21/vllm/dataset-mbpp.model-qwen3.5-9b.alpha4.0.steps100.blocks-1.prefetch-budget-20.rank-accept_first.cut-entropy4.0.samples20.maxnew1024.seed10086.subtreePrefetch.vllm.log,64,16,28,0.2165959256521127
/Users/jiangnanhugo/workspace/power-sharpening/Subtree-Prefetching-Power-Sharpening/case_studies/logs-entropycut/mbpp/2026-09-21/vllm/dataset-mbpp.model-qwen3.5-9b.alpha4.0.steps100.blocks-1.prefetch-budget-20.rank-accept_first.cut-entropy4.0.samples20.maxnew1024.seed10086.subtreePrefetch.vllm.log,64,17,53,0.18012631175485724
/Users/jiangnanhugo/workspace/power-sharpening/Subtree-Prefetching-Power-Sharpening/case_studies/logs-entropycut/mbpp/2026-09-21/vllm/dataset-mbpp.model-qwen3.5-9b.alpha4.0.steps100.blocks-1.prefetch-budget-20.rank-accept_first.cut-entropy4.0.samples20.maxnew1024.seed10086.subtreePrefetch.vllm.log,64,18,53,0.18012631175485724
/Users/jiangnanhugo/workspace/power-sharpening/Subtree-Prefetching-Power-Sharpening/case_studies/logs-entropycut/mbpp/2026-09-21/vllm/dataset-mbpp.model-qwen3.5-9b.alpha4.0.steps100.blocks-1.prefetch-budget-20.rank-accept_first.cut-entropy4.0.samples20.maxnew1024.seed10086.subtreePrefetch.vllm.log,64,19,53,0.18012631175485724
/Users/jiangnanhugo/workspace/power-sharpening/Subtree-Prefetching-Power-Sharpening/case_studies/logs-entropycut/mbpp/2026-09-21/vllm/dataset-mbpp.model-qwen3.5-9b.alpha4.0.steps100.blocks-1.prefetch-budget-20.rank-accept_first.cut-entropy4.0.samples20.maxnew1024.seed10086.subtreePrefetch.vllm.log,65,0,53,0.17314534956341615
/Users/jiangnanhugo/workspace/power-sharpening/Subtree-Prefetching-Power-Sharpening/case_studies/logs-entropycut/mbpp/2026-09-21/vllm/dataset-mbpp.model-qwen3.5-9b.alpha4.0.steps100.blocks-1.prefetch-budget-20.rank-accept_first.cut-entropy4.0.samples20.maxnew1024.seed10086.subtreePrefetch.vllm.log,65,1,245,0.2277250018785614
/Users/jiangnanhugo/workspace/power-sharpening/Subtree-Prefetching-Power-Sharpening/case_studies/logs-entropycut/mbpp/2026-09-21/vllm/dataset-mbpp.model-qwen3.5-9b.alpha4.0.steps100.blocks-1.prefetch-budget-20.rank-accept_first.cut-entropy4.0.samples20.maxnew1024.seed10086.subtreePrefetch.vllm.log,65,2,245,0.2277250018785614
/Users/jiangnanhugo/workspace/power-sharpening/Subtree-Prefetching-Power-Sharpening/case_studies/logs-entropycut/mbpp/2026-09-21/vllm/dataset-mbpp.model-qwen3.5-9b.alpha4.0.steps100.blocks-1.prefetch-budget-20.rank-accept_first.cut-entropy4.0.samples20.maxnew1024.seed10086.subtreePrefetch.vllm.log,65,3,245,0.2277250018785614
/Users/jiangnanhugo/workspace/power-sharpening/Subtree-Prefetching-Power-Sharpening/case_studies/logs-entropycut/mbpp/2026-09-21/vllm/dataset-mbpp.model-qwen3.5-9b.alpha4.0.steps100.blocks-1.prefetch-budget-20.rank-accept_first.cut-entropy4.0.samples20.maxnew1024.seed10086.subtreePrefetch.vllm.log,65,4,28,0.2082015497662876
/Users/jiangnanhugo/workspace/power-sharpening/Subtree-Prefetching-Power-Sharpening/case_studies/logs-entropycut/mbpp/2026-09-21/vllm/dataset-mbpp.model-qwen3.5-9b.alpha4.0.steps100.blocks-1.prefetch-budget-20.rank-accept_first.cut-entropy4.0.samples20.maxnew1024.seed10086.subtreePrefetch.vllm.log,65,5,245,0.2277250018785614
/Users/jiangnanhugo/workspace/power-sharpening/Subtree-Prefetching-Power-Sharpening/case_studies/logs-entropycut/mbpp/2026-09-21/vllm/dataset-mbpp.model-qwen3.5-9b.alpha4.0.steps100.blocks-1.prefetch-budget-20.rank-accept_first.cut-entropy4.0.samples20.maxnew1024.seed10086.subtreePrefetch.vllm.log,65,6,28,0.2082015497662876
/Users/jiangnanhugo/workspace/power-sharpening/Subtree-Prefetching-Power-Sharpening/case_studies/logs-entropycut/mbpp/2026-09-21/vllm/dataset-mbpp.model-qwen3.5-9b.alpha4.0.steps100.blocks-1.prefetch-budget-20.rank-accept_first.cut-entropy4.0.samples20.maxnew1024.seed10086.subtreePrefetch.vllm.log,65,7,134,0.0007154381923377488
/Users/jiangnanhugo/workspace/power-sharpening/Subtree-Prefetching-Power-Sharpening/case_studies/logs-entropycut/mbpp/2026-09-21/vllm/dataset-mbpp.model-qwen3.5-9b.alpha4.0.steps100.blocks-1.prefetch-budget-20.rank-accept_first.cut-entropy4.0.samples20.maxnew1024.seed10086.subtreePrefetch.vllm.log,65,8,245,0.2277250018785614
/Users/jiangnanhugo/workspace/power-sharpening/Subtree-Prefetching-Power-Sharpening/case_studies/logs-entropycut/mbpp/2026-09-21/vllm/dataset-mbpp.model-qwen3.5-9b.alpha4.0.steps100.blocks-1.prefetch-budget-20.rank-accept_first.cut-entropy4.0.samples20.maxnew1024.seed10086.subtreePrefetch.vllm.log,65,9,7,0.00038043804096579996
/Users/jiangnanhugo/workspace/power-sharpening/Subtree-Prefetching-Power-Sharpening/case_studies/logs-entropycut/mbpp/2026-09-21/vllm/dataset-mbpp.model-qwen3.5-9b.alpha4.0.steps100.blocks-1.prefetch-budget-20.rank-accept_first.cut-entropy4.0.samples20.maxnew1024.seed10086.subtreePrefetch.vllm.log,65,10,3,0.011270502160334803
/Users/jiangnanhugo/workspace/power-sharpening/Subtree-Prefetching-Power-Sharpening/case_studies/logs-entropycut/mbpp/2026-09-21/vllm/dataset-mbpp.model-qwen3.5-9b.alpha4.0.steps100.blocks-1.prefetch-budget-20.rank-accept_first.cut-entropy4.0.samples20.maxnew1024.seed10086.subtreePrefetch.vllm.log,65,11,245,0.2277250018785614
/Users/jiangnanhugo/workspace/power-sharpening/Subtree-Prefetching-Power-Sharpening/case_studies/logs-entropycut/mbpp/2026-09-21/vllm/dataset-mbpp.model-qwen3.5-9b.alpha4.0.steps100.blocks-1.prefetch-budget-20.rank-accept_first.cut-entropy4.0.samples20.maxnew1024.seed10086.subtreePrefetch.vllm.log,65,12,174,0.006192596023294967
/Users/jiangnanhugo/workspace/power-sharpening/Subtree-Prefetching-Power-Sharpening/case_studies/logs-entropycut/mbpp/2026-09-21/vllm/dataset-mbpp.model-qwen3.5-9b.alpha4.0.steps100.blocks-1.prefetch-budget-20.rank-accept_first.cut-entropy4.0.samples20.maxnew1024.seed10086.subtreePrefetch.vllm.log,65,13,157,0.09986814733595968
/Users/jiangnanhugo/workspace/power-sharpening/Subtree-Prefetching-Power-Sharpening/case_studies/logs-entropycut/mbpp/2026-09-21/vllm/dataset-mbpp.model-qwen3.5-9b.alpha4.0.steps100.blocks-1.prefetch-budget-20.rank-accept_first.cut-entropy4.0.samples20.maxnew1024.seed10086.subtreePrefetch.vllm.log,65,14,28,0.2082015497662876
/Users/jiangnanhugo/workspace/power-sharpening/Subtree-Prefetching-Power-Sharpening/case_studies/logs-entropycut/mbpp/2026-09-21/vllm/dataset-mbpp.model-qwen3.5-9b.alpha4.0.steps100.blocks-1.prefetch-budget-20.rank-accept_first.cut-entropy4.0.samples20.maxnew1024.seed10086.subtreePrefetch.vllm.log,65,15,245,0.2277250018785614
/Users/jiangnanhugo/workspace/power-sharpening/Subtree-Prefetching-Power-Sharpening/case_studies/logs-entropycut/mbpp/2026-09-21/vllm/dataset-mbpp.model-qwen3.5-9b.alpha4.0.steps100.blocks-1.prefetch-budget-20.rank-accept_first.cut-entropy4.0.samples20.maxnew1024.seed10086.subtreePrefetch.vllm.log,65,16,245,0.2277250018785614
/Users/jiangnanhugo/workspace/power-sharpening/Subtree-Prefetching-Power-Sharpening/case_studies/logs-entropycut/mbpp/2026-09-21/vllm/dataset-mbpp.model-qwen3.5-9b.alpha4.0.steps100.blocks-1.prefetch-budget-20.rank-accept_first.cut-entropy4.0.samples20.maxnew1024.seed10086.subtreePrefetch.vllm.log,65,17,56,0.02054015925663217
/Users/jiangnanhugo/workspace/power-sharpening/Subtree-Prefetching-Power-Sharpening/case_studies/logs-entropycut/mbpp/2026-09-21/vllm/dataset-mbpp.model-qwen3.5-9b.alpha4.0.steps100.blocks-1.prefetch-budget-20.rank-accept_first.cut-entropy4.0.samples20.maxnew1024.seed10086.subtreePrefetch.vllm.log,65,18,245,0.2277250018785614
/Users/jiangnanhugo/workspace/power-sharpening/Subtree-Prefetching-Power-Sharpening/case_studies/logs-entropycut/mbpp/2026-09-21/vllm/dataset-mbpp.model-qwen3.5-9b.alpha4.0.steps100.blocks-1.prefetch-budget-20.rank-accept_first.cut-entropy4.0.samples20.maxnew1024.seed10086.subtreePrefetch.vllm.log,65,19,28,0.2082015497662876
/Users/jiangnanhugo/workspace/power-sharpening/Subtree-Prefetching-Power-Sharpening/case_studies/logs-entropycut/mbpp/2026-09-21/vllm/dataset-mbpp.model-qwen3.5-9b.alpha4.0.steps100.blocks-1.prefetch-budget-20.rank-accept_first.cut-entropy4.0.samples20.maxnew1024.seed10086.subtreePrefetch.vllm.log,66,0,247,0.03396276834318499
/Users/jiangnanhugo/workspace/power-sharpening/Subtree-Prefetching-Power-Sharpening/case_studies/logs-entropycut/mbpp/2026-09-21/vllm/dataset-mbpp.model-qwen3.5-9b.alpha4.0.steps100.blocks-1.prefetch-budget-20.rank-accept_first.cut-entropy4.0.samples20.maxnew1024.seed10086.subtreePrefetch.vllm.log,66,1,53,0.18012631175485724
/Users/jiangnanhugo/workspace/power-sharpening/Subtree-Prefetching-Power-Sharpening/case_studies/logs-entropycut/mbpp/2026-09-21/vllm/dataset-mbpp.model-qwen3.5-9b.alpha4.0.steps100.blocks-1.prefetch-budget-20.rank-accept_first.cut-entropy4.0.samples20.maxnew1024.seed10086.subtreePrefetch.vllm.log,66,2,53,0.18012631175485724
/Users/jiangnanhugo/workspace/power-sharpening/Subtree-Prefetching-Power-Sharpening/case_studies/logs-entropycut/mbpp/2026-09-21/vllm/dataset-mbpp.model-qwen3.5-9b.alpha4.0.steps100.blocks-1.prefetch-budget-20.rank-accept_first.cut-entropy4.0.samples20.maxnew1024.seed10086.subtreePrefetch.vllm.log,66,3,32,0.027260366721367196
/Users/jiangnanhugo/workspace/power-sharpening/Subtree-Prefetching-Power-Sharpening/case_studies/logs-entropycut/mbpp/2026-09-21/vllm/dataset-mbpp.model-qwen3.5-9b.alpha4.0.steps100.blocks-1.prefetch-budget-20.rank-accept_first.cut-entropy4.0.samples20.maxnew1024.seed10086.subtreePrefetch.vllm.log,66,4,245,0.19479489005016587
/Users/jiangnanhugo/workspace/power-sharpening/Subtree-Prefetching-Power-Sharpening/case_studies/logs-entropycut/mbpp/2026-09-21/vllm/dataset-mbpp.model-qwen3.5-9b.alpha4.0.steps100.blocks-1.prefetch-budget-20.rank-accept_first.cut-entropy4.0.samples20.maxnew1024.seed10086.subtreePrefetch.vllm.log,66,5,28,0.2165959256521127
/Users/jiangnanhugo/workspace/power-sharpening/Subtree-Prefetching-Power-Sharpening/case_studies/logs-entropycut/mbpp/2026-09-21/vllm/dataset-mbpp.model-qwen3.5-9b.alpha4.0.steps100.blocks-1.prefetch-budget-20.rank-accept_first.cut-entropy4.0.samples20.maxnew1024.seed10086.subtreePrefetch.vllm.log,66,6,157,0.10389468205051901
/Users/jiangnanhugo/workspace/power-sharpening/Subtree-Prefetching-Power-Sharpening/case_studies/logs-entropycut/mbpp/2026-09-21/vllm/dataset-mbpp.model-qwen3.5-9b.alpha4.0.steps100.blocks-1.prefetch-budget-20.rank-accept_first.cut-entropy4.0.samples20.maxnew1024.seed10086.subtreePrefetch.vllm.log,66,7,53,0.18012631175485724
/Users/jiangnanhugo/workspace/power-sharpening/Subtree-Prefetching-Power-Sharpening/case_studies/logs-entropycut/mbpp/2026-09-21/vllm/dataset-mbpp.model-qwen3.5-9b.alpha4.0.steps100.blocks-1.prefetch-budget-20.rank-accept_first.cut-entropy4.0.samples20.maxnew1024.seed10086.subtreePrefetch.vllm.log,66,8,28,0.2165959256521127
/Users/jiangnanhugo/workspace/power-sharpening/Subtree-Prefetching-Power-Sharpening/case_studies/logs-entropycut/mbpp/2026-09-21/vllm/dataset-mbpp.model-qwen3.5-9b.alpha4.0.steps100.blocks-1.prefetch-budget-20.rank-accept_first.cut-entropy4.0.samples20.maxnew1024.seed10086.subtreePrefetch.vllm.log,66,9,28,0.2165959256521127
/Users/jiangnanhugo/workspace/power-sharpening/Subtree-Prefetching-Power-Sharpening/case_studies/logs-entropycut/mbpp/2026-09-21/vllm/dataset-mbpp.model-qwen3.5-9b.alpha4.0.steps100.blocks-1.prefetch-budget-20.rank-accept_first.cut-entropy4.0.samples20.maxnew1024.seed10086.subtreePrefetch.vllm.log,66,10,28,0.2165959256521127
/Users/jiangnanhugo/workspace/power-sharpening/Subtree-Prefetching-Power-Sharpening/case_studies/logs-entropycut/mbpp/2026-09-21/vllm/dataset-mbpp.model-qwen3.5-9b.alpha4.0.steps100.blocks-1.prefetch-budget-20.rank-accept_first.cut-entropy4.0.samples20.maxnew1024.seed10086.subtreePrefetch.vllm.log,66,11,28,0.2165959256521127
/Users/jiangnanhugo/workspace/power-sharpening/Subtree-Prefetching-Power-Sharpening/case_studies/logs-entropycut/mbpp/2026-09-21/vllm/dataset-mbpp.model-qwen3.5-9b.alpha4.0.steps100.blocks-1.prefetch-budget-20.rank-accept_first.cut-entropy4.0.samples20.maxnew1024.seed10086.subtreePrefetch.vllm.log,66,12,53,0.18012631175485724
/Users/jiangnanhugo/workspace/power-sharpening/Subtree-Prefetching-Power-Sharpening/case_studies/logs-entropycut/mbpp/2026-09-21/vllm/dataset-mbpp.model-qwen3.5-9b.alpha4.0.steps100.blocks-1.prefetch-budget-20.rank-accept_first.cut-entropy4.0.samples20.maxnew1024.seed10086.subtreePrefetch.vllm.log,66,13,28,0.2165959256521127
/Users/jiangnanhugo/workspace/power-sharpening/Subtree-Prefetching-Power-Sharpening/case_studies/logs-entropycut/mbpp/2026-09-21/vllm/dataset-mbpp.model-qwen3.5-9b.alpha4.0.steps100.blocks-1.prefetch-budget-20.rank-accept_first.cut-entropy4.0.samples20.maxnew1024.seed10086.subtreePrefetch.vllm.log,66,14,88,0.11205396790719221
/Users/jiangnanhugo/workspace/power-sharpening/Subtree-Prefetching-Power-Sharpening/case_studies/logs-entropycut/mbpp/2026-09-21/vllm/dataset-mbpp.model-qwen3.5-9b.alpha4.0.steps100.blocks-1.prefetch-budget-20.rank-accept_first.cut-entropy4.0.samples20.maxnew1024.seed10086.subtreePrefetch.vllm.log,66,15,56,0.021368307835489667
/Users/jiangnanhugo/workspace/power-sharpening/Subtree-Prefetching-Power-Sharpening/case_studies/logs-entropycut/mbpp/2026-09-21/vllm/dataset-mbpp.model-qwen3.5-9b.alpha4.0.steps100.blocks-1.prefetch-budget-20.rank-accept_first.cut-entropy4.0.samples20.maxnew1024.seed10086.subtreePrefetch.vllm.log,66,16,51,0.020020602309689405
/Users/jiangnanhugo/workspace/power-sharpening/Subtree-Prefetching-Power-Sharpening/case_studies/logs-entropycut/mbpp/2026-09-21/vllm/dataset-mbpp.model-qwen3.5-9b.alpha4.0.steps100.blocks-1.prefetch-budget-20.rank-accept_first.cut-entropy4.0.samples20.maxnew1024.seed10086.subtreePrefetch.vllm.log,66,17,28,0.2165959256521127
/Users/jiangnanhugo/workspace/power-sharpening/Subtree-Prefetching-Power-Sharpening/case_studies/logs-entropycut/mbpp/2026-09-21/vllm/dataset-mbpp.model-qwen3.5-9b.alpha4.0.steps100.blocks-1.prefetch-budget-20.rank-accept_first.cut-entropy4.0.samples20.maxnew1024.seed10086.subtreePrefetch.vllm.log,66,18,53,0.18012631175485724
/Users/jiangnanhugo/workspace/power-sharpening/Subtree-Prefetching-Power-Sharpening/case_studies/logs-entropycut/mbpp/2026-09-21/vllm/dataset-mbpp.model-qwen3.5-9b.alpha4.0.steps100.blocks-1.prefetch-budget-20.rank-accept_first.cut-entropy4.0.samples20.maxnew1024.seed10086.subtreePrefetch.vllm.log,66,19,28,0.2165959256521127
/Users/jiangnanhugo/workspace/power-sharpening/Subtree-Prefetching-Power-Sharpening/case_studies/logs-entropycut/mbpp/2026-09-21/vllm/dataset-mbpp.model-qwen3.5-9b.alpha4.0.steps100.blocks-1.prefetch-budget-20.rank-accept_first.cut-entropy4.0.samples20.maxnew1024.seed10086.subtreePrefetch.vllm.log,67,0,88,0.11226577707625031
/Users/jiangnanhugo/workspace/power-sharpening/Subtree-Prefetching-Power-Sharpening/case_studies/logs-entropycut/mbpp/2026-09-21/vllm/dataset-mbpp.model-qwen3.5-9b.alpha4.0.steps100.blocks-1.prefetch-budget-20.rank-accept_first.cut-entropy4.0.samples20.maxnew1024.seed10086.subtreePrefetch.vllm.log,67,1,53,0.18046679415928127
/Users/jiangnanhugo/workspace/power-sharpening/Subtree-Prefetching-Power-Sharpening/case_studies/logs-entropycut/mbpp/2026-09-21/vllm/dataset-mbpp.model-qwen3.5-9b.alpha4.0.steps100.blocks-1.prefetch-budget-20.rank-accept_first.cut-entropy4.0.samples20.maxnew1024.seed10086.subtreePrefetch.vllm.log,67,2,53,0.18046679415928127
/Users/jiangnanhugo/workspace/power-sharpening/Subtree-Prefetching-Power-Sharpening/case_studies/logs-entropycut/mbpp/2026-09-21/vllm/dataset-mbpp.model-qwen3.5-9b.alpha4.0.steps100.blocks-1.prefetch-budget-20.rank-accept_first.cut-entropy4.0.samples20.maxnew1024.seed10086.subtreePrefetch.vllm.log,67,3,3,0.011747074920403344
/Users/jiangnanhugo/workspace/power-sharpening/Subtree-Prefetching-Power-Sharpening/case_studies/logs-entropycut/mbpp/2026-09-21/vllm/dataset-mbpp.model-qwen3.5-9b.alpha4.0.steps100.blocks-1.prefetch-budget-20.rank-accept_first.cut-entropy4.0.samples20.maxnew1024.seed10086.subtreePrefetch.vllm.log,67,4,53,0.18046679415928127
/Users/jiangnanhugo/workspace/power-sharpening/Subtree-Prefetching-Power-Sharpening/case_studies/logs-entropycut/mbpp/2026-09-21/vllm/dataset-mbpp.model-qwen3.5-9b.alpha4.0.steps100.blocks-1.prefetch-budget-20.rank-accept_first.cut-entropy4.0.samples20.maxnew1024.seed10086.subtreePrefetch.vllm.log,67,5,53,0.18046679415928127
/Users/jiangnanhugo/workspace/power-sharpening/Subtree-Prefetching-Power-Sharpening/case_studies/logs-entropycut/mbpp/2026-09-21/vllm/dataset-mbpp.model-qwen3.5-9b.alpha4.0.steps100.blocks-1.prefetch-budget-20.rank-accept_first.cut-entropy4.0.samples20.maxnew1024.seed10086.subtreePrefetch.vllm.log,67,6,28,0.2170053444695859
/Users/jiangnanhugo/workspace/power-sharpening/Subtree-Prefetching-Power-Sharpening/case_studies/logs-entropycut/mbpp/2026-09-21/vllm/dataset-mbpp.model-qwen3.5-9b.alpha4.0.steps100.blocks-1.prefetch-budget-20.rank-accept_first.cut-entropy4.0.samples20.maxnew1024.seed10086.subtreePrefetch.vllm.log,67,7,88,0.11226577707625031
/Users/jiangnanhugo/workspace/power-sharpening/Subtree-Prefetching-Power-Sharpening/case_studies/logs-entropycut/mbpp/2026-09-21/vllm/dataset-mbpp.model-qwen3.5-9b.alpha4.0.steps100.blocks-1.prefetch-budget-20.rank-accept_first.cut-entropy4.0.samples20.maxnew1024.seed10086.subtreePrefetch.vllm.log,67,8,28,0.2170053444695859
/Users/jiangnanhugo/workspace/power-sharpening/Subtree-Prefetching-Power-Sharpening/case_studies/logs-entropycut/mbpp/2026-09-21/vllm/dataset-mbpp.model-qwen3.5-9b.alpha4.0.steps100.blocks-1.prefetch-budget-20.rank-accept_first.cut-entropy4.0.samples20.maxnew1024.seed10086.subtreePrefetch.vllm.log,67,9,28,0.2170053444695859
/Users/jiangnanhugo/workspace/power-sharpening/Subtree-Prefetching-Power-Sharpening/case_studies/logs-entropycut/mbpp/2026-09-21/vllm/dataset-mbpp.model-qwen3.5-9b.alpha4.0.steps100.blocks-1.prefetch-budget-20.rank-accept_first.cut-entropy4.0.samples20.maxnew1024.seed10086.subtreePrefetch.vllm.log,67,10,28,0.2170053444695859
/Users/jiangnanhugo/workspace/power-sharpening/Subtree-Prefetching-Power-Sharpening/case_studies/logs-entropycut/mbpp/2026-09-21/vllm/dataset-mbpp.model-qwen3.5-9b.alpha4.0.steps100.blocks-1.prefetch-budget-20.rank-accept_first.cut-entropy4.0.samples20.maxnew1024.seed10086.subtreePrefetch.vllm.log,67,11,28,0.2170053444695859
/Users/jiangnanhugo/workspace/power-sharpening/Subtree-Prefetching-Power-Sharpening/case_studies/logs-entropycut/mbpp/2026-09-21/vllm/dataset-mbpp.model-qwen3.5-9b.alpha4.0.steps100.blocks-1.prefetch-budget-20.rank-accept_first.cut-entropy4.0.samples20.maxnew1024.seed10086.subtreePrefetch.vllm.log,67,12,247,0.03350495546998747
/Users/jiangnanhugo/workspace/power-sharpening/Subtree-Prefetching-Power-Sharpening/case_studies/logs-entropycut/mbpp/2026-09-21/vllm/dataset-mbpp.model-qwen3.5-9b.alpha4.0.steps100.blocks-1.prefetch-budget-20.rank-accept_first.cut-entropy4.0.samples20.maxnew1024.seed10086.subtreePrefetch.vllm.log,67,13,88,0.11226577707625031
/Users/jiangnanhugo/workspace/power-sharpening/Subtree-Prefetching-Power-Sharpening/case_studies/logs-entropycut/mbpp/2026-09-21/vllm/dataset-mbpp.model-qwen3.5-9b.alpha4.0.steps100.blocks-1.prefetch-budget-20.rank-accept_first.cut-entropy4.0.samples20.maxnew1024.seed10086.subtreePrefetch.vllm.log,67,14,53,0.18046679415928127
/Users/jiangnanhugo/workspace/power-sharpening/Subtree-Prefetching-Power-Sharpening/case_studies/logs-entropycut/mbpp/2026-09-21/vllm/dataset-mbpp.model-qwen3.5-9b.alpha4.0.steps100.blocks-1.prefetch-budget-20.rank-accept_first.cut-entropy4.0.samples20.maxnew1024.seed10086.subtreePrefetch.vllm.log,67,15,28,0.2170053444695859
/Users/jiangnanhugo/workspace/power-sharpening/Subtree-Prefetching-Power-Sharpening/case_studies/logs-entropycut/mbpp/2026-09-21/vllm/dataset-mbpp.model-qwen3.5-9b.alpha4.0.steps100.blocks-1.prefetch-budget-20.rank-accept_first.cut-entropy4.0.samples20.maxnew1024.seed10086.subtreePrefetch.vllm.log,67,16,28,0.2170053444695859
/Users/jiangnanhugo/workspace/power-sharpening/Subtree-Prefetching-Power-Sharpening/case_studies/logs-entropycut/mbpp/2026-09-21/vllm/dataset-mbpp.model-qwen3.5-9b.alpha4.0.steps100.blocks-1.prefetch-budget-20.rank-accept_first.cut-entropy4.0.samples20.maxnew1024.seed10086.subtreePrefetch.vllm.log,67,17,3,0.011747074920403344
/Users/jiangnanhugo/workspace/power-sharpening/Subtree-Prefetching-Power-Sharpening/case_studies/logs-entropycut/mbpp/2026-09-21/vllm/dataset-mbpp.model-qwen3.5-9b.alpha4.0.steps100.blocks-1.prefetch-budget-20.rank-accept_first.cut-entropy4.0.samples20.maxnew1024.seed10086.subtreePrefetch.vllm.log,67,18,28,0.2170053444695859
/Users/jiangnanhugo/workspace/power-sharpening/Subtree-Prefetching-Power-Sharpening/case_studies/logs-entropycut/mbpp/2026-09-21/vllm/dataset-mbpp.model-qwen3.5-9b.alpha4.0.steps100.blocks-1.prefetch-budget-20.rank-accept_first.cut-entropy4.0.samples20.maxnew1024.seed10086.subtreePrefetch.vllm.log,67,19,157,0.10409106819092681
/Users/jiangnanhugo/workspace/power-sharpening/Subtree-Prefetching-Power-Sharpening/case_studies/logs-entropycut/mbpp/2026-09-21/vllm/dataset-mbpp.model-qwen3.5-9b.alpha4.0.steps100.blocks-1.prefetch-budget-20.rank-accept_first.cut-entropy4.0.samples20.maxnew1024.seed10086.subtreePrefetch.vllm.log,68,0,53,0.18046679415928127
/Users/jiangnanhugo/workspace/power-sharpening/Subtree-Prefetching-Power-Sharpening/case_studies/logs-entropycut/mbpp/2026-09-21/vllm/dataset-mbpp.model-qwen3.5-9b.alpha4.0.steps100.blocks-1.prefetch-budget-20.rank-accept_first.cut-entropy4.0.samples20.maxnew1024.seed10086.subtreePrefetch.vllm.log,68,1,28,0.2170053444695859
/Users/jiangnanhugo/workspace/power-sharpening/Subtree-Prefetching-Power-Sharpening/case_studies/logs-entropycut/mbpp/2026-09-21/vllm/dataset-mbpp.model-qwen3.5-9b.alpha4.0.steps100.blocks-1.prefetch-budget-20.rank-accept_first.cut-entropy4.0.samples20.maxnew1024.seed10086.subtreePrefetch.vllm.log,68,2,88,0.11226577707625031
/Users/jiangnanhugo/workspace/power-sharpening/Subtree-Prefetching-Power-Sharpening/case_studies/logs-entropycut/mbpp/2026-09-21/vllm/dataset-mbpp.model-qwen3.5-9b.alpha4.0.steps100.blocks-1.prefetch-budget-20.rank-accept_first.cut-entropy4.0.samples20.maxnew1024.seed10086.subtreePrefetch.vllm.log,68,3,53,0.18046679415928127
/Users/jiangnanhugo/workspace/power-sharpening/Subtree-Prefetching-Power-Sharpening/case_studies/logs-entropycut/mbpp/2026-09-21/vllm/dataset-mbpp.model-qwen3.5-9b.alpha4.0.steps100.blocks-1.prefetch-budget-20.rank-accept_first.cut-entropy4.0.samples20.maxnew1024.seed10086.subtreePrefetch.vllm.log,68,4,53,0.18046679415928127
/Users/jiangnanhugo/workspace/power-sharpening/Subtree-Prefetching-Power-Sharpening/case_studies/logs-entropycut/mbpp/2026-09-21/vllm/dataset-mbpp.model-qwen3.5-9b.alpha4.0.steps100.blocks-1.prefetch-budget-20.rank-accept_first.cut-entropy4.0.samples20.maxnew1024.seed10086.subtreePrefetch.vllm.log,68,5,247,0.03350495546998747
/Users/jiangnanhugo/workspace/power-sharpening/Subtree-Prefetching-Power-Sharpening/case_studies/logs-entropycut/mbpp/2026-09-21/vllm/dataset-mbpp.model-qwen3.5-9b.alpha4.0.steps100.blocks-1.prefetch-budget-20.rank-accept_first.cut-entropy4.0.samples20.maxnew1024.seed10086.subtreePrefetch.vllm.log,68,6,53,0.18046679415928127
/Users/jiangnanhugo/workspace/power-sharpening/Subtree-Prefetching-Power-Sharpening/case_studies/logs-entropycut/mbpp/2026-09-21/vllm/dataset-mbpp.model-qwen3.5-9b.alpha4.0.steps100.blocks-1.prefetch-budget-20.rank-accept_first.cut-entropy4.0.samples20.maxnew1024.seed10086.subtreePrefetch.vllm.log,68,7,28,0.2170053444695859
/Users/jiangnanhugo/workspace/power-sharpening/Subtree-Prefetching-Power-Sharpening/case_studies/logs-entropycut/mbpp/2026-09-21/vllm/dataset-mbpp.model-qwen3.5-9b.alpha4.0.steps100.blocks-1.prefetch-budget-20.rank-accept_first.cut-entropy4.0.samples20.maxnew1024.seed10086.subtreePrefetch.vllm.log,68,8,28,0.2170053444695859
/Users/jiangnanhugo/workspace/power-sharpening/Subtree-Prefetching-Power-Sharpening/case_studies/logs-entropycut/mbpp/2026-09-21/vllm/dataset-mbpp.model-qwen3.5-9b.alpha4.0.steps100.blocks-1.prefetch-budget-20.rank-accept_first.cut-entropy4.0.samples20.maxnew1024.seed10086.subtreePrefetch.vllm.log,68,9,53,0.18046679415928127
/Users/jiangnanhugo/workspace/power-sharpening/Subtree-Prefetching-Power-Sharpening/case_studies/logs-entropycut/mbpp/2026-09-21/vllm/dataset-mbpp.model-qwen3.5-9b.alpha4.0.steps100.blocks-1.prefetch-budget-20.rank-accept_first.cut-entropy4.0.samples20.maxnew1024.seed10086.subtreePrefetch.vllm.log,68,10,28,0.2170053444695859
/Users/jiangnanhugo/workspace/power-sharpening/Subtree-Prefetching-Power-Sharpening/case_studies/logs-entropycut/mbpp/2026-09-21/vllm/dataset-mbpp.model-qwen3.5-9b.alpha4.0.steps100.blocks-1.prefetch-budget-20.rank-accept_first.cut-entropy4.0.samples20.maxnew1024.seed10086.subtreePrefetch.vllm.log,68,11,28,0.2170053444695859
/Users/jiangnanhugo/workspace/power-sharpening/Subtree-Prefetching-Power-Sharpening/case_studies/logs-entropycut/mbpp/2026-09-21/vllm/dataset-mbpp.model-qwen3.5-9b.alpha4.0.steps100.blocks-1.prefetch-budget-20.rank-accept_first.cut-entropy4.0.samples20.maxnew1024.seed10086.subtreePrefetch.vllm.log,68,12,88,0.11226577707625031
/Users/jiangnanhugo/workspace/power-sharpening/Subtree-Prefetching-Power-Sharpening/case_studies/logs-entropycut/mbpp/2026-09-21/vllm/dataset-mbpp.model-qwen3.5-9b.alpha4.0.steps100.blocks-1.prefetch-budget-20.rank-accept_first.cut-entropy4.0.samples20.maxnew1024.seed10086.subtreePrefetch.vllm.log,68,13,27,0.005458807583482922
/Users/jiangnanhugo/workspace/power-sharpening/Subtree-Prefetching-Power-Sharpening/case_studies/logs-entropycut/mbpp/2026-09-21/vllm/dataset-mbpp.model-qwen3.5-9b.alpha4.0.steps100.blocks-1.prefetch-budget-20.rank-accept_first.cut-entropy4.0.samples20.maxnew1024.seed10086.subtreePrefetch.vllm.log,68,14,32,0.027311895424288756
/Users/jiangnanhugo/workspace/power-sharpening/Subtree-Prefetching-Power-Sharpening/case_studies/logs-entropycut/mbpp/2026-09-21/vllm/dataset-mbpp.model-qwen3.5-9b.alpha4.0.steps100.blocks-1.prefetch-budget-20.rank-accept_first.cut-entropy4.0.samples20.maxnew1024.seed10086.subtreePrefetch.vllm.log,68,15,53,0.18046679415928127
/Users/jiangnanhugo/workspace/power-sharpening/Subtree-Prefetching-Power-Sharpening/case_studies/logs-entropycut/mbpp/2026-09-21/vllm/dataset-mbpp.model-qwen3.5-9b.alpha4.0.steps100.blocks-1.prefetch-budget-20.rank-accept_first.cut-entropy4.0.samples20.maxnew1024.seed10086.subtreePrefetch.vllm.log,68,16,28,0.2170053444695859
/Users/jiangnanhugo/workspace/power-sharpening/Subtree-Prefetching-Power-Sharpening/case_studies/logs-entropycut/mbpp/2026-09-21/vllm/dataset-mbpp.model-qwen3.5-9b.alpha4.0.steps100.blocks-1.prefetch-budget-20.rank-accept_first.cut-entropy4.0.samples20.maxnew1024.seed10086.subtreePrefetch.vllm.log,68,17,88,0.11226577707625031
/Users/jiangnanhugo/workspace/power-sharpening/Subtree-Prefetching-Power-Sharpening/case_studies/logs-entropycut/mbpp/2026-09-21/vllm/dataset-mbpp.model-qwen3.5-9b.alpha4.0.steps100.blocks-1.prefetch-budget-20.rank-accept_first.cut-entropy4.0.samples20.maxnew1024.seed10086.subtreePrefetch.vllm.log,68,18,3,0.011747074920403344
/Users/jiangnanhugo/workspace/power-sharpening/Subtree-Prefetching-Power-Sharpening/case_studies/logs-entropycut/mbpp/2026-09-21/vllm/dataset-mbpp.model-qwen3.5-9b.alpha4.0.steps100.blocks-1.prefetch-budget-20.rank-accept_first.cut-entropy4.0.samples20.maxnew1024.seed10086.subtreePrefetch.vllm.log,68,19,28,0.2170053444695859
/Users/jiangnanhugo/workspace/power-sharpening/Subtree-Prefetching-Power-Sharpening/case_studies/logs-entropycut/mbpp/2026-09-21/vllm/dataset-mbpp.model-qwen3.5-9b.alpha4.0.steps100.blocks-1.prefetch-budget-20.rank-accept_first.cut-entropy4.0.samples20.maxnew1024.seed10086.subtreePrefetch.vllm.log,69,0,157,0.10409106819092681
/Users/jiangnanhugo/workspace/power-sharpening/Subtree-Prefetching-Power-Sharpening/case_studies/logs-entropycut/mbpp/2026-09-21/vllm/dataset-mbpp.model-qwen3.5-9b.alpha4.0.steps100.blocks-1.prefetch-budget-20.rank-accept_first.cut-entropy4.0.samples20.maxnew1024.seed10086.subtreePrefetch.vllm.log,69,1,157,0.10409106819092681
/Users/jiangnanhugo/workspace/power-sharpening/Subtree-Prefetching-Power-Sharpening/case_studies/logs-entropycut/mbpp/2026-09-21/vllm/dataset-mbpp.model-qwen3.5-9b.alpha4.0.steps100.blocks-1.prefetch-budget-20.rank-accept_first.cut-entropy4.0.samples20.maxnew1024.seed10086.subtreePrefetch.vllm.log,69,2,28,0.2170053444695859
/Users/jiangnanhugo/workspace/power-sharpening/Subtree-Prefetching-Power-Sharpening/case_studies/logs-entropycut/mbpp/2026-09-21/vllm/dataset-mbpp.model-qwen3.5-9b.alpha4.0.steps100.blocks-1.prefetch-budget-20.rank-accept_first.cut-entropy4.0.samples20.maxnew1024.seed10086.subtreePrefetch.vllm.log,69,3,207,0.0007043468875317266
/Users/jiangnanhugo/workspace/power-sharpening/Subtree-Prefetching-Power-Sharpening/case_studies/logs-entropycut/mbpp/2026-09-21/vllm/dataset-mbpp.model-qwen3.5-9b.alpha4.0.steps100.blocks-1.prefetch-budget-20.rank-accept_first.cut-entropy4.0.samples20.maxnew1024.seed10086.subtreePrefetch.vllm.log,69,4,53,0.18046679415928127
/Users/jiangnanhugo/workspace/power-sharpening/Subtree-Prefetching-Power-Sharpening/case_studies/logs-entropycut/mbpp/2026-09-21/vllm/dataset-mbpp.model-qwen3.5-9b.alpha4.0.steps100.blocks-1.prefetch-budget-20.rank-accept_first.cut-entropy4.0.samples20.maxnew1024.seed10086.subtreePrefetch.vllm.log,69,5,157,0.10409106819092681
/Users/jiangnanhugo/workspace/power-sharpening/Subtree-Prefetching-Power-Sharpening/case_studies/logs-entropycut/mbpp/2026-09-21/vllm/dataset-mbpp.model-qwen3.5-9b.alpha4.0.steps100.blocks-1.prefetch-budget-20.rank-accept_first.cut-entropy4.0.samples20.maxnew1024.seed10086.subtreePrefetch.vllm.log,69,6,53,0.18046679415928127
/Users/jiangnanhugo/workspace/power-sharpening/Subtree-Prefetching-Power-Sharpening/case_studies/logs-entropycut/mbpp/2026-09-21/vllm/dataset-mbpp.model-qwen3.5-9b.alpha4.0.steps100.blocks-1.prefetch-budget-20.rank-accept_first.cut-entropy4.0.samples20.maxnew1024.seed10086.subtreePrefetch.vllm.log,69,7,28,0.2170053444695859
/Users/jiangnanhugo/workspace/power-sharpening/Subtree-Prefetching-Power-Sharpening/case_studies/logs-entropycut/mbpp/2026-09-21/vllm/dataset-mbpp.model-qwen3.5-9b.alpha4.0.steps100.blocks-1.prefetch-budget-20.rank-accept_first.cut-entropy4.0.samples20.maxnew1024.seed10086.subtreePrefetch.vllm.log,69,8,53,0.18046679415928127
/Users/jiangnanhugo/workspace/power-sharpening/Subtree-Prefetching-Power-Sharpening/case_studies/logs-entropycut/mbpp/2026-09-21/vllm/dataset-mbpp.model-qwen3.5-9b.alpha4.0.steps100.blocks-1.prefetch-budget-20.rank-accept_first.cut-entropy4.0.samples20.maxnew1024.seed10086.subtreePrefetch.vllm.log,69,9,28,0.2170053444695859
/Users/jiangnanhugo/workspace/power-sharpening/Subtree-Prefetching-Power-Sharpening/case_studies/logs-entropycut/mbpp/2026-09-21/vllm/dataset-mbpp.model-qwen3.5-9b.alpha4.0.steps100.blocks-1.prefetch-budget-20.rank-accept_first.cut-entropy4.0.samples20.maxnew1024.seed10086.subtreePrefetch.vllm.log,69,10,245,0.19516309962425663
/Users/jiangnanhugo/workspace/power-sharpening/Subtree-Prefetching-Power-Sharpening/case_studies/logs-entropycut/mbpp/2026-09-21/vllm/dataset-mbpp.model-qwen3.5-9b.alpha4.0.steps100.blocks-1.prefetch-budget-20.rank-accept_first.cut-entropy4.0.samples20.maxnew1024.seed10086.subtreePrefetch.vllm.log,69,11,27,0.005458807583482922
/Users/jiangnanhugo/workspace/power-sharpening/Subtree-Prefetching-Power-Sharpening/case_studies/logs-entropycut/mbpp/2026-09-21/vllm/dataset-mbpp.model-qwen3.5-9b.alpha4.0.steps100.blocks-1.prefetch-budget-20.rank-accept_first.cut-entropy4.0.samples20.maxnew1024.seed10086.subtreePrefetch.vllm.log,69,12,28,0.2170053444695859
/Users/jiangnanhugo/workspace/power-sharpening/Subtree-Prefetching-Power-Sharpening/case_studies/logs-entropycut/mbpp/2026-09-21/vllm/dataset-mbpp.model-qwen3.5-9b.alpha4.0.steps100.blocks-1.prefetch-budget-20.rank-accept_first.cut-entropy4.0.samples20.maxnew1024.seed10086.subtreePrefetch.vllm.log,69,13,53,0.18046679415928127
/Users/jiangnanhugo/workspace/power-sharpening/Subtree-Prefetching-Power-Sharpening/case_studies/logs-entropycut/mbpp/2026-09-21/vllm/dataset-mbpp.model-qwen3.5-9b.alpha4.0.steps100.blocks-1.prefetch-budget-20.rank-accept_first.cut-entropy4.0.samples20.maxnew1024.seed10086.subtreePrefetch.vllm.log,69,14,28,0.2170053444695859
/Users/jiangnanhugo/workspace/power-sharpening/Subtree-Prefetching-Power-Sharpening/case_studies/logs-entropycut/mbpp/2026-09-21/vllm/dataset-mbpp.model-qwen3.5-9b.alpha4.0.steps100.blocks-1.prefetch-budget-20.rank-accept_first.cut-entropy4.0.samples20.maxnew1024.seed10086.subtreePrefetch.vllm.log,69,15,28,0.2170053444695859
/Users/jiangnanhugo/workspace/power-sharpening/Subtree-Prefetching-Power-Sharpening/case_studies/logs-entropycut/mbpp/2026-09-21/vllm/dataset-mbpp.model-qwen3.5-9b.alpha4.0.steps100.blocks-1.prefetch-budget-20.rank-accept_first.cut-entropy4.0.samples20.maxnew1024.seed10086.subtreePrefetch.vllm.log,69,16,28,0.2170053444695859
/Users/jiangnanhugo/workspace/power-sharpening/Subtree-Prefetching-Power-Sharpening/case_studies/logs-entropycut/mbpp/2026-09-21/vllm/dataset-mbpp.model-qwen3.5-9b.alpha4.0.steps100.blocks-1.prefetch-budget-20.rank-accept_first.cut-entropy4.0.samples20.maxnew1024.seed10086.subtreePrefetch.vllm.log,69,17,28,0.2170053444695859
/Users/jiangnanhugo/workspace/power-sharpening/Subtree-Prefetching-Power-Sharpening/case_studies/logs-entropycut/mbpp/2026-09-21/vllm/dataset-mbpp.model-qwen3.5-9b.alpha4.0.steps100.blocks-1.prefetch-budget-20.rank-accept_first.cut-entropy4.0.samples20.maxnew1024.seed10086.subtreePrefetch.vllm.log,69,18,245,0.19516309962425663
/Users/jiangnanhugo/workspace/power-sharpening/Subtree-Prefetching-Power-Sharpening/case_studies/logs-entropycut/mbpp/2026-09-21/vllm/dataset-mbpp.model-qwen3.5-9b.alpha4.0.steps100.blocks-1.prefetch-budget-20.rank-accept_first.cut-entropy4.0.samples20.maxnew1024.seed10086.subtreePrefetch.vllm.log,69,19,157,0.10409106819092681
/Users/jiangnanhugo/workspace/power-sharpening/Subtree-Prefetching-Power-Sharpening/case_studies/logs-entropycut/mbpp/2026-09-21/vllm/dataset-mbpp.model-qwen3.5-9b.alpha4.0.steps100.blocks-1.prefetch-budget-20.rank-accept_first.cut-entropy4.0.samples20.maxnew1024.seed10086.subtreePrefetch.vllm.log,70,0,245,0.19479489005016587
/Users/jiangnanhugo/workspace/power-sharpening/Subtree-Prefetching-Power-Sharpening/case_studies/logs-entropycut/mbpp/2026-09-21/vllm/dataset-mbpp.model-qwen3.5-9b.alpha4.0.steps100.blocks-1.prefetch-budget-20.rank-accept_first.cut-entropy4.0.samples20.maxnew1024.seed10086.subtreePrefetch.vllm.log,70,1,28,0.2165959256521127
/Users/jiangnanhugo/workspace/power-sharpening/Subtree-Prefetching-Power-Sharpening/case_studies/logs-entropycut/mbpp/2026-09-21/vllm/dataset-mbpp.model-qwen3.5-9b.alpha4.0.steps100.blocks-1.prefetch-budget-20.rank-accept_first.cut-entropy4.0.samples20.maxnew1024.seed10086.subtreePrefetch.vllm.log,70,2,28,0.2165959256521127
/Users/jiangnanhugo/workspace/power-sharpening/Subtree-Prefetching-Power-Sharpening/case_studies/logs-entropycut/mbpp/2026-09-21/vllm/dataset-mbpp.model-qwen3.5-9b.alpha4.0.steps100.blocks-1.prefetch-budget-20.rank-accept_first.cut-entropy4.0.samples20.maxnew1024.seed10086.subtreePrefetch.vllm.log,70,3,28,0.2165959256521127
/Users/jiangnanhugo/workspace/power-sharpening/Subtree-Prefetching-Power-Sharpening/case_studies/logs-entropycut/mbpp/2026-09-21/vllm/dataset-mbpp.model-qwen3.5-9b.alpha4.0.steps100.blocks-1.prefetch-budget-20.rank-accept_first.cut-entropy4.0.samples20.maxnew1024.seed10086.subtreePrefetch.vllm.log,70,4,3,0.011724911993796923
/Users/jiangnanhugo/workspace/power-sharpening/Subtree-Prefetching-Power-Sharpening/case_studies/logs-entropycut/mbpp/2026-09-21/vllm/dataset-mbpp.model-qwen3.5-9b.alpha4.0.steps100.blocks-1.prefetch-budget-20.rank-accept_first.cut-entropy4.0.samples20.maxnew1024.seed10086.subtreePrefetch.vllm.log,70,5,157,0.10389468205051901
/Users/jiangnanhugo/workspace/power-sharpening/Subtree-Prefetching-Power-Sharpening/case_studies/logs-entropycut/mbpp/2026-09-21/vllm/dataset-mbpp.model-qwen3.5-9b.alpha4.0.steps100.blocks-1.prefetch-budget-20.rank-accept_first.cut-entropy4.0.samples20.maxnew1024.seed10086.subtreePrefetch.vllm.log,70,6,180,0.00886984231142805
/Users/jiangnanhugo/workspace/power-sharpening/Subtree-Prefetching-Power-Sharpening/case_studies/logs-entropycut/mbpp/2026-09-21/vllm/dataset-mbpp.model-qwen3.5-9b.alpha4.0.steps100.blocks-1.prefetch-budget-20.rank-accept_first.cut-entropy4.0.samples20.maxnew1024.seed10086.subtreePrefetch.vllm.log,70,7,28,0.2165959256521127
/Users/jiangnanhugo/workspace/power-sharpening/Subtree-Prefetching-Power-Sharpening/case_studies/logs-entropycut/mbpp/2026-09-21/vllm/dataset-mbpp.model-qwen3.5-9b.alpha4.0.steps100.blocks-1.prefetch-budget-20.rank-accept_first.cut-entropy4.0.samples20.maxnew1024.seed10086.subtreePrefetch.vllm.log,70,8,28,0.2165959256521127
/Users/jiangnanhugo/workspace/power-sharpening/Subtree-Prefetching-Power-Sharpening/case_studies/logs-entropycut/mbpp/2026-09-21/vllm/dataset-mbpp.model-qwen3.5-9b.alpha4.0.steps100.blocks-1.prefetch-budget-20.rank-accept_first.cut-entropy4.0.samples20.maxnew1024.seed10086.subtreePrefetch.vllm.log,70,9,28,0.2165959256521127
/Users/jiangnanhugo/workspace/power-sharpening/Subtree-Prefetching-Power-Sharpening/case_studies/logs-entropycut/mbpp/2026-09-21/vllm/dataset-mbpp.model-qwen3.5-9b.alpha4.0.steps100.blocks-1.prefetch-budget-20.rank-accept_first.cut-entropy4.0.samples20.maxnew1024.seed10086.subtreePrefetch.vllm.log,70,10,28,0.2165959256521127
/Users/jiangnanhugo/workspace/power-sharpening/Subtree-Prefetching-Power-Sharpening/case_studies/logs-entropycut/mbpp/2026-09-21/vllm/dataset-mbpp.model-qwen3.5-9b.alpha4.0.steps100.blocks-1.prefetch-budget-20.rank-accept_first.cut-entropy4.0.samples20.maxnew1024.seed10086.subtreePrefetch.vllm.log,70,11,28,0.2165959256521127
/Users/jiangnanhugo/workspace/power-sharpening/Subtree-Prefetching-Power-Sharpening/case_studies/logs-entropycut/mbpp/2026-09-21/vllm/dataset-mbpp.model-qwen3.5-9b.alpha4.0.steps100.blocks-1.prefetch-budget-20.rank-accept_first.cut-entropy4.0.samples20.maxnew1024.seed10086.subtreePrefetch.vllm.log,70,12,28,0.2165959256521127
/Users/jiangnanhugo/workspace/power-sharpening/Subtree-Prefetching-Power-Sharpening/case_studies/logs-entropycut/mbpp/2026-09-21/vllm/dataset-mbpp.model-qwen3.5-9b.alpha4.0.steps100.blocks-1.prefetch-budget-20.rank-accept_first.cut-entropy4.0.samples20.maxnew1024.seed10086.subtreePrefetch.vllm.log,70,13,28,0.2165959256521127
/Users/jiangnanhugo/workspace/power-sharpening/Subtree-Prefetching-Power-Sharpening/case_studies/logs-entropycut/mbpp/2026-09-21/vllm/dataset-mbpp.model-qwen3.5-9b.alpha4.0.steps100.blocks-1.prefetch-budget-20.rank-accept_first.cut-entropy4.0.samples20.maxnew1024.seed10086.subtreePrefetch.vllm.log,70,14,251,0.01943376749622185
/Users/jiangnanhugo/workspace/power-sharpening/Subtree-Prefetching-Power-Sharpening/case_studies/logs-entropycut/mbpp/2026-09-21/vllm/dataset-mbpp.model-qwen3.5-9b.alpha4.0.steps100.blocks-1.prefetch-budget-20.rank-accept_first.cut-entropy4.0.samples20.maxnew1024.seed10086.subtreePrefetch.vllm.log,70,15,88,0.11205396790719221
/Users/jiangnanhugo/workspace/power-sharpening/Subtree-Prefetching-Power-Sharpening/case_studies/logs-entropycut/mbpp/2026-09-21/vllm/dataset-mbpp.model-qwen3.5-9b.alpha4.0.steps100.blocks-1.prefetch-budget-20.rank-accept_first.cut-entropy4.0.samples20.maxnew1024.seed10086.subtreePrefetch.vllm.log,70,16,28,0.2165959256521127
/Users/jiangnanhugo/workspace/power-sharpening/Subtree-Prefetching-Power-Sharpening/case_studies/logs-entropycut/mbpp/2026-09-21/vllm/dataset-mbpp.model-qwen3.5-9b.alpha4.0.steps100.blocks-1.prefetch-budget-20.rank-accept_first.cut-entropy4.0.samples20.maxnew1024.seed10086.subtreePrefetch.vllm.log,70,17,88,0.11205396790719221
/Users/jiangnanhugo/workspace/power-sharpening/Subtree-Prefetching-Power-Sharpening/case_studies/logs-entropycut/mbpp/2026-09-21/vllm/dataset-mbpp.model-qwen3.5-9b.alpha4.0.steps100.blocks-1.prefetch-budget-20.rank-accept_first.cut-entropy4.0.samples20.maxnew1024.seed10086.subtreePrefetch.vllm.log,70,18,28,0.2165959256521127
/Users/jiangnanhugo/workspace/power-sharpening/Subtree-Prefetching-Power-Sharpening/case_studies/logs-entropycut/mbpp/2026-09-21/vllm/dataset-mbpp.model-qwen3.5-9b.alpha4.0.steps100.blocks-1.prefetch-budget-20.rank-accept_first.cut-entropy4.0.samples20.maxnew1024.seed10086.subtreePrefetch.vllm.log,70,19,27,0.005448508581165233
/Users/jiangnanhugo/workspace/power-sharpening/Subtree-Prefetching-Power-Sharpening/case_studies/logs-entropycut/mbpp/2026-09-21/vllm/dataset-mbpp.model-qwen3.5-9b.alpha4.0.steps100.blocks-1.prefetch-budget-20.rank-accept_first.cut-entropy4.0.samples20.maxnew1024.seed10086.subtreePrefetch.vllm.log,71,0,245,0.19479489005016587
/Users/jiangnanhugo/workspace/power-sharpening/Subtree-Prefetching-Power-Sharpening/case_studies/logs-entropycut/mbpp/2026-09-21/vllm/dataset-mbpp.model-qwen3.5-9b.alpha4.0.steps100.blocks-1.prefetch-budget-20.rank-accept_first.cut-entropy4.0.samples20.maxnew1024.seed10086.subtreePrefetch.vllm.log,71,1,32,0.027260366721367196
/Users/jiangnanhugo/workspace/power-sharpening/Subtree-Prefetching-Power-Sharpening/case_studies/logs-entropycut/mbpp/2026-09-21/vllm/dataset-mbpp.model-qwen3.5-9b.alpha4.0.steps100.blocks-1.prefetch-budget-20.rank-accept_first.cut-entropy4.0.samples20.maxnew1024.seed10086.subtreePrefetch.vllm.log,71,2,28,0.2165959256521127
/Users/jiangnanhugo/workspace/power-sharpening/Subtree-Prefetching-Power-Sharpening/case_studies/logs-entropycut/mbpp/2026-09-21/vllm/dataset-mbpp.model-qwen3.5-9b.alpha4.0.steps100.blocks-1.prefetch-budget-20.rank-accept_first.cut-entropy4.0.samples20.maxnew1024.seed10086.subtreePrefetch.vllm.log,71,3,3,0.011724911993796923
/Users/jiangnanhugo/workspace/power-sharpening/Subtree-Prefetching-Power-Sharpening/case_studies/logs-entropycut/mbpp/2026-09-21/vllm/dataset-mbpp.model-qwen3.5-9b.alpha4.0.steps100.blocks-1.prefetch-budget-20.rank-accept_first.cut-entropy4.0.samples20.maxnew1024.seed10086.subtreePrefetch.vllm.log,71,4,3,0.011724911993796923
/Users/jiangnanhugo/workspace/power-sharpening/Subtree-Prefetching-Power-Sharpening/case_studies/logs-entropycut/mbpp/2026-09-21/vllm/dataset-mbpp.model-qwen3.5-9b.alpha4.0.steps100.blocks-1.prefetch-budget-20.rank-accept_first.cut-entropy4.0.samples20.maxnew1024.seed10086.subtreePrefetch.vllm.log,71,5,245,0.19479489005016587
/Users/jiangnanhugo/workspace/power-sharpening/Subtree-Prefetching-Power-Sharpening/case_studies/logs-entropycut/mbpp/2026-09-21/vllm/dataset-mbpp.model-qwen3.5-9b.alpha4.0.steps100.blocks-1.prefetch-budget-20.rank-accept_first.cut-entropy4.0.samples20.maxnew1024.seed10086.subtreePrefetch.vllm.log,71,6,53,0.18012631175485724
/Users/jiangnanhugo/workspace/power-sharpening/Subtree-Prefetching-Power-Sharpening/case_studies/logs-entropycut/mbpp/2026-09-21/vllm/dataset-mbpp.model-qwen3.5-9b.alpha4.0.steps100.blocks-1.prefetch-budget-20.rank-accept_first.cut-entropy4.0.samples20.maxnew1024.seed10086.subtreePrefetch.vllm.log,71,7,28,0.2165959256521127
/Users/jiangnanhugo/workspace/power-sharpening/Subtree-Prefetching-Power-Sharpening/case_studies/logs-entropycut/mbpp/2026-09-21/vllm/dataset-mbpp.model-qwen3.5-9b.alpha4.0.steps100.blocks-1.prefetch-budget-20.rank-accept_first.cut-entropy4.0.samples20.maxnew1024.seed10086.subtreePrefetch.vllm.log,71,8,157,0.10389468205051901
/Users/jiangnanhugo/workspace/power-sharpening/Subtree-Prefetching-Power-Sharpening/case_studies/logs-entropycut/mbpp/2026-09-21/vllm/dataset-mbpp.model-qwen3.5-9b.alpha4.0.steps100.blocks-1.prefetch-budget-20.rank-accept_first.cut-entropy4.0.samples20.maxnew1024.seed10086.subtreePrefetch.vllm.log,71,9,28,0.2165959256521127
/Users/jiangnanhugo/workspace/power-sharpening/Subtree-Prefetching-Power-Sharpening/case_studies/logs-entropycut/mbpp/2026-09-21/vllm/dataset-mbpp.model-qwen3.5-9b.alpha4.0.steps100.blocks-1.prefetch-budget-20.rank-accept_first.cut-entropy4.0.samples20.maxnew1024.seed10086.subtreePrefetch.vllm.log,71,10,88,0.11205396790719221
/Users/jiangnanhugo/workspace/power-sharpening/Subtree-Prefetching-Power-Sharpening/case_studies/logs-entropycut/mbpp/2026-09-21/vllm/dataset-mbpp.model-qwen3.5-9b.alpha4.0.steps100.blocks-1.prefetch-budget-20.rank-accept_first.cut-entropy4.0.samples20.maxnew1024.seed10086.subtreePrefetch.vllm.log,71,11,88,0.11205396790719221
/Users/jiangnanhugo/workspace/power-sharpening/Subtree-Prefetching-Power-Sharpening/case_studies/logs-entropycut/mbpp/2026-09-21/vllm/dataset-mbpp.model-qwen3.5-9b.alpha4.0.steps100.blocks-1.prefetch-budget-20.rank-accept_first.cut-entropy4.0.samples20.maxnew1024.seed10086.subtreePrefetch.vllm.log,71,12,28,0.2165959256521127
/Users/jiangnanhugo/workspace/power-sharpening/Subtree-Prefetching-Power-Sharpening/case_studies/logs-entropycut/mbpp/2026-09-21/vllm/dataset-mbpp.model-qwen3.5-9b.alpha4.0.steps100.blocks-1.prefetch-budget-20.rank-accept_first.cut-entropy4.0.samples20.maxnew1024.seed10086.subtreePrefetch.vllm.log,71,13,28,0.2165959256521127
/Users/jiangnanhugo/workspace/power-sharpening/Subtree-Prefetching-Power-Sharpening/case_studies/logs-entropycut/mbpp/2026-09-21/vllm/dataset-mbpp.model-qwen3.5-9b.alpha4.0.steps100.blocks-1.prefetch-budget-20.rank-accept_first.cut-entropy4.0.samples20.maxnew1024.seed10086.subtreePrefetch.vllm.log,71,14,245,0.19479489005016587
/Users/jiangnanhugo/workspace/power-sharpening/Subtree-Prefetching-Power-Sharpening/case_studies/logs-entropycut/mbpp/2026-09-21/vllm/dataset-mbpp.model-qwen3.5-9b.alpha4.0.steps100.blocks-1.prefetch-budget-20.rank-accept_first.cut-entropy4.0.samples20.maxnew1024.seed10086.subtreePrefetch.vllm.log,71,15,32,0.027260366721367196
/Users/jiangnanhugo/workspace/power-sharpening/Subtree-Prefetching-Power-Sharpening/case_studies/logs-entropycut/mbpp/2026-09-21/vllm/dataset-mbpp.model-qwen3.5-9b.alpha4.0.steps100.blocks-1.prefetch-budget-20.rank-accept_first.cut-entropy4.0.samples20.maxnew1024.seed10086.subtreePrefetch.vllm.log,71,16,53,0.18012631175485724
/Users/jiangnanhugo/workspace/power-sharpening/Subtree-Prefetching-Power-Sharpening/case_studies/logs-entropycut/mbpp/2026-09-21/vllm/dataset-mbpp.model-qwen3.5-9b.alpha4.0.steps100.blocks-1.prefetch-budget-20.rank-accept_first.cut-entropy4.0.samples20.maxnew1024.seed10086.subtreePrefetch.vllm.log,71,17,53,0.18012631175485724
/Users/jiangnanhugo/workspace/power-sharpening/Subtree-Prefetching-Power-Sharpening/case_studies/logs-entropycut/mbpp/2026-09-21/vllm/dataset-mbpp.model-qwen3.5-9b.alpha4.0.steps100.blocks-1.prefetch-budget-20.rank-accept_first.cut-entropy4.0.samples20.maxnew1024.seed10086.subtreePrefetch.vllm.log,71,18,88,0.11205396790719221
/Users/jiangnanhugo/workspace/power-sharpening/Subtree-Prefetching-Power-Sharpening/case_studies/logs-entropycut/mbpp/2026-09-21/vllm/dataset-mbpp.model-qwen3.5-9b.alpha4.0.steps100.blocks-1.prefetch-budget-20.rank-accept_first.cut-entropy4.0.samples20.maxnew1024.seed10086.subtreePrefetch.vllm.log,71,19,28,0.2165959256521127
/Users/jiangnanhugo/workspace/power-sharpening/Subtree-Prefetching-Power-Sharpening/case_studies/logs-entropycut/mbpp/2026-09-21/vllm/dataset-mbpp.model-qwen3.5-9b.alpha4.0.steps100.blocks-1.prefetch-budget-20.rank-accept_first.cut-entropy4.0.samples20.maxnew1024.seed10086.subtreePrefetch.vllm.log,72,0,180,0.00886984231142805
/Users/jiangnanhugo/workspace/power-sharpening/Subtree-Prefetching-Power-Sharpening/case_studies/logs-entropycut/mbpp/2026-09-21/vllm/dataset-mbpp.model-qwen3.5-9b.alpha4.0.steps100.blocks-1.prefetch-budget-20.rank-accept_first.cut-entropy4.0.samples20.maxnew1024.seed10086.subtreePrefetch.vllm.log,72,1,56,0.021368307835489667
/Users/jiangnanhugo/workspace/power-sharpening/Subtree-Prefetching-Power-Sharpening/case_studies/logs-entropycut/mbpp/2026-09-21/vllm/dataset-mbpp.model-qwen3.5-9b.alpha4.0.steps100.blocks-1.prefetch-budget-20.rank-accept_first.cut-entropy4.0.samples20.maxnew1024.seed10086.subtreePrefetch.vllm.log,72,2,32,0.027260366721367196
/Users/jiangnanhugo/workspace/power-sharpening/Subtree-Prefetching-Power-Sharpening/case_studies/logs-entropycut/mbpp/2026-09-21/vllm/dataset-mbpp.model-qwen3.5-9b.alpha4.0.steps100.blocks-1.prefetch-budget-20.rank-accept_first.cut-entropy4.0.samples20.maxnew1024.seed10086.subtreePrefetch.vllm.log,72,3,28,0.2165959256521127
/Users/jiangnanhugo/workspace/power-sharpening/Subtree-Prefetching-Power-Sharpening/case_studies/logs-entropycut/mbpp/2026-09-21/vllm/dataset-mbpp.model-qwen3.5-9b.alpha4.0.steps100.blocks-1.prefetch-budget-20.rank-accept_first.cut-entropy4.0.samples20.maxnew1024.seed10086.subtreePrefetch.vllm.log,72,4,28,0.2165959256521127
/Users/jiangnanhugo/workspace/power-sharpening/Subtree-Prefetching-Power-Sharpening/case_studies/logs-entropycut/mbpp/2026-09-21/vllm/dataset-mbpp.model-qwen3.5-9b.alpha4.0.steps100.blocks-1.prefetch-budget-20.rank-accept_first.cut-entropy4.0.samples20.maxnew1024.seed10086.subtreePrefetch.vllm.log,72,5,28,0.2165959256521127
/Users/jiangnanhugo/workspace/power-sharpening/Subtree-Prefetching-Power-Sharpening/case_studies/logs-entropycut/mbpp/2026-09-21/vllm/dataset-mbpp.model-qwen3.5-9b.alpha4.0.steps100.blocks-1.prefetch-budget-20.rank-accept_first.cut-entropy4.0.samples20.maxnew1024.seed10086.subtreePrefetch.vllm.log,72,6,28,0.2165959256521127
/Users/jiangnanhugo/workspace/power-sharpening/Subtree-Prefetching-Power-Sharpening/case_studies/logs-entropycut/mbpp/2026-09-21/vllm/dataset-mbpp.model-qwen3.5-9b.alpha4.0.steps100.blocks-1.prefetch-budget-20.rank-accept_first.cut-entropy4.0.samples20.maxnew1024.seed10086.subtreePrefetch.vllm.log,72,7,28,0.2165959256521127
/Users/jiangnanhugo/workspace/power-sharpening/Subtree-Prefetching-Power-Sharpening/case_studies/logs-entropycut/mbpp/2026-09-21/vllm/dataset-mbpp.model-qwen3.5-9b.alpha4.0.steps100.blocks-1.prefetch-budget-20.rank-accept_first.cut-entropy4.0.samples20.maxnew1024.seed10086.subtreePrefetch.vllm.log,72,8,157,0.10389468205051901
/Users/jiangnanhugo/workspace/power-sharpening/Subtree-Prefetching-Power-Sharpening/case_studies/logs-entropycut/mbpp/2026-09-21/vllm/dataset-mbpp.model-qwen3.5-9b.alpha4.0.steps100.blocks-1.prefetch-budget-20.rank-accept_first.cut-entropy4.0.samples20.maxnew1024.seed10086.subtreePrefetch.vllm.log,72,9,87,0.007687789397002245
/Users/jiangnanhugo/workspace/power-sharpening/Subtree-Prefetching-Power-Sharpening/case_studies/logs-entropycut/mbpp/2026-09-21/vllm/dataset-mbpp.model-qwen3.5-9b.alpha4.0.steps100.blocks-1.prefetch-budget-20.rank-accept_first.cut-entropy4.0.samples20.maxnew1024.seed10086.subtreePrefetch.vllm.log,72,10,28,0.2165959256521127
/Users/jiangnanhugo/workspace/power-sharpening/Subtree-Prefetching-Power-Sharpening/case_studies/logs-entropycut/mbpp/2026-09-21/vllm/dataset-mbpp.model-qwen3.5-9b.alpha4.0.steps100.blocks-1.prefetch-budget-20.rank-accept_first.cut-entropy4.0.samples20.maxnew1024.seed10086.subtreePrefetch.vllm.log,72,11,53,0.18012631175485724
/Users/jiangnanhugo/workspace/power-sharpening/Subtree-Prefetching-Power-Sharpening/case_studies/logs-entropycut/mbpp/2026-09-21/vllm/dataset-mbpp.model-qwen3.5-9b.alpha4.0.steps100.blocks-1.prefetch-budget-20.rank-accept_first.cut-entropy4.0.samples20.maxnew1024.seed10086.subtreePrefetch.vllm.log,72,12,53,0.18012631175485724
/Users/jiangnanhugo/workspace/power-sharpening/Subtree-Prefetching-Power-Sharpening/case_studies/logs-entropycut/mbpp/2026-09-21/vllm/dataset-mbpp.model-qwen3.5-9b.alpha4.0.steps100.blocks-1.prefetch-budget-20.rank-accept_first.cut-entropy4.0.samples20.maxnew1024.seed10086.subtreePrefetch.vllm.log,72,13,3,0.011724911993796923
/Users/jiangnanhugo/workspace/power-sharpening/Subtree-Prefetching-Power-Sharpening/case_studies/logs-entropycut/mbpp/2026-09-21/vllm/dataset-mbpp.model-qwen3.5-9b.alpha4.0.steps100.blocks-1.prefetch-budget-20.rank-accept_first.cut-entropy4.0.samples20.maxnew1024.seed10086.subtreePrefetch.vllm.log,72,14,28,0.2165959256521127
/Users/jiangnanhugo/workspace/power-sharpening/Subtree-Prefetching-Power-Sharpening/case_studies/logs-entropycut/mbpp/2026-09-21/vllm/dataset-mbpp.model-qwen3.5-9b.alpha4.0.steps100.blocks-1.prefetch-budget-20.rank-accept_first.cut-entropy4.0.samples20.maxnew1024.seed10086.subtreePrefetch.vllm.log,72,15,28,0.2165959256521127
/Users/jiangnanhugo/workspace/power-sharpening/Subtree-Prefetching-Power-Sharpening/case_studies/logs-entropycut/mbpp/2026-09-21/vllm/dataset-mbpp.model-qwen3.5-9b.alpha4.0.steps100.blocks-1.prefetch-budget-20.rank-accept_first.cut-entropy4.0.samples20.maxnew1024.seed10086.subtreePrefetch.vllm.log,72,16,28,0.2165959256521127
/Users/jiangnanhugo/workspace/power-sharpening/Subtree-Prefetching-Power-Sharpening/case_studies/logs-entropycut/mbpp/2026-09-21/vllm/dataset-mbpp.model-qwen3.5-9b.alpha4.0.steps100.blocks-1.prefetch-budget-20.rank-accept_first.cut-entropy4.0.samples20.maxnew1024.seed10086.subtreePrefetch.vllm.log,72,17,53,0.18012631175485724
/Users/jiangnanhugo/workspace/power-sharpening/Subtree-Prefetching-Power-Sharpening/case_studies/logs-entropycut/mbpp/2026-09-21/vllm/dataset-mbpp.model-qwen3.5-9b.alpha4.0.steps100.blocks-1.prefetch-budget-20.rank-accept_first.cut-entropy4.0.samples20.maxnew1024.seed10086.subtreePrefetch.vllm.log,72,18,245,0.19479489005016587
/Users/jiangnanhugo/workspace/power-sharpening/Subtree-Prefetching-Power-Sharpening/case_studies/logs-entropycut/mbpp/2026-09-21/vllm/dataset-mbpp.model-qwen3.5-9b.alpha4.0.steps100.blocks-1.prefetch-budget-20.rank-accept_first.cut-entropy4.0.samples20.maxnew1024.seed10086.subtreePrefetch.vllm.log,72,19,28,0.2165959256521127
/Users/jiangnanhugo/workspace/power-sharpening/Subtree-Prefetching-Power-Sharpening/case_studies/logs-entropycut/mbpp/2026-09-21/vllm/dataset-mbpp.model-qwen3.5-9b.alpha4.0.steps100.blocks-1.prefetch-budget-20.rank-accept_first.cut-entropy4.0.samples20.maxnew1024.seed10086.subtreePrefetch.vllm.log,73,0,53,0.18012631175485724
/Users/jiangnanhugo/workspace/power-sharpening/Subtree-Prefetching-Power-Sharpening/case_studies/logs-entropycut/mbpp/2026-09-21/vllm/dataset-mbpp.model-qwen3.5-9b.alpha4.0.steps100.blocks-1.prefetch-budget-20.rank-accept_first.cut-entropy4.0.samples20.maxnew1024.seed10086.subtreePrefetch.vllm.log,73,1,180,0.00886984231142805
/Users/jiangnanhugo/workspace/power-sharpening/Subtree-Prefetching-Power-Sharpening/case_studies/logs-entropycut/mbpp/2026-09-21/vllm/dataset-mbpp.model-qwen3.5-9b.alpha4.0.steps100.blocks-1.prefetch-budget-20.rank-accept_first.cut-entropy4.0.samples20.maxnew1024.seed10086.subtreePrefetch.vllm.log,73,2,53,0.18012631175485724
/Users/jiangnanhugo/workspace/power-sharpening/Subtree-Prefetching-Power-Sharpening/case_studies/logs-entropycut/mbpp/2026-09-21/vllm/dataset-mbpp.model-qwen3.5-9b.alpha4.0.steps100.blocks-1.prefetch-budget-20.rank-accept_first.cut-entropy4.0.samples20.maxnew1024.seed10086.subtreePrefetch.vllm.log,73,3,157,0.10389468205051901
/Users/jiangnanhugo/workspace/power-sharpening/Subtree-Prefetching-Power-Sharpening/case_studies/logs-entropycut/mbpp/2026-09-21/vllm/dataset-mbpp.model-qwen3.5-9b.alpha4.0.steps100.blocks-1.prefetch-budget-20.rank-accept_first.cut-entropy4.0.samples20.maxnew1024.seed10086.subtreePrefetch.vllm.log,73,4,245,0.19479489005016587
/Users/jiangnanhugo/workspace/power-sharpening/Subtree-Prefetching-Power-Sharpening/case_studies/logs-entropycut/mbpp/2026-09-21/vllm/dataset-mbpp.model-qwen3.5-9b.alpha4.0.steps100.blocks-1.prefetch-budget-20.rank-accept_first.cut-entropy4.0.samples20.maxnew1024.seed10086.subtreePrefetch.vllm.log,74,0,46,0.003401812121959521
/Users/jiangnanhugo/workspace/power-sharpening/Subtree-Prefetching-Power-Sharpening/case_studies/logs-entropycut/mbpp/2026-09-21/vllm/dataset-mbpp.model-qwen3.5-9b.alpha4.0.steps100.blocks-1.prefetch-budget-20.rank-accept_first.cut-entropy4.0.samples20.maxnew1024.seed10086.subtreePrefetch.vllm.log,74,1,39,0.14331725272088677
/Users/jiangnanhugo/workspace/power-sharpening/Subtree-Prefetching-Power-Sharpening/case_studies/logs-entropycut/mbpp/2026-09-21/vllm/dataset-mbpp.model-qwen3.5-9b.alpha4.0.steps100.blocks-1.prefetch-budget-20.rank-accept_first.cut-entropy4.0.samples20.maxnew1024.seed10086.subtreePrefetch.vllm.log,74,2,39,0.14331725272088677
/Users/jiangnanhugo/workspace/power-sharpening/Subtree-Prefetching-Power-Sharpening/case_studies/logs-entropycut/mbpp/2026-09-21/vllm/dataset-mbpp.model-qwen3.5-9b.alpha4.0.steps100.blocks-1.prefetch-budget-20.rank-accept_first.cut-entropy4.0.samples20.maxnew1024.seed10086.subtreePrefetch.vllm.log,74,3,205,0.2993996253297177
/Users/jiangnanhugo/workspace/power-sharpening/Subtree-Prefetching-Power-Sharpening/case_studies/logs-entropycut/mbpp/2026-09-21/vllm/dataset-mbpp.model-qwen3.5-9b.alpha4.0.steps100.blocks-1.prefetch-budget-20.rank-accept_first.cut-entropy4.0.samples20.maxnew1024.seed10086.subtreePrefetch.vllm.log,74,4,39,0.14331725272088677
/Users/jiangnanhugo/workspace/power-sharpening/Subtree-Prefetching-Power-Sharpening/case_studies/logs-entropycut/mbpp/2026-09-21/vllm/dataset-mbpp.model-qwen3.5-9b.alpha4.0.steps100.blocks-1.prefetch-budget-20.rank-accept_first.cut-entropy4.0.samples20.maxnew1024.seed10086.subtreePrefetch.vllm.log,74,5,205,0.2993996253297177
/Users/jiangnanhugo/workspace/power-sharpening/Subtree-Prefetching-Power-Sharpening/case_studies/logs-entropycut/mbpp/2026-09-21/vllm/dataset-mbpp.model-qwen3.5-9b.alpha4.0.steps100.blocks-1.prefetch-budget-20.rank-accept_first.cut-entropy4.0.samples20.maxnew1024.seed10086.subtreePrefetch.vllm.log,74,6,39,0.14331725272088677
/Users/jiangnanhugo/workspace/power-sharpening/Subtree-Prefetching-Power-Sharpening/case_studies/logs-entropycut/mbpp/2026-09-21/vllm/dataset-mbpp.model-qwen3.5-9b.alpha4.0.steps100.blocks-1.prefetch-budget-20.rank-accept_first.cut-entropy4.0.samples20.maxnew1024.seed10086.subtreePrefetch.vllm.log,74,7,205,0.2993996253297177
/Users/jiangnanhugo/workspace/power-sharpening/Subtree-Prefetching-Power-Sharpening/case_studies/logs-entropycut/mbpp/2026-09-21/vllm/dataset-mbpp.model-qwen3.5-9b.alpha4.0.steps100.blocks-1.prefetch-budget-20.rank-accept_first.cut-entropy4.0.samples20.maxnew1024.seed10086.subtreePrefetch.vllm.log,74,8,111,0.29938852455334647
/Users/jiangnanhugo/workspace/power-sharpening/Subtree-Prefetching-Power-Sharpening/case_studies/logs-entropycut/mbpp/2026-09-21/vllm/dataset-mbpp.model-qwen3.5-9b.alpha4.0.steps100.blocks-1.prefetch-budget-20.rank-accept_first.cut-entropy4.0.samples20.maxnew1024.seed10086.subtreePrefetch.vllm.log,74,9,111,0.29938852455334647
/Users/jiangnanhugo/workspace/power-sharpening/Subtree-Prefetching-Power-Sharpening/case_studies/logs-entropycut/mbpp/2026-09-21/vllm/dataset-mbpp.model-qwen3.5-9b.alpha4.0.steps100.blocks-1.prefetch-budget-20.rank-accept_first.cut-entropy4.0.samples20.maxnew1024.seed10086.subtreePrefetch.vllm.log,74,10,39,0.14331725272088677
/Users/jiangnanhugo/workspace/power-sharpening/Subtree-Prefetching-Power-Sharpening/case_studies/logs-entropycut/mbpp/2026-09-21/vllm/dataset-mbpp.model-qwen3.5-9b.alpha4.0.steps100.blocks-1.prefetch-budget-20.rank-accept_first.cut-entropy4.0.samples20.maxnew1024.seed10086.subtreePrefetch.vllm.log,74,11,111,0.29938852455334647
/Users/jiangnanhugo/workspace/power-sharpening/Subtree-Prefetching-Power-Sharpening/case_studies/logs-entropycut/mbpp/2026-09-21/vllm/dataset-mbpp.model-qwen3.5-9b.alpha4.0.steps100.blocks-1.prefetch-budget-20.rank-accept_first.cut-entropy4.0.samples20.maxnew1024.seed10086.subtreePrefetch.vllm.log,74,12,205,0.2993996253297177
/Users/jiangnanhugo/workspace/power-sharpening/Subtree-Prefetching-Power-Sharpening/case_studies/logs-entropycut/mbpp/2026-09-21/vllm/dataset-mbpp.model-qwen3.5-9b.alpha4.0.steps100.blocks-1.prefetch-budget-20.rank-accept_first.cut-entropy4.0.samples20.maxnew1024.seed10086.subtreePrefetch.vllm.log,74,13,111,0.29938852455334647
/Users/jiangnanhugo/workspace/power-sharpening/Subtree-Prefetching-Power-Sharpening/case_studies/logs-entropycut/mbpp/2026-09-21/vllm/dataset-mbpp.model-qwen3.5-9b.alpha4.0.steps100.blocks-1.prefetch-budget-20.rank-accept_first.cut-entropy4.0.samples20.maxnew1024.seed10086.subtreePrefetch.vllm.log,74,14,111,0.29938852455334647
/Users/jiangnanhugo/workspace/power-sharpening/Subtree-Prefetching-Power-Sharpening/case_studies/logs-entropycut/mbpp/2026-09-21/vllm/dataset-mbpp.model-qwen3.5-9b.alpha4.0.steps100.blocks-1.prefetch-budget-20.rank-accept_first.cut-entropy4.0.samples20.maxnew1024.seed10086.subtreePrefetch.vllm.log,74,15,63,0.0037281830835604775
/Users/jiangnanhugo/workspace/power-sharpening/Subtree-Prefetching-Power-Sharpening/case_studies/logs-entropycut/mbpp/2026-09-21/vllm/dataset-mbpp.model-qwen3.5-9b.alpha4.0.steps100.blocks-1.prefetch-budget-20.rank-accept_first.cut-entropy4.0.samples20.maxnew1024.seed10086.subtreePrefetch.vllm.log,74,16,111,0.29938852455334647
/Users/jiangnanhugo/workspace/power-sharpening/Subtree-Prefetching-Power-Sharpening/case_studies/logs-entropycut/mbpp/2026-09-21/vllm/dataset-mbpp.model-qwen3.5-9b.alpha4.0.steps100.blocks-1.prefetch-budget-20.rank-accept_first.cut-entropy4.0.samples20.maxnew1024.seed10086.subtreePrefetch.vllm.log,74,17,111,0.29938852455334647
/Users/jiangnanhugo/workspace/power-sharpening/Subtree-Prefetching-Power-Sharpening/case_studies/logs-entropycut/mbpp/2026-09-21/vllm/dataset-mbpp.model-qwen3.5-9b.alpha4.0.steps100.blocks-1.prefetch-budget-20.rank-accept_first.cut-entropy4.0.samples20.maxnew1024.seed10086.subtreePrefetch.vllm.log,74,18,111,0.29938852455334647
/Users/jiangnanhugo/workspace/power-sharpening/Subtree-Prefetching-Power-Sharpening/case_studies/logs-entropycut/mbpp/2026-09-21/vllm/dataset-mbpp.model-qwen3.5-9b.alpha4.0.steps100.blocks-1.prefetch-budget-20.rank-accept_first.cut-entropy4.0.samples20.maxnew1024.seed10086.subtreePrefetch.vllm.log,74,19,111,0.29938852455334647
/Users/jiangnanhugo/workspace/power-sharpening/Subtree-Prefetching-Power-Sharpening/case_studies/logs-entropycut/mbpp/2026-09-21/vllm/dataset-mbpp.model-qwen3.5-9b.alpha4.0.steps100.blocks-1.prefetch-budget-20.rank-accept_first.cut-entropy4.0.samples20.maxnew1024.seed10086.subtreePrefetch.vllm.log,75,0,111,0.29938852455334647
/Users/jiangnanhugo/workspace/power-sharpening/Subtree-Prefetching-Power-Sharpening/case_studies/logs-entropycut/mbpp/2026-09-21/vllm/dataset-mbpp.model-qwen3.5-9b.alpha4.0.steps100.blocks-1.prefetch-budget-20.rank-accept_first.cut-entropy4.0.samples20.maxnew1024.seed10086.subtreePrefetch.vllm.log,75,1,205,0.2993996253297177
/Users/jiangnanhugo/workspace/power-sharpening/Subtree-Prefetching-Power-Sharpening/case_studies/logs-entropycut/mbpp/2026-09-21/vllm/dataset-mbpp.model-qwen3.5-9b.alpha4.0.steps100.blocks-1.prefetch-budget-20.rank-accept_first.cut-entropy4.0.samples20.maxnew1024.seed10086.subtreePrefetch.vllm.log,75,2,39,0.14331725272088677
/Users/jiangnanhugo/workspace/power-sharpening/Subtree-Prefetching-Power-Sharpening/case_studies/logs-entropycut/mbpp/2026-09-21/vllm/dataset-mbpp.model-qwen3.5-9b.alpha4.0.steps100.blocks-1.prefetch-budget-20.rank-accept_first.cut-entropy4.0.samples20.maxnew1024.seed10086.subtreePrefetch.vllm.log,75,3,39,0.14331725272088677
/Users/jiangnanhugo/workspace/power-sharpening/Subtree-Prefetching-Power-Sharpening/case_studies/logs-entropycut/mbpp/2026-09-21/vllm/dataset-mbpp.model-qwen3.5-9b.alpha4.0.steps100.blocks-1.prefetch-budget-20.rank-accept_first.cut-entropy4.0.samples20.maxnew1024.seed10086.subtreePrefetch.vllm.log,75,4,205,0.2993996253297177
/Users/jiangnanhugo/workspace/power-sharpening/Subtree-Prefetching-Power-Sharpening/case_studies/logs-entropycut/mbpp/2026-09-21/vllm/dataset-mbpp.model-qwen3.5-9b.alpha4.0.steps100.blocks-1.prefetch-budget-20.rank-accept_first.cut-entropy4.0.samples20.maxnew1024.seed10086.subtreePrefetch.vllm.log,75,5,39,0.14331725272088677
/Users/jiangnanhugo/workspace/power-sharpening/Subtree-Prefetching-Power-Sharpening/case_studies/logs-entropycut/mbpp/2026-09-21/vllm/dataset-mbpp.model-qwen3.5-9b.alpha4.0.steps100.blocks-1.prefetch-budget-20.rank-accept_first.cut-entropy4.0.samples20.maxnew1024.seed10086.subtreePrefetch.vllm.log,75,6,39,0.14331725272088677
/Users/jiangnanhugo/workspace/power-sharpening/Subtree-Prefetching-Power-Sharpening/case_studies/logs-entropycut/mbpp/2026-09-21/vllm/dataset-mbpp.model-qwen3.5-9b.alpha4.0.steps100.blocks-1.prefetch-budget-20.rank-accept_first.cut-entropy4.0.samples20.maxnew1024.seed10086.subtreePrefetch.vllm.log,75,7,111,0.29938852455334647
/Users/jiangnanhugo/workspace/power-sharpening/Subtree-Prefetching-Power-Sharpening/case_studies/logs-entropycut/mbpp/2026-09-21/vllm/dataset-mbpp.model-qwen3.5-9b.alpha4.0.steps100.blocks-1.prefetch-budget-20.rank-accept_first.cut-entropy4.0.samples20.maxnew1024.seed10086.subtreePrefetch.vllm.log,75,8,39,0.14331725272088677
/Users/jiangnanhugo/workspace/power-sharpening/Subtree-Prefetching-Power-Sharpening/case_studies/logs-entropycut/mbpp/2026-09-21/vllm/dataset-mbpp.model-qwen3.5-9b.alpha4.0.steps100.blocks-1.prefetch-budget-20.rank-accept_first.cut-entropy4.0.samples20.maxnew1024.seed10086.subtreePrefetch.vllm.log,75,9,111,0.29938852455334647
/Users/jiangnanhugo/workspace/power-sharpening/Subtree-Prefetching-Power-Sharpening/case_studies/logs-entropycut/mbpp/2026-09-21/vllm/dataset-mbpp.model-qwen3.5-9b.alpha4.0.steps100.blocks-1.prefetch-budget-20.rank-accept_first.cut-entropy4.0.samples20.maxnew1024.seed10086.subtreePrefetch.vllm.log,75,10,142,0.0201452138875078
/Users/jiangnanhugo/workspace/power-sharpening/Subtree-Prefetching-Power-Sharpening/case_studies/logs-entropycut/mbpp/2026-09-21/vllm/dataset-mbpp.model-qwen3.5-9b.alpha4.0.steps100.blocks-1.prefetch-budget-20.rank-accept_first.cut-entropy4.0.samples20.maxnew1024.seed10086.subtreePrefetch.vllm.log,75,11,205,0.2993996253297177
/Users/jiangnanhugo/workspace/power-sharpening/Subtree-Prefetching-Power-Sharpening/case_studies/logs-entropycut/mbpp/2026-09-21/vllm/dataset-mbpp.model-qwen3.5-9b.alpha4.0.steps100.blocks-1.prefetch-budget-20.rank-accept_first.cut-entropy4.0.samples20.maxnew1024.seed10086.subtreePrefetch.vllm.log,75,12,39,0.14331725272088677
/Users/jiangnanhugo/workspace/power-sharpening/Subtree-Prefetching-Power-Sharpening/case_studies/logs-entropycut/mbpp/2026-09-21/vllm/dataset-mbpp.model-qwen3.5-9b.alpha4.0.steps100.blocks-1.prefetch-budget-20.rank-accept_first.cut-entropy4.0.samples20.maxnew1024.seed10086.subtreePrefetch.vllm.log,75,13,111,0.29938852455334647
/Users/jiangnanhugo/workspace/power-sharpening/Subtree-Prefetching-Power-Sharpening/case_studies/logs-entropycut/mbpp/2026-09-21/vllm/dataset-mbpp.model-qwen3.5-9b.alpha4.0.steps100.blocks-1.prefetch-budget-20.rank-accept_first.cut-entropy4.0.samples20.maxnew1024.seed10086.subtreePrefetch.vllm.log,75,14,39,0.14331725272088677
/Users/jiangnanhugo/workspace/power-sharpening/Subtree-Prefetching-Power-Sharpening/case_studies/logs-entropycut/mbpp/2026-09-21/vllm/dataset-mbpp.model-qwen3.5-9b.alpha4.0.steps100.blocks-1.prefetch-budget-20.rank-accept_first.cut-entropy4.0.samples20.maxnew1024.seed10086.subtreePrefetch.vllm.log,75,15,235,0.019923353365026458
/Users/jiangnanhugo/workspace/power-sharpening/Subtree-Prefetching-Power-Sharpening/case_studies/logs-entropycut/mbpp/2026-09-21/vllm/dataset-mbpp.model-qwen3.5-9b.alpha4.0.steps100.blocks-1.prefetch-budget-20.rank-accept_first.cut-entropy4.0.samples20.maxnew1024.seed10086.subtreePrefetch.vllm.log,75,16,111,0.29938852455334647
/Users/jiangnanhugo/workspace/power-sharpening/Subtree-Prefetching-Power-Sharpening/case_studies/logs-entropycut/mbpp/2026-09-21/vllm/dataset-mbpp.model-qwen3.5-9b.alpha4.0.steps100.blocks-1.prefetch-budget-20.rank-accept_first.cut-entropy4.0.samples20.maxnew1024.seed10086.subtreePrefetch.vllm.log,75,17,39,0.14331725272088677
/Users/jiangnanhugo/workspace/power-sharpening/Subtree-Prefetching-Power-Sharpening/case_studies/logs-entropycut/mbpp/2026-09-21/vllm/dataset-mbpp.model-qwen3.5-9b.alpha4.0.steps100.blocks-1.prefetch-budget-20.rank-accept_first.cut-entropy4.0.samples20.maxnew1024.seed10086.subtreePrefetch.vllm.log,75,18,7,0.03760207381975237
/Users/jiangnanhugo/workspace/power-sharpening/Subtree-Prefetching-Power-Sharpening/case_studies/logs-entropycut/mbpp/2026-09-21/vllm/dataset-mbpp.model-qwen3.5-9b.alpha4.0.steps100.blocks-1.prefetch-budget-20.rank-accept_first.cut-entropy4.0.samples20.maxnew1024.seed10086.subtreePrefetch.vllm.log,75,19,111,0.29938852455334647
/Users/jiangnanhugo/workspace/power-sharpening/Subtree-Prefetching-Power-Sharpening/case_studies/logs-entropycut/mbpp/2026-09-21/vllm/dataset-mbpp.model-qwen3.5-9b.alpha4.0.steps100.blocks-1.prefetch-budget-20.rank-accept_first.cut-entropy4.0.samples20.maxnew1024.seed10086.subtreePrefetch.vllm.log,76,0,39,0.14331725272088677
/Users/jiangnanhugo/workspace/power-sharpening/Subtree-Prefetching-Power-Sharpening/case_studies/logs-entropycut/mbpp/2026-09-21/vllm/dataset-mbpp.model-qwen3.5-9b.alpha4.0.steps100.blocks-1.prefetch-budget-20.rank-accept_first.cut-entropy4.0.samples20.maxnew1024.seed10086.subtreePrefetch.vllm.log,76,1,205,0.2993996253297177
/Users/jiangnanhugo/workspace/power-sharpening/Subtree-Prefetching-Power-Sharpening/case_studies/logs-entropycut/mbpp/2026-09-21/vllm/dataset-mbpp.model-qwen3.5-9b.alpha4.0.steps100.blocks-1.prefetch-budget-20.rank-accept_first.cut-entropy4.0.samples20.maxnew1024.seed10086.subtreePrefetch.vllm.log,76,2,39,0.14331725272088677
/Users/jiangnanhugo/workspace/power-sharpening/Subtree-Prefetching-Power-Sharpening/case_studies/logs-entropycut/mbpp/2026-09-21/vllm/dataset-mbpp.model-qwen3.5-9b.alpha4.0.steps100.blocks-1.prefetch-budget-20.rank-accept_first.cut-entropy4.0.samples20.maxnew1024.seed10086.subtreePrefetch.vllm.log,76,3,7,0.03760207381975237
/Users/jiangnanhugo/workspace/power-sharpening/Subtree-Prefetching-Power-Sharpening/case_studies/logs-entropycut/mbpp/2026-09-21/vllm/dataset-mbpp.model-qwen3.5-9b.alpha4.0.steps100.blocks-1.prefetch-budget-20.rank-accept_first.cut-entropy4.0.samples20.maxnew1024.seed10086.subtreePrefetch.vllm.log,76,4,7,0.03760207381975237
/Users/jiangnanhugo/workspace/power-sharpening/Subtree-Prefetching-Power-Sharpening/case_studies/logs-entropycut/mbpp/2026-09-21/vllm/dataset-mbpp.model-qwen3.5-9b.alpha4.0.steps100.blocks-1.prefetch-budget-20.rank-accept_first.cut-entropy4.0.samples20.maxnew1024.seed10086.subtreePrefetch.vllm.log,76,5,205,0.2993996253297177
/Users/jiangnanhugo/workspace/power-sharpening/Subtree-Prefetching-Power-Sharpening/case_studies/logs-entropycut/mbpp/2026-09-21/vllm/dataset-mbpp.model-qwen3.5-9b.alpha4.0.steps100.blocks-1.prefetch-budget-20.rank-accept_first.cut-entropy4.0.samples20.maxnew1024.seed10086.subtreePrefetch.vllm.log,76,6,7,0.03760207381975237
/Users/jiangnanhugo/workspace/power-sharpening/Subtree-Prefetching-Power-Sharpening/case_studies/logs-entropycut/mbpp/2026-09-21/vllm/dataset-mbpp.model-qwen3.5-9b.alpha4.0.steps100.blocks-1.prefetch-budget-20.rank-accept_first.cut-entropy4.0.samples20.maxnew1024.seed10086.subtreePrefetch.vllm.log,76,7,205,0.2993996253297177
/Users/jiangnanhugo/workspace/power-sharpening/Subtree-Prefetching-Power-Sharpening/case_studies/logs-entropycut/mbpp/2026-09-21/vllm/dataset-mbpp.model-qwen3.5-9b.alpha4.0.steps100.blocks-1.prefetch-budget-20.rank-accept_first.cut-entropy4.0.samples20.maxnew1024.seed10086.subtreePrefetch.vllm.log,76,8,7,0.03760207381975237
/Users/jiangnanhugo/workspace/power-sharpening/Subtree-Prefetching-Power-Sharpening/case_studies/logs-entropycut/mbpp/2026-09-21/vllm/dataset-mbpp.model-qwen3.5-9b.alpha4.0.steps100.blocks-1.prefetch-budget-20.rank-accept_first.cut-entropy4.0.samples20.maxnew1024.seed10086.subtreePrefetch.vllm.log,76,9,205,0.2993996253297177
/Users/jiangnanhugo/workspace/power-sharpening/Subtree-Prefetching-Power-Sharpening/case_studies/logs-entropycut/mbpp/2026-09-21/vllm/dataset-mbpp.model-qwen3.5-9b.alpha4.0.steps100.blocks-1.prefetch-budget-20.rank-accept_first.cut-entropy4.0.samples20.maxnew1024.seed10086.subtreePrefetch.vllm.log,76,10,39,0.14331725272088677
/Users/jiangnanhugo/workspace/power-sharpening/Subtree-Prefetching-Power-Sharpening/case_studies/logs-entropycut/mbpp/2026-09-21/vllm/dataset-mbpp.model-qwen3.5-9b.alpha4.0.steps100.blocks-1.prefetch-budget-20.rank-accept_first.cut-entropy4.0.samples20.maxnew1024.seed10086.subtreePrefetch.vllm.log,76,11,111,0.29938852455334647
/Users/jiangnanhugo/workspace/power-sharpening/Subtree-Prefetching-Power-Sharpening/case_studies/logs-entropycut/mbpp/2026-09-21/vllm/dataset-mbpp.model-qwen3.5-9b.alpha4.0.steps100.blocks-1.prefetch-budget-20.rank-accept_first.cut-entropy4.0.samples20.maxnew1024.seed10086.subtreePrefetch.vllm.log,76,12,111,0.29938852455334647
/Users/jiangnanhugo/workspace/power-sharpening/Subtree-Prefetching-Power-Sharpening/case_studies/logs-entropycut/mbpp/2026-09-21/vllm/dataset-mbpp.model-qwen3.5-9b.alpha4.0.steps100.blocks-1.prefetch-budget-20.rank-accept_first.cut-entropy4.0.samples20.maxnew1024.seed10086.subtreePrefetch.vllm.log,76,13,111,0.29938852455334647
/Users/jiangnanhugo/workspace/power-sharpening/Subtree-Prefetching-Power-Sharpening/case_studies/logs-entropycut/mbpp/2026-09-21/vllm/dataset-mbpp.model-qwen3.5-9b.alpha4.0.steps100.blocks-1.prefetch-budget-20.rank-accept_first.cut-entropy4.0.samples20.maxnew1024.seed10086.subtreePrefetch.vllm.log,76,14,205,0.2993996253297177
/Users/jiangnanhugo/workspace/power-sharpening/Subtree-Prefetching-Power-Sharpening/case_studies/logs-entropycut/mbpp/2026-09-21/vllm/dataset-mbpp.model-qwen3.5-9b.alpha4.0.steps100.blocks-1.prefetch-budget-20.rank-accept_first.cut-entropy4.0.samples20.maxnew1024.seed10086.subtreePrefetch.vllm.log,76,15,205,0.2993996253297177
/Users/jiangnanhugo/workspace/power-sharpening/Subtree-Prefetching-Power-Sharpening/case_studies/logs-entropycut/mbpp/2026-09-21/vllm/dataset-mbpp.model-qwen3.5-9b.alpha4.0.steps100.blocks-1.prefetch-budget-20.rank-accept_first.cut-entropy4.0.samples20.maxnew1024.seed10086.subtreePrefetch.vllm.log,76,16,7,0.03760207381975237
/Users/jiangnanhugo/workspace/power-sharpening/Subtree-Prefetching-Power-Sharpening/case_studies/logs-entropycut/mbpp/2026-09-21/vllm/dataset-mbpp.model-qwen3.5-9b.alpha4.0.steps100.blocks-1.prefetch-budget-20.rank-accept_first.cut-entropy4.0.samples20.maxnew1024.seed10086.subtreePrefetch.vllm.log,76,17,205,0.2993996253297177
/Users/jiangnanhugo/workspace/power-sharpening/Subtree-Prefetching-Power-Sharpening/case_studies/logs-entropycut/mbpp/2026-09-21/vllm/dataset-mbpp.model-qwen3.5-9b.alpha4.0.steps100.blocks-1.prefetch-budget-20.rank-accept_first.cut-entropy4.0.samples20.maxnew1024.seed10086.subtreePrefetch.vllm.log,76,18,7,0.03760207381975237
/Users/jiangnanhugo/workspace/power-sharpening/Subtree-Prefetching-Power-Sharpening/case_studies/logs-entropycut/mbpp/2026-09-21/vllm/dataset-mbpp.model-qwen3.5-9b.alpha4.0.steps100.blocks-1.prefetch-budget-20.rank-accept_first.cut-entropy4.0.samples20.maxnew1024.seed10086.subtreePrefetch.vllm.log,76,19,38,0.006407651880277007
/Users/jiangnanhugo/workspace/power-sharpening/Subtree-Prefetching-Power-Sharpening/case_studies/logs-entropycut/mbpp/2026-09-21/vllm/dataset-mbpp.model-qwen3.5-9b.alpha4.0.steps100.blocks-1.prefetch-budget-20.rank-accept_first.cut-entropy4.0.samples20.maxnew1024.seed10086.subtreePrefetch.vllm.log,77,0,7,0.03760207381975237
/Users/jiangnanhugo/workspace/power-sharpening/Subtree-Prefetching-Power-Sharpening/case_studies/logs-entropycut/mbpp/2026-09-21/vllm/dataset-mbpp.model-qwen3.5-9b.alpha4.0.steps100.blocks-1.prefetch-budget-20.rank-accept_first.cut-entropy4.0.samples20.maxnew1024.seed10086.subtreePrefetch.vllm.log,77,1,111,0.29938852455334647
/Users/jiangnanhugo/workspace/power-sharpening/Subtree-Prefetching-Power-Sharpening/case_studies/logs-entropycut/mbpp/2026-09-21/vllm/dataset-mbpp.model-qwen3.5-9b.alpha4.0.steps100.blocks-1.prefetch-budget-20.rank-accept_first.cut-entropy4.0.samples20.maxnew1024.seed10086.subtreePrefetch.vllm.log,77,2,266,0.0158532584706023
/Users/jiangnanhugo/workspace/power-sharpening/Subtree-Prefetching-Power-Sharpening/case_studies/logs-entropycut/mbpp/2026-09-21/vllm/dataset-mbpp.model-qwen3.5-9b.alpha4.0.steps100.blocks-1.prefetch-budget-20.rank-accept_first.cut-entropy4.0.samples20.maxnew1024.seed10086.subtreePrefetch.vllm.log,77,3,7,0.03760207381975237
/Users/jiangnanhugo/workspace/power-sharpening/Subtree-Prefetching-Power-Sharpening/case_studies/logs-entropycut/mbpp/2026-09-21/vllm/dataset-mbpp.model-qwen3.5-9b.alpha4.0.steps100.blocks-1.prefetch-budget-20.rank-accept_first.cut-entropy4.0.samples20.maxnew1024.seed10086.subtreePrefetch.vllm.log,77,4,111,0.29938852455334647
/Users/jiangnanhugo/workspace/power-sharpening/Subtree-Prefetching-Power-Sharpening/case_studies/logs-entropycut/mbpp/2026-09-21/vllm/dataset-mbpp.model-qwen3.5-9b.alpha4.0.steps100.blocks-1.prefetch-budget-20.rank-accept_first.cut-entropy4.0.samples20.maxnew1024.seed10086.subtreePrefetch.vllm.log,77,5,205,0.2993996253297177
/Users/jiangnanhugo/workspace/power-sharpening/Subtree-Prefetching-Power-Sharpening/case_studies/logs-entropycut/mbpp/2026-09-21/vllm/dataset-mbpp.model-qwen3.5-9b.alpha4.0.steps100.blocks-1.prefetch-budget-20.rank-accept_first.cut-entropy4.0.samples20.maxnew1024.seed10086.subtreePrefetch.vllm.log,77,6,205,0.2993996253297177
/Users/jiangnanhugo/workspace/power-sharpening/Subtree-Prefetching-Power-Sharpening/case_studies/logs-entropycut/mbpp/2026-09-21/vllm/dataset-mbpp.model-qwen3.5-9b.alpha4.0.steps100.blocks-1.prefetch-budget-20.rank-accept_first.cut-entropy4.0.samples20.maxnew1024.seed10086.subtreePrefetch.vllm.log,77,7,111,0.29938852455334647
/Users/jiangnanhugo/workspace/power-sharpening/Subtree-Prefetching-Power-Sharpening/case_studies/logs-entropycut/mbpp/2026-09-21/vllm/dataset-mbpp.model-qwen3.5-9b.alpha4.0.steps100.blocks-1.prefetch-budget-20.rank-accept_first.cut-entropy4.0.samples20.maxnew1024.seed10086.subtreePrefetch.vllm.log,77,8,205,0.2993996253297177
/Users/jiangnanhugo/workspace/power-sharpening/Subtree-Prefetching-Power-Sharpening/case_studies/logs-entropycut/mbpp/2026-09-21/vllm/dataset-mbpp.model-qwen3.5-9b.alpha4.0.steps100.blocks-1.prefetch-budget-20.rank-accept_first.cut-entropy4.0.samples20.maxnew1024.seed10086.subtreePrefetch.vllm.log,77,9,171,0.007047997539339457
/Users/jiangnanhugo/workspace/power-sharpening/Subtree-Prefetching-Power-Sharpening/case_studies/logs-entropycut/mbpp/2026-09-21/vllm/dataset-mbpp.model-qwen3.5-9b.alpha4.0.steps100.blocks-1.prefetch-budget-20.rank-accept_first.cut-entropy4.0.samples20.maxnew1024.seed10086.subtreePrefetch.vllm.log,77,10,39,0.14331725272088677
/Users/jiangnanhugo/workspace/power-sharpening/Subtree-Prefetching-Power-Sharpening/case_studies/logs-entropycut/mbpp/2026-09-21/vllm/dataset-mbpp.model-qwen3.5-9b.alpha4.0.steps100.blocks-1.prefetch-budget-20.rank-accept_first.cut-entropy4.0.samples20.maxnew1024.seed10086.subtreePrefetch.vllm.log,77,11,205,0.2993996253297177
/Users/jiangnanhugo/workspace/power-sharpening/Subtree-Prefetching-Power-Sharpening/case_studies/logs-entropycut/mbpp/2026-09-21/vllm/dataset-mbpp.model-qwen3.5-9b.alpha4.0.steps100.blocks-1.prefetch-budget-20.rank-accept_first.cut-entropy4.0.samples20.maxnew1024.seed10086.subtreePrefetch.vllm.log,77,12,39,0.14331725272088677
/Users/jiangnanhugo/workspace/power-sharpening/Subtree-Prefetching-Power-Sharpening/case_studies/logs-entropycut/mbpp/2026-09-21/vllm/dataset-mbpp.model-qwen3.5-9b.alpha4.0.steps100.blocks-1.prefetch-budget-20.rank-accept_first.cut-entropy4.0.samples20.maxnew1024.seed10086.subtreePrefetch.vllm.log,77,13,205,0.2993996253297177
/Users/jiangnanhugo/workspace/power-sharpening/Subtree-Prefetching-Power-Sharpening/case_studies/logs-entropycut/mbpp/2026-09-21/vllm/dataset-mbpp.model-qwen3.5-9b.alpha4.0.steps100.blocks-1.prefetch-budget-20.rank-accept_first.cut-entropy4.0.samples20.maxnew1024.seed10086.subtreePrefetch.vllm.log,77,14,111,0.29938852455334647
/Users/jiangnanhugo/workspace/power-sharpening/Subtree-Prefetching-Power-Sharpening/case_studies/logs-entropycut/mbpp/2026-09-21/vllm/dataset-mbpp.model-qwen3.5-9b.alpha4.0.steps100.blocks-1.prefetch-budget-20.rank-accept_first.cut-entropy4.0.samples20.maxnew1024.seed10086.subtreePrefetch.vllm.log,77,15,111,0.29938852455334647
/Users/jiangnanhugo/workspace/power-sharpening/Subtree-Prefetching-Power-Sharpening/case_studies/logs-entropycut/mbpp/2026-09-21/vllm/dataset-mbpp.model-qwen3.5-9b.alpha4.0.steps100.blocks-1.prefetch-budget-20.rank-accept_first.cut-entropy4.0.samples20.maxnew1024.seed10086.subtreePrefetch.vllm.log,77,16,137,0.013241652805655313
/Users/jiangnanhugo/workspace/power-sharpening/Subtree-Prefetching-Power-Sharpening/case_studies/logs-entropycut/mbpp/2026-09-21/vllm/dataset-mbpp.model-qwen3.5-9b.alpha4.0.steps100.blocks-1.prefetch-budget-20.rank-accept_first.cut-entropy4.0.samples20.maxnew1024.seed10086.subtreePrefetch.vllm.log,77,17,111,0.29938852455334647
/Users/jiangnanhugo/workspace/power-sharpening/Subtree-Prefetching-Power-Sharpening/case_studies/logs-entropycut/mbpp/2026-09-21/vllm/dataset-mbpp.model-qwen3.5-9b.alpha4.0.steps100.blocks-1.prefetch-budget-20.rank-accept_first.cut-entropy4.0.samples20.maxnew1024.seed10086.subtreePrefetch.vllm.log,77,18,111,0.29938852455334647
/Users/jiangnanhugo/workspace/power-sharpening/Subtree-Prefetching-Power-Sharpening/case_studies/logs-entropycut/mbpp/2026-09-21/vllm/dataset-mbpp.model-qwen3.5-9b.alpha4.0.steps100.blocks-1.prefetch-budget-20.rank-accept_first.cut-entropy4.0.samples20.maxnew1024.seed10086.subtreePrefetch.vllm.log,77,19,7,0.03760207381975237
/Users/jiangnanhugo/workspace/power-sharpening/Subtree-Prefetching-Power-Sharpening/case_studies/logs-entropycut/mbpp/2026-09-21/vllm/dataset-mbpp.model-qwen3.5-9b.alpha4.0.steps100.blocks-1.prefetch-budget-20.rank-accept_first.cut-entropy4.0.samples20.maxnew1024.seed10086.subtreePrefetch.vllm.log,78,0,208,0.05519528697748759
/Users/jiangnanhugo/workspace/power-sharpening/Subtree-Prefetching-Power-Sharpening/case_studies/logs-entropycut/mbpp/2026-09-21/vllm/dataset-mbpp.model-qwen3.5-9b.alpha4.0.steps100.blocks-1.prefetch-budget-20.rank-accept_first.cut-entropy4.0.samples20.maxnew1024.seed10086.subtreePrefetch.vllm.log,78,1,205,0.2993996253297177
/Users/jiangnanhugo/workspace/power-sharpening/Subtree-Prefetching-Power-Sharpening/case_studies/logs-entropycut/mbpp/2026-09-21/vllm/dataset-mbpp.model-qwen3.5-9b.alpha4.0.steps100.blocks-1.prefetch-budget-20.rank-accept_first.cut-entropy4.0.samples20.maxnew1024.seed10086.subtreePrefetch.vllm.log,78,2,142,0.0201452138875078
/Users/jiangnanhugo/workspace/power-sharpening/Subtree-Prefetching-Power-Sharpening/case_studies/logs-entropycut/mbpp/2026-09-21/vllm/dataset-mbpp.model-qwen3.5-9b.alpha4.0.steps100.blocks-1.prefetch-budget-20.rank-accept_first.cut-entropy4.0.samples20.maxnew1024.seed10086.subtreePrefetch.vllm.log,78,3,142,0.0201452138875078
/Users/jiangnanhugo/workspace/power-sharpening/Subtree-Prefetching-Power-Sharpening/case_studies/logs-entropycut/mbpp/2026-09-21/vllm/dataset-mbpp.model-qwen3.5-9b.alpha4.0.steps100.blocks-1.prefetch-budget-20.rank-accept_first.cut-entropy4.0.samples20.maxnew1024.seed10086.subtreePrefetch.vllm.log,78,4,39,0.14331725272088677
/Users/jiangnanhugo/workspace/power-sharpening/Subtree-Prefetching-Power-Sharpening/case_studies/logs-entropycut/mbpp/2026-09-21/vllm/dataset-mbpp.model-qwen3.5-9b.alpha4.0.steps100.blocks-1.prefetch-budget-20.rank-accept_first.cut-entropy4.0.samples20.maxnew1024.seed10086.subtreePrefetch.vllm.log,78,5,205,0.2993996253297177
/Users/jiangnanhugo/workspace/power-sharpening/Subtree-Prefetching-Power-Sharpening/case_studies/logs-entropycut/mbpp/2026-09-21/vllm/dataset-mbpp.model-qwen3.5-9b.alpha4.0.steps100.blocks-1.prefetch-budget-20.rank-accept_first.cut-entropy4.0.samples20.maxnew1024.seed10086.subtreePrefetch.vllm.log,78,6,142,0.0201452138875078
/Users/jiangnanhugo/workspace/power-sharpening/Subtree-Prefetching-Power-Sharpening/case_studies/logs-entropycut/mbpp/2026-09-21/vllm/dataset-mbpp.model-qwen3.5-9b.alpha4.0.steps100.blocks-1.prefetch-budget-20.rank-accept_first.cut-entropy4.0.samples20.maxnew1024.seed10086.subtreePrefetch.vllm.log,78,7,84,0.005835974533439782
/Users/jiangnanhugo/workspace/power-sharpening/Subtree-Prefetching-Power-Sharpening/case_studies/logs-entropycut/mbpp/2026-09-21/vllm/dataset-mbpp.model-qwen3.5-9b.alpha4.0.steps100.blocks-1.prefetch-budget-20.rank-accept_first.cut-entropy4.0.samples20.maxnew1024.seed10086.subtreePrefetch.vllm.log,78,8,111,0.29938852455334647
/Users/jiangnanhugo/workspace/power-sharpening/Subtree-Prefetching-Power-Sharpening/case_studies/logs-entropycut/mbpp/2026-09-21/vllm/dataset-mbpp.model-qwen3.5-9b.alpha4.0.steps100.blocks-1.prefetch-budget-20.rank-accept_first.cut-entropy4.0.samples20.maxnew1024.seed10086.subtreePrefetch.vllm.log,78,9,7,0.03760207381975237
/Users/jiangnanhugo/workspace/power-sharpening/Subtree-Prefetching-Power-Sharpening/case_studies/logs-entropycut/mbpp/2026-09-21/vllm/dataset-mbpp.model-qwen3.5-9b.alpha4.0.steps100.blocks-1.prefetch-budget-20.rank-accept_first.cut-entropy4.0.samples20.maxnew1024.seed10086.subtreePrefetch.vllm.log,78,10,7,0.03760207381975237
/Users/jiangnanhugo/workspace/power-sharpening/Subtree-Prefetching-Power-Sharpening/case_studies/logs-entropycut/mbpp/2026-09-21/vllm/dataset-mbpp.model-qwen3.5-9b.alpha4.0.steps100.blocks-1.prefetch-budget-20.rank-accept_first.cut-entropy4.0.samples20.maxnew1024.seed10086.subtreePrefetch.vllm.log,78,11,111,0.29938852455334647
/Users/jiangnanhugo/workspace/power-sharpening/Subtree-Prefetching-Power-Sharpening/case_studies/logs-entropycut/mbpp/2026-09-21/vllm/dataset-mbpp.model-qwen3.5-9b.alpha4.0.steps100.blocks-1.prefetch-budget-20.rank-accept_first.cut-entropy4.0.samples20.maxnew1024.seed10086.subtreePrefetch.vllm.log,78,12,84,0.005835974533439782
/Users/jiangnanhugo/workspace/power-sharpening/Subtree-Prefetching-Power-Sharpening/case_studies/logs-entropycut/mbpp/2026-09-21/vllm/dataset-mbpp.model-qwen3.5-9b.alpha4.0.steps100.blocks-1.prefetch-budget-20.rank-accept_first.cut-entropy4.0.samples20.maxnew1024.seed10086.subtreePrefetch.vllm.log,78,13,111,0.29938852455334647
/Users/jiangnanhugo/workspace/power-sharpening/Subtree-Prefetching-Power-Sharpening/case_studies/logs-entropycut/mbpp/2026-09-21/vllm/dataset-mbpp.model-qwen3.5-9b.alpha4.0.steps100.blocks-1.prefetch-budget-20.rank-accept_first.cut-entropy4.0.samples20.maxnew1024.seed10086.subtreePrefetch.vllm.log,78,14,39,0.14331725272088677
/Users/jiangnanhugo/workspace/power-sharpening/Subtree-Prefetching-Power-Sharpening/case_studies/logs-entropycut/mbpp/2026-09-21/vllm/dataset-mbpp.model-qwen3.5-9b.alpha4.0.steps100.blocks-1.prefetch-budget-20.rank-accept_first.cut-entropy4.0.samples20.maxnew1024.seed10086.subtreePrefetch.vllm.log,78,15,205,0.2993996253297177
/Users/jiangnanhugo/workspace/power-sharpening/Subtree-Prefetching-Power-Sharpening/case_studies/logs-entropycut/mbpp/2026-09-21/vllm/dataset-mbpp.model-qwen3.5-9b.alpha4.0.steps100.blocks-1.prefetch-budget-20.rank-accept_first.cut-entropy4.0.samples20.maxnew1024.seed10086.subtreePrefetch.vllm.log,78,16,111,0.29938852455334647
/Users/jiangnanhugo/workspace/power-sharpening/Subtree-Prefetching-Power-Sharpening/case_studies/logs-entropycut/mbpp/2026-09-21/vllm/dataset-mbpp.model-qwen3.5-9b.alpha4.0.steps100.blocks-1.prefetch-budget-20.rank-accept_first.cut-entropy4.0.samples20.maxnew1024.seed10086.subtreePrefetch.vllm.log,78,17,111,0.29938852455334647
/Users/jiangnanhugo/workspace/power-sharpening/Subtree-Prefetching-Power-Sharpening/case_studies/logs-entropycut/mbpp/2026-09-21/vllm/dataset-mbpp.model-qwen3.5-9b.alpha4.0.steps100.blocks-1.prefetch-budget-20.rank-accept_first.cut-entropy4.0.samples20.maxnew1024.seed10086.subtreePrefetch.vllm.log,78,18,39,0.14331725272088677
/Users/jiangnanhugo/workspace/power-sharpening/Subtree-Prefetching-Power-Sharpening/case_studies/logs-entropycut/mbpp/2026-09-21/vllm/dataset-mbpp.model-qwen3.5-9b.alpha4.0.steps100.blocks-1.prefetch-budget-20.rank-accept_first.cut-entropy4.0.samples20.maxnew1024.seed10086.subtreePrefetch.vllm.log,78,19,205,0.2993996253297177
/Users/jiangnanhugo/workspace/power-sharpening/Subtree-Prefetching-Power-Sharpening/case_studies/logs-entropycut/mbpp/2026-09-21/vllm/dataset-mbpp.model-qwen3.5-9b.alpha4.0.steps100.blocks-1.prefetch-budget-20.rank-accept_first.cut-entropy4.0.samples20.maxnew1024.seed10086.subtreePrefetch.vllm.log,79,0,39,0.14331725272088677
/Users/jiangnanhugo/workspace/power-sharpening/Subtree-Prefetching-Power-Sharpening/case_studies/logs-entropycut/mbpp/2026-09-21/vllm/dataset-mbpp.model-qwen3.5-9b.alpha4.0.steps100.blocks-1.prefetch-budget-20.rank-accept_first.cut-entropy4.0.samples20.maxnew1024.seed10086.subtreePrefetch.vllm.log,79,1,39,0.14331725272088677
/Users/jiangnanhugo/workspace/power-sharpening/Subtree-Prefetching-Power-Sharpening/case_studies/logs-entropycut/mbpp/2026-09-21/vllm/dataset-mbpp.model-qwen3.5-9b.alpha4.0.steps100.blocks-1.prefetch-budget-20.rank-accept_first.cut-entropy4.0.samples20.maxnew1024.seed10086.subtreePrefetch.vllm.log,79,2,111,0.29938852455334647
/Users/jiangnanhugo/workspace/power-sharpening/Subtree-Prefetching-Power-Sharpening/case_studies/logs-entropycut/mbpp/2026-09-21/vllm/dataset-mbpp.model-qwen3.5-9b.alpha4.0.steps100.blocks-1.prefetch-budget-20.rank-accept_first.cut-entropy4.0.samples20.maxnew1024.seed10086.subtreePrefetch.vllm.log,79,3,39,0.14331725272088677
/Users/jiangnanhugo/workspace/power-sharpening/Subtree-Prefetching-Power-Sharpening/case_studies/logs-entropycut/mbpp/2026-09-21/vllm/dataset-mbpp.model-qwen3.5-9b.alpha4.0.steps100.blocks-1.prefetch-budget-20.rank-accept_first.cut-entropy4.0.samples20.maxnew1024.seed10086.subtreePrefetch.vllm.log,79,4,111,0.29938852455334647
/Users/jiangnanhugo/workspace/power-sharpening/Subtree-Prefetching-Power-Sharpening/case_studies/logs-entropycut/mbpp/2026-09-21/vllm/dataset-mbpp.model-qwen3.5-9b.alpha4.0.steps100.blocks-1.prefetch-budget-20.rank-accept_first.cut-entropy4.0.samples20.maxnew1024.seed10086.subtreePrefetch.vllm.log,79,5,7,0.03760207381975237
/Users/jiangnanhugo/workspace/power-sharpening/Subtree-Prefetching-Power-Sharpening/case_studies/logs-entropycut/mbpp/2026-09-21/vllm/dataset-mbpp.model-qwen3.5-9b.alpha4.0.steps100.blocks-1.prefetch-budget-20.rank-accept_first.cut-entropy4.0.samples20.maxnew1024.seed10086.subtreePrefetch.vllm.log,79,6,205,0.2993996253297177
/Users/jiangnanhugo/workspace/power-sharpening/Subtree-Prefetching-Power-Sharpening/case_studies/logs-entropycut/mbpp/2026-09-21/vllm/dataset-mbpp.model-qwen3.5-9b.alpha4.0.steps100.blocks-1.prefetch-budget-20.rank-accept_first.cut-entropy4.0.samples20.maxnew1024.seed10086.subtreePrefetch.vllm.log,79,7,38,0.006407651880277007
/Users/jiangnanhugo/workspace/power-sharpening/Subtree-Prefetching-Power-Sharpening/case_studies/logs-entropycut/mbpp/2026-09-21/vllm/dataset-mbpp.model-qwen3.5-9b.alpha4.0.steps100.blocks-1.prefetch-budget-20.rank-accept_first.cut-entropy4.0.samples20.maxnew1024.seed10086.subtreePrefetch.vllm.log,79,8,39,0.14331725272088677
/Users/jiangnanhugo/workspace/power-sharpening/Subtree-Prefetching-Power-Sharpening/case_studies/logs-entropycut/mbpp/2026-09-21/vllm/dataset-mbpp.model-qwen3.5-9b.alpha4.0.steps100.blocks-1.prefetch-budget-20.rank-accept_first.cut-entropy4.0.samples20.maxnew1024.seed10086.subtreePrefetch.vllm.log,79,9,7,0.03760207381975237
/Users/jiangnanhugo/workspace/power-sharpening/Subtree-Prefetching-Power-Sharpening/case_studies/logs-entropycut/mbpp/2026-09-21/vllm/dataset-mbpp.model-qwen3.5-9b.alpha4.0.steps100.blocks-1.prefetch-budget-20.rank-accept_first.cut-entropy4.0.samples20.maxnew1024.seed10086.subtreePrefetch.vllm.log,79,10,205,0.2993996253297177
/Users/jiangnanhugo/workspace/power-sharpening/Subtree-Prefetching-Power-Sharpening/case_studies/logs-entropycut/mbpp/2026-09-21/vllm/dataset-mbpp.model-qwen3.5-9b.alpha4.0.steps100.blocks-1.prefetch-budget-20.rank-accept_first.cut-entropy4.0.samples20.maxnew1024.seed10086.subtreePrefetch.vllm.log,79,11,39,0.14331725272088677
/Users/jiangnanhugo/workspace/power-sharpening/Subtree-Prefetching-Power-Sharpening/case_studies/logs-entropycut/mbpp/2026-09-21/vllm/dataset-mbpp.model-qwen3.5-9b.alpha4.0.steps100.blocks-1.prefetch-budget-20.rank-accept_first.cut-entropy4.0.samples20.maxnew1024.seed10086.subtreePrefetch.vllm.log,79,12,7,0.03760207381975237
/Users/jiangnanhugo/workspace/power-sharpening/Subtree-Prefetching-Power-Sharpening/case_studies/logs-entropycut/mbpp/2026-09-21/vllm/dataset-mbpp.model-qwen3.5-9b.alpha4.0.steps100.blocks-1.prefetch-budget-20.rank-accept_first.cut-entropy4.0.samples20.maxnew1024.seed10086.subtreePrefetch.vllm.log,79,13,111,0.29938852455334647
/Users/jiangnanhugo/workspace/power-sharpening/Subtree-Prefetching-Power-Sharpening/case_studies/logs-entropycut/mbpp/2026-09-21/vllm/dataset-mbpp.model-qwen3.5-9b.alpha4.0.steps100.blocks-1.prefetch-budget-20.rank-accept_first.cut-entropy4.0.samples20.maxnew1024.seed10086.subtreePrefetch.vllm.log,79,14,111,0.29938852455334647
/Users/jiangnanhugo/workspace/power-sharpening/Subtree-Prefetching-Power-Sharpening/case_studies/logs-entropycut/mbpp/2026-09-21/vllm/dataset-mbpp.model-qwen3.5-9b.alpha4.0.steps100.blocks-1.prefetch-budget-20.rank-accept_first.cut-entropy4.0.samples20.maxnew1024.seed10086.subtreePrefetch.vllm.log,79,15,205,0.2993996253297177
/Users/jiangnanhugo/workspace/power-sharpening/Subtree-Prefetching-Power-Sharpening/case_studies/logs-entropycut/mbpp/2026-09-21/vllm/dataset-mbpp.model-qwen3.5-9b.alpha4.0.steps100.blocks-1.prefetch-budget-20.rank-accept_first.cut-entropy4.0.samples20.maxnew1024.seed10086.subtreePrefetch.vllm.log,79,16,39,0.14331725272088677
/Users/jiangnanhugo/workspace/power-sharpening/Subtree-Prefetching-Power-Sharpening/case_studies/logs-entropycut/mbpp/2026-09-21/vllm/dataset-mbpp.model-qwen3.5-9b.alpha4.0.steps100.blocks-1.prefetch-budget-20.rank-accept_first.cut-entropy4.0.samples20.maxnew1024.seed10086.subtreePrefetch.vllm.log,79,17,39,0.14331725272088677
/Users/jiangnanhugo/workspace/power-sharpening/Subtree-Prefetching-Power-Sharpening/case_studies/logs-entropycut/mbpp/2026-09-21/vllm/dataset-mbpp.model-qwen3.5-9b.alpha4.0.steps100.blocks-1.prefetch-budget-20.rank-accept_first.cut-entropy4.0.samples20.maxnew1024.seed10086.subtreePrefetch.vllm.log,79,18,39,0.14331725272088677
/Users/jiangnanhugo/workspace/power-sharpening/Subtree-Prefetching-Power-Sharpening/case_studies/logs-entropycut/mbpp/2026-09-21/vllm/dataset-mbpp.model-qwen3.5-9b.alpha4.0.steps100.blocks-1.prefetch-budget-20.rank-accept_first.cut-entropy4.0.samples20.maxnew1024.seed10086.subtreePrefetch.vllm.log,79,19,39,0.14331725272088677
/Users/jiangnanhugo/workspace/power-sharpening/Subtree-Prefetching-Power-Sharpening/case_studies/logs-entropycut/mbpp/2026-09-21/vllm/dataset-mbpp.model-qwen3.5-9b.alpha4.0.steps100.blocks-1.prefetch-budget-20.rank-accept_first.cut-entropy4.0.samples20.maxnew1024.seed10086.subtreePrefetch.vllm.log,80,0,7,0.03760207381975237
/Users/jiangnanhugo/workspace/power-sharpening/Subtree-Prefetching-Power-Sharpening/case_studies/logs-entropycut/mbpp/2026-09-21/vllm/dataset-mbpp.model-qwen3.5-9b.alpha4.0.steps100.blocks-1.prefetch-budget-20.rank-accept_first.cut-entropy4.0.samples20.maxnew1024.seed10086.subtreePrefetch.vllm.log,80,1,111,0.29938852455334647
/Users/jiangnanhugo/workspace/power-sharpening/Subtree-Prefetching-Power-Sharpening/case_studies/logs-entropycut/mbpp/2026-09-21/vllm/dataset-mbpp.model-qwen3.5-9b.alpha4.0.steps100.blocks-1.prefetch-budget-20.rank-accept_first.cut-entropy4.0.samples20.maxnew1024.seed10086.subtreePrefetch.vllm.log,80,2,39,0.14331725272088677
/Users/jiangnanhugo/workspace/power-sharpening/Subtree-Prefetching-Power-Sharpening/case_studies/logs-entropycut/mbpp/2026-09-21/vllm/dataset-mbpp.model-qwen3.5-9b.alpha4.0.steps100.blocks-1.prefetch-budget-20.rank-accept_first.cut-entropy4.0.samples20.maxnew1024.seed10086.subtreePrefetch.vllm.log,80,3,205,0.2993996253297177
/Users/jiangnanhugo/workspace/power-sharpening/Subtree-Prefetching-Power-Sharpening/case_studies/logs-entropycut/mbpp/2026-09-21/vllm/dataset-mbpp.model-qwen3.5-9b.alpha4.0.steps100.blocks-1.prefetch-budget-20.rank-accept_first.cut-entropy4.0.samples20.maxnew1024.seed10086.subtreePrefetch.vllm.log,80,4,7,0.03760207381975237
/Users/jiangnanhugo/workspace/power-sharpening/Subtree-Prefetching-Power-Sharpening/case_studies/logs-entropycut/mbpp/2026-09-21/vllm/dataset-mbpp.model-qwen3.5-9b.alpha4.0.steps100.blocks-1.prefetch-budget-20.rank-accept_first.cut-entropy4.0.samples20.maxnew1024.seed10086.subtreePrefetch.vllm.log,80,5,39,0.14331725272088677
/Users/jiangnanhugo/workspace/power-sharpening/Subtree-Prefetching-Power-Sharpening/case_studies/logs-entropycut/mbpp/2026-09-21/vllm/dataset-mbpp.model-qwen3.5-9b.alpha4.0.steps100.blocks-1.prefetch-budget-20.rank-accept_first.cut-entropy4.0.samples20.maxnew1024.seed10086.subtreePrefetch.vllm.log,80,6,205,0.2993996253297177
/Users/jiangnanhugo/workspace/power-sharpening/Subtree-Prefetching-Power-Sharpening/case_studies/logs-entropycut/mbpp/2026-09-21/vllm/dataset-mbpp.model-qwen3.5-9b.alpha4.0.steps100.blocks-1.prefetch-budget-20.rank-accept_first.cut-entropy4.0.samples20.maxnew1024.seed10086.subtreePrefetch.vllm.log,80,7,142,0.0201452138875078
/Users/jiangnanhugo/workspace/power-sharpening/Subtree-Prefetching-Power-Sharpening/case_studies/logs-entropycut/mbpp/2026-09-21/vllm/dataset-mbpp.model-qwen3.5-9b.alpha4.0.steps100.blocks-1.prefetch-budget-20.rank-accept_first.cut-entropy4.0.samples20.maxnew1024.seed10086.subtreePrefetch.vllm.log,80,8,7,0.03760207381975237
/Users/jiangnanhugo/workspace/power-sharpening/Subtree-Prefetching-Power-Sharpening/case_studies/logs-entropycut/mbpp/2026-09-21/vllm/dataset-mbpp.model-qwen3.5-9b.alpha4.0.steps100.blocks-1.prefetch-budget-20.rank-accept_first.cut-entropy4.0.samples20.maxnew1024.seed10086.subtreePrefetch.vllm.log,80,9,39,0.14331725272088677
/Users/jiangnanhugo/workspace/power-sharpening/Subtree-Prefetching-Power-Sharpening/case_studies/logs-entropycut/mbpp/2026-09-21/vllm/dataset-mbpp.model-qwen3.5-9b.alpha4.0.steps100.blocks-1.prefetch-budget-20.rank-accept_first.cut-entropy4.0.samples20.maxnew1024.seed10086.subtreePrefetch.vllm.log,80,10,39,0.14331725272088677
/Users/jiangnanhugo/workspace/power-sharpening/Subtree-Prefetching-Power-Sharpening/case_studies/logs-entropycut/mbpp/2026-09-21/vllm/dataset-mbpp.model-qwen3.5-9b.alpha4.0.steps100.blocks-1.prefetch-budget-20.rank-accept_first.cut-entropy4.0.samples20.maxnew1024.seed10086.subtreePrefetch.vllm.log,80,11,39,0.14331725272088677
/Users/jiangnanhugo/workspace/power-sharpening/Subtree-Prefetching-Power-Sharpening/case_studies/logs-entropycut/mbpp/2026-09-21/vllm/dataset-mbpp.model-qwen3.5-9b.alpha4.0.steps100.blocks-1.prefetch-budget-20.rank-accept_first.cut-entropy4.0.samples20.maxnew1024.seed10086.subtreePrefetch.vllm.log,80,12,111,0.29938852455334647
/Users/jiangnanhugo/workspace/power-sharpening/Subtree-Prefetching-Power-Sharpening/case_studies/logs-entropycut/mbpp/2026-09-21/vllm/dataset-mbpp.model-qwen3.5-9b.alpha4.0.steps100.blocks-1.prefetch-budget-20.rank-accept_first.cut-entropy4.0.samples20.maxnew1024.seed10086.subtreePrefetch.vllm.log,80,13,205,0.2993996253297177
/Users/jiangnanhugo/workspace/power-sharpening/Subtree-Prefetching-Power-Sharpening/case_studies/logs-entropycut/mbpp/2026-09-21/vllm/dataset-mbpp.model-qwen3.5-9b.alpha4.0.steps100.blocks-1.prefetch-budget-20.rank-accept_first.cut-entropy4.0.samples20.maxnew1024.seed10086.subtreePrefetch.vllm.log,80,14,111,0.29938852455334647
/Users/jiangnanhugo/workspace/power-sharpening/Subtree-Prefetching-Power-Sharpening/case_studies/logs-entropycut/mbpp/2026-09-21/vllm/dataset-mbpp.model-qwen3.5-9b.alpha4.0.steps100.blocks-1.prefetch-budget-20.rank-accept_first.cut-entropy4.0.samples20.maxnew1024.seed10086.subtreePrefetch.vllm.log,80,15,39,0.14331725272088677
/Users/jiangnanhugo/workspace/power-sharpening/Subtree-Prefetching-Power-Sharpening/case_studies/logs-entropycut/mbpp/2026-09-21/vllm/dataset-mbpp.model-qwen3.5-9b.alpha4.0.steps100.blocks-1.prefetch-budget-20.rank-accept_first.cut-entropy4.0.samples20.maxnew1024.seed10086.subtreePrefetch.vllm.log,80,16,111,0.29938852455334647
/Users/jiangnanhugo/workspace/power-sharpening/Subtree-Prefetching-Power-Sharpening/case_studies/logs-entropycut/mbpp/2026-09-21/vllm/dataset-mbpp.model-qwen3.5-9b.alpha4.0.steps100.blocks-1.prefetch-budget-20.rank-accept_first.cut-entropy4.0.samples20.maxnew1024.seed10086.subtreePrefetch.vllm.log,80,17,111,0.29938852455334647
/Users/jiangnanhugo/workspace/power-sharpening/Subtree-Prefetching-Power-Sharpening/case_studies/logs-entropycut/mbpp/2026-09-21/vllm/dataset-mbpp.model-qwen3.5-9b.alpha4.0.steps100.blocks-1.prefetch-budget-20.rank-accept_first.cut-entropy4.0.samples20.maxnew1024.seed10086.subtreePrefetch.vllm.log,80,18,205,0.2993996253297177
/Users/jiangnanhugo/workspace/power-sharpening/Subtree-Prefetching-Power-Sharpening/case_studies/logs-entropycut/mbpp/2026-09-21/vllm/dataset-mbpp.model-qwen3.5-9b.alpha4.0.steps100.blocks-1.prefetch-budget-20.rank-accept_first.cut-entropy4.0.samples20.maxnew1024.seed10086.subtreePrefetch.vllm.log,80,19,205,0.2993996253297177
/Users/jiangnanhugo/workspace/power-sharpening/Subtree-Prefetching-Power-Sharpening/case_studies/logs-entropycut/mbpp/2026-09-21/vllm/dataset-mbpp.model-qwen3.5-9b.alpha4.0.steps100.blocks-1.prefetch-budget-20.rank-accept_first.cut-entropy4.0.samples20.maxnew1024.seed10086.subtreePrefetch.vllm.log,81,0,39,0.14331725272088677
/Users/jiangnanhugo/workspace/power-sharpening/Subtree-Prefetching-Power-Sharpening/case_studies/logs-entropycut/mbpp/2026-09-21/vllm/dataset-mbpp.model-qwen3.5-9b.alpha4.0.steps100.blocks-1.prefetch-budget-20.rank-accept_first.cut-entropy4.0.samples20.maxnew1024.seed10086.subtreePrefetch.vllm.log,81,1,111,0.29938852455334647
/Users/jiangnanhugo/workspace/power-sharpening/Subtree-Prefetching-Power-Sharpening/case_studies/logs-entropycut/mbpp/2026-09-21/vllm/dataset-mbpp.model-qwen3.5-9b.alpha4.0.steps100.blocks-1.prefetch-budget-20.rank-accept_first.cut-entropy4.0.samples20.maxnew1024.seed10086.subtreePrefetch.vllm.log,81,2,111,0.29938852455334647
/Users/jiangnanhugo/workspace/power-sharpening/Subtree-Prefetching-Power-Sharpening/case_studies/logs-entropycut/mbpp/2026-09-21/vllm/dataset-mbpp.model-qwen3.5-9b.alpha4.0.steps100.blocks-1.prefetch-budget-20.rank-accept_first.cut-entropy4.0.samples20.maxnew1024.seed10086.subtreePrefetch.vllm.log,81,3,7,0.03760207381975237
/Users/jiangnanhugo/workspace/power-sharpening/Subtree-Prefetching-Power-Sharpening/case_studies/logs-entropycut/mbpp/2026-09-21/vllm/dataset-mbpp.model-qwen3.5-9b.alpha4.0.steps100.blocks-1.prefetch-budget-20.rank-accept_first.cut-entropy4.0.samples20.maxnew1024.seed10086.subtreePrefetch.vllm.log,81,4,111,0.29938852455334647
/Users/jiangnanhugo/workspace/power-sharpening/Subtree-Prefetching-Power-Sharpening/case_studies/logs-entropycut/mbpp/2026-09-21/vllm/dataset-mbpp.model-qwen3.5-9b.alpha4.0.steps100.blocks-1.prefetch-budget-20.rank-accept_first.cut-entropy4.0.samples20.maxnew1024.seed10086.subtreePrefetch.vllm.log,81,5,111,0.29938852455334647
/Users/jiangnanhugo/workspace/power-sharpening/Subtree-Prefetching-Power-Sharpening/case_studies/logs-entropycut/mbpp/2026-09-21/vllm/dataset-mbpp.model-qwen3.5-9b.alpha4.0.steps100.blocks-1.prefetch-budget-20.rank-accept_first.cut-entropy4.0.samples20.maxnew1024.seed10086.subtreePrefetch.vllm.log,81,6,111,0.29938852455334647
/Users/jiangnanhugo/workspace/power-sharpening/Subtree-Prefetching-Power-Sharpening/case_studies/logs-entropycut/mbpp/2026-09-21/vllm/dataset-mbpp.model-qwen3.5-9b.alpha4.0.steps100.blocks-1.prefetch-budget-20.rank-accept_first.cut-entropy4.0.samples20.maxnew1024.seed10086.subtreePrefetch.vllm.log,81,7,39,0.14331725272088677
/Users/jiangnanhugo/workspace/power-sharpening/Subtree-Prefetching-Power-Sharpening/case_studies/logs-entropycut/mbpp/2026-09-21/vllm/dataset-mbpp.model-qwen3.5-9b.alpha4.0.steps100.blocks-1.prefetch-budget-20.rank-accept_first.cut-entropy4.0.samples20.maxnew1024.seed10086.subtreePrefetch.vllm.log,81,8,38,0.006407651880277007
/Users/jiangnanhugo/workspace/power-sharpening/Subtree-Prefetching-Power-Sharpening/case_studies/logs-entropycut/mbpp/2026-09-21/vllm/dataset-mbpp.model-qwen3.5-9b.alpha4.0.steps100.blocks-1.prefetch-budget-20.rank-accept_first.cut-entropy4.0.samples20.maxnew1024.seed10086.subtreePrefetch.vllm.log,81,9,39,0.14331725272088677
/Users/jiangnanhugo/workspace/power-sharpening/Subtree-Prefetching-Power-Sharpening/case_studies/logs-entropycut/mbpp/2026-09-21/vllm/dataset-mbpp.model-qwen3.5-9b.alpha4.0.steps100.blocks-1.prefetch-budget-20.rank-accept_first.cut-entropy4.0.samples20.maxnew1024.seed10086.subtreePrefetch.vllm.log,81,10,111,0.29938852455334647
/Users/jiangnanhugo/workspace/power-sharpening/Subtree-Prefetching-Power-Sharpening/case_studies/logs-entropycut/mbpp/2026-09-21/vllm/dataset-mbpp.model-qwen3.5-9b.alpha4.0.steps100.blocks-1.prefetch-budget-20.rank-accept_first.cut-entropy4.0.samples20.maxnew1024.seed10086.subtreePrefetch.vllm.log,81,11,111,0.29938852455334647
/Users/jiangnanhugo/workspace/power-sharpening/Subtree-Prefetching-Power-Sharpening/case_studies/logs-entropycut/mbpp/2026-09-21/vllm/dataset-mbpp.model-qwen3.5-9b.alpha4.0.steps100.blocks-1.prefetch-budget-20.rank-accept_first.cut-entropy4.0.samples20.maxnew1024.seed10086.subtreePrefetch.vllm.log,81,12,39,0.14331725272088677
/Users/jiangnanhugo/workspace/power-sharpening/Subtree-Prefetching-Power-Sharpening/case_studies/logs-entropycut/mbpp/2026-09-21/vllm/dataset-mbpp.model-qwen3.5-9b.alpha4.0.steps100.blocks-1.prefetch-budget-20.rank-accept_first.cut-entropy4.0.samples20.maxnew1024.seed10086.subtreePrefetch.vllm.log,81,13,7,0.03760207381975237
/Users/jiangnanhugo/workspace/power-sharpening/Subtree-Prefetching-Power-Sharpening/case_studies/logs-entropycut/mbpp/2026-09-21/vllm/dataset-mbpp.model-qwen3.5-9b.alpha4.0.steps100.blocks-1.prefetch-budget-20.rank-accept_first.cut-entropy4.0.samples20.maxnew1024.seed10086.subtreePrefetch.vllm.log,81,14,111,0.29938852455334647
/Users/jiangnanhugo/workspace/power-sharpening/Subtree-Prefetching-Power-Sharpening/case_studies/logs-entropycut/mbpp/2026-09-21/vllm/dataset-mbpp.model-qwen3.5-9b.alpha4.0.steps100.blocks-1.prefetch-budget-20.rank-accept_first.cut-entropy4.0.samples20.maxnew1024.seed10086.subtreePrefetch.vllm.log,81,15,111,0.29938852455334647
/Users/jiangnanhugo/workspace/power-sharpening/Subtree-Prefetching-Power-Sharpening/case_studies/logs-entropycut/mbpp/2026-09-21/vllm/dataset-mbpp.model-qwen3.5-9b.alpha4.0.steps100.blocks-1.prefetch-budget-20.rank-accept_first.cut-entropy4.0.samples20.maxnew1024.seed10086.subtreePrefetch.vllm.log,81,16,111,0.29938852455334647
/Users/jiangnanhugo/workspace/power-sharpening/Subtree-Prefetching-Power-Sharpening/case_studies/logs-entropycut/mbpp/2026-09-21/vllm/dataset-mbpp.model-qwen3.5-9b.alpha4.0.steps100.blocks-1.prefetch-budget-20.rank-accept_first.cut-entropy4.0.samples20.maxnew1024.seed10086.subtreePrefetch.vllm.log,81,17,39,0.14331725272088677
/Users/jiangnanhugo/workspace/power-sharpening/Subtree-Prefetching-Power-Sharpening/case_studies/logs-entropycut/mbpp/2026-09-21/vllm/dataset-mbpp.model-qwen3.5-9b.alpha4.0.steps100.blocks-1.prefetch-budget-20.rank-accept_first.cut-entropy4.0.samples20.maxnew1024.seed10086.subtreePrefetch.vllm.log,81,18,39,0.14331725272088677
/Users/jiangnanhugo/workspace/power-sharpening/Subtree-Prefetching-Power-Sharpening/case_studies/logs-entropycut/mbpp/2026-09-21/vllm/dataset-mbpp.model-qwen3.5-9b.alpha4.0.steps100.blocks-1.prefetch-budget-20.rank-accept_first.cut-entropy4.0.samples20.maxnew1024.seed10086.subtreePrefetch.vllm.log,81,19,7,0.03760207381975237
/Users/jiangnanhugo/workspace/power-sharpening/Subtree-Prefetching-Power-Sharpening/case_studies/logs-entropycut/mbpp/2026-09-21/vllm/dataset-mbpp.model-qwen3.5-9b.alpha4.0.steps100.blocks-1.prefetch-budget-20.rank-accept_first.cut-entropy4.0.samples20.maxnew1024.seed10086.subtreePrefetch.vllm.log,82,0,205,0.2993996253297177
/Users/jiangnanhugo/workspace/power-sharpening/Subtree-Prefetching-Power-Sharpening/case_studies/logs-entropycut/mbpp/2026-09-21/vllm/dataset-mbpp.model-qwen3.5-9b.alpha4.0.steps100.blocks-1.prefetch-budget-20.rank-accept_first.cut-entropy4.0.samples20.maxnew1024.seed10086.subtreePrefetch.vllm.log,82,1,39,0.14331725272088677
/Users/jiangnanhugo/workspace/power-sharpening/Subtree-Prefetching-Power-Sharpening/case_studies/logs-entropycut/mbpp/2026-09-21/vllm/dataset-mbpp.model-qwen3.5-9b.alpha4.0.steps100.blocks-1.prefetch-budget-20.rank-accept_first.cut-entropy4.0.samples20.maxnew1024.seed10086.subtreePrefetch.vllm.log,82,2,7,0.03760207381975237
/Users/jiangnanhugo/workspace/power-sharpening/Subtree-Prefetching-Power-Sharpening/case_studies/logs-entropycut/mbpp/2026-09-21/vllm/dataset-mbpp.model-qwen3.5-9b.alpha4.0.steps100.blocks-1.prefetch-budget-20.rank-accept_first.cut-entropy4.0.samples20.maxnew1024.seed10086.subtreePrefetch.vllm.log,82,3,205,0.2993996253297177
/Users/jiangnanhugo/workspace/power-sharpening/Subtree-Prefetching-Power-Sharpening/case_studies/logs-entropycut/mbpp/2026-09-21/vllm/dataset-mbpp.model-qwen3.5-9b.alpha4.0.steps100.blocks-1.prefetch-budget-20.rank-accept_first.cut-entropy4.0.samples20.maxnew1024.seed10086.subtreePrefetch.vllm.log,82,4,39,0.14331725272088677
/Users/jiangnanhugo/workspace/power-sharpening/Subtree-Prefetching-Power-Sharpening/case_studies/logs-entropycut/mbpp/2026-09-21/vllm/dataset-mbpp.model-qwen3.5-9b.alpha4.0.steps100.blocks-1.prefetch-budget-20.rank-accept_first.cut-entropy4.0.samples20.maxnew1024.seed10086.subtreePrefetch.vllm.log,82,5,7,0.03760207381975237
/Users/jiangnanhugo/workspace/power-sharpening/Subtree-Prefetching-Power-Sharpening/case_studies/logs-entropycut/mbpp/2026-09-21/vllm/dataset-mbpp.model-qwen3.5-9b.alpha4.0.steps100.blocks-1.prefetch-budget-20.rank-accept_first.cut-entropy4.0.samples20.maxnew1024.seed10086.subtreePrefetch.vllm.log,82,6,111,0.29938852455334647
/Users/jiangnanhugo/workspace/power-sharpening/Subtree-Prefetching-Power-Sharpening/case_studies/logs-entropycut/mbpp/2026-09-21/vllm/dataset-mbpp.model-qwen3.5-9b.alpha4.0.steps100.blocks-1.prefetch-budget-20.rank-accept_first.cut-entropy4.0.samples20.maxnew1024.seed10086.subtreePrefetch.vllm.log,82,7,111,0.29938852455334647
/Users/jiangnanhugo/workspace/power-sharpening/Subtree-Prefetching-Power-Sharpening/case_studies/logs-entropycut/mbpp/2026-09-21/vllm/dataset-mbpp.model-qwen3.5-9b.alpha4.0.steps100.blocks-1.prefetch-budget-20.rank-accept_first.cut-entropy4.0.samples20.maxnew1024.seed10086.subtreePrefetch.vllm.log,82,8,111,0.29938852455334647
/Users/jiangnanhugo/workspace/power-sharpening/Subtree-Prefetching-Power-Sharpening/case_studies/logs-entropycut/mbpp/2026-09-21/vllm/dataset-mbpp.model-qwen3.5-9b.alpha4.0.steps100.blocks-1.prefetch-budget-20.rank-accept_first.cut-entropy4.0.samples20.maxnew1024.seed10086.subtreePrefetch.vllm.log,82,9,39,0.14331725272088677
/Users/jiangnanhugo/workspace/power-sharpening/Subtree-Prefetching-Power-Sharpening/case_studies/logs-entropycut/mbpp/2026-09-21/vllm/dataset-mbpp.model-qwen3.5-9b.alpha4.0.steps100.blocks-1.prefetch-budget-20.rank-accept_first.cut-entropy4.0.samples20.maxnew1024.seed10086.subtreePrefetch.vllm.log,82,10,111,0.29938852455334647
/Users/jiangnanhugo/workspace/power-sharpening/Subtree-Prefetching-Power-Sharpening/case_studies/logs-entropycut/mbpp/2026-09-21/vllm/dataset-mbpp.model-qwen3.5-9b.alpha4.0.steps100.blocks-1.prefetch-budget-20.rank-accept_first.cut-entropy4.0.samples20.maxnew1024.seed10086.subtreePrefetch.vllm.log,82,11,39,0.14331725272088677
/Users/jiangnanhugo/workspace/power-sharpening/Subtree-Prefetching-Power-Sharpening/case_studies/logs-entropycut/mbpp/2026-09-21/vllm/dataset-mbpp.model-qwen3.5-9b.alpha4.0.steps100.blocks-1.prefetch-budget-20.rank-accept_first.cut-entropy4.0.samples20.maxnew1024.seed10086.subtreePrefetch.vllm.log,82,12,39,0.14331725272088677
/Users/jiangnanhugo/workspace/power-sharpening/Subtree-Prefetching-Power-Sharpening/case_studies/logs-entropycut/mbpp/2026-09-21/vllm/dataset-mbpp.model-qwen3.5-9b.alpha4.0.steps100.blocks-1.prefetch-budget-20.rank-accept_first.cut-entropy4.0.samples20.maxnew1024.seed10086.subtreePrefetch.vllm.log,82,13,111,0.29938852455334647
/Users/jiangnanhugo/workspace/power-sharpening/Subtree-Prefetching-Power-Sharpening/case_studies/logs-entropycut/mbpp/2026-09-21/vllm/dataset-mbpp.model-qwen3.5-9b.alpha4.0.steps100.blocks-1.prefetch-budget-20.rank-accept_first.cut-entropy4.0.samples20.maxnew1024.seed10086.subtreePrefetch.vllm.log,82,14,137,0.013241652805655313
/Users/jiangnanhugo/workspace/power-sharpening/Subtree-Prefetching-Power-Sharpening/case_studies/logs-entropycut/mbpp/2026-09-21/vllm/dataset-mbpp.model-qwen3.5-9b.alpha4.0.steps100.blocks-1.prefetch-budget-20.rank-accept_first.cut-entropy4.0.samples20.maxnew1024.seed10086.subtreePrefetch.vllm.log,82,15,205,0.2993996253297177
/Users/jiangnanhugo/workspace/power-sharpening/Subtree-Prefetching-Power-Sharpening/case_studies/logs-entropycut/mbpp/2026-09-21/vllm/dataset-mbpp.model-qwen3.5-9b.alpha4.0.steps100.blocks-1.prefetch-budget-20.rank-accept_first.cut-entropy4.0.samples20.maxnew1024.seed10086.subtreePrefetch.vllm.log,82,16,39,0.14331725272088677
/Users/jiangnanhugo/workspace/power-sharpening/Subtree-Prefetching-Power-Sharpening/case_studies/logs-entropycut/mbpp/2026-09-21/vllm/dataset-mbpp.model-qwen3.5-9b.alpha4.0.steps100.blocks-1.prefetch-budget-20.rank-accept_first.cut-entropy4.0.samples20.maxnew1024.seed10086.subtreePrefetch.vllm.log,82,17,111,0.29938852455334647
/Users/jiangnanhugo/workspace/power-sharpening/Subtree-Prefetching-Power-Sharpening/case_studies/logs-entropycut/mbpp/2026-09-21/vllm/dataset-mbpp.model-qwen3.5-9b.alpha4.0.steps100.blocks-1.prefetch-budget-20.rank-accept_first.cut-entropy4.0.samples20.maxnew1024.seed10086.subtreePrefetch.vllm.log,82,18,7,0.03760207381975237
/Users/jiangnanhugo/workspace/power-sharpening/Subtree-Prefetching-Power-Sharpening/case_studies/logs-entropycut/mbpp/2026-09-21/vllm/dataset-mbpp.model-qwen3.5-9b.alpha4.0.steps100.blocks-1.prefetch-budget-20.rank-accept_first.cut-entropy4.0.samples20.maxnew1024.seed10086.subtreePrefetch.vllm.log,82,19,39,0.14331725272088677
/Users/jiangnanhugo/workspace/power-sharpening/Subtree-Prefetching-Power-Sharpening/case_studies/logs-entropycut/mbpp/2026-09-21/vllm/dataset-mbpp.model-qwen3.5-9b.alpha4.0.steps100.blocks-1.prefetch-budget-20.rank-accept_first.cut-entropy4.0.samples20.maxnew1024.seed10086.subtreePrefetch.vllm.log,83,0,39,0.14331725272088677
/Users/jiangnanhugo/workspace/power-sharpening/Subtree-Prefetching-Power-Sharpening/case_studies/logs-entropycut/mbpp/2026-09-21/vllm/dataset-mbpp.model-qwen3.5-9b.alpha4.0.steps100.blocks-1.prefetch-budget-20.rank-accept_first.cut-entropy4.0.samples20.maxnew1024.seed10086.subtreePrefetch.vllm.log,83,1,205,0.2993996253297177
/Users/jiangnanhugo/workspace/power-sharpening/Subtree-Prefetching-Power-Sharpening/case_studies/logs-entropycut/mbpp/2026-09-21/vllm/dataset-mbpp.model-qwen3.5-9b.alpha4.0.steps100.blocks-1.prefetch-budget-20.rank-accept_first.cut-entropy4.0.samples20.maxnew1024.seed10086.subtreePrefetch.vllm.log,83,2,111,0.29938852455334647
/Users/jiangnanhugo/workspace/power-sharpening/Subtree-Prefetching-Power-Sharpening/case_studies/logs-entropycut/mbpp/2026-09-21/vllm/dataset-mbpp.model-qwen3.5-9b.alpha4.0.steps100.blocks-1.prefetch-budget-20.rank-accept_first.cut-entropy4.0.samples20.maxnew1024.seed10086.subtreePrefetch.vllm.log,83,3,111,0.29938852455334647
/Users/jiangnanhugo/workspace/power-sharpening/Subtree-Prefetching-Power-Sharpening/case_studies/logs-entropycut/mbpp/2026-09-21/vllm/dataset-mbpp.model-qwen3.5-9b.alpha4.0.steps100.blocks-1.prefetch-budget-20.rank-accept_first.cut-entropy4.0.samples20.maxnew1024.seed10086.subtreePrefetch.vllm.log,83,4,39,0.14331725272088677
/Users/jiangnanhugo/workspace/power-sharpening/Subtree-Prefetching-Power-Sharpening/case_studies/logs-entropycut/mbpp/2026-09-21/vllm/dataset-mbpp.model-qwen3.5-9b.alpha4.0.steps100.blocks-1.prefetch-budget-20.rank-accept_first.cut-entropy4.0.samples20.maxnew1024.seed10086.subtreePrefetch.vllm.log,83,5,205,0.2993996253297177
/Users/jiangnanhugo/workspace/power-sharpening/Subtree-Prefetching-Power-Sharpening/case_studies/logs-entropycut/mbpp/2026-09-21/vllm/dataset-mbpp.model-qwen3.5-9b.alpha4.0.steps100.blocks-1.prefetch-budget-20.rank-accept_first.cut-entropy4.0.samples20.maxnew1024.seed10086.subtreePrefetch.vllm.log,83,6,205,0.2993996253297177
/Users/jiangnanhugo/workspace/power-sharpening/Subtree-Prefetching-Power-Sharpening/case_studies/logs-entropycut/mbpp/2026-09-21/vllm/dataset-mbpp.model-qwen3.5-9b.alpha4.0.steps100.blocks-1.prefetch-budget-20.rank-accept_first.cut-entropy4.0.samples20.maxnew1024.seed10086.subtreePrefetch.vllm.log,83,7,11,0.0019574688490109748
/Users/jiangnanhugo/workspace/power-sharpening/Subtree-Prefetching-Power-Sharpening/case_studies/logs-entropycut/mbpp/2026-09-21/vllm/dataset-mbpp.model-qwen3.5-9b.alpha4.0.steps100.blocks-1.prefetch-budget-20.rank-accept_first.cut-entropy4.0.samples20.maxnew1024.seed10086.subtreePrefetch.vllm.log,83,8,111,0.29938852455334647
/Users/jiangnanhugo/workspace/power-sharpening/Subtree-Prefetching-Power-Sharpening/case_studies/logs-entropycut/mbpp/2026-09-21/vllm/dataset-mbpp.model-qwen3.5-9b.alpha4.0.steps100.blocks-1.prefetch-budget-20.rank-accept_first.cut-entropy4.0.samples20.maxnew1024.seed10086.subtreePrefetch.vllm.log,83,9,39,0.14331725272088677
/Users/jiangnanhugo/workspace/power-sharpening/Subtree-Prefetching-Power-Sharpening/case_studies/logs-entropycut/mbpp/2026-09-21/vllm/dataset-mbpp.model-qwen3.5-9b.alpha4.0.steps100.blocks-1.prefetch-budget-20.rank-accept_first.cut-entropy4.0.samples20.maxnew1024.seed10086.subtreePrefetch.vllm.log,83,10,39,0.14331725272088677
/Users/jiangnanhugo/workspace/power-sharpening/Subtree-Prefetching-Power-Sharpening/case_studies/logs-entropycut/mbpp/2026-09-21/vllm/dataset-mbpp.model-qwen3.5-9b.alpha4.0.steps100.blocks-1.prefetch-budget-20.rank-accept_first.cut-entropy4.0.samples20.maxnew1024.seed10086.subtreePrefetch.vllm.log,83,11,39,0.14331725272088677
/Users/jiangnanhugo/workspace/power-sharpening/Subtree-Prefetching-Power-Sharpening/case_studies/logs-entropycut/mbpp/2026-09-21/vllm/dataset-mbpp.model-qwen3.5-9b.alpha4.0.steps100.blocks-1.prefetch-budget-20.rank-accept_first.cut-entropy4.0.samples20.maxnew1024.seed10086.subtreePrefetch.vllm.log,83,12,39,0.14331725272088677
/Users/jiangnanhugo/workspace/power-sharpening/Subtree-Prefetching-Power-Sharpening/case_studies/logs-entropycut/mbpp/2026-09-21/vllm/dataset-mbpp.model-qwen3.5-9b.alpha4.0.steps100.blocks-1.prefetch-budget-20.rank-accept_first.cut-entropy4.0.samples20.maxnew1024.seed10086.subtreePrefetch.vllm.log,83,13,38,0.006407651880277007
/Users/jiangnanhugo/workspace/power-sharpening/Subtree-Prefetching-Power-Sharpening/case_studies/logs-entropycut/mbpp/2026-09-21/vllm/dataset-mbpp.model-qwen3.5-9b.alpha4.0.steps100.blocks-1.prefetch-budget-20.rank-accept_first.cut-entropy4.0.samples20.maxnew1024.seed10086.subtreePrefetch.vllm.log,83,14,111,0.29938852455334647
/Users/jiangnanhugo/workspace/power-sharpening/Subtree-Prefetching-Power-Sharpening/case_studies/logs-entropycut/mbpp/2026-09-21/vllm/dataset-mbpp.model-qwen3.5-9b.alpha4.0.steps100.blocks-1.prefetch-budget-20.rank-accept_first.cut-entropy4.0.samples20.maxnew1024.seed10086.subtreePrefetch.vllm.log,83,15,171,0.007047997539339457
/Users/jiangnanhugo/workspace/power-sharpening/Subtree-Prefetching-Power-Sharpening/case_studies/logs-entropycut/mbpp/2026-09-21/vllm/dataset-mbpp.model-qwen3.5-9b.alpha4.0.steps100.blocks-1.prefetch-budget-20.rank-accept_first.cut-entropy4.0.samples20.maxnew1024.seed10086.subtreePrefetch.vllm.log,83,16,39,0.14331725272088677
/Users/jiangnanhugo/workspace/power-sharpening/Subtree-Prefetching-Power-Sharpening/case_studies/logs-entropycut/mbpp/2026-09-21/vllm/dataset-mbpp.model-qwen3.5-9b.alpha4.0.steps100.blocks-1.prefetch-budget-20.rank-accept_first.cut-entropy4.0.samples20.maxnew1024.seed10086.subtreePrefetch.vllm.log,83,17,38,0.006407651880277007
/Users/jiangnanhugo/workspace/power-sharpening/Subtree-Prefetching-Power-Sharpening/case_studies/logs-entropycut/mbpp/2026-09-21/vllm/dataset-mbpp.model-qwen3.5-9b.alpha4.0.steps100.blocks-1.prefetch-budget-20.rank-accept_first.cut-entropy4.0.samples20.maxnew1024.seed10086.subtreePrefetch.vllm.log,83,18,53,0.001427947632785806
/Users/jiangnanhugo/workspace/power-sharpening/Subtree-Prefetching-Power-Sharpening/case_studies/logs-entropycut/mbpp/2026-09-21/vllm/dataset-mbpp.model-qwen3.5-9b.alpha4.0.steps100.blocks-1.prefetch-budget-20.rank-accept_first.cut-entropy4.0.samples20.maxnew1024.seed10086.subtreePrefetch.vllm.log,83,19,39,0.14331725272088677
/Users/jiangnanhugo/workspace/power-sharpening/Subtree-Prefetching-Power-Sharpening/case_studies/logs-entropycut/mbpp/2026-09-21/vllm/dataset-mbpp.model-qwen3.5-9b.alpha4.0.steps100.blocks-1.prefetch-budget-20.rank-accept_first.cut-entropy4.0.samples20.maxnew1024.seed10086.subtreePrefetch.vllm.log,84,0,111,0.29938852455334647
/Users/jiangnanhugo/workspace/power-sharpening/Subtree-Prefetching-Power-Sharpening/case_studies/logs-entropycut/mbpp/2026-09-21/vllm/dataset-mbpp.model-qwen3.5-9b.alpha4.0.steps100.blocks-1.prefetch-budget-20.rank-accept_first.cut-entropy4.0.samples20.maxnew1024.seed10086.subtreePrefetch.vllm.log,84,1,39,0.14331725272088677
/Users/jiangnanhugo/workspace/power-sharpening/Subtree-Prefetching-Power-Sharpening/case_studies/logs-entropycut/mbpp/2026-09-21/vllm/dataset-mbpp.model-qwen3.5-9b.alpha4.0.steps100.blocks-1.prefetch-budget-20.rank-accept_first.cut-entropy4.0.samples20.maxnew1024.seed10086.subtreePrefetch.vllm.log,84,2,205,0.2993996253297177
/Users/jiangnanhugo/workspace/power-sharpening/Subtree-Prefetching-Power-Sharpening/case_studies/logs-entropycut/mbpp/2026-09-21/vllm/dataset-mbpp.model-qwen3.5-9b.alpha4.0.steps100.blocks-1.prefetch-budget-20.rank-accept_first.cut-entropy4.0.samples20.maxnew1024.seed10086.subtreePrefetch.vllm.log,84,3,111,0.29938852455334647
/Users/jiangnanhugo/workspace/power-sharpening/Subtree-Prefetching-Power-Sharpening/case_studies/logs-entropycut/mbpp/2026-09-21/vllm/dataset-mbpp.model-qwen3.5-9b.alpha4.0.steps100.blocks-1.prefetch-budget-20.rank-accept_first.cut-entropy4.0.samples20.maxnew1024.seed10086.subtreePrefetch.vllm.log,84,4,235,0.019923353365026458
/Users/jiangnanhugo/workspace/power-sharpening/Subtree-Prefetching-Power-Sharpening/case_studies/logs-entropycut/mbpp/2026-09-21/vllm/dataset-mbpp.model-qwen3.5-9b.alpha4.0.steps100.blocks-1.prefetch-budget-20.rank-accept_first.cut-entropy4.0.samples20.maxnew1024.seed10086.subtreePrefetch.vllm.log,84,5,38,0.006407651880277007
/Users/jiangnanhugo/workspace/power-sharpening/Subtree-Prefetching-Power-Sharpening/case_studies/logs-entropycut/mbpp/2026-09-21/vllm/dataset-mbpp.model-qwen3.5-9b.alpha4.0.steps100.blocks-1.prefetch-budget-20.rank-accept_first.cut-entropy4.0.samples20.maxnew1024.seed10086.subtreePrefetch.vllm.log,84,6,111,0.29938852455334647
/Users/jiangnanhugo/workspace/power-sharpening/Subtree-Prefetching-Power-Sharpening/case_studies/logs-entropycut/mbpp/2026-09-21/vllm/dataset-mbpp.model-qwen3.5-9b.alpha4.0.steps100.blocks-1.prefetch-budget-20.rank-accept_first.cut-entropy4.0.samples20.maxnew1024.seed10086.subtreePrefetch.vllm.log,84,7,111,0.29938852455334647
/Users/jiangnanhugo/workspace/power-sharpening/Subtree-Prefetching-Power-Sharpening/case_studies/logs-entropycut/mbpp/2026-09-21/vllm/dataset-mbpp.model-qwen3.5-9b.alpha4.0.steps100.blocks-1.prefetch-budget-20.rank-accept_first.cut-entropy4.0.samples20.maxnew1024.seed10086.subtreePrefetch.vllm.log,84,8,205,0.2993996253297177
/Users/jiangnanhugo/workspace/power-sharpening/Subtree-Prefetching-Power-Sharpening/case_studies/logs-entropycut/mbpp/2026-09-21/vllm/dataset-mbpp.model-qwen3.5-9b.alpha4.0.steps100.blocks-1.prefetch-budget-20.rank-accept_first.cut-entropy4.0.samples20.maxnew1024.seed10086.subtreePrefetch.vllm.log,84,9,111,0.29938852455334647
/Users/jiangnanhugo/workspace/power-sharpening/Subtree-Prefetching-Power-Sharpening/case_studies/logs-entropycut/mbpp/2026-09-21/vllm/dataset-mbpp.model-qwen3.5-9b.alpha4.0.steps100.blocks-1.prefetch-budget-20.rank-accept_first.cut-entropy4.0.samples20.maxnew1024.seed10086.subtreePrefetch.vllm.log,84,10,39,0.14331725272088677
/Users/jiangnanhugo/workspace/power-sharpening/Subtree-Prefetching-Power-Sharpening/case_studies/logs-entropycut/mbpp/2026-09-21/vllm/dataset-mbpp.model-qwen3.5-9b.alpha4.0.steps100.blocks-1.prefetch-budget-20.rank-accept_first.cut-entropy4.0.samples20.maxnew1024.seed10086.subtreePrefetch.vllm.log,84,11,111,0.29938852455334647
/Users/jiangnanhugo/workspace/power-sharpening/Subtree-Prefetching-Power-Sharpening/case_studies/logs-entropycut/mbpp/2026-09-21/vllm/dataset-mbpp.model-qwen3.5-9b.alpha4.0.steps100.blocks-1.prefetch-budget-20.rank-accept_first.cut-entropy4.0.samples20.maxnew1024.seed10086.subtreePrefetch.vllm.log,84,12,142,0.0201452138875078
/Users/jiangnanhugo/workspace/power-sharpening/Subtree-Prefetching-Power-Sharpening/case_studies/logs-entropycut/mbpp/2026-09-21/vllm/dataset-mbpp.model-qwen3.5-9b.alpha4.0.steps100.blocks-1.prefetch-budget-20.rank-accept_first.cut-entropy4.0.samples20.maxnew1024.seed10086.subtreePrefetch.vllm.log,84,13,111,0.29938852455334647
/Users/jiangnanhugo/workspace/power-sharpening/Subtree-Prefetching-Power-Sharpening/case_studies/logs-entropycut/mbpp/2026-09-21/vllm/dataset-mbpp.model-qwen3.5-9b.alpha4.0.steps100.blocks-1.prefetch-budget-20.rank-accept_first.cut-entropy4.0.samples20.maxnew1024.seed10086.subtreePrefetch.vllm.log,84,14,111,0.29938852455334647
/Users/jiangnanhugo/workspace/power-sharpening/Subtree-Prefetching-Power-Sharpening/case_studies/logs-entropycut/mbpp/2026-09-21/vllm/dataset-mbpp.model-qwen3.5-9b.alpha4.0.steps100.blocks-1.prefetch-budget-20.rank-accept_first.cut-entropy4.0.samples20.maxnew1024.seed10086.subtreePrefetch.vllm.log,84,15,39,0.14331725272088677
/Users/jiangnanhugo/workspace/power-sharpening/Subtree-Prefetching-Power-Sharpening/case_studies/logs-entropycut/mbpp/2026-09-21/vllm/dataset-mbpp.model-qwen3.5-9b.alpha4.0.steps100.blocks-1.prefetch-budget-20.rank-accept_first.cut-entropy4.0.samples20.maxnew1024.seed10086.subtreePrefetch.vllm.log,84,16,7,0.03760207381975237
/Users/jiangnanhugo/workspace/power-sharpening/Subtree-Prefetching-Power-Sharpening/case_studies/logs-entropycut/mbpp/2026-09-21/vllm/dataset-mbpp.model-qwen3.5-9b.alpha4.0.steps100.blocks-1.prefetch-budget-20.rank-accept_first.cut-entropy4.0.samples20.maxnew1024.seed10086.subtreePrefetch.vllm.log,84,17,205,0.2993996253297177
/Users/jiangnanhugo/workspace/power-sharpening/Subtree-Prefetching-Power-Sharpening/case_studies/logs-entropycut/mbpp/2026-09-21/vllm/dataset-mbpp.model-qwen3.5-9b.alpha4.0.steps100.blocks-1.prefetch-budget-20.rank-accept_first.cut-entropy4.0.samples20.maxnew1024.seed10086.subtreePrefetch.vllm.log,84,18,111,0.29938852455334647
/Users/jiangnanhugo/workspace/power-sharpening/Subtree-Prefetching-Power-Sharpening/case_studies/logs-entropycut/mbpp/2026-09-21/vllm/dataset-mbpp.model-qwen3.5-9b.alpha4.0.steps100.blocks-1.prefetch-budget-20.rank-accept_first.cut-entropy4.0.samples20.maxnew1024.seed10086.subtreePrefetch.vllm.log,84,19,111,0.29938852455334647
/Users/jiangnanhugo/workspace/power-sharpening/Subtree-Prefetching-Power-Sharpening/case_studies/logs-entropycut/mbpp/2026-09-21/vllm/dataset-mbpp.model-qwen3.5-9b.alpha4.0.steps100.blocks-1.prefetch-budget-20.rank-accept_first.cut-entropy4.0.samples20.maxnew1024.seed10086.subtreePrefetch.vllm.log,85,0,111,0.29938852455334647
/Users/jiangnanhugo/workspace/power-sharpening/Subtree-Prefetching-Power-Sharpening/case_studies/logs-entropycut/mbpp/2026-09-21/vllm/dataset-mbpp.model-qwen3.5-9b.alpha4.0.steps100.blocks-1.prefetch-budget-20.rank-accept_first.cut-entropy4.0.samples20.maxnew1024.seed10086.subtreePrefetch.vllm.log,85,1,111,0.29938852455334647
/Users/jiangnanhugo/workspace/power-sharpening/Subtree-Prefetching-Power-Sharpening/case_studies/logs-entropycut/mbpp/2026-09-21/vllm/dataset-mbpp.model-qwen3.5-9b.alpha4.0.steps100.blocks-1.prefetch-budget-20.rank-accept_first.cut-entropy4.0.samples20.maxnew1024.seed10086.subtreePrefetch.vllm.log,85,2,111,0.29938852455334647
/Users/jiangnanhugo/workspace/power-sharpening/Subtree-Prefetching-Power-Sharpening/case_studies/logs-entropycut/mbpp/2026-09-21/vllm/dataset-mbpp.model-qwen3.5-9b.alpha4.0.steps100.blocks-1.prefetch-budget-20.rank-accept_first.cut-entropy4.0.samples20.maxnew1024.seed10086.subtreePrefetch.vllm.log,85,3,39,0.14331725272088677
/Users/jiangnanhugo/workspace/power-sharpening/Subtree-Prefetching-Power-Sharpening/case_studies/logs-entropycut/mbpp/2026-09-21/vllm/dataset-mbpp.model-qwen3.5-9b.alpha4.0.steps100.blocks-1.prefetch-budget-20.rank-accept_first.cut-entropy4.0.samples20.maxnew1024.seed10086.subtreePrefetch.vllm.log,85,4,111,0.29938852455334647
/Users/jiangnanhugo/workspace/power-sharpening/Subtree-Prefetching-Power-Sharpening/case_studies/logs-entropycut/mbpp/2026-09-21/vllm/dataset-mbpp.model-qwen3.5-9b.alpha4.0.steps100.blocks-1.prefetch-budget-20.rank-accept_first.cut-entropy4.0.samples20.maxnew1024.seed10086.subtreePrefetch.vllm.log,85,5,111,0.29938852455334647
/Users/jiangnanhugo/workspace/power-sharpening/Subtree-Prefetching-Power-Sharpening/case_studies/logs-entropycut/mbpp/2026-09-21/vllm/dataset-mbpp.model-qwen3.5-9b.alpha4.0.steps100.blocks-1.prefetch-budget-20.rank-accept_first.cut-entropy4.0.samples20.maxnew1024.seed10086.subtreePrefetch.vllm.log,85,6,7,0.03760207381975237
/Users/jiangnanhugo/workspace/power-sharpening/Subtree-Prefetching-Power-Sharpening/case_studies/logs-entropycut/mbpp/2026-09-21/vllm/dataset-mbpp.model-qwen3.5-9b.alpha4.0.steps100.blocks-1.prefetch-budget-20.rank-accept_first.cut-entropy4.0.samples20.maxnew1024.seed10086.subtreePrefetch.vllm.log,85,7,111,0.29938852455334647
/Users/jiangnanhugo/workspace/power-sharpening/Subtree-Prefetching-Power-Sharpening/case_studies/logs-entropycut/mbpp/2026-09-21/vllm/dataset-mbpp.model-qwen3.5-9b.alpha4.0.steps100.blocks-1.prefetch-budget-20.rank-accept_first.cut-entropy4.0.samples20.maxnew1024.seed10086.subtreePrefetch.vllm.log,85,8,111,0.29938852455334647
/Users/jiangnanhugo/workspace/power-sharpening/Subtree-Prefetching-Power-Sharpening/case_studies/logs-entropycut/mbpp/2026-09-21/vllm/dataset-mbpp.model-qwen3.5-9b.alpha4.0.steps100.blocks-1.prefetch-budget-20.rank-accept_first.cut-entropy4.0.samples20.maxnew1024.seed10086.subtreePrefetch.vllm.log,85,9,111,0.29938852455334647
/Users/jiangnanhugo/workspace/power-sharpening/Subtree-Prefetching-Power-Sharpening/case_studies/logs-entropycut/mbpp/2026-09-21/vllm/dataset-mbpp.model-qwen3.5-9b.alpha4.0.steps100.blocks-1.prefetch-budget-20.rank-accept_first.cut-entropy4.0.samples20.maxnew1024.seed10086.subtreePrefetch.vllm.log,85,10,205,0.2993996253297177
/Users/jiangnanhugo/workspace/power-sharpening/Subtree-Prefetching-Power-Sharpening/case_studies/logs-entropycut/mbpp/2026-09-21/vllm/dataset-mbpp.model-qwen3.5-9b.alpha4.0.steps100.blocks-1.prefetch-budget-20.rank-accept_first.cut-entropy4.0.samples20.maxnew1024.seed10086.subtreePrefetch.vllm.log,85,11,39,0.14331725272088677
/Users/jiangnanhugo/workspace/power-sharpening/Subtree-Prefetching-Power-Sharpening/case_studies/logs-entropycut/mbpp/2026-09-21/vllm/dataset-mbpp.model-qwen3.5-9b.alpha4.0.steps100.blocks-1.prefetch-budget-20.rank-accept_first.cut-entropy4.0.samples20.maxnew1024.seed10086.subtreePrefetch.vllm.log,85,12,111,0.29938852455334647
/Users/jiangnanhugo/workspace/power-sharpening/Subtree-Prefetching-Power-Sharpening/case_studies/logs-entropycut/mbpp/2026-09-21/vllm/dataset-mbpp.model-qwen3.5-9b.alpha4.0.steps100.blocks-1.prefetch-budget-20.rank-accept_first.cut-entropy4.0.samples20.maxnew1024.seed10086.subtreePrefetch.vllm.log,85,13,205,0.2993996253297177
/Users/jiangnanhugo/workspace/power-sharpening/Subtree-Prefetching-Power-Sharpening/case_studies/logs-entropycut/mbpp/2026-09-21/vllm/dataset-mbpp.model-qwen3.5-9b.alpha4.0.steps100.blocks-1.prefetch-budget-20.rank-accept_first.cut-entropy4.0.samples20.maxnew1024.seed10086.subtreePrefetch.vllm.log,85,14,7,0.03760207381975237
/Users/jiangnanhugo/workspace/power-sharpening/Subtree-Prefetching-Power-Sharpening/case_studies/logs-entropycut/mbpp/2026-09-21/vllm/dataset-mbpp.model-qwen3.5-9b.alpha4.0.steps100.blocks-1.prefetch-budget-20.rank-accept_first.cut-entropy4.0.samples20.maxnew1024.seed10086.subtreePrefetch.vllm.log,85,15,39,0.14331725272088677
/Users/jiangnanhugo/workspace/power-sharpening/Subtree-Prefetching-Power-Sharpening/case_studies/logs-entropycut/mbpp/2026-09-21/vllm/dataset-mbpp.model-qwen3.5-9b.alpha4.0.steps100.blocks-1.prefetch-budget-20.rank-accept_first.cut-entropy4.0.samples20.maxnew1024.seed10086.subtreePrefetch.vllm.log,85,16,205,0.2993996253297177
/Users/jiangnanhugo/workspace/power-sharpening/Subtree-Prefetching-Power-Sharpening/case_studies/logs-entropycut/mbpp/2026-09-21/vllm/dataset-mbpp.model-qwen3.5-9b.alpha4.0.steps100.blocks-1.prefetch-budget-20.rank-accept_first.cut-entropy4.0.samples20.maxnew1024.seed10086.subtreePrefetch.vllm.log,85,17,111,0.29938852455334647
/Users/jiangnanhugo/workspace/power-sharpening/Subtree-Prefetching-Power-Sharpening/case_studies/logs-entropycut/mbpp/2026-09-21/vllm/dataset-mbpp.model-qwen3.5-9b.alpha4.0.steps100.blocks-1.prefetch-budget-20.rank-accept_first.cut-entropy4.0.samples20.maxnew1024.seed10086.subtreePrefetch.vllm.log,85,18,7,0.03760207381975237
/Users/jiangnanhugo/workspace/power-sharpening/Subtree-Prefetching-Power-Sharpening/case_studies/logs-entropycut/mbpp/2026-09-21/vllm/dataset-mbpp.model-qwen3.5-9b.alpha4.0.steps100.blocks-1.prefetch-budget-20.rank-accept_first.cut-entropy4.0.samples20.maxnew1024.seed10086.subtreePrefetch.vllm.log,85,19,7,0.03760207381975237
/Users/jiangnanhugo/workspace/power-sharpening/Subtree-Prefetching-Power-Sharpening/case_studies/logs-entropycut/mbpp/2026-09-21/vllm/dataset-mbpp.model-qwen3.5-9b.alpha4.0.steps100.blocks-1.prefetch-budget-20.rank-accept_first.cut-entropy4.0.samples20.maxnew1024.seed10086.subtreePrefetch.vllm.log,86,0,208,0.05519528697748759
/Users/jiangnanhugo/workspace/power-sharpening/Subtree-Prefetching-Power-Sharpening/case_studies/logs-entropycut/mbpp/2026-09-21/vllm/dataset-mbpp.model-qwen3.5-9b.alpha4.0.steps100.blocks-1.prefetch-budget-20.rank-accept_first.cut-entropy4.0.samples20.maxnew1024.seed10086.subtreePrefetch.vllm.log,86,1,205,0.2993996253297177
/Users/jiangnanhugo/workspace/power-sharpening/Subtree-Prefetching-Power-Sharpening/case_studies/logs-entropycut/mbpp/2026-09-21/vllm/dataset-mbpp.model-qwen3.5-9b.alpha4.0.steps100.blocks-1.prefetch-budget-20.rank-accept_first.cut-entropy4.0.samples20.maxnew1024.seed10086.subtreePrefetch.vllm.log,86,2,111,0.29938852455334647
/Users/jiangnanhugo/workspace/power-sharpening/Subtree-Prefetching-Power-Sharpening/case_studies/logs-entropycut/mbpp/2026-09-21/vllm/dataset-mbpp.model-qwen3.5-9b.alpha4.0.steps100.blocks-1.prefetch-budget-20.rank-accept_first.cut-entropy4.0.samples20.maxnew1024.seed10086.subtreePrefetch.vllm.log,86,3,39,0.14331725272088677
/Users/jiangnanhugo/workspace/power-sharpening/Subtree-Prefetching-Power-Sharpening/case_studies/logs-entropycut/mbpp/2026-09-21/vllm/dataset-mbpp.model-qwen3.5-9b.alpha4.0.steps100.blocks-1.prefetch-budget-20.rank-accept_first.cut-entropy4.0.samples20.maxnew1024.seed10086.subtreePrefetch.vllm.log,86,4,205,0.2993996253297177
/Users/jiangnanhugo/workspace/power-sharpening/Subtree-Prefetching-Power-Sharpening/case_studies/logs-entropycut/mbpp/2026-09-21/vllm/dataset-mbpp.model-qwen3.5-9b.alpha4.0.steps100.blocks-1.prefetch-budget-20.rank-accept_first.cut-entropy4.0.samples20.maxnew1024.seed10086.subtreePrefetch.vllm.log,86,5,208,0.05519528697748759
/Users/jiangnanhugo/workspace/power-sharpening/Subtree-Prefetching-Power-Sharpening/case_studies/logs-entropycut/mbpp/2026-09-21/vllm/dataset-mbpp.model-qwen3.5-9b.alpha4.0.steps100.blocks-1.prefetch-budget-20.rank-accept_first.cut-entropy4.0.samples20.maxnew1024.seed10086.subtreePrefetch.vllm.log,86,6,205,0.2993996253297177
/Users/jiangnanhugo/workspace/power-sharpening/Subtree-Prefetching-Power-Sharpening/case_studies/logs-entropycut/mbpp/2026-09-21/vllm/dataset-mbpp.model-qwen3.5-9b.alpha4.0.steps100.blocks-1.prefetch-budget-20.rank-accept_first.cut-entropy4.0.samples20.maxnew1024.seed10086.subtreePrefetch.vllm.log,86,7,205,0.2993996253297177
/Users/jiangnanhugo/workspace/power-sharpening/Subtree-Prefetching-Power-Sharpening/case_studies/logs-entropycut/mbpp/2026-09-21/vllm/dataset-mbpp.model-qwen3.5-9b.alpha4.0.steps100.blocks-1.prefetch-budget-20.rank-accept_first.cut-entropy4.0.samples20.maxnew1024.seed10086.subtreePrefetch.vllm.log,86,8,205,0.2993996253297177
/Users/jiangnanhugo/workspace/power-sharpening/Subtree-Prefetching-Power-Sharpening/case_studies/logs-entropycut/mbpp/2026-09-21/vllm/dataset-mbpp.model-qwen3.5-9b.alpha4.0.steps100.blocks-1.prefetch-budget-20.rank-accept_first.cut-entropy4.0.samples20.maxnew1024.seed10086.subtreePrefetch.vllm.log,86,9,111,0.29938852455334647
/Users/jiangnanhugo/workspace/power-sharpening/Subtree-Prefetching-Power-Sharpening/case_studies/logs-entropycut/mbpp/2026-09-21/vllm/dataset-mbpp.model-qwen3.5-9b.alpha4.0.steps100.blocks-1.prefetch-budget-20.rank-accept_first.cut-entropy4.0.samples20.maxnew1024.seed10086.subtreePrefetch.vllm.log,86,10,39,0.14331725272088677
/Users/jiangnanhugo/workspace/power-sharpening/Subtree-Prefetching-Power-Sharpening/case_studies/logs-entropycut/mbpp/2026-09-21/vllm/dataset-mbpp.model-qwen3.5-9b.alpha4.0.steps100.blocks-1.prefetch-budget-20.rank-accept_first.cut-entropy4.0.samples20.maxnew1024.seed10086.subtreePrefetch.vllm.log,86,11,38,0.006407651880277007
/Users/jiangnanhugo/workspace/power-sharpening/Subtree-Prefetching-Power-Sharpening/case_studies/logs-entropycut/mbpp/2026-09-21/vllm/dataset-mbpp.model-qwen3.5-9b.alpha4.0.steps100.blocks-1.prefetch-budget-20.rank-accept_first.cut-entropy4.0.samples20.maxnew1024.seed10086.subtreePrefetch.vllm.log,86,12,208,0.05519528697748759
/Users/jiangnanhugo/workspace/power-sharpening/Subtree-Prefetching-Power-Sharpening/case_studies/logs-entropycut/mbpp/2026-09-21/vllm/dataset-mbpp.model-qwen3.5-9b.alpha4.0.steps100.blocks-1.prefetch-budget-20.rank-accept_first.cut-entropy4.0.samples20.maxnew1024.seed10086.subtreePrefetch.vllm.log,86,13,205,0.2993996253297177
/Users/jiangnanhugo/workspace/power-sharpening/Subtree-Prefetching-Power-Sharpening/case_studies/logs-entropycut/mbpp/2026-09-21/vllm/dataset-mbpp.model-qwen3.5-9b.alpha4.0.steps100.blocks-1.prefetch-budget-20.rank-accept_first.cut-entropy4.0.samples20.maxnew1024.seed10086.subtreePrefetch.vllm.log,86,14,39,0.14331725272088677
/Users/jiangnanhugo/workspace/power-sharpening/Subtree-Prefetching-Power-Sharpening/case_studies/logs-entropycut/mbpp/2026-09-21/vllm/dataset-mbpp.model-qwen3.5-9b.alpha4.0.steps100.blocks-1.prefetch-budget-20.rank-accept_first.cut-entropy4.0.samples20.maxnew1024.seed10086.subtreePrefetch.vllm.log,86,15,39,0.14331725272088677
/Users/jiangnanhugo/workspace/power-sharpening/Subtree-Prefetching-Power-Sharpening/case_studies/logs-entropycut/mbpp/2026-09-21/vllm/dataset-mbpp.model-qwen3.5-9b.alpha4.0.steps100.blocks-1.prefetch-budget-20.rank-accept_first.cut-entropy4.0.samples20.maxnew1024.seed10086.subtreePrefetch.vllm.log,86,16,205,0.2993996253297177
/Users/jiangnanhugo/workspace/power-sharpening/Subtree-Prefetching-Power-Sharpening/case_studies/logs-entropycut/mbpp/2026-09-21/vllm/dataset-mbpp.model-qwen3.5-9b.alpha4.0.steps100.blocks-1.prefetch-budget-20.rank-accept_first.cut-entropy4.0.samples20.maxnew1024.seed10086.subtreePrefetch.vllm.log,86,17,205,0.2993996253297177
/Users/jiangnanhugo/workspace/power-sharpening/Subtree-Prefetching-Power-Sharpening/case_studies/logs-entropycut/mbpp/2026-09-21/vllm/dataset-mbpp.model-qwen3.5-9b.alpha4.0.steps100.blocks-1.prefetch-budget-20.rank-accept_first.cut-entropy4.0.samples20.maxnew1024.seed10086.subtreePrefetch.vllm.log,86,18,111,0.29938852455334647
/Users/jiangnanhugo/workspace/power-sharpening/Subtree-Prefetching-Power-Sharpening/case_studies/logs-entropycut/mbpp/2026-09-21/vllm/dataset-mbpp.model-qwen3.5-9b.alpha4.0.steps100.blocks-1.prefetch-budget-20.rank-accept_first.cut-entropy4.0.samples20.maxnew1024.seed10086.subtreePrefetch.vllm.log,86,19,205,0.2993996253297177
/Users/jiangnanhugo/workspace/power-sharpening/Subtree-Prefetching-Power-Sharpening/case_studies/logs-entropycut/mbpp/2026-09-21/vllm/dataset-mbpp.model-qwen3.5-9b.alpha4.0.steps100.blocks-1.prefetch-budget-20.rank-accept_first.cut-entropy4.0.samples20.maxnew1024.seed10086.subtreePrefetch.vllm.log,87,0,212,0.002249402630552747
/Users/jiangnanhugo/workspace/power-sharpening/Subtree-Prefetching-Power-Sharpening/case_studies/logs-entropycut/mbpp/2026-09-21/vllm/dataset-mbpp.model-qwen3.5-9b.alpha4.0.steps100.blocks-1.prefetch-budget-20.rank-accept_first.cut-entropy4.0.samples20.maxnew1024.seed10086.subtreePrefetch.vllm.log,87,1,205,0.2993996253297177
/Users/jiangnanhugo/workspace/power-sharpening/Subtree-Prefetching-Power-Sharpening/case_studies/logs-entropycut/mbpp/2026-09-21/vllm/dataset-mbpp.model-qwen3.5-9b.alpha4.0.steps100.blocks-1.prefetch-budget-20.rank-accept_first.cut-entropy4.0.samples20.maxnew1024.seed10086.subtreePrefetch.vllm.log,87,2,205,0.2993996253297177
/Users/jiangnanhugo/workspace/power-sharpening/Subtree-Prefetching-Power-Sharpening/case_studies/logs-entropycut/mbpp/2026-09-21/vllm/dataset-mbpp.model-qwen3.5-9b.alpha4.0.steps100.blocks-1.prefetch-budget-20.rank-accept_first.cut-entropy4.0.samples20.maxnew1024.seed10086.subtreePrefetch.vllm.log,87,3,111,0.29938852455334647
/Users/jiangnanhugo/workspace/power-sharpening/Subtree-Prefetching-Power-Sharpening/case_studies/logs-entropycut/mbpp/2026-09-21/vllm/dataset-mbpp.model-qwen3.5-9b.alpha4.0.steps100.blocks-1.prefetch-budget-20.rank-accept_first.cut-entropy4.0.samples20.maxnew1024.seed10086.subtreePrefetch.vllm.log,87,4,39,0.14331725272088677
/Users/jiangnanhugo/workspace/power-sharpening/Subtree-Prefetching-Power-Sharpening/case_studies/logs-entropycut/mbpp/2026-09-21/vllm/dataset-mbpp.model-qwen3.5-9b.alpha4.0.steps100.blocks-1.prefetch-budget-20.rank-accept_first.cut-entropy4.0.samples20.maxnew1024.seed10086.subtreePrefetch.vllm.log,87,5,39,0.14331725272088677
/Users/jiangnanhugo/workspace/power-sharpening/Subtree-Prefetching-Power-Sharpening/case_studies/logs-entropycut/mbpp/2026-09-21/vllm/dataset-mbpp.model-qwen3.5-9b.alpha4.0.steps100.blocks-1.prefetch-budget-20.rank-accept_first.cut-entropy4.0.samples20.maxnew1024.seed10086.subtreePrefetch.vllm.log,87,6,205,0.2993996253297177
/Users/jiangnanhugo/workspace/power-sharpening/Subtree-Prefetching-Power-Sharpening/case_studies/logs-entropycut/mbpp/2026-09-21/vllm/dataset-mbpp.model-qwen3.5-9b.alpha4.0.steps100.blocks-1.prefetch-budget-20.rank-accept_first.cut-entropy4.0.samples20.maxnew1024.seed10086.subtreePrefetch.vllm.log,87,7,39,0.14331725272088677
/Users/jiangnanhugo/workspace/power-sharpening/Subtree-Prefetching-Power-Sharpening/case_studies/logs-entropycut/mbpp/2026-09-21/vllm/dataset-mbpp.model-qwen3.5-9b.alpha4.0.steps100.blocks-1.prefetch-budget-20.rank-accept_first.cut-entropy4.0.samples20.maxnew1024.seed10086.subtreePrefetch.vllm.log,87,8,39,0.14331725272088677
/Users/jiangnanhugo/workspace/power-sharpening/Subtree-Prefetching-Power-Sharpening/case_studies/logs-entropycut/mbpp/2026-09-21/vllm/dataset-mbpp.model-qwen3.5-9b.alpha4.0.steps100.blocks-1.prefetch-budget-20.rank-accept_first.cut-entropy4.0.samples20.maxnew1024.seed10086.subtreePrefetch.vllm.log,87,9,111,0.29938852455334647
/Users/jiangnanhugo/workspace/power-sharpening/Subtree-Prefetching-Power-Sharpening/case_studies/logs-entropycut/mbpp/2026-09-21/vllm/dataset-mbpp.model-qwen3.5-9b.alpha4.0.steps100.blocks-1.prefetch-budget-20.rank-accept_first.cut-entropy4.0.samples20.maxnew1024.seed10086.subtreePrefetch.vllm.log,87,10,49,0.0023960031721374352
/Users/jiangnanhugo/workspace/power-sharpening/Subtree-Prefetching-Power-Sharpening/case_studies/logs-entropycut/mbpp/2026-09-21/vllm/dataset-mbpp.model-qwen3.5-9b.alpha4.0.steps100.blocks-1.prefetch-budget-20.rank-accept_first.cut-entropy4.0.samples20.maxnew1024.seed10086.subtreePrefetch.vllm.log,87,11,7,0.03760207381975237
/Users/jiangnanhugo/workspace/power-sharpening/Subtree-Prefetching-Power-Sharpening/case_studies/logs-entropycut/mbpp/2026-09-21/vllm/dataset-mbpp.model-qwen3.5-9b.alpha4.0.steps100.blocks-1.prefetch-budget-20.rank-accept_first.cut-entropy4.0.samples20.maxnew1024.seed10086.subtreePrefetch.vllm.log,87,12,39,0.14331725272088677
/Users/jiangnanhugo/workspace/power-sharpening/Subtree-Prefetching-Power-Sharpening/case_studies/logs-entropycut/mbpp/2026-09-21/vllm/dataset-mbpp.model-qwen3.5-9b.alpha4.0.steps100.blocks-1.prefetch-budget-20.rank-accept_first.cut-entropy4.0.samples20.maxnew1024.seed10086.subtreePrefetch.vllm.log,87,13,49,0.0023960031721374352
/Users/jiangnanhugo/workspace/power-sharpening/Subtree-Prefetching-Power-Sharpening/case_studies/logs-entropycut/mbpp/2026-09-21/vllm/dataset-mbpp.model-qwen3.5-9b.alpha4.0.steps100.blocks-1.prefetch-budget-20.rank-accept_first.cut-entropy4.0.samples20.maxnew1024.seed10086.subtreePrefetch.vllm.log,87,14,39,0.14331725272088677
/Users/jiangnanhugo/workspace/power-sharpening/Subtree-Prefetching-Power-Sharpening/case_studies/logs-entropycut/mbpp/2026-09-21/vllm/dataset-mbpp.model-qwen3.5-9b.alpha4.0.steps100.blocks-1.prefetch-budget-20.rank-accept_first.cut-entropy4.0.samples20.maxnew1024.seed10086.subtreePrefetch.vllm.log,87,15,63,0.0037281830835604775
/Users/jiangnanhugo/workspace/power-sharpening/Subtree-Prefetching-Power-Sharpening/case_studies/logs-entropycut/mbpp/2026-09-21/vllm/dataset-mbpp.model-qwen3.5-9b.alpha4.0.steps100.blocks-1.prefetch-budget-20.rank-accept_first.cut-entropy4.0.samples20.maxnew1024.seed10086.subtreePrefetch.vllm.log,87,16,205,0.2993996253297177
/Users/jiangnanhugo/workspace/power-sharpening/Subtree-Prefetching-Power-Sharpening/case_studies/logs-entropycut/mbpp/2026-09-21/vllm/dataset-mbpp.model-qwen3.5-9b.alpha4.0.steps100.blocks-1.prefetch-budget-20.rank-accept_first.cut-entropy4.0.samples20.maxnew1024.seed10086.subtreePrefetch.vllm.log,87,17,39,0.14331725272088677
/Users/jiangnanhugo/workspace/power-sharpening/Subtree-Prefetching-Power-Sharpening/case_studies/logs-entropycut/mbpp/2026-09-21/vllm/dataset-mbpp.model-qwen3.5-9b.alpha4.0.steps100.blocks-1.prefetch-budget-20.rank-accept_first.cut-entropy4.0.samples20.maxnew1024.seed10086.subtreePrefetch.vllm.log,87,18,111,0.29938852455334647
/Users/jiangnanhugo/workspace/power-sharpening/Subtree-Prefetching-Power-Sharpening/case_studies/logs-entropycut/mbpp/2026-09-21/vllm/dataset-mbpp.model-qwen3.5-9b.alpha4.0.steps100.blocks-1.prefetch-budget-20.rank-accept_first.cut-entropy4.0.samples20.maxnew1024.seed10086.subtreePrefetch.vllm.log,87,19,7,0.03760207381975237
/Users/jiangnanhugo/workspace/power-sharpening/Subtree-Prefetching-Power-Sharpening/case_studies/logs-entropycut/mbpp/2026-09-21/vllm/dataset-mbpp.model-qwen3.5-9b.alpha4.0.steps100.blocks-1.prefetch-budget-20.rank-accept_first.cut-entropy4.0.samples20.maxnew1024.seed10086.subtreePrefetch.vllm.log,88,0,205,0.2993996253297177
/Users/jiangnanhugo/workspace/power-sharpening/Subtree-Prefetching-Power-Sharpening/case_studies/logs-entropycut/mbpp/2026-09-21/vllm/dataset-mbpp.model-qwen3.5-9b.alpha4.0.steps100.blocks-1.prefetch-budget-20.rank-accept_first.cut-entropy4.0.samples20.maxnew1024.seed10086.subtreePrefetch.vllm.log,88,1,205,0.2993996253297177
/Users/jiangnanhugo/workspace/power-sharpening/Subtree-Prefetching-Power-Sharpening/case_studies/logs-entropycut/mbpp/2026-09-21/vllm/dataset-mbpp.model-qwen3.5-9b.alpha4.0.steps100.blocks-1.prefetch-budget-20.rank-accept_first.cut-entropy4.0.samples20.maxnew1024.seed10086.subtreePrefetch.vllm.log,88,2,39,0.14331725272088677
/Users/jiangnanhugo/workspace/power-sharpening/Subtree-Prefetching-Power-Sharpening/case_studies/logs-entropycut/mbpp/2026-09-21/vllm/dataset-mbpp.model-qwen3.5-9b.alpha4.0.steps100.blocks-1.prefetch-budget-20.rank-accept_first.cut-entropy4.0.samples20.maxnew1024.seed10086.subtreePrefetch.vllm.log,88,3,205,0.2993996253297177
/Users/jiangnanhugo/workspace/power-sharpening/Subtree-Prefetching-Power-Sharpening/case_studies/logs-entropycut/mbpp/2026-09-21/vllm/dataset-mbpp.model-qwen3.5-9b.alpha4.0.steps100.blocks-1.prefetch-budget-20.rank-accept_first.cut-entropy4.0.samples20.maxnew1024.seed10086.subtreePrefetch.vllm.log,88,4,111,0.29938852455334647
/Users/jiangnanhugo/workspace/power-sharpening/Subtree-Prefetching-Power-Sharpening/case_studies/logs-entropycut/mbpp/2026-09-21/vllm/dataset-mbpp.model-qwen3.5-9b.alpha4.0.steps100.blocks-1.prefetch-budget-20.rank-accept_first.cut-entropy4.0.samples20.maxnew1024.seed10086.subtreePrefetch.vllm.log,88,5,111,0.29938852455334647
/Users/jiangnanhugo/workspace/power-sharpening/Subtree-Prefetching-Power-Sharpening/case_studies/logs-entropycut/mbpp/2026-09-21/vllm/dataset-mbpp.model-qwen3.5-9b.alpha4.0.steps100.blocks-1.prefetch-budget-20.rank-accept_first.cut-entropy4.0.samples20.maxnew1024.seed10086.subtreePrefetch.vllm.log,88,6,39,0.14331725272088677
/Users/jiangnanhugo/workspace/power-sharpening/Subtree-Prefetching-Power-Sharpening/case_studies/logs-entropycut/mbpp/2026-09-21/vllm/dataset-mbpp.model-qwen3.5-9b.alpha4.0.steps100.blocks-1.prefetch-budget-20.rank-accept_first.cut-entropy4.0.samples20.maxnew1024.seed10086.subtreePrefetch.vllm.log,88,7,205,0.2993996253297177
/Users/jiangnanhugo/workspace/power-sharpening/Subtree-Prefetching-Power-Sharpening/case_studies/logs-entropycut/mbpp/2026-09-21/vllm/dataset-mbpp.model-qwen3.5-9b.alpha4.0.steps100.blocks-1.prefetch-budget-20.rank-accept_first.cut-entropy4.0.samples20.maxnew1024.seed10086.subtreePrefetch.vllm.log,88,8,39,0.14331725272088677
/Users/jiangnanhugo/workspace/power-sharpening/Subtree-Prefetching-Power-Sharpening/case_studies/logs-entropycut/mbpp/2026-09-21/vllm/dataset-mbpp.model-qwen3.5-9b.alpha4.0.steps100.blocks-1.prefetch-budget-20.rank-accept_first.cut-entropy4.0.samples20.maxnew1024.seed10086.subtreePrefetch.vllm.log,88,9,7,0.03760207381975237
/Users/jiangnanhugo/workspace/power-sharpening/Subtree-Prefetching-Power-Sharpening/case_studies/logs-entropycut/mbpp/2026-09-21/vllm/dataset-mbpp.model-qwen3.5-9b.alpha4.0.steps100.blocks-1.prefetch-budget-20.rank-accept_first.cut-entropy4.0.samples20.maxnew1024.seed10086.subtreePrefetch.vllm.log,88,10,39,0.14331725272088677
/Users/jiangnanhugo/workspace/power-sharpening/Subtree-Prefetching-Power-Sharpening/case_studies/logs-entropycut/mbpp/2026-09-21/vllm/dataset-mbpp.model-qwen3.5-9b.alpha4.0.steps100.blocks-1.prefetch-budget-20.rank-accept_first.cut-entropy4.0.samples20.maxnew1024.seed10086.subtreePrefetch.vllm.log,88,11,205,0.2993996253297177
/Users/jiangnanhugo/workspace/power-sharpening/Subtree-Prefetching-Power-Sharpening/case_studies/logs-entropycut/mbpp/2026-09-21/vllm/dataset-mbpp.model-qwen3.5-9b.alpha4.0.steps100.blocks-1.prefetch-budget-20.rank-accept_first.cut-entropy4.0.samples20.maxnew1024.seed10086.subtreePrefetch.vllm.log,88,12,111,0.29938852455334647
/Users/jiangnanhugo/workspace/power-sharpening/Subtree-Prefetching-Power-Sharpening/case_studies/logs-entropycut/mbpp/2026-09-21/vllm/dataset-mbpp.model-qwen3.5-9b.alpha4.0.steps100.blocks-1.prefetch-budget-20.rank-accept_first.cut-entropy4.0.samples20.maxnew1024.seed10086.subtreePrefetch.vllm.log,88,13,111,0.29938852455334647
/Users/jiangnanhugo/workspace/power-sharpening/Subtree-Prefetching-Power-Sharpening/case_studies/logs-entropycut/mbpp/2026-09-21/vllm/dataset-mbpp.model-qwen3.5-9b.alpha4.0.steps100.blocks-1.prefetch-budget-20.rank-accept_first.cut-entropy4.0.samples20.maxnew1024.seed10086.subtreePrefetch.vllm.log,88,14,205,0.2993996253297177
/Users/jiangnanhugo/workspace/power-sharpening/Subtree-Prefetching-Power-Sharpening/case_studies/logs-entropycut/mbpp/2026-09-21/vllm/dataset-mbpp.model-qwen3.5-9b.alpha4.0.steps100.blocks-1.prefetch-budget-20.rank-accept_first.cut-entropy4.0.samples20.maxnew1024.seed10086.subtreePrefetch.vllm.log,88,15,39,0.14331725272088677
/Users/jiangnanhugo/workspace/power-sharpening/Subtree-Prefetching-Power-Sharpening/case_studies/logs-entropycut/mbpp/2026-09-21/vllm/dataset-mbpp.model-qwen3.5-9b.alpha4.0.steps100.blocks-1.prefetch-budget-20.rank-accept_first.cut-entropy4.0.samples20.maxnew1024.seed10086.subtreePrefetch.vllm.log,88,16,14,0.000950954324194264
/Users/jiangnanhugo/workspace/power-sharpening/Subtree-Prefetching-Power-Sharpening/case_studies/logs-entropycut/mbpp/2026-09-21/vllm/dataset-mbpp.model-qwen3.5-9b.alpha4.0.steps100.blocks-1.prefetch-budget-20.rank-accept_first.cut-entropy4.0.samples20.maxnew1024.seed10086.subtreePrefetch.vllm.log,88,17,38,0.006407651880277007
/Users/jiangnanhugo/workspace/power-sharpening/Subtree-Prefetching-Power-Sharpening/case_studies/logs-entropycut/mbpp/2026-09-21/vllm/dataset-mbpp.model-qwen3.5-9b.alpha4.0.steps100.blocks-1.prefetch-budget-20.rank-accept_first.cut-entropy4.0.samples20.maxnew1024.seed10086.subtreePrefetch.vllm.log,88,18,111,0.29938852455334647
/Users/jiangnanhugo/workspace/power-sharpening/Subtree-Prefetching-Power-Sharpening/case_studies/logs-entropycut/mbpp/2026-09-21/vllm/dataset-mbpp.model-qwen3.5-9b.alpha4.0.steps100.blocks-1.prefetch-budget-20.rank-accept_first.cut-entropy4.0.samples20.maxnew1024.seed10086.subtreePrefetch.vllm.log,88,19,111,0.29938852455334647
/Users/jiangnanhugo/workspace/power-sharpening/Subtree-Prefetching-Power-Sharpening/case_studies/logs-entropycut/mbpp/2026-09-21/vllm/dataset-mbpp.model-qwen3.5-9b.alpha4.0.steps100.blocks-1.prefetch-budget-20.rank-accept_first.cut-entropy4.0.samples20.maxnew1024.seed10086.subtreePrefetch.vllm.log,89,0,111,0.29938852455334647
/Users/jiangnanhugo/workspace/power-sharpening/Subtree-Prefetching-Power-Sharpening/case_studies/logs-entropycut/mbpp/2026-09-21/vllm/dataset-mbpp.model-qwen3.5-9b.alpha4.0.steps100.blocks-1.prefetch-budget-20.rank-accept_first.cut-entropy4.0.samples20.maxnew1024.seed10086.subtreePrefetch.vllm.log,89,1,205,0.2993996253297177
/Users/jiangnanhugo/workspace/power-sharpening/Subtree-Prefetching-Power-Sharpening/case_studies/logs-entropycut/mbpp/2026-09-21/vllm/dataset-mbpp.model-qwen3.5-9b.alpha4.0.steps100.blocks-1.prefetch-budget-20.rank-accept_first.cut-entropy4.0.samples20.maxnew1024.seed10086.subtreePrefetch.vllm.log,89,2,111,0.29938852455334647
/Users/jiangnanhugo/workspace/power-sharpening/Subtree-Prefetching-Power-Sharpening/case_studies/logs-entropycut/mbpp/2026-09-21/vllm/dataset-mbpp.model-qwen3.5-9b.alpha4.0.steps100.blocks-1.prefetch-budget-20.rank-accept_first.cut-entropy4.0.samples20.maxnew1024.seed10086.subtreePrefetch.vllm.log,89,3,111,0.29938852455334647
/Users/jiangnanhugo/workspace/power-sharpening/Subtree-Prefetching-Power-Sharpening/case_studies/logs-entropycut/mbpp/2026-09-21/vllm/dataset-mbpp.model-qwen3.5-9b.alpha4.0.steps100.blocks-1.prefetch-budget-20.rank-accept_first.cut-entropy4.0.samples20.maxnew1024.seed10086.subtreePrefetch.vllm.log,89,4,205,0.2993996253297177
/Users/jiangnanhugo/workspace/power-sharpening/Subtree-Prefetching-Power-Sharpening/case_studies/logs-entropycut/mbpp/2026-09-21/vllm/dataset-mbpp.model-qwen3.5-9b.alpha4.0.steps100.blocks-1.prefetch-budget-20.rank-accept_first.cut-entropy4.0.samples20.maxnew1024.seed10086.subtreePrefetch.vllm.log,89,5,111,0.29938852455334647
/Users/jiangnanhugo/workspace/power-sharpening/Subtree-Prefetching-Power-Sharpening/case_studies/logs-entropycut/mbpp/2026-09-21/vllm/dataset-mbpp.model-qwen3.5-9b.alpha4.0.steps100.blocks-1.prefetch-budget-20.rank-accept_first.cut-entropy4.0.samples20.maxnew1024.seed10086.subtreePrefetch.vllm.log,89,6,39,0.14331725272088677
/Users/jiangnanhugo/workspace/power-sharpening/Subtree-Prefetching-Power-Sharpening/case_studies/logs-entropycut/mbpp/2026-09-21/vllm/dataset-mbpp.model-qwen3.5-9b.alpha4.0.steps100.blocks-1.prefetch-budget-20.rank-accept_first.cut-entropy4.0.samples20.maxnew1024.seed10086.subtreePrefetch.vllm.log,89,7,111,0.29938852455334647
/Users/jiangnanhugo/workspace/power-sharpening/Subtree-Prefetching-Power-Sharpening/case_studies/logs-entropycut/mbpp/2026-09-21/vllm/dataset-mbpp.model-qwen3.5-9b.alpha4.0.steps100.blocks-1.prefetch-budget-20.rank-accept_first.cut-entropy4.0.samples20.maxnew1024.seed10086.subtreePrefetch.vllm.log,89,8,111,0.29938852455334647
/Users/jiangnanhugo/workspace/power-sharpening/Subtree-Prefetching-Power-Sharpening/case_studies/logs-entropycut/mbpp/2026-09-21/vllm/dataset-mbpp.model-qwen3.5-9b.alpha4.0.steps100.blocks-1.prefetch-budget-20.rank-accept_first.cut-entropy4.0.samples20.maxnew1024.seed10086.subtreePrefetch.vllm.log,89,9,111,0.29938852455334647
/Users/jiangnanhugo/workspace/power-sharpening/Subtree-Prefetching-Power-Sharpening/case_studies/logs-entropycut/mbpp/2026-09-21/vllm/dataset-mbpp.model-qwen3.5-9b.alpha4.0.steps100.blocks-1.prefetch-budget-20.rank-accept_first.cut-entropy4.0.samples20.maxnew1024.seed10086.subtreePrefetch.vllm.log,89,10,111,0.29938852455334647
/Users/jiangnanhugo/workspace/power-sharpening/Subtree-Prefetching-Power-Sharpening/case_studies/logs-entropycut/mbpp/2026-09-21/vllm/dataset-mbpp.model-qwen3.5-9b.alpha4.0.steps100.blocks-1.prefetch-budget-20.rank-accept_first.cut-entropy4.0.samples20.maxnew1024.seed10086.subtreePrefetch.vllm.log,89,11,39,0.14331725272088677
/Users/jiangnanhugo/workspace/power-sharpening/Subtree-Prefetching-Power-Sharpening/case_studies/logs-entropycut/mbpp/2026-09-21/vllm/dataset-mbpp.model-qwen3.5-9b.alpha4.0.steps100.blocks-1.prefetch-budget-20.rank-accept_first.cut-entropy4.0.samples20.maxnew1024.seed10086.subtreePrefetch.vllm.log,89,12,39,0.14331725272088677
/Users/jiangnanhugo/workspace/power-sharpening/Subtree-Prefetching-Power-Sharpening/case_studies/logs-entropycut/mbpp/2026-09-21/vllm/dataset-mbpp.model-qwen3.5-9b.alpha4.0.steps100.blocks-1.prefetch-budget-20.rank-accept_first.cut-entropy4.0.samples20.maxnew1024.seed10086.subtreePrefetch.vllm.log,89,13,11,0.0019574688490109748
/Users/jiangnanhugo/workspace/power-sharpening/Subtree-Prefetching-Power-Sharpening/case_studies/logs-entropycut/mbpp/2026-09-21/vllm/dataset-mbpp.model-qwen3.5-9b.alpha4.0.steps100.blocks-1.prefetch-budget-20.rank-accept_first.cut-entropy4.0.samples20.maxnew1024.seed10086.subtreePrefetch.vllm.log,89,14,39,0.14331725272088677
/Users/jiangnanhugo/workspace/power-sharpening/Subtree-Prefetching-Power-Sharpening/case_studies/logs-entropycut/mbpp/2026-09-21/vllm/dataset-mbpp.model-qwen3.5-9b.alpha4.0.steps100.blocks-1.prefetch-budget-20.rank-accept_first.cut-entropy4.0.samples20.maxnew1024.seed10086.subtreePrefetch.vllm.log,89,15,39,0.14331725272088677
/Users/jiangnanhugo/workspace/power-sharpening/Subtree-Prefetching-Power-Sharpening/case_studies/logs-entropycut/mbpp/2026-09-21/vllm/dataset-mbpp.model-qwen3.5-9b.alpha4.0.steps100.blocks-1.prefetch-budget-20.rank-accept_first.cut-entropy4.0.samples20.maxnew1024.seed10086.subtreePrefetch.vllm.log,89,16,39,0.14331725272088677
/Users/jiangnanhugo/workspace/power-sharpening/Subtree-Prefetching-Power-Sharpening/case_studies/logs-entropycut/mbpp/2026-09-21/vllm/dataset-mbpp.model-qwen3.5-9b.alpha4.0.steps100.blocks-1.prefetch-budget-20.rank-accept_first.cut-entropy4.0.samples20.maxnew1024.seed10086.subtreePrefetch.vllm.log,89,17,39,0.14331725272088677
/Users/jiangnanhugo/workspace/power-sharpening/Subtree-Prefetching-Power-Sharpening/case_studies/logs-entropycut/mbpp/2026-09-21/vllm/dataset-mbpp.model-qwen3.5-9b.alpha4.0.steps100.blocks-1.prefetch-budget-20.rank-accept_first.cut-entropy4.0.samples20.maxnew1024.seed10086.subtreePrefetch.vllm.log,89,18,39,0.14331725272088677
/Users/jiangnanhugo/workspace/power-sharpening/Subtree-Prefetching-Power-Sharpening/case_studies/logs-entropycut/mbpp/2026-09-21/vllm/dataset-mbpp.model-qwen3.5-9b.alpha4.0.steps100.blocks-1.prefetch-budget-20.rank-accept_first.cut-entropy4.0.samples20.maxnew1024.seed10086.subtreePrefetch.vllm.log,89,19,111,0.29938852455334647
/Users/jiangnanhugo/workspace/power-sharpening/Subtree-Prefetching-Power-Sharpening/case_studies/logs-entropycut/mbpp/2026-09-21/vllm/dataset-mbpp.model-qwen3.5-9b.alpha4.0.steps100.blocks-1.prefetch-budget-20.rank-accept_first.cut-entropy4.0.samples20.maxnew1024.seed10086.subtreePrefetch.vllm.log,90,0,208,0.05519528697748759
/Users/jiangnanhugo/workspace/power-sharpening/Subtree-Prefetching-Power-Sharpening/case_studies/logs-entropycut/mbpp/2026-09-21/vllm/dataset-mbpp.model-qwen3.5-9b.alpha4.0.steps100.blocks-1.prefetch-budget-20.rank-accept_first.cut-entropy4.0.samples20.maxnew1024.seed10086.subtreePrefetch.vllm.log,90,1,205,0.2993996253297177
/Users/jiangnanhugo/workspace/power-sharpening/Subtree-Prefetching-Power-Sharpening/case_studies/logs-entropycut/mbpp/2026-09-21/vllm/dataset-mbpp.model-qwen3.5-9b.alpha4.0.steps100.blocks-1.prefetch-budget-20.rank-accept_first.cut-entropy4.0.samples20.maxnew1024.seed10086.subtreePrefetch.vllm.log,90,2,205,0.2993996253297177
/Users/jiangnanhugo/workspace/power-sharpening/Subtree-Prefetching-Power-Sharpening/case_studies/logs-entropycut/mbpp/2026-09-21/vllm/dataset-mbpp.model-qwen3.5-9b.alpha4.0.steps100.blocks-1.prefetch-budget-20.rank-accept_first.cut-entropy4.0.samples20.maxnew1024.seed10086.subtreePrefetch.vllm.log,90,3,205,0.2993996253297177
/Users/jiangnanhugo/workspace/power-sharpening/Subtree-Prefetching-Power-Sharpening/case_studies/logs-entropycut/mbpp/2026-09-21/vllm/dataset-mbpp.model-qwen3.5-9b.alpha4.0.steps100.blocks-1.prefetch-budget-20.rank-accept_first.cut-entropy4.0.samples20.maxnew1024.seed10086.subtreePrefetch.vllm.log,90,4,111,0.29938852455334647
/Users/jiangnanhugo/workspace/power-sharpening/Subtree-Prefetching-Power-Sharpening/case_studies/logs-entropycut/mbpp/2026-09-21/vllm/dataset-mbpp.model-qwen3.5-9b.alpha4.0.steps100.blocks-1.prefetch-budget-20.rank-accept_first.cut-entropy4.0.samples20.maxnew1024.seed10086.subtreePrefetch.vllm.log,90,5,111,0.29938852455334647
/Users/jiangnanhugo/workspace/power-sharpening/Subtree-Prefetching-Power-Sharpening/case_studies/logs-entropycut/mbpp/2026-09-21/vllm/dataset-mbpp.model-qwen3.5-9b.alpha4.0.steps100.blocks-1.prefetch-budget-20.rank-accept_first.cut-entropy4.0.samples20.maxnew1024.seed10086.subtreePrefetch.vllm.log,90,6,39,0.14331725272088677
/Users/jiangnanhugo/workspace/power-sharpening/Subtree-Prefetching-Power-Sharpening/case_studies/logs-entropycut/mbpp/2026-09-21/vllm/dataset-mbpp.model-qwen3.5-9b.alpha4.0.steps100.blocks-1.prefetch-budget-20.rank-accept_first.cut-entropy4.0.samples20.maxnew1024.seed10086.subtreePrefetch.vllm.log,90,7,205,0.2993996253297177
/Users/jiangnanhugo/workspace/power-sharpening/Subtree-Prefetching-Power-Sharpening/case_studies/logs-entropycut/mbpp/2026-09-21/vllm/dataset-mbpp.model-qwen3.5-9b.alpha4.0.steps100.blocks-1.prefetch-budget-20.rank-accept_first.cut-entropy4.0.samples20.maxnew1024.seed10086.subtreePrefetch.vllm.log,90,8,205,0.2993996253297177
/Users/jiangnanhugo/workspace/power-sharpening/Subtree-Prefetching-Power-Sharpening/case_studies/logs-entropycut/mbpp/2026-09-21/vllm/dataset-mbpp.model-qwen3.5-9b.alpha4.0.steps100.blocks-1.prefetch-budget-20.rank-accept_first.cut-entropy4.0.samples20.maxnew1024.seed10086.subtreePrefetch.vllm.log,90,9,205,0.2993996253297177
/Users/jiangnanhugo/workspace/power-sharpening/Subtree-Prefetching-Power-Sharpening/case_studies/logs-entropycut/mbpp/2026-09-21/vllm/dataset-mbpp.model-qwen3.5-9b.alpha4.0.steps100.blocks-1.prefetch-budget-20.rank-accept_first.cut-entropy4.0.samples20.maxnew1024.seed10086.subtreePrefetch.vllm.log,90,10,111,0.29938852455334647
/Users/jiangnanhugo/workspace/power-sharpening/Subtree-Prefetching-Power-Sharpening/case_studies/logs-entropycut/mbpp/2026-09-21/vllm/dataset-mbpp.model-qwen3.5-9b.alpha4.0.steps100.blocks-1.prefetch-budget-20.rank-accept_first.cut-entropy4.0.samples20.maxnew1024.seed10086.subtreePrefetch.vllm.log,90,11,111,0.29938852455334647
/Users/jiangnanhugo/workspace/power-sharpening/Subtree-Prefetching-Power-Sharpening/case_studies/logs-entropycut/mbpp/2026-09-21/vllm/dataset-mbpp.model-qwen3.5-9b.alpha4.0.steps100.blocks-1.prefetch-budget-20.rank-accept_first.cut-entropy4.0.samples20.maxnew1024.seed10086.subtreePrefetch.vllm.log,90,12,111,0.29938852455334647
/Users/jiangnanhugo/workspace/power-sharpening/Subtree-Prefetching-Power-Sharpening/case_studies/logs-entropycut/mbpp/2026-09-21/vllm/dataset-mbpp.model-qwen3.5-9b.alpha4.0.steps100.blocks-1.prefetch-budget-20.rank-accept_first.cut-entropy4.0.samples20.maxnew1024.seed10086.subtreePrefetch.vllm.log,90,13,39,0.14331725272088677
/Users/jiangnanhugo/workspace/power-sharpening/Subtree-Prefetching-Power-Sharpening/case_studies/logs-entropycut/mbpp/2026-09-21/vllm/dataset-mbpp.model-qwen3.5-9b.alpha4.0.steps100.blocks-1.prefetch-budget-20.rank-accept_first.cut-entropy4.0.samples20.maxnew1024.seed10086.subtreePrefetch.vllm.log,90,14,111,0.29938852455334647
/Users/jiangnanhugo/workspace/power-sharpening/Subtree-Prefetching-Power-Sharpening/case_studies/logs-entropycut/mbpp/2026-09-21/vllm/dataset-mbpp.model-qwen3.5-9b.alpha4.0.steps100.blocks-1.prefetch-budget-20.rank-accept_first.cut-entropy4.0.samples20.maxnew1024.seed10086.subtreePrefetch.vllm.log,90,15,111,0.29938852455334647
/Users/jiangnanhugo/workspace/power-sharpening/Subtree-Prefetching-Power-Sharpening/case_studies/logs-entropycut/mbpp/2026-09-21/vllm/dataset-mbpp.model-qwen3.5-9b.alpha4.0.steps100.blocks-1.prefetch-budget-20.rank-accept_first.cut-entropy4.0.samples20.maxnew1024.seed10086.subtreePrefetch.vllm.log,90,16,111,0.29938852455334647
/Users/jiangnanhugo/workspace/power-sharpening/Subtree-Prefetching-Power-Sharpening/case_studies/logs-entropycut/mbpp/2026-09-21/vllm/dataset-mbpp.model-qwen3.5-9b.alpha4.0.steps100.blocks-1.prefetch-budget-20.rank-accept_first.cut-entropy4.0.samples20.maxnew1024.seed10086.subtreePrefetch.vllm.log,90,17,137,0.013241652805655313
/Users/jiangnanhugo/workspace/power-sharpening/Subtree-Prefetching-Power-Sharpening/case_studies/logs-entropycut/mbpp/2026-09-21/vllm/dataset-mbpp.model-qwen3.5-9b.alpha4.0.steps100.blocks-1.prefetch-budget-20.rank-accept_first.cut-entropy4.0.samples20.maxnew1024.seed10086.subtreePrefetch.vllm.log,90,18,46,0.003401812121959521
/Users/jiangnanhugo/workspace/power-sharpening/Subtree-Prefetching-Power-Sharpening/case_studies/logs-entropycut/mbpp/2026-09-21/vllm/dataset-mbpp.model-qwen3.5-9b.alpha4.0.steps100.blocks-1.prefetch-budget-20.rank-accept_first.cut-entropy4.0.samples20.maxnew1024.seed10086.subtreePrefetch.vllm.log,90,19,7,0.03760207381975237
/Users/jiangnanhugo/workspace/power-sharpening/Subtree-Prefetching-Power-Sharpening/case_studies/logs-entropycut/mbpp/2026-09-21/vllm/dataset-mbpp.model-qwen3.5-9b.alpha4.0.steps100.blocks-1.prefetch-budget-20.rank-accept_first.cut-entropy4.0.samples20.maxnew1024.seed10086.subtreePrefetch.vllm.log,91,0,205,0.2993996253297177
/Users/jiangnanhugo/workspace/power-sharpening/Subtree-Prefetching-Power-Sharpening/case_studies/logs-entropycut/mbpp/2026-09-21/vllm/dataset-mbpp.model-qwen3.5-9b.alpha4.0.steps100.blocks-1.prefetch-budget-20.rank-accept_first.cut-entropy4.0.samples20.maxnew1024.seed10086.subtreePrefetch.vllm.log,91,1,111,0.29938852455334647
/Users/jiangnanhugo/workspace/power-sharpening/Subtree-Prefetching-Power-Sharpening/case_studies/logs-entropycut/mbpp/2026-09-21/vllm/dataset-mbpp.model-qwen3.5-9b.alpha4.0.steps100.blocks-1.prefetch-budget-20.rank-accept_first.cut-entropy4.0.samples20.maxnew1024.seed10086.subtreePrefetch.vllm.log,91,2,111,0.29938852455334647
/Users/jiangnanhugo/workspace/power-sharpening/Subtree-Prefetching-Power-Sharpening/case_studies/logs-entropycut/mbpp/2026-09-21/vllm/dataset-mbpp.model-qwen3.5-9b.alpha4.0.steps100.blocks-1.prefetch-budget-20.rank-accept_first.cut-entropy4.0.samples20.maxnew1024.seed10086.subtreePrefetch.vllm.log,91,3,111,0.29938852455334647
/Users/jiangnanhugo/workspace/power-sharpening/Subtree-Prefetching-Power-Sharpening/case_studies/logs-entropycut/mbpp/2026-09-21/vllm/dataset-mbpp.model-qwen3.5-9b.alpha4.0.steps100.blocks-1.prefetch-budget-20.rank-accept_first.cut-entropy4.0.samples20.maxnew1024.seed10086.subtreePrefetch.vllm.log,91,4,111,0.29938852455334647
/Users/jiangnanhugo/workspace/power-sharpening/Subtree-Prefetching-Power-Sharpening/case_studies/logs-entropycut/mbpp/2026-09-21/vllm/dataset-mbpp.model-qwen3.5-9b.alpha4.0.steps100.blocks-1.prefetch-budget-20.rank-accept_first.cut-entropy4.0.samples20.maxnew1024.seed10086.subtreePrefetch.vllm.log,91,5,39,0.14331725272088677
/Users/jiangnanhugo/workspace/power-sharpening/Subtree-Prefetching-Power-Sharpening/case_studies/logs-entropycut/mbpp/2026-09-21/vllm/dataset-mbpp.model-qwen3.5-9b.alpha4.0.steps100.blocks-1.prefetch-budget-20.rank-accept_first.cut-entropy4.0.samples20.maxnew1024.seed10086.subtreePrefetch.vllm.log,91,6,7,0.03760207381975237
/Users/jiangnanhugo/workspace/power-sharpening/Subtree-Prefetching-Power-Sharpening/case_studies/logs-entropycut/mbpp/2026-09-21/vllm/dataset-mbpp.model-qwen3.5-9b.alpha4.0.steps100.blocks-1.prefetch-budget-20.rank-accept_first.cut-entropy4.0.samples20.maxnew1024.seed10086.subtreePrefetch.vllm.log,91,7,111,0.29938852455334647
/Users/jiangnanhugo/workspace/power-sharpening/Subtree-Prefetching-Power-Sharpening/case_studies/logs-entropycut/mbpp/2026-09-21/vllm/dataset-mbpp.model-qwen3.5-9b.alpha4.0.steps100.blocks-1.prefetch-budget-20.rank-accept_first.cut-entropy4.0.samples20.maxnew1024.seed10086.subtreePrefetch.vllm.log,91,8,205,0.2993996253297177
/Users/jiangnanhugo/workspace/power-sharpening/Subtree-Prefetching-Power-Sharpening/case_studies/logs-entropycut/mbpp/2026-09-21/vllm/dataset-mbpp.model-qwen3.5-9b.alpha4.0.steps100.blocks-1.prefetch-budget-20.rank-accept_first.cut-entropy4.0.samples20.maxnew1024.seed10086.subtreePrefetch.vllm.log,91,9,38,0.006407651880277007
/Users/jiangnanhugo/workspace/power-sharpening/Subtree-Prefetching-Power-Sharpening/case_studies/logs-entropycut/mbpp/2026-09-21/vllm/dataset-mbpp.model-qwen3.5-9b.alpha4.0.steps100.blocks-1.prefetch-budget-20.rank-accept_first.cut-entropy4.0.samples20.maxnew1024.seed10086.subtreePrefetch.vllm.log,91,10,111,0.29938852455334647
/Users/jiangnanhugo/workspace/power-sharpening/Subtree-Prefetching-Power-Sharpening/case_studies/logs-entropycut/mbpp/2026-09-21/vllm/dataset-mbpp.model-qwen3.5-9b.alpha4.0.steps100.blocks-1.prefetch-budget-20.rank-accept_first.cut-entropy4.0.samples20.maxnew1024.seed10086.subtreePrefetch.vllm.log,91,11,7,0.03760207381975237
/Users/jiangnanhugo/workspace/power-sharpening/Subtree-Prefetching-Power-Sharpening/case_studies/logs-entropycut/mbpp/2026-09-21/vllm/dataset-mbpp.model-qwen3.5-9b.alpha4.0.steps100.blocks-1.prefetch-budget-20.rank-accept_first.cut-entropy4.0.samples20.maxnew1024.seed10086.subtreePrefetch.vllm.log,91,12,111,0.29938852455334647
/Users/jiangnanhugo/workspace/power-sharpening/Subtree-Prefetching-Power-Sharpening/case_studies/logs-entropycut/mbpp/2026-09-21/vllm/dataset-mbpp.model-qwen3.5-9b.alpha4.0.steps100.blocks-1.prefetch-budget-20.rank-accept_first.cut-entropy4.0.samples20.maxnew1024.seed10086.subtreePrefetch.vllm.log,91,13,205,0.2993996253297177
/Users/jiangnanhugo/workspace/power-sharpening/Subtree-Prefetching-Power-Sharpening/case_studies/logs-entropycut/mbpp/2026-09-21/vllm/dataset-mbpp.model-qwen3.5-9b.alpha4.0.steps100.blocks-1.prefetch-budget-20.rank-accept_first.cut-entropy4.0.samples20.maxnew1024.seed10086.subtreePrefetch.vllm.log,91,14,39,0.14331725272088677
/Users/jiangnanhugo/workspace/power-sharpening/Subtree-Prefetching-Power-Sharpening/case_studies/logs-entropycut/mbpp/2026-09-21/vllm/dataset-mbpp.model-qwen3.5-9b.alpha4.0.steps100.blocks-1.prefetch-budget-20.rank-accept_first.cut-entropy4.0.samples20.maxnew1024.seed10086.subtreePrefetch.vllm.log,91,15,205,0.2993996253297177
/Users/jiangnanhugo/workspace/power-sharpening/Subtree-Prefetching-Power-Sharpening/case_studies/logs-entropycut/mbpp/2026-09-21/vllm/dataset-mbpp.model-qwen3.5-9b.alpha4.0.steps100.blocks-1.prefetch-budget-20.rank-accept_first.cut-entropy4.0.samples20.maxnew1024.seed10086.subtreePrefetch.vllm.log,91,16,38,0.006407651880277007
/Users/jiangnanhugo/workspace/power-sharpening/Subtree-Prefetching-Power-Sharpening/case_studies/logs-entropycut/mbpp/2026-09-21/vllm/dataset-mbpp.model-qwen3.5-9b.alpha4.0.steps100.blocks-1.prefetch-budget-20.rank-accept_first.cut-entropy4.0.samples20.maxnew1024.seed10086.subtreePrefetch.vllm.log,91,17,205,0.2993996253297177
/Users/jiangnanhugo/workspace/power-sharpening/Subtree-Prefetching-Power-Sharpening/case_studies/logs-entropycut/mbpp/2026-09-21/vllm/dataset-mbpp.model-qwen3.5-9b.alpha4.0.steps100.blocks-1.prefetch-budget-20.rank-accept_first.cut-entropy4.0.samples20.maxnew1024.seed10086.subtreePrefetch.vllm.log,91,18,39,0.14331725272088677
/Users/jiangnanhugo/workspace/power-sharpening/Subtree-Prefetching-Power-Sharpening/case_studies/logs-entropycut/mbpp/2026-09-21/vllm/dataset-mbpp.model-qwen3.5-9b.alpha4.0.steps100.blocks-1.prefetch-budget-20.rank-accept_first.cut-entropy4.0.samples20.maxnew1024.seed10086.subtreePrefetch.vllm.log,91,19,7,0.03760207381975237
/Users/jiangnanhugo/workspace/power-sharpening/Subtree-Prefetching-Power-Sharpening/case_studies/logs-entropycut/mbpp/2026-09-21/vllm/dataset-mbpp.model-qwen3.5-9b.alpha4.0.steps100.blocks-1.prefetch-budget-20.rank-accept_first.cut-entropy4.0.samples20.maxnew1024.seed10086.subtreePrefetch.vllm.log,92,0,114,0.012739314809872084
/Users/jiangnanhugo/workspace/power-sharpening/Subtree-Prefetching-Power-Sharpening/case_studies/logs-entropycut/mbpp/2026-09-21/vllm/dataset-mbpp.model-qwen3.5-9b.alpha4.0.steps100.blocks-1.prefetch-budget-20.rank-accept_first.cut-entropy4.0.samples20.maxnew1024.seed10086.subtreePrefetch.vllm.log,92,1,111,0.29938852455334647
/Users/jiangnanhugo/workspace/power-sharpening/Subtree-Prefetching-Power-Sharpening/case_studies/logs-entropycut/mbpp/2026-09-21/vllm/dataset-mbpp.model-qwen3.5-9b.alpha4.0.steps100.blocks-1.prefetch-budget-20.rank-accept_first.cut-entropy4.0.samples20.maxnew1024.seed10086.subtreePrefetch.vllm.log,92,2,46,0.003401812121959521
/Users/jiangnanhugo/workspace/power-sharpening/Subtree-Prefetching-Power-Sharpening/case_studies/logs-entropycut/mbpp/2026-09-21/vllm/dataset-mbpp.model-qwen3.5-9b.alpha4.0.steps100.blocks-1.prefetch-budget-20.rank-accept_first.cut-entropy4.0.samples20.maxnew1024.seed10086.subtreePrefetch.vllm.log,92,3,111,0.29938852455334647
/Users/jiangnanhugo/workspace/power-sharpening/Subtree-Prefetching-Power-Sharpening/case_studies/logs-entropycut/mbpp/2026-09-21/vllm/dataset-mbpp.model-qwen3.5-9b.alpha4.0.steps100.blocks-1.prefetch-budget-20.rank-accept_first.cut-entropy4.0.samples20.maxnew1024.seed10086.subtreePrefetch.vllm.log,92,4,53,0.001427947632785806
/Users/jiangnanhugo/workspace/power-sharpening/Subtree-Prefetching-Power-Sharpening/case_studies/logs-entropycut/mbpp/2026-09-21/vllm/dataset-mbpp.model-qwen3.5-9b.alpha4.0.steps100.blocks-1.prefetch-budget-20.rank-accept_first.cut-entropy4.0.samples20.maxnew1024.seed10086.subtreePrefetch.vllm.log,92,5,39,0.14331725272088677
/Users/jiangnanhugo/workspace/power-sharpening/Subtree-Prefetching-Power-Sharpening/case_studies/logs-entropycut/mbpp/2026-09-21/vllm/dataset-mbpp.model-qwen3.5-9b.alpha4.0.steps100.blocks-1.prefetch-budget-20.rank-accept_first.cut-entropy4.0.samples20.maxnew1024.seed10086.subtreePrefetch.vllm.log,92,6,7,0.03760207381975237
/Users/jiangnanhugo/workspace/power-sharpening/Subtree-Prefetching-Power-Sharpening/case_studies/logs-entropycut/mbpp/2026-09-21/vllm/dataset-mbpp.model-qwen3.5-9b.alpha4.0.steps100.blocks-1.prefetch-budget-20.rank-accept_first.cut-entropy4.0.samples20.maxnew1024.seed10086.subtreePrefetch.vllm.log,92,7,111,0.29938852455334647
/Users/jiangnanhugo/workspace/power-sharpening/Subtree-Prefetching-Power-Sharpening/case_studies/logs-entropycut/mbpp/2026-09-21/vllm/dataset-mbpp.model-qwen3.5-9b.alpha4.0.steps100.blocks-1.prefetch-budget-20.rank-accept_first.cut-entropy4.0.samples20.maxnew1024.seed10086.subtreePrefetch.vllm.log,92,8,39,0.14331725272088677
/Users/jiangnanhugo/workspace/power-sharpening/Subtree-Prefetching-Power-Sharpening/case_studies/logs-entropycut/mbpp/2026-09-21/vllm/dataset-mbpp.model-qwen3.5-9b.alpha4.0.steps100.blocks-1.prefetch-budget-20.rank-accept_first.cut-entropy4.0.samples20.maxnew1024.seed10086.subtreePrefetch.vllm.log,92,9,111,0.29938852455334647
/Users/jiangnanhugo/workspace/power-sharpening/Subtree-Prefetching-Power-Sharpening/case_studies/logs-entropycut/mbpp/2026-09-21/vllm/dataset-mbpp.model-qwen3.5-9b.alpha4.0.steps100.blocks-1.prefetch-budget-20.rank-accept_first.cut-entropy4.0.samples20.maxnew1024.seed10086.subtreePrefetch.vllm.log,92,10,111,0.29938852455334647
/Users/jiangnanhugo/workspace/power-sharpening/Subtree-Prefetching-Power-Sharpening/case_studies/logs-entropycut/mbpp/2026-09-21/vllm/dataset-mbpp.model-qwen3.5-9b.alpha4.0.steps100.blocks-1.prefetch-budget-20.rank-accept_first.cut-entropy4.0.samples20.maxnew1024.seed10086.subtreePrefetch.vllm.log,92,11,39,0.14331725272088677
/Users/jiangnanhugo/workspace/power-sharpening/Subtree-Prefetching-Power-Sharpening/case_studies/logs-entropycut/mbpp/2026-09-21/vllm/dataset-mbpp.model-qwen3.5-9b.alpha4.0.steps100.blocks-1.prefetch-budget-20.rank-accept_first.cut-entropy4.0.samples20.maxnew1024.seed10086.subtreePrefetch.vllm.log,92,12,111,0.29938852455334647
/Users/jiangnanhugo/workspace/power-sharpening/Subtree-Prefetching-Power-Sharpening/case_studies/logs-entropycut/mbpp/2026-09-21/vllm/dataset-mbpp.model-qwen3.5-9b.alpha4.0.steps100.blocks-1.prefetch-budget-20.rank-accept_first.cut-entropy4.0.samples20.maxnew1024.seed10086.subtreePrefetch.vllm.log,92,13,111,0.29938852455334647
/Users/jiangnanhugo/workspace/power-sharpening/Subtree-Prefetching-Power-Sharpening/case_studies/logs-entropycut/mbpp/2026-09-21/vllm/dataset-mbpp.model-qwen3.5-9b.alpha4.0.steps100.blocks-1.prefetch-budget-20.rank-accept_first.cut-entropy4.0.samples20.maxnew1024.seed10086.subtreePrefetch.vllm.log,92,14,7,0.03760207381975237
/Users/jiangnanhugo/workspace/power-sharpening/Subtree-Prefetching-Power-Sharpening/case_studies/logs-entropycut/mbpp/2026-09-21/vllm/dataset-mbpp.model-qwen3.5-9b.alpha4.0.steps100.blocks-1.prefetch-budget-20.rank-accept_first.cut-entropy4.0.samples20.maxnew1024.seed10086.subtreePrefetch.vllm.log,92,15,111,0.29938852455334647
/Users/jiangnanhugo/workspace/power-sharpening/Subtree-Prefetching-Power-Sharpening/case_studies/logs-entropycut/mbpp/2026-09-21/vllm/dataset-mbpp.model-qwen3.5-9b.alpha4.0.steps100.blocks-1.prefetch-budget-20.rank-accept_first.cut-entropy4.0.samples20.maxnew1024.seed10086.subtreePrefetch.vllm.log,92,16,39,0.14331725272088677
/Users/jiangnanhugo/workspace/power-sharpening/Subtree-Prefetching-Power-Sharpening/case_studies/logs-entropycut/mbpp/2026-09-21/vllm/dataset-mbpp.model-qwen3.5-9b.alpha4.0.steps100.blocks-1.prefetch-budget-20.rank-accept_first.cut-entropy4.0.samples20.maxnew1024.seed10086.subtreePrefetch.vllm.log,92,17,39,0.14331725272088677
/Users/jiangnanhugo/workspace/power-sharpening/Subtree-Prefetching-Power-Sharpening/case_studies/logs-entropycut/mbpp/2026-09-21/vllm/dataset-mbpp.model-qwen3.5-9b.alpha4.0.steps100.blocks-1.prefetch-budget-20.rank-accept_first.cut-entropy4.0.samples20.maxnew1024.seed10086.subtreePrefetch.vllm.log,92,18,39,0.14331725272088677
/Users/jiangnanhugo/workspace/power-sharpening/Subtree-Prefetching-Power-Sharpening/case_studies/logs-entropycut/mbpp/2026-09-21/vllm/dataset-mbpp.model-qwen3.5-9b.alpha4.0.steps100.blocks-1.prefetch-budget-20.rank-accept_first.cut-entropy4.0.samples20.maxnew1024.seed10086.subtreePrefetch.vllm.log,92,19,111,0.29938852455334647
/Users/jiangnanhugo/workspace/power-sharpening/Subtree-Prefetching-Power-Sharpening/case_studies/logs-entropycut/mbpp/2026-09-21/vllm/dataset-mbpp.model-qwen3.5-9b.alpha4.0.steps100.blocks-1.prefetch-budget-20.rank-accept_first.cut-entropy4.0.samples20.maxnew1024.seed10086.subtreePrefetch.vllm.log,93,0,205,0.2993996253297177
/Users/jiangnanhugo/workspace/power-sharpening/Subtree-Prefetching-Power-Sharpening/case_studies/logs-entropycut/mbpp/2026-09-21/vllm/dataset-mbpp.model-qwen3.5-9b.alpha4.0.steps100.blocks-1.prefetch-budget-20.rank-accept_first.cut-entropy4.0.samples20.maxnew1024.seed10086.subtreePrefetch.vllm.log,93,1,205,0.2993996253297177
/Users/jiangnanhugo/workspace/power-sharpening/Subtree-Prefetching-Power-Sharpening/case_studies/logs-entropycut/mbpp/2026-09-21/vllm/dataset-mbpp.model-qwen3.5-9b.alpha4.0.steps100.blocks-1.prefetch-budget-20.rank-accept_first.cut-entropy4.0.samples20.maxnew1024.seed10086.subtreePrefetch.vllm.log,93,2,111,0.29938852455334647
/Users/jiangnanhugo/workspace/power-sharpening/Subtree-Prefetching-Power-Sharpening/case_studies/logs-entropycut/mbpp/2026-09-21/vllm/dataset-mbpp.model-qwen3.5-9b.alpha4.0.steps100.blocks-1.prefetch-budget-20.rank-accept_first.cut-entropy4.0.samples20.maxnew1024.seed10086.subtreePrefetch.vllm.log,93,3,39,0.14331725272088677
/Users/jiangnanhugo/workspace/power-sharpening/Subtree-Prefetching-Power-Sharpening/case_studies/logs-entropycut/mbpp/2026-09-21/vllm/dataset-mbpp.model-qwen3.5-9b.alpha4.0.steps100.blocks-1.prefetch-budget-20.rank-accept_first.cut-entropy4.0.samples20.maxnew1024.seed10086.subtreePrefetch.vllm.log,93,4,111,0.29938852455334647
/Users/jiangnanhugo/workspace/power-sharpening/Subtree-Prefetching-Power-Sharpening/case_studies/logs-entropycut/mbpp/2026-09-21/vllm/dataset-mbpp.model-qwen3.5-9b.alpha4.0.steps100.blocks-1.prefetch-budget-20.rank-accept_first.cut-entropy4.0.samples20.maxnew1024.seed10086.subtreePrefetch.vllm.log,93,5,39,0.14331725272088677
/Users/jiangnanhugo/workspace/power-sharpening/Subtree-Prefetching-Power-Sharpening/case_studies/logs-entropycut/mbpp/2026-09-21/vllm/dataset-mbpp.model-qwen3.5-9b.alpha4.0.steps100.blocks-1.prefetch-budget-20.rank-accept_first.cut-entropy4.0.samples20.maxnew1024.seed10086.subtreePrefetch.vllm.log,93,6,205,0.2993996253297177
/Users/jiangnanhugo/workspace/power-sharpening/Subtree-Prefetching-Power-Sharpening/case_studies/logs-entropycut/mbpp/2026-09-21/vllm/dataset-mbpp.model-qwen3.5-9b.alpha4.0.steps100.blocks-1.prefetch-budget-20.rank-accept_first.cut-entropy4.0.samples20.maxnew1024.seed10086.subtreePrefetch.vllm.log,93,7,39,0.14331725272088677
/Users/jiangnanhugo/workspace/power-sharpening/Subtree-Prefetching-Power-Sharpening/case_studies/logs-entropycut/mbpp/2026-09-21/vllm/dataset-mbpp.model-qwen3.5-9b.alpha4.0.steps100.blocks-1.prefetch-budget-20.rank-accept_first.cut-entropy4.0.samples20.maxnew1024.seed10086.subtreePrefetch.vllm.log,93,8,39,0.14331725272088677
/Users/jiangnanhugo/workspace/power-sharpening/Subtree-Prefetching-Power-Sharpening/case_studies/logs-entropycut/mbpp/2026-09-21/vllm/dataset-mbpp.model-qwen3.5-9b.alpha4.0.steps100.blocks-1.prefetch-budget-20.rank-accept_first.cut-entropy4.0.samples20.maxnew1024.seed10086.subtreePrefetch.vllm.log,93,9,111,0.29938852455334647
/Users/jiangnanhugo/workspace/power-sharpening/Subtree-Prefetching-Power-Sharpening/case_studies/logs-entropycut/mbpp/2026-09-21/vllm/dataset-mbpp.model-qwen3.5-9b.alpha4.0.steps100.blocks-1.prefetch-budget-20.rank-accept_first.cut-entropy4.0.samples20.maxnew1024.seed10086.subtreePrefetch.vllm.log,93,10,205,0.2993996253297177
/Users/jiangnanhugo/workspace/power-sharpening/Subtree-Prefetching-Power-Sharpening/case_studies/logs-entropycut/mbpp/2026-09-21/vllm/dataset-mbpp.model-qwen3.5-9b.alpha4.0.steps100.blocks-1.prefetch-budget-20.rank-accept_first.cut-entropy4.0.samples20.maxnew1024.seed10086.subtreePrefetch.vllm.log,93,11,111,0.29938852455334647
/Users/jiangnanhugo/workspace/power-sharpening/Subtree-Prefetching-Power-Sharpening/case_studies/logs-entropycut/mbpp/2026-09-21/vllm/dataset-mbpp.model-qwen3.5-9b.alpha4.0.steps100.blocks-1.prefetch-budget-20.rank-accept_first.cut-entropy4.0.samples20.maxnew1024.seed10086.subtreePrefetch.vllm.log,93,12,205,0.2993996253297177
/Users/jiangnanhugo/workspace/power-sharpening/Subtree-Prefetching-Power-Sharpening/case_studies/logs-entropycut/mbpp/2026-09-21/vllm/dataset-mbpp.model-qwen3.5-9b.alpha4.0.steps100.blocks-1.prefetch-budget-20.rank-accept_first.cut-entropy4.0.samples20.maxnew1024.seed10086.subtreePrefetch.vllm.log,93,13,111,0.29938852455334647
/Users/jiangnanhugo/workspace/power-sharpening/Subtree-Prefetching-Power-Sharpening/case_studies/logs-entropycut/mbpp/2026-09-21/vllm/dataset-mbpp.model-qwen3.5-9b.alpha4.0.steps100.blocks-1.prefetch-budget-20.rank-accept_first.cut-entropy4.0.samples20.maxnew1024.seed10086.subtreePrefetch.vllm.log,93,14,111,0.29938852455334647
/Users/jiangnanhugo/workspace/power-sharpening/Subtree-Prefetching-Power-Sharpening/case_studies/logs-entropycut/mbpp/2026-09-21/vllm/dataset-mbpp.model-qwen3.5-9b.alpha4.0.steps100.blocks-1.prefetch-budget-20.rank-accept_first.cut-entropy4.0.samples20.maxnew1024.seed10086.subtreePrefetch.vllm.log,93,15,39,0.14331725272088677
/Users/jiangnanhugo/workspace/power-sharpening/Subtree-Prefetching-Power-Sharpening/case_studies/logs-entropycut/mbpp/2026-09-21/vllm/dataset-mbpp.model-qwen3.5-9b.alpha4.0.steps100.blocks-1.prefetch-budget-20.rank-accept_first.cut-entropy4.0.samples20.maxnew1024.seed10086.subtreePrefetch.vllm.log,93,16,205,0.2993996253297177
/Users/jiangnanhugo/workspace/power-sharpening/Subtree-Prefetching-Power-Sharpening/case_studies/logs-entropycut/mbpp/2026-09-21/vllm/dataset-mbpp.model-qwen3.5-9b.alpha4.0.steps100.blocks-1.prefetch-budget-20.rank-accept_first.cut-entropy4.0.samples20.maxnew1024.seed10086.subtreePrefetch.vllm.log,93,17,7,0.03760207381975237
/Users/jiangnanhugo/workspace/power-sharpening/Subtree-Prefetching-Power-Sharpening/case_studies/logs-entropycut/mbpp/2026-09-21/vllm/dataset-mbpp.model-qwen3.5-9b.alpha4.0.steps100.blocks-1.prefetch-budget-20.rank-accept_first.cut-entropy4.0.samples20.maxnew1024.seed10086.subtreePrefetch.vllm.log,93,18,205,0.2993996253297177
/Users/jiangnanhugo/workspace/power-sharpening/Subtree-Prefetching-Power-Sharpening/case_studies/logs-entropycut/mbpp/2026-09-21/vllm/dataset-mbpp.model-qwen3.5-9b.alpha4.0.steps100.blocks-1.prefetch-budget-20.rank-accept_first.cut-entropy4.0.samples20.maxnew1024.seed10086.subtreePrefetch.vllm.log,93,19,111,0.29938852455334647
/Users/jiangnanhugo/workspace/power-sharpening/Subtree-Prefetching-Power-Sharpening/case_studies/logs-entropycut/mbpp/2026-09-21/vllm/dataset-mbpp.model-qwen3.5-9b.alpha4.0.steps100.blocks-1.prefetch-budget-20.rank-accept_first.cut-entropy4.0.samples20.maxnew1024.seed10086.subtreePrefetch.vllm.log,94,0,111,0.29938852455334647
/Users/jiangnanhugo/workspace/power-sharpening/Subtree-Prefetching-Power-Sharpening/case_studies/logs-entropycut/mbpp/2026-09-21/vllm/dataset-mbpp.model-qwen3.5-9b.alpha4.0.steps100.blocks-1.prefetch-budget-20.rank-accept_first.cut-entropy4.0.samples20.maxnew1024.seed10086.subtreePrefetch.vllm.log,94,1,111,0.29938852455334647
/Users/jiangnanhugo/workspace/power-sharpening/Subtree-Prefetching-Power-Sharpening/case_studies/logs-entropycut/mbpp/2026-09-21/vllm/dataset-mbpp.model-qwen3.5-9b.alpha4.0.steps100.blocks-1.prefetch-budget-20.rank-accept_first.cut-entropy4.0.samples20.maxnew1024.seed10086.subtreePrefetch.vllm.log,94,2,111,0.29938852455334647
/Users/jiangnanhugo/workspace/power-sharpening/Subtree-Prefetching-Power-Sharpening/case_studies/logs-entropycut/mbpp/2026-09-21/vllm/dataset-mbpp.model-qwen3.5-9b.alpha4.0.steps100.blocks-1.prefetch-budget-20.rank-accept_first.cut-entropy4.0.samples20.maxnew1024.seed10086.subtreePrefetch.vllm.log,94,3,137,0.013241652805655313
/Users/jiangnanhugo/workspace/power-sharpening/Subtree-Prefetching-Power-Sharpening/case_studies/logs-entropycut/mbpp/2026-09-21/vllm/dataset-mbpp.model-qwen3.5-9b.alpha4.0.steps100.blocks-1.prefetch-budget-20.rank-accept_first.cut-entropy4.0.samples20.maxnew1024.seed10086.subtreePrefetch.vllm.log,94,4,111,0.29938852455334647
/Users/jiangnanhugo/workspace/power-sharpening/Subtree-Prefetching-Power-Sharpening/case_studies/logs-entropycut/mbpp/2026-09-21/vllm/dataset-mbpp.model-qwen3.5-9b.alpha4.0.steps100.blocks-1.prefetch-budget-20.rank-accept_first.cut-entropy4.0.samples20.maxnew1024.seed10086.subtreePrefetch.vllm.log,94,5,39,0.14331725272088677
/Users/jiangnanhugo/workspace/power-sharpening/Subtree-Prefetching-Power-Sharpening/case_studies/logs-entropycut/mbpp/2026-09-21/vllm/dataset-mbpp.model-qwen3.5-9b.alpha4.0.steps100.blocks-1.prefetch-budget-20.rank-accept_first.cut-entropy4.0.samples20.maxnew1024.seed10086.subtreePrefetch.vllm.log,94,6,111,0.29938852455334647
/Users/jiangnanhugo/workspace/power-sharpening/Subtree-Prefetching-Power-Sharpening/case_studies/logs-entropycut/mbpp/2026-09-21/vllm/dataset-mbpp.model-qwen3.5-9b.alpha4.0.steps100.blocks-1.prefetch-budget-20.rank-accept_first.cut-entropy4.0.samples20.maxnew1024.seed10086.subtreePrefetch.vllm.log,94,7,111,0.29938852455334647
/Users/jiangnanhugo/workspace/power-sharpening/Subtree-Prefetching-Power-Sharpening/case_studies/logs-entropycut/mbpp/2026-09-21/vllm/dataset-mbpp.model-qwen3.5-9b.alpha4.0.steps100.blocks-1.prefetch-budget-20.rank-accept_first.cut-entropy4.0.samples20.maxnew1024.seed10086.subtreePrefetch.vllm.log,94,8,7,0.03760207381975237
/Users/jiangnanhugo/workspace/power-sharpening/Subtree-Prefetching-Power-Sharpening/case_studies/logs-entropycut/mbpp/2026-09-21/vllm/dataset-mbpp.model-qwen3.5-9b.alpha4.0.steps100.blocks-1.prefetch-budget-20.rank-accept_first.cut-entropy4.0.samples20.maxnew1024.seed10086.subtreePrefetch.vllm.log,94,9,111,0.29938852455334647
/Users/jiangnanhugo/workspace/power-sharpening/Subtree-Prefetching-Power-Sharpening/case_studies/logs-entropycut/mbpp/2026-09-21/vllm/dataset-mbpp.model-qwen3.5-9b.alpha4.0.steps100.blocks-1.prefetch-budget-20.rank-accept_first.cut-entropy4.0.samples20.maxnew1024.seed10086.subtreePrefetch.vllm.log,94,10,7,0.03760207381975237
/Users/jiangnanhugo/workspace/power-sharpening/Subtree-Prefetching-Power-Sharpening/case_studies/logs-entropycut/mbpp/2026-09-21/vllm/dataset-mbpp.model-qwen3.5-9b.alpha4.0.steps100.blocks-1.prefetch-budget-20.rank-accept_first.cut-entropy4.0.samples20.maxnew1024.seed10086.subtreePrefetch.vllm.log,94,11,111,0.29938852455334647
/Users/jiangnanhugo/workspace/power-sharpening/Subtree-Prefetching-Power-Sharpening/case_studies/logs-entropycut/mbpp/2026-09-21/vllm/dataset-mbpp.model-qwen3.5-9b.alpha4.0.steps100.blocks-1.prefetch-budget-20.rank-accept_first.cut-entropy4.0.samples20.maxnew1024.seed10086.subtreePrefetch.vllm.log,94,12,39,0.14331725272088677
/Users/jiangnanhugo/workspace/power-sharpening/Subtree-Prefetching-Power-Sharpening/case_studies/logs-entropycut/mbpp/2026-09-21/vllm/dataset-mbpp.model-qwen3.5-9b.alpha4.0.steps100.blocks-1.prefetch-budget-20.rank-accept_first.cut-entropy4.0.samples20.maxnew1024.seed10086.subtreePrefetch.vllm.log,94,13,7,0.03760207381975237
/Users/jiangnanhugo/workspace/power-sharpening/Subtree-Prefetching-Power-Sharpening/case_studies/logs-entropycut/mbpp/2026-09-21/vllm/dataset-mbpp.model-qwen3.5-9b.alpha4.0.steps100.blocks-1.prefetch-budget-20.rank-accept_first.cut-entropy4.0.samples20.maxnew1024.seed10086.subtreePrefetch.vllm.log,94,14,205,0.2993996253297177
/Users/jiangnanhugo/workspace/power-sharpening/Subtree-Prefetching-Power-Sharpening/case_studies/logs-entropycut/mbpp/2026-09-21/vllm/dataset-mbpp.model-qwen3.5-9b.alpha4.0.steps100.blocks-1.prefetch-budget-20.rank-accept_first.cut-entropy4.0.samples20.maxnew1024.seed10086.subtreePrefetch.vllm.log,94,15,39,0.14331725272088677
/Users/jiangnanhugo/workspace/power-sharpening/Subtree-Prefetching-Power-Sharpening/case_studies/logs-entropycut/mbpp/2026-09-21/vllm/dataset-mbpp.model-qwen3.5-9b.alpha4.0.steps100.blocks-1.prefetch-budget-20.rank-accept_first.cut-entropy4.0.samples20.maxnew1024.seed10086.subtreePrefetch.vllm.log,94,16,111,0.29938852455334647
/Users/jiangnanhugo/workspace/power-sharpening/Subtree-Prefetching-Power-Sharpening/case_studies/logs-entropycut/mbpp/2026-09-21/vllm/dataset-mbpp.model-qwen3.5-9b.alpha4.0.steps100.blocks-1.prefetch-budget-20.rank-accept_first.cut-entropy4.0.samples20.maxnew1024.seed10086.subtreePrefetch.vllm.log,94,17,205,0.2993996253297177
/Users/jiangnanhugo/workspace/power-sharpening/Subtree-Prefetching-Power-Sharpening/case_studies/logs-entropycut/mbpp/2026-09-21/vllm/dataset-mbpp.model-qwen3.5-9b.alpha4.0.steps100.blocks-1.prefetch-budget-20.rank-accept_first.cut-entropy4.0.samples20.maxnew1024.seed10086.subtreePrefetch.vllm.log,94,18,7,0.03760207381975237
/Users/jiangnanhugo/workspace/power-sharpening/Subtree-Prefetching-Power-Sharpening/case_studies/logs-entropycut/mbpp/2026-09-21/vllm/dataset-mbpp.model-qwen3.5-9b.alpha4.0.steps100.blocks-1.prefetch-budget-20.rank-accept_first.cut-entropy4.0.samples20.maxnew1024.seed10086.subtreePrefetch.vllm.log,94,19,111,0.29938852455334647
/Users/jiangnanhugo/workspace/power-sharpening/Subtree-Prefetching-Power-Sharpening/case_studies/logs-entropycut/mbpp/2026-09-21/vllm/dataset-mbpp.model-qwen3.5-9b.alpha4.0.steps100.blocks-1.prefetch-budget-20.rank-accept_first.cut-entropy4.0.samples20.maxnew1024.seed10086.subtreePrefetch.vllm.log,95,0,111,0.29938852455334647
/Users/jiangnanhugo/workspace/power-sharpening/Subtree-Prefetching-Power-Sharpening/case_studies/logs-entropycut/mbpp/2026-09-21/vllm/dataset-mbpp.model-qwen3.5-9b.alpha4.0.steps100.blocks-1.prefetch-budget-20.rank-accept_first.cut-entropy4.0.samples20.maxnew1024.seed10086.subtreePrefetch.vllm.log,95,1,111,0.29938852455334647
/Users/jiangnanhugo/workspace/power-sharpening/Subtree-Prefetching-Power-Sharpening/case_studies/logs-entropycut/mbpp/2026-09-21/vllm/dataset-mbpp.model-qwen3.5-9b.alpha4.0.steps100.blocks-1.prefetch-budget-20.rank-accept_first.cut-entropy4.0.samples20.maxnew1024.seed10086.subtreePrefetch.vllm.log,95,2,111,0.29938852455334647
/Users/jiangnanhugo/workspace/power-sharpening/Subtree-Prefetching-Power-Sharpening/case_studies/logs-entropycut/mbpp/2026-09-21/vllm/dataset-mbpp.model-qwen3.5-9b.alpha4.0.steps100.blocks-1.prefetch-budget-20.rank-accept_first.cut-entropy4.0.samples20.maxnew1024.seed10086.subtreePrefetch.vllm.log,95,3,111,0.29938852455334647
/Users/jiangnanhugo/workspace/power-sharpening/Subtree-Prefetching-Power-Sharpening/case_studies/logs-entropycut/mbpp/2026-09-21/vllm/dataset-mbpp.model-qwen3.5-9b.alpha4.0.steps100.blocks-1.prefetch-budget-20.rank-accept_first.cut-entropy4.0.samples20.maxnew1024.seed10086.subtreePrefetch.vllm.log,95,4,111,0.29938852455334647
/Users/jiangnanhugo/workspace/power-sharpening/Subtree-Prefetching-Power-Sharpening/case_studies/logs-entropycut/mbpp/2026-09-21/vllm/dataset-mbpp.model-qwen3.5-9b.alpha4.0.steps100.blocks-1.prefetch-budget-20.rank-accept_first.cut-entropy4.0.samples20.maxnew1024.seed10086.subtreePrefetch.vllm.log,95,5,205,0.2993996253297177
/Users/jiangnanhugo/workspace/power-sharpening/Subtree-Prefetching-Power-Sharpening/case_studies/logs-entropycut/mbpp/2026-09-21/vllm/dataset-mbpp.model-qwen3.5-9b.alpha4.0.steps100.blocks-1.prefetch-budget-20.rank-accept_first.cut-entropy4.0.samples20.maxnew1024.seed10086.subtreePrefetch.vllm.log,95,6,38,0.006407651880277007
/Users/jiangnanhugo/workspace/power-sharpening/Subtree-Prefetching-Power-Sharpening/case_studies/logs-entropycut/mbpp/2026-09-21/vllm/dataset-mbpp.model-qwen3.5-9b.alpha4.0.steps100.blocks-1.prefetch-budget-20.rank-accept_first.cut-entropy4.0.samples20.maxnew1024.seed10086.subtreePrefetch.vllm.log,95,7,111,0.29938852455334647
/Users/jiangnanhugo/workspace/power-sharpening/Subtree-Prefetching-Power-Sharpening/case_studies/logs-entropycut/mbpp/2026-09-21/vllm/dataset-mbpp.model-qwen3.5-9b.alpha4.0.steps100.blocks-1.prefetch-budget-20.rank-accept_first.cut-entropy4.0.samples20.maxnew1024.seed10086.subtreePrefetch.vllm.log,95,8,39,0.14331725272088677
/Users/jiangnanhugo/workspace/power-sharpening/Subtree-Prefetching-Power-Sharpening/case_studies/logs-entropycut/mbpp/2026-09-21/vllm/dataset-mbpp.model-qwen3.5-9b.alpha4.0.steps100.blocks-1.prefetch-budget-20.rank-accept_first.cut-entropy4.0.samples20.maxnew1024.seed10086.subtreePrefetch.vllm.log,95,9,7,0.03760207381975237
/Users/jiangnanhugo/workspace/power-sharpening/Subtree-Prefetching-Power-Sharpening/case_studies/logs-entropycut/mbpp/2026-09-21/vllm/dataset-mbpp.model-qwen3.5-9b.alpha4.0.steps100.blocks-1.prefetch-budget-20.rank-accept_first.cut-entropy4.0.samples20.maxnew1024.seed10086.subtreePrefetch.vllm.log,95,10,111,0.29938852455334647
/Users/jiangnanhugo/workspace/power-sharpening/Subtree-Prefetching-Power-Sharpening/case_studies/logs-entropycut/mbpp/2026-09-21/vllm/dataset-mbpp.model-qwen3.5-9b.alpha4.0.steps100.blocks-1.prefetch-budget-20.rank-accept_first.cut-entropy4.0.samples20.maxnew1024.seed10086.subtreePrefetch.vllm.log,95,11,39,0.14331725272088677
/Users/jiangnanhugo/workspace/power-sharpening/Subtree-Prefetching-Power-Sharpening/case_studies/logs-entropycut/mbpp/2026-09-21/vllm/dataset-mbpp.model-qwen3.5-9b.alpha4.0.steps100.blocks-1.prefetch-budget-20.rank-accept_first.cut-entropy4.0.samples20.maxnew1024.seed10086.subtreePrefetch.vllm.log,95,12,111,0.29938852455334647
/Users/jiangnanhugo/workspace/power-sharpening/Subtree-Prefetching-Power-Sharpening/case_studies/logs-entropycut/mbpp/2026-09-21/vllm/dataset-mbpp.model-qwen3.5-9b.alpha4.0.steps100.blocks-1.prefetch-budget-20.rank-accept_first.cut-entropy4.0.samples20.maxnew1024.seed10086.subtreePrefetch.vllm.log,95,13,7,0.03760207381975237
/Users/jiangnanhugo/workspace/power-sharpening/Subtree-Prefetching-Power-Sharpening/case_studies/logs-entropycut/mbpp/2026-09-21/vllm/dataset-mbpp.model-qwen3.5-9b.alpha4.0.steps100.blocks-1.prefetch-budget-20.rank-accept_first.cut-entropy4.0.samples20.maxnew1024.seed10086.subtreePrefetch.vllm.log,95,14,111,0.29938852455334647
/Users/jiangnanhugo/workspace/power-sharpening/Subtree-Prefetching-Power-Sharpening/case_studies/logs-entropycut/mbpp/2026-09-21/vllm/dataset-mbpp.model-qwen3.5-9b.alpha4.0.steps100.blocks-1.prefetch-budget-20.rank-accept_first.cut-entropy4.0.samples20.maxnew1024.seed10086.subtreePrefetch.vllm.log,95,15,7,0.03760207381975237
/Users/jiangnanhugo/workspace/power-sharpening/Subtree-Prefetching-Power-Sharpening/case_studies/logs-entropycut/mbpp/2026-09-21/vllm/dataset-mbpp.model-qwen3.5-9b.alpha4.0.steps100.blocks-1.prefetch-budget-20.rank-accept_first.cut-entropy4.0.samples20.maxnew1024.seed10086.subtreePrefetch.vllm.log,95,16,111,0.29938852455334647
/Users/jiangnanhugo/workspace/power-sharpening/Subtree-Prefetching-Power-Sharpening/case_studies/logs-entropycut/mbpp/2026-09-21/vllm/dataset-mbpp.model-qwen3.5-9b.alpha4.0.steps100.blocks-1.prefetch-budget-20.rank-accept_first.cut-entropy4.0.samples20.maxnew1024.seed10086.subtreePrefetch.vllm.log,95,17,7,0.03760207381975237
/Users/jiangnanhugo/workspace/power-sharpening/Subtree-Prefetching-Power-Sharpening/case_studies/logs-entropycut/mbpp/2026-09-21/vllm/dataset-mbpp.model-qwen3.5-9b.alpha4.0.steps100.blocks-1.prefetch-budget-20.rank-accept_first.cut-entropy4.0.samples20.maxnew1024.seed10086.subtreePrefetch.vllm.log,95,18,111,0.29938852455334647
/Users/jiangnanhugo/workspace/power-sharpening/Subtree-Prefetching-Power-Sharpening/case_studies/logs-entropycut/mbpp/2026-09-21/vllm/dataset-mbpp.model-qwen3.5-9b.alpha4.0.steps100.blocks-1.prefetch-budget-20.rank-accept_first.cut-entropy4.0.samples20.maxnew1024.seed10086.subtreePrefetch.vllm.log,95,19,111,0.29938852455334647
/Users/jiangnanhugo/workspace/power-sharpening/Subtree-Prefetching-Power-Sharpening/case_studies/logs-entropycut/mbpp/2026-09-21/vllm/dataset-mbpp.model-qwen3.5-9b.alpha4.0.steps100.blocks-1.prefetch-budget-20.rank-accept_first.cut-entropy4.0.samples20.maxnew1024.seed10086.subtreePrefetch.vllm.log,96,0,114,0.012739314809872084
/Users/jiangnanhugo/workspace/power-sharpening/Subtree-Prefetching-Power-Sharpening/case_studies/logs-entropycut/mbpp/2026-09-21/vllm/dataset-mbpp.model-qwen3.5-9b.alpha4.0.steps100.blocks-1.prefetch-budget-20.rank-accept_first.cut-entropy4.0.samples20.maxnew1024.seed10086.subtreePrefetch.vllm.log,96,1,7,0.03760207381975237
/Users/jiangnanhugo/workspace/power-sharpening/Subtree-Prefetching-Power-Sharpening/case_studies/logs-entropycut/mbpp/2026-09-21/vllm/dataset-mbpp.model-qwen3.5-9b.alpha4.0.steps100.blocks-1.prefetch-budget-20.rank-accept_first.cut-entropy4.0.samples20.maxnew1024.seed10086.subtreePrefetch.vllm.log,96,2,16,0.0005375462273752938
/Users/jiangnanhugo/workspace/power-sharpening/Subtree-Prefetching-Power-Sharpening/case_studies/logs-entropycut/mbpp/2026-09-21/vllm/dataset-mbpp.model-qwen3.5-9b.alpha4.0.steps100.blocks-1.prefetch-budget-20.rank-accept_first.cut-entropy4.0.samples20.maxnew1024.seed10086.subtreePrefetch.vllm.log,96,3,111,0.29938852455334647
/Users/jiangnanhugo/workspace/power-sharpening/Subtree-Prefetching-Power-Sharpening/case_studies/logs-entropycut/mbpp/2026-09-21/vllm/dataset-mbpp.model-qwen3.5-9b.alpha4.0.steps100.blocks-1.prefetch-budget-20.rank-accept_first.cut-entropy4.0.samples20.maxnew1024.seed10086.subtreePrefetch.vllm.log,96,4,111,0.29938852455334647
/Users/jiangnanhugo/workspace/power-sharpening/Subtree-Prefetching-Power-Sharpening/case_studies/logs-entropycut/mbpp/2026-09-21/vllm/dataset-mbpp.model-qwen3.5-9b.alpha4.0.steps100.blocks-1.prefetch-budget-20.rank-accept_first.cut-entropy4.0.samples20.maxnew1024.seed10086.subtreePrefetch.vllm.log,96,5,111,0.29938852455334647
/Users/jiangnanhugo/workspace/power-sharpening/Subtree-Prefetching-Power-Sharpening/case_studies/logs-entropycut/mbpp/2026-09-21/vllm/dataset-mbpp.model-qwen3.5-9b.alpha4.0.steps100.blocks-1.prefetch-budget-20.rank-accept_first.cut-entropy4.0.samples20.maxnew1024.seed10086.subtreePrefetch.vllm.log,97,0,153,0.0050885902660001495
/Users/jiangnanhugo/workspace/power-sharpening/Subtree-Prefetching-Power-Sharpening/case_studies/logs-entropycut/mbpp/2026-09-21/vllm/dataset-mbpp.model-qwen3.5-9b.alpha4.0.steps100.blocks-1.prefetch-budget-20.rank-accept_first.cut-entropy4.0.samples20.maxnew1024.seed10086.subtreePrefetch.vllm.log,97,1,527,0.24403030845904305
/Users/jiangnanhugo/workspace/power-sharpening/Subtree-Prefetching-Power-Sharpening/case_studies/logs-entropycut/mbpp/2026-09-21/vllm/dataset-mbpp.model-qwen3.5-9b.alpha4.0.steps100.blocks-1.prefetch-budget-20.rank-accept_first.cut-entropy4.0.samples20.maxnew1024.seed10086.subtreePrefetch.vllm.log,97,2,93,0.011674466647617905
/Users/jiangnanhugo/workspace/power-sharpening/Subtree-Prefetching-Power-Sharpening/case_studies/logs-entropycut/mbpp/2026-09-21/vllm/dataset-mbpp.model-qwen3.5-9b.alpha4.0.steps100.blocks-1.prefetch-budget-20.rank-accept_first.cut-entropy4.0.samples20.maxnew1024.seed10086.subtreePrefetch.vllm.log,97,3,406,0.026262485418835545
/Users/jiangnanhugo/workspace/power-sharpening/Subtree-Prefetching-Power-Sharpening/case_studies/logs-entropycut/mbpp/2026-09-21/vllm/dataset-mbpp.model-qwen3.5-9b.alpha4.0.steps100.blocks-1.prefetch-budget-20.rank-accept_first.cut-entropy4.0.samples20.maxnew1024.seed10086.subtreePrefetch.vllm.log,97,4,23,0.029912315402950983
/Users/jiangnanhugo/workspace/power-sharpening/Subtree-Prefetching-Power-Sharpening/case_studies/logs-entropycut/mbpp/2026-09-21/vllm/dataset-mbpp.model-qwen3.5-9b.alpha4.0.steps100.blocks-1.prefetch-budget-20.rank-accept_first.cut-entropy4.0.samples20.maxnew1024.seed10086.subtreePrefetch.vllm.log,97,5,60,0.0801254274223807
/Users/jiangnanhugo/workspace/power-sharpening/Subtree-Prefetching-Power-Sharpening/case_studies/logs-entropycut/mbpp/2026-09-21/vllm/dataset-mbpp.model-qwen3.5-9b.alpha4.0.steps100.blocks-1.prefetch-budget-20.rank-accept_first.cut-entropy4.0.samples20.maxnew1024.seed10086.subtreePrefetch.vllm.log,97,6,60,0.0801254274223807
/Users/jiangnanhugo/workspace/power-sharpening/Subtree-Prefetching-Power-Sharpening/case_studies/logs-entropycut/mbpp/2026-09-21/vllm/dataset-mbpp.model-qwen3.5-9b.alpha4.0.steps100.blocks-1.prefetch-budget-20.rank-accept_first.cut-entropy4.0.samples20.maxnew1024.seed10086.subtreePrefetch.vllm.log,97,7,23,0.029912315402950983
/Users/jiangnanhugo/workspace/power-sharpening/Subtree-Prefetching-Power-Sharpening/case_studies/logs-entropycut/mbpp/2026-09-21/vllm/dataset-mbpp.model-qwen3.5-9b.alpha4.0.steps100.blocks-1.prefetch-budget-20.rank-accept_first.cut-entropy4.0.samples20.maxnew1024.seed10086.subtreePrefetch.vllm.log,97,8,559,0.006081673128841041
/Users/jiangnanhugo/workspace/power-sharpening/Subtree-Prefetching-Power-Sharpening/case_studies/logs-entropycut/mbpp/2026-09-21/vllm/dataset-mbpp.model-qwen3.5-9b.alpha4.0.steps100.blocks-1.prefetch-budget-20.rank-accept_first.cut-entropy4.0.samples20.maxnew1024.seed10086.subtreePrefetch.vllm.log,97,9,157,0.024382028382486036
/Users/jiangnanhugo/workspace/power-sharpening/Subtree-Prefetching-Power-Sharpening/case_studies/logs-entropycut/mbpp/2026-09-21/vllm/dataset-mbpp.model-qwen3.5-9b.alpha4.0.steps100.blocks-1.prefetch-budget-20.rank-accept_first.cut-entropy4.0.samples20.maxnew1024.seed10086.subtreePrefetch.vllm.log,97,10,60,0.0801254274223807
/Users/jiangnanhugo/workspace/power-sharpening/Subtree-Prefetching-Power-Sharpening/case_studies/logs-entropycut/mbpp/2026-09-21/vllm/dataset-mbpp.model-qwen3.5-9b.alpha4.0.steps100.blocks-1.prefetch-budget-20.rank-accept_first.cut-entropy4.0.samples20.maxnew1024.seed10086.subtreePrefetch.vllm.log,97,11,527,0.24403030845904305
/Users/jiangnanhugo/workspace/power-sharpening/Subtree-Prefetching-Power-Sharpening/case_studies/logs-entropycut/mbpp/2026-09-21/vllm/dataset-mbpp.model-qwen3.5-9b.alpha4.0.steps100.blocks-1.prefetch-budget-20.rank-accept_first.cut-entropy4.0.samples20.maxnew1024.seed10086.subtreePrefetch.vllm.log,97,12,527,0.24403030845904305
/Users/jiangnanhugo/workspace/power-sharpening/Subtree-Prefetching-Power-Sharpening/case_studies/logs-entropycut/mbpp/2026-09-21/vllm/dataset-mbpp.model-qwen3.5-9b.alpha4.0.steps100.blocks-1.prefetch-budget-20.rank-accept_first.cut-entropy4.0.samples20.maxnew1024.seed10086.subtreePrefetch.vllm.log,97,13,406,0.026262485418835545
/Users/jiangnanhugo/workspace/power-sharpening/Subtree-Prefetching-Power-Sharpening/case_studies/logs-entropycut/mbpp/2026-09-21/vllm/dataset-mbpp.model-qwen3.5-9b.alpha4.0.steps100.blocks-1.prefetch-budget-20.rank-accept_first.cut-entropy4.0.samples20.maxnew1024.seed10086.subtreePrefetch.vllm.log,97,14,60,0.0801254274223807
/Users/jiangnanhugo/workspace/power-sharpening/Subtree-Prefetching-Power-Sharpening/case_studies/logs-entropycut/mbpp/2026-09-21/vllm/dataset-mbpp.model-qwen3.5-9b.alpha4.0.steps100.blocks-1.prefetch-budget-20.rank-accept_first.cut-entropy4.0.samples20.maxnew1024.seed10086.subtreePrefetch.vllm.log,97,15,154,0.03610699325403355
/Users/jiangnanhugo/workspace/power-sharpening/Subtree-Prefetching-Power-Sharpening/case_studies/logs-entropycut/mbpp/2026-09-21/vllm/dataset-mbpp.model-qwen3.5-9b.alpha4.0.steps100.blocks-1.prefetch-budget-20.rank-accept_first.cut-entropy4.0.samples20.maxnew1024.seed10086.subtreePrefetch.vllm.log,97,16,527,0.24403030845904305
/Users/jiangnanhugo/workspace/power-sharpening/Subtree-Prefetching-Power-Sharpening/case_studies/logs-entropycut/mbpp/2026-09-21/vllm/dataset-mbpp.model-qwen3.5-9b.alpha4.0.steps100.blocks-1.prefetch-budget-20.rank-accept_first.cut-entropy4.0.samples20.maxnew1024.seed10086.subtreePrefetch.vllm.log,97,17,50,0.013680229508659195
/Users/jiangnanhugo/workspace/power-sharpening/Subtree-Prefetching-Power-Sharpening/case_studies/logs-entropycut/mbpp/2026-09-21/vllm/dataset-mbpp.model-qwen3.5-9b.alpha4.0.steps100.blocks-1.prefetch-budget-20.rank-accept_first.cut-entropy4.0.samples20.maxnew1024.seed10086.subtreePrefetch.vllm.log,97,18,28,0.02674073244706794
/Users/jiangnanhugo/workspace/power-sharpening/Subtree-Prefetching-Power-Sharpening/case_studies/logs-entropycut/mbpp/2026-09-21/vllm/dataset-mbpp.model-qwen3.5-9b.alpha4.0.steps100.blocks-1.prefetch-budget-20.rank-accept_first.cut-entropy4.0.samples20.maxnew1024.seed10086.subtreePrefetch.vllm.log,97,19,59,0.0036124183375392583
/Users/jiangnanhugo/workspace/power-sharpening/Subtree-Prefetching-Power-Sharpening/case_studies/logs-entropycut/mbpp/2026-09-21/vllm/dataset-mbpp.model-qwen3.5-9b.alpha4.0.steps100.blocks-1.prefetch-budget-20.rank-accept_first.cut-entropy4.0.samples20.maxnew1024.seed10086.subtreePrefetch.vllm.log,98,0,599,0.017878962741952026
/Users/jiangnanhugo/workspace/power-sharpening/Subtree-Prefetching-Power-Sharpening/case_studies/logs-entropycut/mbpp/2026-09-21/vllm/dataset-mbpp.model-qwen3.5-9b.alpha4.0.steps100.blocks-1.prefetch-budget-20.rank-accept_first.cut-entropy4.0.samples20.maxnew1024.seed10086.subtreePrefetch.vllm.log,98,1,60,0.11461413581379513
/Users/jiangnanhugo/workspace/power-sharpening/Subtree-Prefetching-Power-Sharpening/case_studies/logs-entropycut/mbpp/2026-09-21/vllm/dataset-mbpp.model-qwen3.5-9b.alpha4.0.steps100.blocks-1.prefetch-budget-20.rank-accept_first.cut-entropy4.0.samples20.maxnew1024.seed10086.subtreePrefetch.vllm.log,98,2,492,0.011833085297794803
/Users/jiangnanhugo/workspace/power-sharpening/Subtree-Prefetching-Power-Sharpening/case_studies/logs-entropycut/mbpp/2026-09-21/vllm/dataset-mbpp.model-qwen3.5-9b.alpha4.0.steps100.blocks-1.prefetch-budget-20.rank-accept_first.cut-entropy4.0.samples20.maxnew1024.seed10086.subtreePrefetch.vllm.log,98,3,60,0.11461413581379513
/Users/jiangnanhugo/workspace/power-sharpening/Subtree-Prefetching-Power-Sharpening/case_studies/logs-entropycut/mbpp/2026-09-21/vllm/dataset-mbpp.model-qwen3.5-9b.alpha4.0.steps100.blocks-1.prefetch-budget-20.rank-accept_first.cut-entropy4.0.samples20.maxnew1024.seed10086.subtreePrefetch.vllm.log,98,4,127,0.007483790881734006
/Users/jiangnanhugo/workspace/power-sharpening/Subtree-Prefetching-Power-Sharpening/case_studies/logs-entropycut/mbpp/2026-09-21/vllm/dataset-mbpp.model-qwen3.5-9b.alpha4.0.steps100.blocks-1.prefetch-budget-20.rank-accept_first.cut-entropy4.0.samples20.maxnew1024.seed10086.subtreePrefetch.vllm.log,98,5,157,0.03487688243726601
/Users/jiangnanhugo/workspace/power-sharpening/Subtree-Prefetching-Power-Sharpening/case_studies/logs-entropycut/mbpp/2026-09-21/vllm/dataset-mbpp.model-qwen3.5-9b.alpha4.0.steps100.blocks-1.prefetch-budget-20.rank-accept_first.cut-entropy4.0.samples20.maxnew1024.seed10086.subtreePrefetch.vllm.log,98,6,28,0.038250852932018464
/Users/jiangnanhugo/workspace/power-sharpening/Subtree-Prefetching-Power-Sharpening/case_studies/logs-entropycut/mbpp/2026-09-21/vllm/dataset-mbpp.model-qwen3.5-9b.alpha4.0.steps100.blocks-1.prefetch-budget-20.rank-accept_first.cut-entropy4.0.samples20.maxnew1024.seed10086.subtreePrefetch.vllm.log,98,7,60,0.11461413581379513
/Users/jiangnanhugo/workspace/power-sharpening/Subtree-Prefetching-Power-Sharpening/case_studies/logs-entropycut/mbpp/2026-09-21/vllm/dataset-mbpp.model-qwen3.5-9b.alpha4.0.steps100.blocks-1.prefetch-budget-20.rank-accept_first.cut-entropy4.0.samples20.maxnew1024.seed10086.subtreePrefetch.vllm.log,98,8,231,0.008955614484987641
/Users/jiangnanhugo/workspace/power-sharpening/Subtree-Prefetching-Power-Sharpening/case_studies/logs-entropycut/mbpp/2026-09-21/vllm/dataset-mbpp.model-qwen3.5-9b.alpha4.0.steps100.blocks-1.prefetch-budget-20.rank-accept_first.cut-entropy4.0.samples20.maxnew1024.seed10086.subtreePrefetch.vllm.log,98,9,28,0.038250852932018464
/Users/jiangnanhugo/workspace/power-sharpening/Subtree-Prefetching-Power-Sharpening/case_studies/logs-entropycut/mbpp/2026-09-21/vllm/dataset-mbpp.model-qwen3.5-9b.alpha4.0.steps100.blocks-1.prefetch-budget-20.rank-accept_first.cut-entropy4.0.samples20.maxnew1024.seed10086.subtreePrefetch.vllm.log,98,10,28,0.038250852932018464
/Users/jiangnanhugo/workspace/power-sharpening/Subtree-Prefetching-Power-Sharpening/case_studies/logs-entropycut/mbpp/2026-09-21/vllm/dataset-mbpp.model-qwen3.5-9b.alpha4.0.steps100.blocks-1.prefetch-budget-20.rank-accept_first.cut-entropy4.0.samples20.maxnew1024.seed10086.subtreePrefetch.vllm.log,98,11,652,0.1284808220494563
/Users/jiangnanhugo/workspace/power-sharpening/Subtree-Prefetching-Power-Sharpening/case_studies/logs-entropycut/mbpp/2026-09-21/vllm/dataset-mbpp.model-qwen3.5-9b.alpha4.0.steps100.blocks-1.prefetch-budget-20.rank-accept_first.cut-entropy4.0.samples20.maxnew1024.seed10086.subtreePrefetch.vllm.log,98,12,60,0.11461413581379513
/Users/jiangnanhugo/workspace/power-sharpening/Subtree-Prefetching-Power-Sharpening/case_studies/logs-entropycut/mbpp/2026-09-21/vllm/dataset-mbpp.model-qwen3.5-9b.alpha4.0.steps100.blocks-1.prefetch-budget-20.rank-accept_first.cut-entropy4.0.samples20.maxnew1024.seed10086.subtreePrefetch.vllm.log,98,13,23,0.04278759303243709
/Users/jiangnanhugo/workspace/power-sharpening/Subtree-Prefetching-Power-Sharpening/case_studies/logs-entropycut/mbpp/2026-09-21/vllm/dataset-mbpp.model-qwen3.5-9b.alpha4.0.steps100.blocks-1.prefetch-budget-20.rank-accept_first.cut-entropy4.0.samples20.maxnew1024.seed10086.subtreePrefetch.vllm.log,98,14,60,0.11461413581379513
/Users/jiangnanhugo/workspace/power-sharpening/Subtree-Prefetching-Power-Sharpening/case_studies/logs-entropycut/mbpp/2026-09-21/vllm/dataset-mbpp.model-qwen3.5-9b.alpha4.0.steps100.blocks-1.prefetch-budget-20.rank-accept_first.cut-entropy4.0.samples20.maxnew1024.seed10086.subtreePrefetch.vllm.log,98,15,23,0.04278759303243709
/Users/jiangnanhugo/workspace/power-sharpening/Subtree-Prefetching-Power-Sharpening/case_studies/logs-entropycut/mbpp/2026-09-21/vllm/dataset-mbpp.model-qwen3.5-9b.alpha4.0.steps100.blocks-1.prefetch-budget-20.rank-accept_first.cut-entropy4.0.samples20.maxnew1024.seed10086.subtreePrefetch.vllm.log,98,16,231,0.008955614484987641
/Users/jiangnanhugo/workspace/power-sharpening/Subtree-Prefetching-Power-Sharpening/case_studies/logs-entropycut/mbpp/2026-09-21/vllm/dataset-mbpp.model-qwen3.5-9b.alpha4.0.steps100.blocks-1.prefetch-budget-20.rank-accept_first.cut-entropy4.0.samples20.maxnew1024.seed10086.subtreePrefetch.vllm.log,98,17,154,0.05164867086237412
/Users/jiangnanhugo/workspace/power-sharpening/Subtree-Prefetching-Power-Sharpening/case_studies/logs-entropycut/mbpp/2026-09-21/vllm/dataset-mbpp.model-qwen3.5-9b.alpha4.0.steps100.blocks-1.prefetch-budget-20.rank-accept_first.cut-entropy4.0.samples20.maxnew1024.seed10086.subtreePrefetch.vllm.log,98,18,406,0.039477977631992456
/Users/jiangnanhugo/workspace/power-sharpening/Subtree-Prefetching-Power-Sharpening/case_studies/logs-entropycut/mbpp/2026-09-21/vllm/dataset-mbpp.model-qwen3.5-9b.alpha4.0.steps100.blocks-1.prefetch-budget-20.rank-accept_first.cut-entropy4.0.samples20.maxnew1024.seed10086.subtreePrefetch.vllm.log,98,19,28,0.038250852932018464
/Users/jiangnanhugo/workspace/power-sharpening/Subtree-Prefetching-Power-Sharpening/case_studies/logs-entropycut/mbpp/2026-09-21/vllm/dataset-mbpp.model-qwen3.5-9b.alpha4.0.steps100.blocks-1.prefetch-budget-20.rank-accept_first.cut-entropy4.0.samples20.maxnew1024.seed10086.subtreePrefetch.vllm.log,99,0,652,0.10899397878422795
/Users/jiangnanhugo/workspace/power-sharpening/Subtree-Prefetching-Power-Sharpening/case_studies/logs-entropycut/mbpp/2026-09-21/vllm/dataset-mbpp.model-qwen3.5-9b.alpha4.0.steps100.blocks-1.prefetch-budget-20.rank-accept_first.cut-entropy4.0.samples20.maxnew1024.seed10086.subtreePrefetch.vllm.log,99,1,828,0.1698550705030185
/Users/jiangnanhugo/workspace/power-sharpening/Subtree-Prefetching-Power-Sharpening/case_studies/logs-entropycut/mbpp/2026-09-21/vllm/dataset-mbpp.model-qwen3.5-9b.alpha4.0.steps100.blocks-1.prefetch-budget-20.rank-accept_first.cut-entropy4.0.samples20.maxnew1024.seed10086.subtreePrefetch.vllm.log,99,2,596,0.11685695304415314
/Users/jiangnanhugo/workspace/power-sharpening/Subtree-Prefetching-Power-Sharpening/case_studies/logs-entropycut/mbpp/2026-09-21/vllm/dataset-mbpp.model-qwen3.5-9b.alpha4.0.steps100.blocks-1.prefetch-budget-20.rank-accept_first.cut-entropy4.0.samples20.maxnew1024.seed10086.subtreePrefetch.vllm.log,99,3,406,0.02946087863980114
/Users/jiangnanhugo/workspace/power-sharpening/Subtree-Prefetching-Power-Sharpening/case_studies/logs-entropycut/mbpp/2026-09-21/vllm/dataset-mbpp.model-qwen3.5-9b.alpha4.0.steps100.blocks-1.prefetch-budget-20.rank-accept_first.cut-entropy4.0.samples20.maxnew1024.seed10086.subtreePrefetch.vllm.log,99,4,406,0.02946087863980114
/Users/jiangnanhugo/workspace/power-sharpening/Subtree-Prefetching-Power-Sharpening/case_studies/logs-entropycut/mbpp/2026-09-21/vllm/dataset-mbpp.model-qwen3.5-9b.alpha4.0.steps100.blocks-1.prefetch-budget-20.rank-accept_first.cut-entropy4.0.samples20.maxnew1024.seed10086.subtreePrefetch.vllm.log,99,5,23,0.031930715837791245
/Users/jiangnanhugo/workspace/power-sharpening/Subtree-Prefetching-Power-Sharpening/case_studies/logs-entropycut/mbpp/2026-09-21/vllm/dataset-mbpp.model-qwen3.5-9b.alpha4.0.steps100.blocks-1.prefetch-budget-20.rank-accept_first.cut-entropy4.0.samples20.maxnew1024.seed10086.subtreePrefetch.vllm.log,99,6,241,0.01226648292220794
/Users/jiangnanhugo/workspace/power-sharpening/Subtree-Prefetching-Power-Sharpening/case_studies/logs-entropycut/mbpp/2026-09-21/vllm/dataset-mbpp.model-qwen3.5-9b.alpha4.0.steps100.blocks-1.prefetch-budget-20.rank-accept_first.cut-entropy4.0.samples20.maxnew1024.seed10086.subtreePrefetch.vllm.log,99,7,596,0.11685695304415314
/Users/jiangnanhugo/workspace/power-sharpening/Subtree-Prefetching-Power-Sharpening/case_studies/logs-entropycut/mbpp/2026-09-21/vllm/dataset-mbpp.model-qwen3.5-9b.alpha4.0.steps100.blocks-1.prefetch-budget-20.rank-accept_first.cut-entropy4.0.samples20.maxnew1024.seed10086.subtreePrefetch.vllm.log,99,8,828,0.1698550705030185
/Users/jiangnanhugo/workspace/power-sharpening/Subtree-Prefetching-Power-Sharpening/case_studies/logs-entropycut/mbpp/2026-09-21/vllm/dataset-mbpp.model-qwen3.5-9b.alpha4.0.steps100.blocks-1.prefetch-budget-20.rank-accept_first.cut-entropy4.0.samples20.maxnew1024.seed10086.subtreePrefetch.vllm.log,99,9,64,0.00044905912333445953
/Users/jiangnanhugo/workspace/power-sharpening/Subtree-Prefetching-Power-Sharpening/case_studies/logs-entropycut/mbpp/2026-09-21/vllm/dataset-mbpp.model-qwen3.5-9b.alpha4.0.steps100.blocks-1.prefetch-budget-20.rank-accept_first.cut-entropy4.0.samples20.maxnew1024.seed10086.subtreePrefetch.vllm.log,99,10,596,0.11685695304415314
/Users/jiangnanhugo/workspace/power-sharpening/Subtree-Prefetching-Power-Sharpening/case_studies/logs-entropycut/mbpp/2026-09-21/vllm/dataset-mbpp.model-qwen3.5-9b.alpha4.0.steps100.blocks-1.prefetch-budget-20.rank-accept_first.cut-entropy4.0.samples20.maxnew1024.seed10086.subtreePrefetch.vllm.log,99,11,828,0.1698550705030185
/Users/jiangnanhugo/workspace/power-sharpening/Subtree-Prefetching-Power-Sharpening/case_studies/logs-entropycut/mbpp/2026-09-21/vllm/dataset-mbpp.model-qwen3.5-9b.alpha4.0.steps100.blocks-1.prefetch-budget-20.rank-accept_first.cut-entropy4.0.samples20.maxnew1024.seed10086.subtreePrefetch.vllm.log,99,12,596,0.11685695304415314
/Users/jiangnanhugo/workspace/power-sharpening/Subtree-Prefetching-Power-Sharpening/case_studies/logs-entropycut/mbpp/2026-09-21/vllm/dataset-mbpp.model-qwen3.5-9b.alpha4.0.steps100.blocks-1.prefetch-budget-20.rank-accept_first.cut-entropy4.0.samples20.maxnew1024.seed10086.subtreePrefetch.vllm.log,99,13,241,0.01226648292220794
/Users/jiangnanhugo/workspace/power-sharpening/Subtree-Prefetching-Power-Sharpening/case_studies/logs-entropycut/mbpp/2026-09-21/vllm/dataset-mbpp.model-qwen3.5-9b.alpha4.0.steps100.blocks-1.prefetch-budget-20.rank-accept_first.cut-entropy4.0.samples20.maxnew1024.seed10086.subtreePrefetch.vllm.log,99,14,241,0.01226648292220794
/Users/jiangnanhugo/workspace/power-sharpening/Subtree-Prefetching-Power-Sharpening/case_studies/logs-entropycut/mbpp/2026-09-21/vllm/dataset-mbpp.model-qwen3.5-9b.alpha4.0.steps100.blocks-1.prefetch-budget-20.rank-accept_first.cut-entropy4.0.samples20.maxnew1024.seed10086.subtreePrefetch.vllm.log,99,15,828,0.1698550705030185
/Users/jiangnanhugo/workspace/power-sharpening/Subtree-Prefetching-Power-Sharpening/case_studies/logs-entropycut/mbpp/2026-09-21/vllm/dataset-mbpp.model-qwen3.5-9b.alpha4.0.steps100.blocks-1.prefetch-budget-20.rank-accept_first.cut-entropy4.0.samples20.maxnew1024.seed10086.subtreePrefetch.vllm.log,99,16,492,0.008830571138736249
/Users/jiangnanhugo/workspace/power-sharpening/Subtree-Prefetching-Power-Sharpening/case_studies/logs-entropycut/mbpp/2026-09-21/vllm/dataset-mbpp.model-qwen3.5-9b.alpha4.0.steps100.blocks-1.prefetch-budget-20.rank-accept_first.cut-entropy4.0.samples20.maxnew1024.seed10086.subtreePrefetch.vllm.log,99,17,50,0.014603333615346575
/Users/jiangnanhugo/workspace/power-sharpening/Subtree-Prefetching-Power-Sharpening/case_studies/logs-entropycut/mbpp/2026-09-21/vllm/dataset-mbpp.model-qwen3.5-9b.alpha4.0.steps100.blocks-1.prefetch-budget-20.rank-accept_first.cut-entropy4.0.samples20.maxnew1024.seed10086.subtreePrefetch.vllm.log,99,18,828,0.1698550705030185
/Users/jiangnanhugo/workspace/power-sharpening/Subtree-Prefetching-Power-Sharpening/case_studies/logs-entropycut/mbpp/2026-09-21/vllm/dataset-mbpp.model-qwen3.5-9b.alpha4.0.steps100.blocks-1.prefetch-budget-20.rank-accept_first.cut-entropy4.0.samples20.maxnew1024.seed10086.subtreePrefetch.vllm.log,99,19,60,0.08553206998322839
/Users/jiangnanhugo/workspace/power-sharpening/Subtree-Prefetching-Power-Sharpening/case_studies/logs-entropycut/mbpp/2026-09-21/vllm/dataset-mbpp.model-qwen3.5-9b.alpha4.0.steps100.blocks-1.prefetch-budget-20.rank-accept_first.cut-entropy4.0.samples20.maxnew1024.seed10086.subtreePrefetch.vllm.log,100,0,154,0.03854339344248321
/Users/jiangnanhugo/workspace/power-sharpening/Subtree-Prefetching-Power-Sharpening/case_studies/logs-entropycut/mbpp/2026-09-21/vllm/dataset-mbpp.model-qwen3.5-9b.alpha4.0.steps100.blocks-1.prefetch-budget-20.rank-accept_first.cut-entropy4.0.samples20.maxnew1024.seed10086.subtreePrefetch.vllm.log,100,1,713,0.053302036485816294
/Users/jiangnanhugo/workspace/power-sharpening/Subtree-Prefetching-Power-Sharpening/case_studies/logs-entropycut/mbpp/2026-09-21/vllm/dataset-mbpp.model-qwen3.5-9b.alpha4.0.steps100.blocks-1.prefetch-budget-20.rank-accept_first.cut-entropy4.0.samples20.maxnew1024.seed10086.subtreePrefetch.vllm.log,100,2,50,0.014603333615346575
/Users/jiangnanhugo/workspace/power-sharpening/Subtree-Prefetching-Power-Sharpening/case_studies/logs-entropycut/mbpp/2026-09-21/vllm/dataset-mbpp.model-qwen3.5-9b.alpha4.0.steps100.blocks-1.prefetch-budget-20.rank-accept_first.cut-entropy4.0.samples20.maxnew1024.seed10086.subtreePrefetch.vllm.log,100,3,828,0.1698550705030185
/Users/jiangnanhugo/workspace/power-sharpening/Subtree-Prefetching-Power-Sharpening/case_studies/logs-entropycut/mbpp/2026-09-21/vllm/dataset-mbpp.model-qwen3.5-9b.alpha4.0.steps100.blocks-1.prefetch-budget-20.rank-accept_first.cut-entropy4.0.samples20.maxnew1024.seed10086.subtreePrefetch.vllm.log,100,4,23,0.031930715837791245
/Users/jiangnanhugo/workspace/power-sharpening/Subtree-Prefetching-Power-Sharpening/case_studies/logs-entropycut/mbpp/2026-09-21/vllm/dataset-mbpp.model-qwen3.5-9b.alpha4.0.steps100.blocks-1.prefetch-budget-20.rank-accept_first.cut-entropy4.0.samples20.maxnew1024.seed10086.subtreePrefetch.vllm.log,100,5,652,0.10899397878422795
/Users/jiangnanhugo/workspace/power-sharpening/Subtree-Prefetching-Power-Sharpening/case_studies/logs-entropycut/mbpp/2026-09-21/vllm/dataset-mbpp.model-qwen3.5-9b.alpha4.0.steps100.blocks-1.prefetch-budget-20.rank-accept_first.cut-entropy4.0.samples20.maxnew1024.seed10086.subtreePrefetch.vllm.log,100,6,23,0.031930715837791245
/Users/jiangnanhugo/workspace/power-sharpening/Subtree-Prefetching-Power-Sharpening/case_studies/logs-entropycut/mbpp/2026-09-21/vllm/dataset-mbpp.model-qwen3.5-9b.alpha4.0.steps100.blocks-1.prefetch-budget-20.rank-accept_first.cut-entropy4.0.samples20.maxnew1024.seed10086.subtreePrefetch.vllm.log,100,7,942,0.006103550783451665
/Users/jiangnanhugo/workspace/power-sharpening/Subtree-Prefetching-Power-Sharpening/case_studies/logs-entropycut/mbpp/2026-09-21/vllm/dataset-mbpp.model-qwen3.5-9b.alpha4.0.steps100.blocks-1.prefetch-budget-20.rank-accept_first.cut-entropy4.0.samples20.maxnew1024.seed10086.subtreePrefetch.vllm.log,100,8,466,0.01697373959793189
/Users/jiangnanhugo/workspace/power-sharpening/Subtree-Prefetching-Power-Sharpening/case_studies/logs-entropycut/mbpp/2026-09-21/vllm/dataset-mbpp.model-qwen3.5-9b.alpha4.0.steps100.blocks-1.prefetch-budget-20.rank-accept_first.cut-entropy4.0.samples20.maxnew1024.seed10086.subtreePrefetch.vllm.log,100,9,596,0.11685695304415314
/Users/jiangnanhugo/workspace/power-sharpening/Subtree-Prefetching-Power-Sharpening/case_studies/logs-entropycut/mbpp/2026-09-21/vllm/dataset-mbpp.model-qwen3.5-9b.alpha4.0.steps100.blocks-1.prefetch-budget-20.rank-accept_first.cut-entropy4.0.samples20.maxnew1024.seed10086.subtreePrefetch.vllm.log,100,10,28,0.02854512322297505
/Users/jiangnanhugo/workspace/power-sharpening/Subtree-Prefetching-Power-Sharpening/case_studies/logs-entropycut/mbpp/2026-09-21/vllm/dataset-mbpp.model-qwen3.5-9b.alpha4.0.steps100.blocks-1.prefetch-budget-20.rank-accept_first.cut-entropy4.0.samples20.maxnew1024.seed10086.subtreePrefetch.vllm.log,100,11,713,0.053302036485816294
/Users/jiangnanhugo/workspace/power-sharpening/Subtree-Prefetching-Power-Sharpening/case_studies/logs-entropycut/mbpp/2026-09-21/vllm/dataset-mbpp.model-qwen3.5-9b.alpha4.0.steps100.blocks-1.prefetch-budget-20.rank-accept_first.cut-entropy4.0.samples20.maxnew1024.seed10086.subtreePrefetch.vllm.log,100,12,596,0.11685695304415314
/Users/jiangnanhugo/workspace/power-sharpening/Subtree-Prefetching-Power-Sharpening/case_studies/logs-entropycut/mbpp/2026-09-21/vllm/dataset-mbpp.model-qwen3.5-9b.alpha4.0.steps100.blocks-1.prefetch-budget-20.rank-accept_first.cut-entropy4.0.samples20.maxnew1024.seed10086.subtreePrefetch.vllm.log,100,13,596,0.11685695304415314
/Users/jiangnanhugo/workspace/power-sharpening/Subtree-Prefetching-Power-Sharpening/case_studies/logs-entropycut/mbpp/2026-09-21/vllm/dataset-mbpp.model-qwen3.5-9b.alpha4.0.steps100.blocks-1.prefetch-budget-20.rank-accept_first.cut-entropy4.0.samples20.maxnew1024.seed10086.subtreePrefetch.vllm.log,100,14,908,0.037485224569457895
/Users/jiangnanhugo/workspace/power-sharpening/Subtree-Prefetching-Power-Sharpening/case_studies/logs-entropycut/mbpp/2026-09-21/vllm/dataset-mbpp.model-qwen3.5-9b.alpha4.0.steps100.blocks-1.prefetch-budget-20.rank-accept_first.cut-entropy4.0.samples20.maxnew1024.seed10086.subtreePrefetch.vllm.log,100,15,652,0.10899397878422795
/Users/jiangnanhugo/workspace/power-sharpening/Subtree-Prefetching-Power-Sharpening/case_studies/logs-entropycut/mbpp/2026-09-21/vllm/dataset-mbpp.model-qwen3.5-9b.alpha4.0.steps100.blocks-1.prefetch-budget-20.rank-accept_first.cut-entropy4.0.samples20.maxnew1024.seed10086.subtreePrefetch.vllm.log,100,16,767,0.005675496770789509
/Users/jiangnanhugo/workspace/power-sharpening/Subtree-Prefetching-Power-Sharpening/case_studies/logs-entropycut/mbpp/2026-09-21/vllm/dataset-mbpp.model-qwen3.5-9b.alpha4.0.steps100.blocks-1.prefetch-budget-20.rank-accept_first.cut-entropy4.0.samples20.maxnew1024.seed10086.subtreePrefetch.vllm.log,100,17,59,0.0038561743505757763
/Users/jiangnanhugo/workspace/power-sharpening/Subtree-Prefetching-Power-Sharpening/case_studies/logs-entropycut/mbpp/2026-09-21/vllm/dataset-mbpp.model-qwen3.5-9b.alpha4.0.steps100.blocks-1.prefetch-budget-20.rank-accept_first.cut-entropy4.0.samples20.maxnew1024.seed10086.subtreePrefetch.vllm.log,100,18,596,0.11685695304415314
/Users/jiangnanhugo/workspace/power-sharpening/Subtree-Prefetching-Power-Sharpening/case_studies/logs-entropycut/mbpp/2026-09-21/vllm/dataset-mbpp.model-qwen3.5-9b.alpha4.0.steps100.blocks-1.prefetch-budget-20.rank-accept_first.cut-entropy4.0.samples20.maxnew1024.seed10086.subtreePrefetch.vllm.log,100,19,713,0.053302036485816294
/Users/jiangnanhugo/workspace/power-sharpening/Subtree-Prefetching-Power-Sharpening/case_studies/logs-entropycut/mbpp/2026-09-21/vllm/dataset-mbpp.model-qwen3.5-9b.alpha4.0.steps100.blocks-1.prefetch-budget-20.rank-accept_first.cut-entropy4.0.samples20.maxnew1024.seed10086.subtreePrefetch.vllm.log,101,0,59,0.005982765650496412
/Users/jiangnanhugo/workspace/power-sharpening/Subtree-Prefetching-Power-Sharpening/case_studies/logs-entropycut/mbpp/2026-09-21/vllm/dataset-mbpp.model-qwen3.5-9b.alpha4.0.steps100.blocks-1.prefetch-budget-20.rank-accept_first.cut-entropy4.0.samples20.maxnew1024.seed10086.subtreePrefetch.vllm.log,101,1,60,0.13537212712295169
/Users/jiangnanhugo/workspace/power-sharpening/Subtree-Prefetching-Power-Sharpening/case_studies/logs-entropycut/mbpp/2026-09-21/vllm/dataset-mbpp.model-qwen3.5-9b.alpha4.0.steps100.blocks-1.prefetch-budget-20.rank-accept_first.cut-entropy4.0.samples20.maxnew1024.seed10086.subtreePrefetch.vllm.log,101,2,569,0.11660324519408438
/Users/jiangnanhugo/workspace/power-sharpening/Subtree-Prefetching-Power-Sharpening/case_studies/logs-entropycut/mbpp/2026-09-21/vllm/dataset-mbpp.model-qwen3.5-9b.alpha4.0.steps100.blocks-1.prefetch-budget-20.rank-accept_first.cut-entropy4.0.samples20.maxnew1024.seed10086.subtreePrefetch.vllm.log,101,3,23,0.0501442353024882
/Users/jiangnanhugo/workspace/power-sharpening/Subtree-Prefetching-Power-Sharpening/case_studies/logs-entropycut/mbpp/2026-09-21/vllm/dataset-mbpp.model-qwen3.5-9b.alpha4.0.steps100.blocks-1.prefetch-budget-20.rank-accept_first.cut-entropy4.0.samples20.maxnew1024.seed10086.subtreePrefetch.vllm.log,101,4,23,0.0501442353024882
/Users/jiangnanhugo/workspace/power-sharpening/Subtree-Prefetching-Power-Sharpening/case_studies/logs-entropycut/mbpp/2026-09-21/vllm/dataset-mbpp.model-qwen3.5-9b.alpha4.0.steps100.blocks-1.prefetch-budget-20.rank-accept_first.cut-entropy4.0.samples20.maxnew1024.seed10086.subtreePrefetch.vllm.log,101,5,184,0.008213923442921624
/Users/jiangnanhugo/workspace/power-sharpening/Subtree-Prefetching-Power-Sharpening/case_studies/logs-entropycut/mbpp/2026-09-21/vllm/dataset-mbpp.model-qwen3.5-9b.alpha4.0.steps100.blocks-1.prefetch-budget-20.rank-accept_first.cut-entropy4.0.samples20.maxnew1024.seed10086.subtreePrefetch.vllm.log,101,6,23,0.0501442353024882
/Users/jiangnanhugo/workspace/power-sharpening/Subtree-Prefetching-Power-Sharpening/case_studies/logs-entropycut/mbpp/2026-09-21/vllm/dataset-mbpp.model-qwen3.5-9b.alpha4.0.steps100.blocks-1.prefetch-budget-20.rank-accept_first.cut-entropy4.0.samples20.maxnew1024.seed10086.subtreePrefetch.vllm.log,101,7,569,0.11660324519408438
/Users/jiangnanhugo/workspace/power-sharpening/Subtree-Prefetching-Power-Sharpening/case_studies/logs-entropycut/mbpp/2026-09-21/vllm/dataset-mbpp.model-qwen3.5-9b.alpha4.0.steps100.blocks-1.prefetch-budget-20.rank-accept_first.cut-entropy4.0.samples20.maxnew1024.seed10086.subtreePrefetch.vllm.log,101,8,127,0.056099186092379696
/Users/jiangnanhugo/workspace/power-sharpening/Subtree-Prefetching-Power-Sharpening/case_studies/logs-entropycut/mbpp/2026-09-21/vllm/dataset-mbpp.model-qwen3.5-9b.alpha4.0.steps100.blocks-1.prefetch-budget-20.rank-accept_first.cut-entropy4.0.samples20.maxnew1024.seed10086.subtreePrefetch.vllm.log,101,9,23,0.0501442353024882
/Users/jiangnanhugo/workspace/power-sharpening/Subtree-Prefetching-Power-Sharpening/case_studies/logs-entropycut/mbpp/2026-09-21/vllm/dataset-mbpp.model-qwen3.5-9b.alpha4.0.steps100.blocks-1.prefetch-budget-20.rank-accept_first.cut-entropy4.0.samples20.maxnew1024.seed10086.subtreePrefetch.vllm.log,101,10,60,0.13537212712295169
/Users/jiangnanhugo/workspace/power-sharpening/Subtree-Prefetching-Power-Sharpening/case_studies/logs-entropycut/mbpp/2026-09-21/vllm/dataset-mbpp.model-qwen3.5-9b.alpha4.0.steps100.blocks-1.prefetch-budget-20.rank-accept_first.cut-entropy4.0.samples20.maxnew1024.seed10086.subtreePrefetch.vllm.log,101,11,28,0.044827475303177995
/Users/jiangnanhugo/workspace/power-sharpening/Subtree-Prefetching-Power-Sharpening/case_studies/logs-entropycut/mbpp/2026-09-21/vllm/dataset-mbpp.model-qwen3.5-9b.alpha4.0.steps100.blocks-1.prefetch-budget-20.rank-accept_first.cut-entropy4.0.samples20.maxnew1024.seed10086.subtreePrefetch.vllm.log,101,12,28,0.044827475303177995
/Users/jiangnanhugo/workspace/power-sharpening/Subtree-Prefetching-Power-Sharpening/case_studies/logs-entropycut/mbpp/2026-09-21/vllm/dataset-mbpp.model-qwen3.5-9b.alpha4.0.steps100.blocks-1.prefetch-budget-20.rank-accept_first.cut-entropy4.0.samples20.maxnew1024.seed10086.subtreePrefetch.vllm.log,101,13,742,0.006796850566834324
/Users/jiangnanhugo/workspace/power-sharpening/Subtree-Prefetching-Power-Sharpening/case_studies/logs-entropycut/mbpp/2026-09-21/vllm/dataset-mbpp.model-qwen3.5-9b.alpha4.0.steps100.blocks-1.prefetch-budget-20.rank-accept_first.cut-entropy4.0.samples20.maxnew1024.seed10086.subtreePrefetch.vllm.log,101,14,23,0.0501442353024882
/Users/jiangnanhugo/workspace/power-sharpening/Subtree-Prefetching-Power-Sharpening/case_studies/logs-entropycut/mbpp/2026-09-21/vllm/dataset-mbpp.model-qwen3.5-9b.alpha4.0.steps100.blocks-1.prefetch-budget-20.rank-accept_first.cut-entropy4.0.samples20.maxnew1024.seed10086.subtreePrefetch.vllm.log,101,15,173,0.031418774363173974
/Users/jiangnanhugo/workspace/power-sharpening/Subtree-Prefetching-Power-Sharpening/case_studies/logs-entropycut/mbpp/2026-09-21/vllm/dataset-mbpp.model-qwen3.5-9b.alpha4.0.steps100.blocks-1.prefetch-budget-20.rank-accept_first.cut-entropy4.0.samples20.maxnew1024.seed10086.subtreePrefetch.vllm.log,101,16,60,0.13537212712295169
/Users/jiangnanhugo/workspace/power-sharpening/Subtree-Prefetching-Power-Sharpening/case_studies/logs-entropycut/mbpp/2026-09-21/vllm/dataset-mbpp.model-qwen3.5-9b.alpha4.0.steps100.blocks-1.prefetch-budget-20.rank-accept_first.cut-entropy4.0.samples20.maxnew1024.seed10086.subtreePrefetch.vllm.log,101,17,60,0.13537212712295169
/Users/jiangnanhugo/workspace/power-sharpening/Subtree-Prefetching-Power-Sharpening/case_studies/logs-entropycut/mbpp/2026-09-21/vllm/dataset-mbpp.model-qwen3.5-9b.alpha4.0.steps100.blocks-1.prefetch-budget-20.rank-accept_first.cut-entropy4.0.samples20.maxnew1024.seed10086.subtreePrefetch.vllm.log,101,18,840,0.05167207853976555
/Users/jiangnanhugo/workspace/power-sharpening/Subtree-Prefetching-Power-Sharpening/case_studies/logs-entropycut/mbpp/2026-09-21/vllm/dataset-mbpp.model-qwen3.5-9b.alpha4.0.steps100.blocks-1.prefetch-budget-20.rank-accept_first.cut-entropy4.0.samples20.maxnew1024.seed10086.subtreePrefetch.vllm.log,101,19,144,0.011497188563367514
/Users/jiangnanhugo/workspace/power-sharpening/Subtree-Prefetching-Power-Sharpening/case_studies/logs-entropycut/mbpp/2026-09-21/vllm/dataset-mbpp.model-qwen3.5-9b.alpha4.0.steps100.blocks-1.prefetch-budget-20.rank-accept_first.cut-entropy4.0.samples20.maxnew1024.seed10086.subtreePrefetch.vllm.log,102,0,326,0.08160937314336061
/Users/jiangnanhugo/workspace/power-sharpening/Subtree-Prefetching-Power-Sharpening/case_studies/logs-entropycut/mbpp/2026-09-21/vllm/dataset-mbpp.model-qwen3.5-9b.alpha4.0.steps100.blocks-1.prefetch-budget-20.rank-accept_first.cut-entropy4.0.samples20.maxnew1024.seed10086.subtreePrefetch.vllm.log,102,1,255,0.0948942597029593
/Users/jiangnanhugo/workspace/power-sharpening/Subtree-Prefetching-Power-Sharpening/case_studies/logs-entropycut/mbpp/2026-09-21/vllm/dataset-mbpp.model-qwen3.5-9b.alpha4.0.steps100.blocks-1.prefetch-budget-20.rank-accept_first.cut-entropy4.0.samples20.maxnew1024.seed10086.subtreePrefetch.vllm.log,102,2,86,0.09357411504419307
/Users/jiangnanhugo/workspace/power-sharpening/Subtree-Prefetching-Power-Sharpening/case_studies/logs-entropycut/mbpp/2026-09-21/vllm/dataset-mbpp.model-qwen3.5-9b.alpha4.0.steps100.blocks-1.prefetch-budget-20.rank-accept_first.cut-entropy4.0.samples20.maxnew1024.seed10086.subtreePrefetch.vllm.log,102,3,28,0.04317927592999283
/Users/jiangnanhugo/workspace/power-sharpening/Subtree-Prefetching-Power-Sharpening/case_studies/logs-entropycut/mbpp/2026-09-21/vllm/dataset-mbpp.model-qwen3.5-9b.alpha4.0.steps100.blocks-1.prefetch-budget-20.rank-accept_first.cut-entropy4.0.samples20.maxnew1024.seed10086.subtreePrefetch.vllm.log,102,4,326,0.08160937314336061
/Users/jiangnanhugo/workspace/power-sharpening/Subtree-Prefetching-Power-Sharpening/case_studies/logs-entropycut/mbpp/2026-09-21/vllm/dataset-mbpp.model-qwen3.5-9b.alpha4.0.steps100.blocks-1.prefetch-budget-20.rank-accept_first.cut-entropy4.0.samples20.maxnew1024.seed10086.subtreePrefetch.vllm.log,102,5,84,0.2611016219837633
/Users/jiangnanhugo/workspace/power-sharpening/Subtree-Prefetching-Power-Sharpening/case_studies/logs-entropycut/mbpp/2026-09-21/vllm/dataset-mbpp.model-qwen3.5-9b.alpha4.0.steps100.blocks-1.prefetch-budget-20.rank-accept_first.cut-entropy4.0.samples20.maxnew1024.seed10086.subtreePrefetch.vllm.log,102,6,84,0.2611016219837633
/Users/jiangnanhugo/workspace/power-sharpening/Subtree-Prefetching-Power-Sharpening/case_studies/logs-entropycut/mbpp/2026-09-21/vllm/dataset-mbpp.model-qwen3.5-9b.alpha4.0.steps100.blocks-1.prefetch-budget-20.rank-accept_first.cut-entropy4.0.samples20.maxnew1024.seed10086.subtreePrefetch.vllm.log,102,7,86,0.09357411504419307
/Users/jiangnanhugo/workspace/power-sharpening/Subtree-Prefetching-Power-Sharpening/case_studies/logs-entropycut/mbpp/2026-09-21/vllm/dataset-mbpp.model-qwen3.5-9b.alpha4.0.steps100.blocks-1.prefetch-budget-20.rank-accept_first.cut-entropy4.0.samples20.maxnew1024.seed10086.subtreePrefetch.vllm.log,102,8,84,0.2611016219837633
/Users/jiangnanhugo/workspace/power-sharpening/Subtree-Prefetching-Power-Sharpening/case_studies/logs-entropycut/mbpp/2026-09-21/vllm/dataset-mbpp.model-qwen3.5-9b.alpha4.0.steps100.blocks-1.prefetch-budget-20.rank-accept_first.cut-entropy4.0.samples20.maxnew1024.seed10086.subtreePrefetch.vllm.log,102,9,421,0.09862779143679835
/Users/jiangnanhugo/workspace/power-sharpening/Subtree-Prefetching-Power-Sharpening/case_studies/logs-entropycut/mbpp/2026-09-21/vllm/dataset-mbpp.model-qwen3.5-9b.alpha4.0.steps100.blocks-1.prefetch-budget-20.rank-accept_first.cut-entropy4.0.samples20.maxnew1024.seed10086.subtreePrefetch.vllm.log,102,10,255,0.0948942597029593
/Users/jiangnanhugo/workspace/power-sharpening/Subtree-Prefetching-Power-Sharpening/case_studies/logs-entropycut/mbpp/2026-09-21/vllm/dataset-mbpp.model-qwen3.5-9b.alpha4.0.steps100.blocks-1.prefetch-budget-20.rank-accept_first.cut-entropy4.0.samples20.maxnew1024.seed10086.subtreePrefetch.vllm.log,102,11,86,0.09357411504419307
/Users/jiangnanhugo/workspace/power-sharpening/Subtree-Prefetching-Power-Sharpening/case_studies/logs-entropycut/mbpp/2026-09-21/vllm/dataset-mbpp.model-qwen3.5-9b.alpha4.0.steps100.blocks-1.prefetch-budget-20.rank-accept_first.cut-entropy4.0.samples20.maxnew1024.seed10086.subtreePrefetch.vllm.log,102,12,84,0.2611016219837633
/Users/jiangnanhugo/workspace/power-sharpening/Subtree-Prefetching-Power-Sharpening/case_studies/logs-entropycut/mbpp/2026-09-21/vllm/dataset-mbpp.model-qwen3.5-9b.alpha4.0.steps100.blocks-1.prefetch-budget-20.rank-accept_first.cut-entropy4.0.samples20.maxnew1024.seed10086.subtreePrefetch.vllm.log,102,13,28,0.04317927592999283
/Users/jiangnanhugo/workspace/power-sharpening/Subtree-Prefetching-Power-Sharpening/case_studies/logs-entropycut/mbpp/2026-09-21/vllm/dataset-mbpp.model-qwen3.5-9b.alpha4.0.steps100.blocks-1.prefetch-budget-20.rank-accept_first.cut-entropy4.0.samples20.maxnew1024.seed10086.subtreePrefetch.vllm.log,102,14,65,0.0016492897541772788
/Users/jiangnanhugo/workspace/power-sharpening/Subtree-Prefetching-Power-Sharpening/case_studies/logs-entropycut/mbpp/2026-09-21/vllm/dataset-mbpp.model-qwen3.5-9b.alpha4.0.steps100.blocks-1.prefetch-budget-20.rank-accept_first.cut-entropy4.0.samples20.maxnew1024.seed10086.subtreePrefetch.vllm.log,102,15,160,0.019121163075180633
/Users/jiangnanhugo/workspace/power-sharpening/Subtree-Prefetching-Power-Sharpening/case_studies/logs-entropycut/mbpp/2026-09-21/vllm/dataset-mbpp.model-qwen3.5-9b.alpha4.0.steps100.blocks-1.prefetch-budget-20.rank-accept_first.cut-entropy4.0.samples20.maxnew1024.seed10086.subtreePrefetch.vllm.log,102,16,23,0.04830055134225074
/Users/jiangnanhugo/workspace/power-sharpening/Subtree-Prefetching-Power-Sharpening/case_studies/logs-entropycut/mbpp/2026-09-21/vllm/dataset-mbpp.model-qwen3.5-9b.alpha4.0.steps100.blocks-1.prefetch-budget-20.rank-accept_first.cut-entropy4.0.samples20.maxnew1024.seed10086.subtreePrefetch.vllm.log,102,17,84,0.2611016219837633
/Users/jiangnanhugo/workspace/power-sharpening/Subtree-Prefetching-Power-Sharpening/case_studies/logs-entropycut/mbpp/2026-09-21/vllm/dataset-mbpp.model-qwen3.5-9b.alpha4.0.steps100.blocks-1.prefetch-budget-20.rank-accept_first.cut-entropy4.0.samples20.maxnew1024.seed10086.subtreePrefetch.vllm.log,102,18,50,0.022001290277030464
/Users/jiangnanhugo/workspace/power-sharpening/Subtree-Prefetching-Power-Sharpening/case_studies/logs-entropycut/mbpp/2026-09-21/vllm/dataset-mbpp.model-qwen3.5-9b.alpha4.0.steps100.blocks-1.prefetch-budget-20.rank-accept_first.cut-entropy4.0.samples20.maxnew1024.seed10086.subtreePrefetch.vllm.log,102,19,326,0.08160937314336061
/Users/jiangnanhugo/workspace/power-sharpening/Subtree-Prefetching-Power-Sharpening/case_studies/logs-entropycut/mbpp/2026-09-21/vllm/dataset-mbpp.model-qwen3.5-9b.alpha4.0.steps100.blocks-1.prefetch-budget-20.rank-accept_first.cut-entropy4.0.samples20.maxnew1024.seed10086.subtreePrefetch.vllm.log,103,0,407,0.008770902770831842
/Users/jiangnanhugo/workspace/power-sharpening/Subtree-Prefetching-Power-Sharpening/case_studies/logs-entropycut/mbpp/2026-09-21/vllm/dataset-mbpp.model-qwen3.5-9b.alpha4.0.steps100.blocks-1.prefetch-budget-20.rank-accept_first.cut-entropy4.0.samples20.maxnew1024.seed10086.subtreePrefetch.vllm.log,103,1,86,0.1581036982761813
/Users/jiangnanhugo/workspace/power-sharpening/Subtree-Prefetching-Power-Sharpening/case_studies/logs-entropycut/mbpp/2026-09-21/vllm/dataset-mbpp.model-qwen3.5-9b.alpha4.0.steps100.blocks-1.prefetch-budget-20.rank-accept_first.cut-entropy4.0.samples20.maxnew1024.seed10086.subtreePrefetch.vllm.log,103,2,84,0.40028674238246165
/Users/jiangnanhugo/workspace/power-sharpening/Subtree-Prefetching-Power-Sharpening/case_studies/logs-entropycut/mbpp/2026-09-21/vllm/dataset-mbpp.model-qwen3.5-9b.alpha4.0.steps100.blocks-1.prefetch-budget-20.rank-accept_first.cut-entropy4.0.samples20.maxnew1024.seed10086.subtreePrefetch.vllm.log,103,3,84,0.40028674238246165
/Users/jiangnanhugo/workspace/power-sharpening/Subtree-Prefetching-Power-Sharpening/case_studies/logs-entropycut/mbpp/2026-09-21/vllm/dataset-mbpp.model-qwen3.5-9b.alpha4.0.steps100.blocks-1.prefetch-budget-20.rank-accept_first.cut-entropy4.0.samples20.maxnew1024.seed10086.subtreePrefetch.vllm.log,103,4,50,0.03673590052820022
/Users/jiangnanhugo/workspace/power-sharpening/Subtree-Prefetching-Power-Sharpening/case_studies/logs-entropycut/mbpp/2026-09-21/vllm/dataset-mbpp.model-qwen3.5-9b.alpha4.0.steps100.blocks-1.prefetch-budget-20.rank-accept_first.cut-entropy4.0.samples20.maxnew1024.seed10086.subtreePrefetch.vllm.log,103,5,255,0.1539324867238975
/Users/jiangnanhugo/workspace/power-sharpening/Subtree-Prefetching-Power-Sharpening/case_studies/logs-entropycut/mbpp/2026-09-21/vllm/dataset-mbpp.model-qwen3.5-9b.alpha4.0.steps100.blocks-1.prefetch-budget-20.rank-accept_first.cut-entropy4.0.samples20.maxnew1024.seed10086.subtreePrefetch.vllm.log,103,6,260,0.0018058232281685498
/Users/jiangnanhugo/workspace/power-sharpening/Subtree-Prefetching-Power-Sharpening/case_studies/logs-entropycut/mbpp/2026-09-21/vllm/dataset-mbpp.model-qwen3.5-9b.alpha4.0.steps100.blocks-1.prefetch-budget-20.rank-accept_first.cut-entropy4.0.samples20.maxnew1024.seed10086.subtreePrefetch.vllm.log,103,7,84,0.40028674238246165
/Users/jiangnanhugo/workspace/power-sharpening/Subtree-Prefetching-Power-Sharpening/case_studies/logs-entropycut/mbpp/2026-09-21/vllm/dataset-mbpp.model-qwen3.5-9b.alpha4.0.steps100.blocks-1.prefetch-budget-20.rank-accept_first.cut-entropy4.0.samples20.maxnew1024.seed10086.subtreePrefetch.vllm.log,103,8,84,0.40028674238246165
/Users/jiangnanhugo/workspace/power-sharpening/Subtree-Prefetching-Power-Sharpening/case_studies/logs-entropycut/mbpp/2026-09-21/vllm/dataset-mbpp.model-qwen3.5-9b.alpha4.0.steps100.blocks-1.prefetch-budget-20.rank-accept_first.cut-entropy4.0.samples20.maxnew1024.seed10086.subtreePrefetch.vllm.log,103,9,50,0.03673590052820022
/Users/jiangnanhugo/workspace/power-sharpening/Subtree-Prefetching-Power-Sharpening/case_studies/logs-entropycut/mbpp/2026-09-21/vllm/dataset-mbpp.model-qwen3.5-9b.alpha4.0.steps100.blocks-1.prefetch-budget-20.rank-accept_first.cut-entropy4.0.samples20.maxnew1024.seed10086.subtreePrefetch.vllm.log,103,10,255,0.1539324867238975
/Users/jiangnanhugo/workspace/power-sharpening/Subtree-Prefetching-Power-Sharpening/case_studies/logs-entropycut/mbpp/2026-09-21/vllm/dataset-mbpp.model-qwen3.5-9b.alpha4.0.steps100.blocks-1.prefetch-budget-20.rank-accept_first.cut-entropy4.0.samples20.maxnew1024.seed10086.subtreePrefetch.vllm.log,103,11,23,0.0767074436663948
/Users/jiangnanhugo/workspace/power-sharpening/Subtree-Prefetching-Power-Sharpening/case_studies/logs-entropycut/mbpp/2026-09-21/vllm/dataset-mbpp.model-qwen3.5-9b.alpha4.0.steps100.blocks-1.prefetch-budget-20.rank-accept_first.cut-entropy4.0.samples20.maxnew1024.seed10086.subtreePrefetch.vllm.log,103,12,84,0.40028674238246165
/Users/jiangnanhugo/workspace/power-sharpening/Subtree-Prefetching-Power-Sharpening/case_studies/logs-entropycut/mbpp/2026-09-21/vllm/dataset-mbpp.model-qwen3.5-9b.alpha4.0.steps100.blocks-1.prefetch-budget-20.rank-accept_first.cut-entropy4.0.samples20.maxnew1024.seed10086.subtreePrefetch.vllm.log,103,13,23,0.0767074436663948
/Users/jiangnanhugo/workspace/power-sharpening/Subtree-Prefetching-Power-Sharpening/case_studies/logs-entropycut/mbpp/2026-09-21/vllm/dataset-mbpp.model-qwen3.5-9b.alpha4.0.steps100.blocks-1.prefetch-budget-20.rank-accept_first.cut-entropy4.0.samples20.maxnew1024.seed10086.subtreePrefetch.vllm.log,103,14,86,0.1581036982761813
/Users/jiangnanhugo/workspace/power-sharpening/Subtree-Prefetching-Power-Sharpening/case_studies/logs-entropycut/mbpp/2026-09-21/vllm/dataset-mbpp.model-qwen3.5-9b.alpha4.0.steps100.blocks-1.prefetch-budget-20.rank-accept_first.cut-entropy4.0.samples20.maxnew1024.seed10086.subtreePrefetch.vllm.log,103,15,84,0.40028674238246165
/Users/jiangnanhugo/workspace/power-sharpening/Subtree-Prefetching-Power-Sharpening/case_studies/logs-entropycut/mbpp/2026-09-21/vllm/dataset-mbpp.model-qwen3.5-9b.alpha4.0.steps100.blocks-1.prefetch-budget-20.rank-accept_first.cut-entropy4.0.samples20.maxnew1024.seed10086.subtreePrefetch.vllm.log,103,16,28,0.06616601671311564
/Users/jiangnanhugo/workspace/power-sharpening/Subtree-Prefetching-Power-Sharpening/case_studies/logs-entropycut/mbpp/2026-09-21/vllm/dataset-mbpp.model-qwen3.5-9b.alpha4.0.steps100.blocks-1.prefetch-budget-20.rank-accept_first.cut-entropy4.0.samples20.maxnew1024.seed10086.subtreePrefetch.vllm.log,103,17,84,0.40028674238246165
/Users/jiangnanhugo/workspace/power-sharpening/Subtree-Prefetching-Power-Sharpening/case_studies/logs-entropycut/mbpp/2026-09-21/vllm/dataset-mbpp.model-qwen3.5-9b.alpha4.0.steps100.blocks-1.prefetch-budget-20.rank-accept_first.cut-entropy4.0.samples20.maxnew1024.seed10086.subtreePrefetch.vllm.log,103,18,84,0.40028674238246165
/Users/jiangnanhugo/workspace/power-sharpening/Subtree-Prefetching-Power-Sharpening/case_studies/logs-entropycut/mbpp/2026-09-21/vllm/dataset-mbpp.model-qwen3.5-9b.alpha4.0.steps100.blocks-1.prefetch-budget-20.rank-accept_first.cut-entropy4.0.samples20.maxnew1024.seed10086.subtreePrefetch.vllm.log,103,19,84,0.40028674238246165
/Users/jiangnanhugo/workspace/power-sharpening/Subtree-Prefetching-Power-Sharpening/case_studies/logs-entropycut/mbpp/2026-09-21/vllm/dataset-mbpp.model-qwen3.5-9b.alpha4.0.steps100.blocks-1.prefetch-budget-20.rank-accept_first.cut-entropy4.0.samples20.maxnew1024.seed10086.subtreePrefetch.vllm.log,104,0,84,0.40028674238246165
/Users/jiangnanhugo/workspace/power-sharpening/Subtree-Prefetching-Power-Sharpening/case_studies/logs-entropycut/mbpp/2026-09-21/vllm/dataset-mbpp.model-qwen3.5-9b.alpha4.0.steps100.blocks-1.prefetch-budget-20.rank-accept_first.cut-entropy4.0.samples20.maxnew1024.seed10086.subtreePrefetch.vllm.log,104,1,84,0.40028674238246165
/Users/jiangnanhugo/workspace/power-sharpening/Subtree-Prefetching-Power-Sharpening/case_studies/logs-entropycut/mbpp/2026-09-21/vllm/dataset-mbpp.model-qwen3.5-9b.alpha4.0.steps100.blocks-1.prefetch-budget-20.rank-accept_first.cut-entropy4.0.samples20.maxnew1024.seed10086.subtreePrefetch.vllm.log,104,2,28,0.06616601671311564
/Users/jiangnanhugo/workspace/power-sharpening/Subtree-Prefetching-Power-Sharpening/case_studies/logs-entropycut/mbpp/2026-09-21/vllm/dataset-mbpp.model-qwen3.5-9b.alpha4.0.steps100.blocks-1.prefetch-budget-20.rank-accept_first.cut-entropy4.0.samples20.maxnew1024.seed10086.subtreePrefetch.vllm.log,104,3,28,0.06616601671311564
/Users/jiangnanhugo/workspace/power-sharpening/Subtree-Prefetching-Power-Sharpening/case_studies/logs-entropycut/mbpp/2026-09-21/vllm/dataset-mbpp.model-qwen3.5-9b.alpha4.0.steps100.blocks-1.prefetch-budget-20.rank-accept_first.cut-entropy4.0.samples20.maxnew1024.seed10086.subtreePrefetch.vllm.log,104,4,255,0.1539324867238975
/Users/jiangnanhugo/workspace/power-sharpening/Subtree-Prefetching-Power-Sharpening/case_studies/logs-entropycut/mbpp/2026-09-21/vllm/dataset-mbpp.model-qwen3.5-9b.alpha4.0.steps100.blocks-1.prefetch-budget-20.rank-accept_first.cut-entropy4.0.samples20.maxnew1024.seed10086.subtreePrefetch.vllm.log,104,5,84,0.40028674238246165
/Users/jiangnanhugo/workspace/power-sharpening/Subtree-Prefetching-Power-Sharpening/case_studies/logs-entropycut/mbpp/2026-09-21/vllm/dataset-mbpp.model-qwen3.5-9b.alpha4.0.steps100.blocks-1.prefetch-budget-20.rank-accept_first.cut-entropy4.0.samples20.maxnew1024.seed10086.subtreePrefetch.vllm.log,104,6,23,0.0767074436663948
/Users/jiangnanhugo/workspace/power-sharpening/Subtree-Prefetching-Power-Sharpening/case_studies/logs-entropycut/mbpp/2026-09-21/vllm/dataset-mbpp.model-qwen3.5-9b.alpha4.0.steps100.blocks-1.prefetch-budget-20.rank-accept_first.cut-entropy4.0.samples20.maxnew1024.seed10086.subtreePrefetch.vllm.log,104,7,28,0.06616601671311564
/Users/jiangnanhugo/workspace/power-sharpening/Subtree-Prefetching-Power-Sharpening/case_studies/logs-entropycut/mbpp/2026-09-21/vllm/dataset-mbpp.model-qwen3.5-9b.alpha4.0.steps100.blocks-1.prefetch-budget-20.rank-accept_first.cut-entropy4.0.samples20.maxnew1024.seed10086.subtreePrefetch.vllm.log,104,8,84,0.40028674238246165
/Users/jiangnanhugo/workspace/power-sharpening/Subtree-Prefetching-Power-Sharpening/case_studies/logs-entropycut/mbpp/2026-09-21/vllm/dataset-mbpp.model-qwen3.5-9b.alpha4.0.steps100.blocks-1.prefetch-budget-20.rank-accept_first.cut-entropy4.0.samples20.maxnew1024.seed10086.subtreePrefetch.vllm.log,104,9,84,0.40028674238246165
/Users/jiangnanhugo/workspace/power-sharpening/Subtree-Prefetching-Power-Sharpening/case_studies/logs-entropycut/mbpp/2026-09-21/vllm/dataset-mbpp.model-qwen3.5-9b.alpha4.0.steps100.blocks-1.prefetch-budget-20.rank-accept_first.cut-entropy4.0.samples20.maxnew1024.seed10086.subtreePrefetch.vllm.log,104,10,84,0.40028674238246165
/Users/jiangnanhugo/workspace/power-sharpening/Subtree-Prefetching-Power-Sharpening/case_studies/logs-entropycut/mbpp/2026-09-21/vllm/dataset-mbpp.model-qwen3.5-9b.alpha4.0.steps100.blocks-1.prefetch-budget-20.rank-accept_first.cut-entropy4.0.samples20.maxnew1024.seed10086.subtreePrefetch.vllm.log,104,11,84,0.40028674238246165
/Users/jiangnanhugo/workspace/power-sharpening/Subtree-Prefetching-Power-Sharpening/case_studies/logs-entropycut/mbpp/2026-09-21/vllm/dataset-mbpp.model-qwen3.5-9b.alpha4.0.steps100.blocks-1.prefetch-budget-20.rank-accept_first.cut-entropy4.0.samples20.maxnew1024.seed10086.subtreePrefetch.vllm.log,104,12,50,0.03673590052820022
/Users/jiangnanhugo/workspace/power-sharpening/Subtree-Prefetching-Power-Sharpening/case_studies/logs-entropycut/mbpp/2026-09-21/vllm/dataset-mbpp.model-qwen3.5-9b.alpha4.0.steps100.blocks-1.prefetch-budget-20.rank-accept_first.cut-entropy4.0.samples20.maxnew1024.seed10086.subtreePrefetch.vllm.log,104,13,23,0.0767074436663948
/Users/jiangnanhugo/workspace/power-sharpening/Subtree-Prefetching-Power-Sharpening/case_studies/logs-entropycut/mbpp/2026-09-21/vllm/dataset-mbpp.model-qwen3.5-9b.alpha4.0.steps100.blocks-1.prefetch-budget-20.rank-accept_first.cut-entropy4.0.samples20.maxnew1024.seed10086.subtreePrefetch.vllm.log,104,14,160,0.013712200038996413
/Users/jiangnanhugo/workspace/power-sharpening/Subtree-Prefetching-Power-Sharpening/case_studies/logs-entropycut/mbpp/2026-09-21/vllm/dataset-mbpp.model-qwen3.5-9b.alpha4.0.steps100.blocks-1.prefetch-budget-20.rank-accept_first.cut-entropy4.0.samples20.maxnew1024.seed10086.subtreePrefetch.vllm.log,104,15,23,0.0767074436663948
/Users/jiangnanhugo/workspace/power-sharpening/Subtree-Prefetching-Power-Sharpening/case_studies/logs-entropycut/mbpp/2026-09-21/vllm/dataset-mbpp.model-qwen3.5-9b.alpha4.0.steps100.blocks-1.prefetch-budget-20.rank-accept_first.cut-entropy4.0.samples20.maxnew1024.seed10086.subtreePrefetch.vllm.log,104,16,84,0.40028674238246165
/Users/jiangnanhugo/workspace/power-sharpening/Subtree-Prefetching-Power-Sharpening/case_studies/logs-entropycut/mbpp/2026-09-21/vllm/dataset-mbpp.model-qwen3.5-9b.alpha4.0.steps100.blocks-1.prefetch-budget-20.rank-accept_first.cut-entropy4.0.samples20.maxnew1024.seed10086.subtreePrefetch.vllm.log,104,17,23,0.0767074436663948
/Users/jiangnanhugo/workspace/power-sharpening/Subtree-Prefetching-Power-Sharpening/case_studies/logs-entropycut/mbpp/2026-09-21/vllm/dataset-mbpp.model-qwen3.5-9b.alpha4.0.steps100.blocks-1.prefetch-budget-20.rank-accept_first.cut-entropy4.0.samples20.maxnew1024.seed10086.subtreePrefetch.vllm.log,104,18,59,0.008900898847960664
/Users/jiangnanhugo/workspace/power-sharpening/Subtree-Prefetching-Power-Sharpening/case_studies/logs-entropycut/mbpp/2026-09-21/vllm/dataset-mbpp.model-qwen3.5-9b.alpha4.0.steps100.blocks-1.prefetch-budget-20.rank-accept_first.cut-entropy4.0.samples20.maxnew1024.seed10086.subtreePrefetch.vllm.log,104,19,84,0.40028674238246165
/Users/jiangnanhugo/workspace/power-sharpening/Subtree-Prefetching-Power-Sharpening/case_studies/logs-entropycut/mbpp/2026-09-21/vllm/dataset-mbpp.model-qwen3.5-9b.alpha4.0.steps100.blocks-1.prefetch-budget-20.rank-accept_first.cut-entropy4.0.samples20.maxnew1024.seed10086.subtreePrefetch.vllm.log,105,0,84,0.4670672456977435
/Users/jiangnanhugo/workspace/power-sharpening/Subtree-Prefetching-Power-Sharpening/case_studies/logs-entropycut/mbpp/2026-09-21/vllm/dataset-mbpp.model-qwen3.5-9b.alpha4.0.steps100.blocks-1.prefetch-budget-20.rank-accept_first.cut-entropy4.0.samples20.maxnew1024.seed10086.subtreePrefetch.vllm.log,105,1,84,0.4670672456977435
/Users/jiangnanhugo/workspace/power-sharpening/Subtree-Prefetching-Power-Sharpening/case_studies/logs-entropycut/mbpp/2026-09-21/vllm/dataset-mbpp.model-qwen3.5-9b.alpha4.0.steps100.blocks-1.prefetch-budget-20.rank-accept_first.cut-entropy4.0.samples20.maxnew1024.seed10086.subtreePrefetch.vllm.log,105,2,28,0.08047532467772725
/Users/jiangnanhugo/workspace/power-sharpening/Subtree-Prefetching-Power-Sharpening/case_studies/logs-entropycut/mbpp/2026-09-21/vllm/dataset-mbpp.model-qwen3.5-9b.alpha4.0.steps100.blocks-1.prefetch-budget-20.rank-accept_first.cut-entropy4.0.samples20.maxnew1024.seed10086.subtreePrefetch.vllm.log,105,3,28,0.08047532467772725
/Users/jiangnanhugo/workspace/power-sharpening/Subtree-Prefetching-Power-Sharpening/case_studies/logs-entropycut/mbpp/2026-09-21/vllm/dataset-mbpp.model-qwen3.5-9b.alpha4.0.steps100.blocks-1.prefetch-budget-20.rank-accept_first.cut-entropy4.0.samples20.maxnew1024.seed10086.subtreePrefetch.vllm.log,105,4,84,0.4670672456977435
/Users/jiangnanhugo/workspace/power-sharpening/Subtree-Prefetching-Power-Sharpening/case_studies/logs-entropycut/mbpp/2026-09-21/vllm/dataset-mbpp.model-qwen3.5-9b.alpha4.0.steps100.blocks-1.prefetch-budget-20.rank-accept_first.cut-entropy4.0.samples20.maxnew1024.seed10086.subtreePrefetch.vllm.log,105,5,84,0.4670672456977435
/Users/jiangnanhugo/workspace/power-sharpening/Subtree-Prefetching-Power-Sharpening/case_studies/logs-entropycut/mbpp/2026-09-21/vllm/dataset-mbpp.model-qwen3.5-9b.alpha4.0.steps100.blocks-1.prefetch-budget-20.rank-accept_first.cut-entropy4.0.samples20.maxnew1024.seed10086.subtreePrefetch.vllm.log,105,6,84,0.4670672456977435
/Users/jiangnanhugo/workspace/power-sharpening/Subtree-Prefetching-Power-Sharpening/case_studies/logs-entropycut/mbpp/2026-09-21/vllm/dataset-mbpp.model-qwen3.5-9b.alpha4.0.steps100.blocks-1.prefetch-budget-20.rank-accept_first.cut-entropy4.0.samples20.maxnew1024.seed10086.subtreePrefetch.vllm.log,105,7,28,0.08047532467772725
/Users/jiangnanhugo/workspace/power-sharpening/Subtree-Prefetching-Power-Sharpening/case_studies/logs-entropycut/mbpp/2026-09-21/vllm/dataset-mbpp.model-qwen3.5-9b.alpha4.0.steps100.blocks-1.prefetch-budget-20.rank-accept_first.cut-entropy4.0.samples20.maxnew1024.seed10086.subtreePrefetch.vllm.log,105,8,50,0.04468054250800307
/Users/jiangnanhugo/workspace/power-sharpening/Subtree-Prefetching-Power-Sharpening/case_studies/logs-entropycut/mbpp/2026-09-21/vllm/dataset-mbpp.model-qwen3.5-9b.alpha4.0.steps100.blocks-1.prefetch-budget-20.rank-accept_first.cut-entropy4.0.samples20.maxnew1024.seed10086.subtreePrefetch.vllm.log,105,9,23,0.09329647968710122
/Users/jiangnanhugo/workspace/power-sharpening/Subtree-Prefetching-Power-Sharpening/case_studies/logs-entropycut/mbpp/2026-09-21/vllm/dataset-mbpp.model-qwen3.5-9b.alpha4.0.steps100.blocks-1.prefetch-budget-20.rank-accept_first.cut-entropy4.0.samples20.maxnew1024.seed10086.subtreePrefetch.vllm.log,105,10,84,0.4670672456977435
/Users/jiangnanhugo/workspace/power-sharpening/Subtree-Prefetching-Power-Sharpening/case_studies/logs-entropycut/mbpp/2026-09-21/vllm/dataset-mbpp.model-qwen3.5-9b.alpha4.0.steps100.blocks-1.prefetch-budget-20.rank-accept_first.cut-entropy4.0.samples20.maxnew1024.seed10086.subtreePrefetch.vllm.log,105,11,23,0.09329647968710122
/Users/jiangnanhugo/workspace/power-sharpening/Subtree-Prefetching-Power-Sharpening/case_studies/logs-entropycut/mbpp/2026-09-21/vllm/dataset-mbpp.model-qwen3.5-9b.alpha4.0.steps100.blocks-1.prefetch-budget-20.rank-accept_first.cut-entropy4.0.samples20.maxnew1024.seed10086.subtreePrefetch.vllm.log,105,12,23,0.09329647968710122
/Users/jiangnanhugo/workspace/power-sharpening/Subtree-Prefetching-Power-Sharpening/case_studies/logs-entropycut/mbpp/2026-09-21/vllm/dataset-mbpp.model-qwen3.5-9b.alpha4.0.steps100.blocks-1.prefetch-budget-20.rank-accept_first.cut-entropy4.0.samples20.maxnew1024.seed10086.subtreePrefetch.vllm.log,105,13,84,0.4670672456977435
/Users/jiangnanhugo/workspace/power-sharpening/Subtree-Prefetching-Power-Sharpening/case_studies/logs-entropycut/mbpp/2026-09-21/vllm/dataset-mbpp.model-qwen3.5-9b.alpha4.0.steps100.blocks-1.prefetch-budget-20.rank-accept_first.cut-entropy4.0.samples20.maxnew1024.seed10086.subtreePrefetch.vllm.log,105,14,84,0.4670672456977435
/Users/jiangnanhugo/workspace/power-sharpening/Subtree-Prefetching-Power-Sharpening/case_studies/logs-entropycut/mbpp/2026-09-21/vllm/dataset-mbpp.model-qwen3.5-9b.alpha4.0.steps100.blocks-1.prefetch-budget-20.rank-accept_first.cut-entropy4.0.samples20.maxnew1024.seed10086.subtreePrefetch.vllm.log,105,15,23,0.09329647968710122
/Users/jiangnanhugo/workspace/power-sharpening/Subtree-Prefetching-Power-Sharpening/case_studies/logs-entropycut/mbpp/2026-09-21/vllm/dataset-mbpp.model-qwen3.5-9b.alpha4.0.steps100.blocks-1.prefetch-budget-20.rank-accept_first.cut-entropy4.0.samples20.maxnew1024.seed10086.subtreePrefetch.vllm.log,105,16,23,0.09329647968710122
/Users/jiangnanhugo/workspace/power-sharpening/Subtree-Prefetching-Power-Sharpening/case_studies/logs-entropycut/mbpp/2026-09-21/vllm/dataset-mbpp.model-qwen3.5-9b.alpha4.0.steps100.blocks-1.prefetch-budget-20.rank-accept_first.cut-entropy4.0.samples20.maxnew1024.seed10086.subtreePrefetch.vllm.log,105,17,84,0.4670672456977435
/Users/jiangnanhugo/workspace/power-sharpening/Subtree-Prefetching-Power-Sharpening/case_studies/logs-entropycut/mbpp/2026-09-21/vllm/dataset-mbpp.model-qwen3.5-9b.alpha4.0.steps100.blocks-1.prefetch-budget-20.rank-accept_first.cut-entropy4.0.samples20.maxnew1024.seed10086.subtreePrefetch.vllm.log,105,18,84,0.4670672456977435
/Users/jiangnanhugo/workspace/power-sharpening/Subtree-Prefetching-Power-Sharpening/case_studies/logs-entropycut/mbpp/2026-09-21/vllm/dataset-mbpp.model-qwen3.5-9b.alpha4.0.steps100.blocks-1.prefetch-budget-20.rank-accept_first.cut-entropy4.0.samples20.maxnew1024.seed10086.subtreePrefetch.vllm.log,105,19,74,0.009897837278038028
/Users/jiangnanhugo/workspace/power-sharpening/Subtree-Prefetching-Power-Sharpening/case_studies/logs-entropycut/mbpp/2026-09-21/vllm/dataset-mbpp.model-qwen3.5-9b.alpha4.0.steps100.blocks-1.prefetch-budget-20.rank-accept_first.cut-entropy4.0.samples20.maxnew1024.seed10086.subtreePrefetch.vllm.log,106,0,23,0.09329647968708836
/Users/jiangnanhugo/workspace/power-sharpening/Subtree-Prefetching-Power-Sharpening/case_studies/logs-entropycut/mbpp/2026-09-21/vllm/dataset-mbpp.model-qwen3.5-9b.alpha4.0.steps100.blocks-1.prefetch-budget-20.rank-accept_first.cut-entropy4.0.samples20.maxnew1024.seed10086.subtreePrefetch.vllm.log,106,1,84,0.4670672456976791
/Users/jiangnanhugo/workspace/power-sharpening/Subtree-Prefetching-Power-Sharpening/case_studies/logs-entropycut/mbpp/2026-09-21/vllm/dataset-mbpp.model-qwen3.5-9b.alpha4.0.steps100.blocks-1.prefetch-budget-20.rank-accept_first.cut-entropy4.0.samples20.maxnew1024.seed10086.subtreePrefetch.vllm.log,106,2,84,0.4670672456976791
/Users/jiangnanhugo/workspace/power-sharpening/Subtree-Prefetching-Power-Sharpening/case_studies/logs-entropycut/mbpp/2026-09-21/vllm/dataset-mbpp.model-qwen3.5-9b.alpha4.0.steps100.blocks-1.prefetch-budget-20.rank-accept_first.cut-entropy4.0.samples20.maxnew1024.seed10086.subtreePrefetch.vllm.log,106,3,23,0.09329647968708836
/Users/jiangnanhugo/workspace/power-sharpening/Subtree-Prefetching-Power-Sharpening/case_studies/logs-entropycut/mbpp/2026-09-21/vllm/dataset-mbpp.model-qwen3.5-9b.alpha4.0.steps100.blocks-1.prefetch-budget-20.rank-accept_first.cut-entropy4.0.samples20.maxnew1024.seed10086.subtreePrefetch.vllm.log,106,4,59,0.010825840216721951
/Users/jiangnanhugo/workspace/power-sharpening/Subtree-Prefetching-Power-Sharpening/case_studies/logs-entropycut/mbpp/2026-09-21/vllm/dataset-mbpp.model-qwen3.5-9b.alpha4.0.steps100.blocks-1.prefetch-budget-20.rank-accept_first.cut-entropy4.0.samples20.maxnew1024.seed10086.subtreePrefetch.vllm.log,106,5,84,0.4670672456976791
/Users/jiangnanhugo/workspace/power-sharpening/Subtree-Prefetching-Power-Sharpening/case_studies/logs-entropycut/mbpp/2026-09-21/vllm/dataset-mbpp.model-qwen3.5-9b.alpha4.0.steps100.blocks-1.prefetch-budget-20.rank-accept_first.cut-entropy4.0.samples20.maxnew1024.seed10086.subtreePrefetch.vllm.log,106,6,23,0.09329647968708836
/Users/jiangnanhugo/workspace/power-sharpening/Subtree-Prefetching-Power-Sharpening/case_studies/logs-entropycut/mbpp/2026-09-21/vllm/dataset-mbpp.model-qwen3.5-9b.alpha4.0.steps100.blocks-1.prefetch-budget-20.rank-accept_first.cut-entropy4.0.samples20.maxnew1024.seed10086.subtreePrefetch.vllm.log,106,7,23,0.09329647968708836
/Users/jiangnanhugo/workspace/power-sharpening/Subtree-Prefetching-Power-Sharpening/case_studies/logs-entropycut/mbpp/2026-09-21/vllm/dataset-mbpp.model-qwen3.5-9b.alpha4.0.steps100.blocks-1.prefetch-budget-20.rank-accept_first.cut-entropy4.0.samples20.maxnew1024.seed10086.subtreePrefetch.vllm.log,106,8,84,0.4670672456976791
/Users/jiangnanhugo/workspace/power-sharpening/Subtree-Prefetching-Power-Sharpening/case_studies/logs-entropycut/mbpp/2026-09-21/vllm/dataset-mbpp.model-qwen3.5-9b.alpha4.0.steps100.blocks-1.prefetch-budget-20.rank-accept_first.cut-entropy4.0.samples20.maxnew1024.seed10086.subtreePrefetch.vllm.log,106,9,84,0.4670672456976791
/Users/jiangnanhugo/workspace/power-sharpening/Subtree-Prefetching-Power-Sharpening/case_studies/logs-entropycut/mbpp/2026-09-21/vllm/dataset-mbpp.model-qwen3.5-9b.alpha4.0.steps100.blocks-1.prefetch-budget-20.rank-accept_first.cut-entropy4.0.samples20.maxnew1024.seed10086.subtreePrefetch.vllm.log,106,10,84,0.4670672456976791
/Users/jiangnanhugo/workspace/power-sharpening/Subtree-Prefetching-Power-Sharpening/case_studies/logs-entropycut/mbpp/2026-09-21/vllm/dataset-mbpp.model-qwen3.5-9b.alpha4.0.steps100.blocks-1.prefetch-budget-20.rank-accept_first.cut-entropy4.0.samples20.maxnew1024.seed10086.subtreePrefetch.vllm.log,106,11,28,0.08047532467771615
/Users/jiangnanhugo/workspace/power-sharpening/Subtree-Prefetching-Power-Sharpening/case_studies/logs-entropycut/mbpp/2026-09-21/vllm/dataset-mbpp.model-qwen3.5-9b.alpha4.0.steps100.blocks-1.prefetch-budget-20.rank-accept_first.cut-entropy4.0.samples20.maxnew1024.seed10086.subtreePrefetch.vllm.log,106,12,84,0.4670672456976791
/Users/jiangnanhugo/workspace/power-sharpening/Subtree-Prefetching-Power-Sharpening/case_studies/logs-entropycut/mbpp/2026-09-21/vllm/dataset-mbpp.model-qwen3.5-9b.alpha4.0.steps100.blocks-1.prefetch-budget-20.rank-accept_first.cut-entropy4.0.samples20.maxnew1024.seed10086.subtreePrefetch.vllm.log,106,13,84,0.4670672456976791
/Users/jiangnanhugo/workspace/power-sharpening/Subtree-Prefetching-Power-Sharpening/case_studies/logs-entropycut/mbpp/2026-09-21/vllm/dataset-mbpp.model-qwen3.5-9b.alpha4.0.steps100.blocks-1.prefetch-budget-20.rank-accept_first.cut-entropy4.0.samples20.maxnew1024.seed10086.subtreePrefetch.vllm.log,106,14,23,0.09329647968708836
/Users/jiangnanhugo/workspace/power-sharpening/Subtree-Prefetching-Power-Sharpening/case_studies/logs-entropycut/mbpp/2026-09-21/vllm/dataset-mbpp.model-qwen3.5-9b.alpha4.0.steps100.blocks-1.prefetch-budget-20.rank-accept_first.cut-entropy4.0.samples20.maxnew1024.seed10086.subtreePrefetch.vllm.log,106,15,84,0.4670672456976791
/Users/jiangnanhugo/workspace/power-sharpening/Subtree-Prefetching-Power-Sharpening/case_studies/logs-entropycut/mbpp/2026-09-21/vllm/dataset-mbpp.model-qwen3.5-9b.alpha4.0.steps100.blocks-1.prefetch-budget-20.rank-accept_first.cut-entropy4.0.samples20.maxnew1024.seed10086.subtreePrefetch.vllm.log,106,16,28,0.08047532467771615
/Users/jiangnanhugo/workspace/power-sharpening/Subtree-Prefetching-Power-Sharpening/case_studies/logs-entropycut/mbpp/2026-09-21/vllm/dataset-mbpp.model-qwen3.5-9b.alpha4.0.steps100.blocks-1.prefetch-budget-20.rank-accept_first.cut-entropy4.0.samples20.maxnew1024.seed10086.subtreePrefetch.vllm.log,106,17,28,0.08047532467771615
/Users/jiangnanhugo/workspace/power-sharpening/Subtree-Prefetching-Power-Sharpening/case_studies/logs-entropycut/mbpp/2026-09-21/vllm/dataset-mbpp.model-qwen3.5-9b.alpha4.0.steps100.blocks-1.prefetch-budget-20.rank-accept_first.cut-entropy4.0.samples20.maxnew1024.seed10086.subtreePrefetch.vllm.log,106,18,28,0.08047532467771615
/Users/jiangnanhugo/workspace/power-sharpening/Subtree-Prefetching-Power-Sharpening/case_studies/logs-entropycut/mbpp/2026-09-21/vllm/dataset-mbpp.model-qwen3.5-9b.alpha4.0.steps100.blocks-1.prefetch-budget-20.rank-accept_first.cut-entropy4.0.samples20.maxnew1024.seed10086.subtreePrefetch.vllm.log,106,19,28,0.08047532467771615
/Users/jiangnanhugo/workspace/power-sharpening/Subtree-Prefetching-Power-Sharpening/case_studies/logs-entropycut/mbpp/2026-09-21/vllm/dataset-mbpp.model-qwen3.5-9b.alpha4.0.steps100.blocks-1.prefetch-budget-20.rank-accept_first.cut-entropy4.0.samples20.maxnew1024.seed10086.subtreePrefetch.vllm.log,107,0,23,0.09329647968708836
/Users/jiangnanhugo/workspace/power-sharpening/Subtree-Prefetching-Power-Sharpening/case_studies/logs-entropycut/mbpp/2026-09-21/vllm/dataset-mbpp.model-qwen3.5-9b.alpha4.0.steps100.blocks-1.prefetch-budget-20.rank-accept_first.cut-entropy4.0.samples20.maxnew1024.seed10086.subtreePrefetch.vllm.log,107,1,84,0.4670672456976791
/Users/jiangnanhugo/workspace/power-sharpening/Subtree-Prefetching-Power-Sharpening/case_studies/logs-entropycut/mbpp/2026-09-21/vllm/dataset-mbpp.model-qwen3.5-9b.alpha4.0.steps100.blocks-1.prefetch-budget-20.rank-accept_first.cut-entropy4.0.samples20.maxnew1024.seed10086.subtreePrefetch.vllm.log,107,2,50,0.044680542507996905
/Users/jiangnanhugo/workspace/power-sharpening/Subtree-Prefetching-Power-Sharpening/case_studies/logs-entropycut/mbpp/2026-09-21/vllm/dataset-mbpp.model-qwen3.5-9b.alpha4.0.steps100.blocks-1.prefetch-budget-20.rank-accept_first.cut-entropy4.0.samples20.maxnew1024.seed10086.subtreePrefetch.vllm.log,107,3,23,0.09329647968708836
/Users/jiangnanhugo/workspace/power-sharpening/Subtree-Prefetching-Power-Sharpening/case_studies/logs-entropycut/mbpp/2026-09-21/vllm/dataset-mbpp.model-qwen3.5-9b.alpha4.0.steps100.blocks-1.prefetch-budget-20.rank-accept_first.cut-entropy4.0.samples20.maxnew1024.seed10086.subtreePrefetch.vllm.log,107,4,84,0.4670672456976791
/Users/jiangnanhugo/workspace/power-sharpening/Subtree-Prefetching-Power-Sharpening/case_studies/logs-entropycut/mbpp/2026-09-21/vllm/dataset-mbpp.model-qwen3.5-9b.alpha4.0.steps100.blocks-1.prefetch-budget-20.rank-accept_first.cut-entropy4.0.samples20.maxnew1024.seed10086.subtreePrefetch.vllm.log,107,5,84,0.4670672456976791
/Users/jiangnanhugo/workspace/power-sharpening/Subtree-Prefetching-Power-Sharpening/case_studies/logs-entropycut/mbpp/2026-09-21/vllm/dataset-mbpp.model-qwen3.5-9b.alpha4.0.steps100.blocks-1.prefetch-budget-20.rank-accept_first.cut-entropy4.0.samples20.maxnew1024.seed10086.subtreePrefetch.vllm.log,107,6,28,0.08047532467771615
/Users/jiangnanhugo/workspace/power-sharpening/Subtree-Prefetching-Power-Sharpening/case_studies/logs-entropycut/mbpp/2026-09-21/vllm/dataset-mbpp.model-qwen3.5-9b.alpha4.0.steps100.blocks-1.prefetch-budget-20.rank-accept_first.cut-entropy4.0.samples20.maxnew1024.seed10086.subtreePrefetch.vllm.log,107,7,84,0.4670672456976791
/Users/jiangnanhugo/workspace/power-sharpening/Subtree-Prefetching-Power-Sharpening/case_studies/logs-entropycut/mbpp/2026-09-21/vllm/dataset-mbpp.model-qwen3.5-9b.alpha4.0.steps100.blocks-1.prefetch-budget-20.rank-accept_first.cut-entropy4.0.samples20.maxnew1024.seed10086.subtreePrefetch.vllm.log,107,8,84,0.4670672456976791
/Users/jiangnanhugo/workspace/power-sharpening/Subtree-Prefetching-Power-Sharpening/case_studies/logs-entropycut/mbpp/2026-09-21/vllm/dataset-mbpp.model-qwen3.5-9b.alpha4.0.steps100.blocks-1.prefetch-budget-20.rank-accept_first.cut-entropy4.0.samples20.maxnew1024.seed10086.subtreePrefetch.vllm.log,107,9,23,0.09329647968708836
/Users/jiangnanhugo/workspace/power-sharpening/Subtree-Prefetching-Power-Sharpening/case_studies/logs-entropycut/mbpp/2026-09-21/vllm/dataset-mbpp.model-qwen3.5-9b.alpha4.0.steps100.blocks-1.prefetch-budget-20.rank-accept_first.cut-entropy4.0.samples20.maxnew1024.seed10086.subtreePrefetch.vllm.log,107,10,23,0.09329647968708836
/Users/jiangnanhugo/workspace/power-sharpening/Subtree-Prefetching-Power-Sharpening/case_studies/logs-entropycut/mbpp/2026-09-21/vllm/dataset-mbpp.model-qwen3.5-9b.alpha4.0.steps100.blocks-1.prefetch-budget-20.rank-accept_first.cut-entropy4.0.samples20.maxnew1024.seed10086.subtreePrefetch.vllm.log,107,11,28,0.08047532467771615
/Users/jiangnanhugo/workspace/power-sharpening/Subtree-Prefetching-Power-Sharpening/case_studies/logs-entropycut/mbpp/2026-09-21/vllm/dataset-mbpp.model-qwen3.5-9b.alpha4.0.steps100.blocks-1.prefetch-budget-20.rank-accept_first.cut-entropy4.0.samples20.maxnew1024.seed10086.subtreePrefetch.vllm.log,107,12,28,0.08047532467771615
/Users/jiangnanhugo/workspace/power-sharpening/Subtree-Prefetching-Power-Sharpening/case_studies/logs-entropycut/mbpp/2026-09-21/vllm/dataset-mbpp.model-qwen3.5-9b.alpha4.0.steps100.blocks-1.prefetch-budget-20.rank-accept_first.cut-entropy4.0.samples20.maxnew1024.seed10086.subtreePrefetch.vllm.log,107,13,28,0.08047532467771615
/Users/jiangnanhugo/workspace/power-sharpening/Subtree-Prefetching-Power-Sharpening/case_studies/logs-entropycut/mbpp/2026-09-21/vllm/dataset-mbpp.model-qwen3.5-9b.alpha4.0.steps100.blocks-1.prefetch-budget-20.rank-accept_first.cut-entropy4.0.samples20.maxnew1024.seed10086.subtreePrefetch.vllm.log,107,14,23,0.09329647968708836
/Users/jiangnanhugo/workspace/power-sharpening/Subtree-Prefetching-Power-Sharpening/case_studies/logs-entropycut/mbpp/2026-09-21/vllm/dataset-mbpp.model-qwen3.5-9b.alpha4.0.steps100.blocks-1.prefetch-budget-20.rank-accept_first.cut-entropy4.0.samples20.maxnew1024.seed10086.subtreePrefetch.vllm.log,107,15,28,0.08047532467771615
/Users/jiangnanhugo/workspace/power-sharpening/Subtree-Prefetching-Power-Sharpening/case_studies/logs-entropycut/mbpp/2026-09-21/vllm/dataset-mbpp.model-qwen3.5-9b.alpha4.0.steps100.blocks-1.prefetch-budget-20.rank-accept_first.cut-entropy4.0.samples20.maxnew1024.seed10086.subtreePrefetch.vllm.log,107,16,28,0.08047532467771615
/Users/jiangnanhugo/workspace/power-sharpening/Subtree-Prefetching-Power-Sharpening/case_studies/logs-entropycut/mbpp/2026-09-21/vllm/dataset-mbpp.model-qwen3.5-9b.alpha4.0.steps100.blocks-1.prefetch-budget-20.rank-accept_first.cut-entropy4.0.samples20.maxnew1024.seed10086.subtreePrefetch.vllm.log,107,17,28,0.08047532467771615
/Users/jiangnanhugo/workspace/power-sharpening/Subtree-Prefetching-Power-Sharpening/case_studies/logs-entropycut/mbpp/2026-09-21/vllm/dataset-mbpp.model-qwen3.5-9b.alpha4.0.steps100.blocks-1.prefetch-budget-20.rank-accept_first.cut-entropy4.0.samples20.maxnew1024.seed10086.subtreePrefetch.vllm.log,107,18,23,0.09329647968708836
/Users/jiangnanhugo/workspace/power-sharpening/Subtree-Prefetching-Power-Sharpening/case_studies/logs-entropycut/mbpp/2026-09-21/vllm/dataset-mbpp.model-qwen3.5-9b.alpha4.0.steps100.blocks-1.prefetch-budget-20.rank-accept_first.cut-entropy4.0.samples20.maxnew1024.seed10086.subtreePrefetch.vllm.log,107,19,23,0.09329647968708836
/Users/jiangnanhugo/workspace/power-sharpening/Subtree-Prefetching-Power-Sharpening/case_studies/logs-entropycut/mbpp/2026-09-21/vllm/dataset-mbpp.model-qwen3.5-9b.alpha4.0.steps100.blocks-1.prefetch-budget-20.rank-accept_first.cut-entropy4.0.samples20.maxnew1024.seed10086.subtreePrefetch.vllm.log,108,0,84,0.4670672456976791
/Users/jiangnanhugo/workspace/power-sharpening/Subtree-Prefetching-Power-Sharpening/case_studies/logs-entropycut/mbpp/2026-09-21/vllm/dataset-mbpp.model-qwen3.5-9b.alpha4.0.steps100.blocks-1.prefetch-budget-20.rank-accept_first.cut-entropy4.0.samples20.maxnew1024.seed10086.subtreePrefetch.vllm.log,108,1,23,0.09329647968708836
/Users/jiangnanhugo/workspace/power-sharpening/Subtree-Prefetching-Power-Sharpening/case_studies/logs-entropycut/mbpp/2026-09-21/vllm/dataset-mbpp.model-qwen3.5-9b.alpha4.0.steps100.blocks-1.prefetch-budget-20.rank-accept_first.cut-entropy4.0.samples20.maxnew1024.seed10086.subtreePrefetch.vllm.log,108,2,84,0.4670672456976791
/Users/jiangnanhugo/workspace/power-sharpening/Subtree-Prefetching-Power-Sharpening/case_studies/logs-entropycut/mbpp/2026-09-21/vllm/dataset-mbpp.model-qwen3.5-9b.alpha4.0.steps100.blocks-1.prefetch-budget-20.rank-accept_first.cut-entropy4.0.samples20.maxnew1024.seed10086.subtreePrefetch.vllm.log,108,3,84,0.4670672456976791
/Users/jiangnanhugo/workspace/power-sharpening/Subtree-Prefetching-Power-Sharpening/case_studies/logs-entropycut/mbpp/2026-09-21/vllm/dataset-mbpp.model-qwen3.5-9b.alpha4.0.steps100.blocks-1.prefetch-budget-20.rank-accept_first.cut-entropy4.0.samples20.maxnew1024.seed10086.subtreePrefetch.vllm.log,108,4,84,0.4670672456976791
/Users/jiangnanhugo/workspace/power-sharpening/Subtree-Prefetching-Power-Sharpening/case_studies/logs-entropycut/mbpp/2026-09-21/vllm/dataset-mbpp.model-qwen3.5-9b.alpha4.0.steps100.blocks-1.prefetch-budget-20.rank-accept_first.cut-entropy4.0.samples20.maxnew1024.seed10086.subtreePrefetch.vllm.log,108,5,50,0.044680542507996905
/Users/jiangnanhugo/workspace/power-sharpening/Subtree-Prefetching-Power-Sharpening/case_studies/logs-entropycut/mbpp/2026-09-21/vllm/dataset-mbpp.model-qwen3.5-9b.alpha4.0.steps100.blocks-1.prefetch-budget-20.rank-accept_first.cut-entropy4.0.samples20.maxnew1024.seed10086.subtreePrefetch.vllm.log,108,6,28,0.08047532467771615
/Users/jiangnanhugo/workspace/power-sharpening/Subtree-Prefetching-Power-Sharpening/case_studies/logs-entropycut/mbpp/2026-09-21/vllm/dataset-mbpp.model-qwen3.5-9b.alpha4.0.steps100.blocks-1.prefetch-budget-20.rank-accept_first.cut-entropy4.0.samples20.maxnew1024.seed10086.subtreePrefetch.vllm.log,108,7,84,0.4670672456976791
/Users/jiangnanhugo/workspace/power-sharpening/Subtree-Prefetching-Power-Sharpening/case_studies/logs-entropycut/mbpp/2026-09-21/vllm/dataset-mbpp.model-qwen3.5-9b.alpha4.0.steps100.blocks-1.prefetch-budget-20.rank-accept_first.cut-entropy4.0.samples20.maxnew1024.seed10086.subtreePrefetch.vllm.log,108,8,84,0.4670672456976791
/Users/jiangnanhugo/workspace/power-sharpening/Subtree-Prefetching-Power-Sharpening/case_studies/logs-entropycut/mbpp/2026-09-21/vllm/dataset-mbpp.model-qwen3.5-9b.alpha4.0.steps100.blocks-1.prefetch-budget-20.rank-accept_first.cut-entropy4.0.samples20.maxnew1024.seed10086.subtreePrefetch.vllm.log,108,9,46,0.0032378723321659
/Users/jiangnanhugo/workspace/power-sharpening/Subtree-Prefetching-Power-Sharpening/case_studies/logs-entropycut/mbpp/2026-09-21/vllm/dataset-mbpp.model-qwen3.5-9b.alpha4.0.steps100.blocks-1.prefetch-budget-20.rank-accept_first.cut-entropy4.0.samples20.maxnew1024.seed10086.subtreePrefetch.vllm.log,108,10,50,0.044680542507996905
/Users/jiangnanhugo/workspace/power-sharpening/Subtree-Prefetching-Power-Sharpening/case_studies/logs-entropycut/mbpp/2026-09-21/vllm/dataset-mbpp.model-qwen3.5-9b.alpha4.0.steps100.blocks-1.prefetch-budget-20.rank-accept_first.cut-entropy4.0.samples20.maxnew1024.seed10086.subtreePrefetch.vllm.log,108,11,84,0.4670672456976791
/Users/jiangnanhugo/workspace/power-sharpening/Subtree-Prefetching-Power-Sharpening/case_studies/logs-entropycut/mbpp/2026-09-21/vllm/dataset-mbpp.model-qwen3.5-9b.alpha4.0.steps100.blocks-1.prefetch-budget-20.rank-accept_first.cut-entropy4.0.samples20.maxnew1024.seed10086.subtreePrefetch.vllm.log,108,12,84,0.4670672456976791
/Users/jiangnanhugo/workspace/power-sharpening/Subtree-Prefetching-Power-Sharpening/case_studies/logs-entropycut/mbpp/2026-09-21/vllm/dataset-mbpp.model-qwen3.5-9b.alpha4.0.steps100.blocks-1.prefetch-budget-20.rank-accept_first.cut-entropy4.0.samples20.maxnew1024.seed10086.subtreePrefetch.vllm.log,108,13,84,0.4670672456976791
/Users/jiangnanhugo/workspace/power-sharpening/Subtree-Prefetching-Power-Sharpening/case_studies/logs-entropycut/mbpp/2026-09-21/vllm/dataset-mbpp.model-qwen3.5-9b.alpha4.0.steps100.blocks-1.prefetch-budget-20.rank-accept_first.cut-entropy4.0.samples20.maxnew1024.seed10086.subtreePrefetch.vllm.log,108,14,84,0.4670672456976791
/Users/jiangnanhugo/workspace/power-sharpening/Subtree-Prefetching-Power-Sharpening/case_studies/logs-entropycut/mbpp/2026-09-21/vllm/dataset-mbpp.model-qwen3.5-9b.alpha4.0.steps100.blocks-1.prefetch-budget-20.rank-accept_first.cut-entropy4.0.samples20.maxnew1024.seed10086.subtreePrefetch.vllm.log,108,15,84,0.4670672456976791
/Users/jiangnanhugo/workspace/power-sharpening/Subtree-Prefetching-Power-Sharpening/case_studies/logs-entropycut/mbpp/2026-09-21/vllm/dataset-mbpp.model-qwen3.5-9b.alpha4.0.steps100.blocks-1.prefetch-budget-20.rank-accept_first.cut-entropy4.0.samples20.maxnew1024.seed10086.subtreePrefetch.vllm.log,108,16,84,0.4670672456976791
/Users/jiangnanhugo/workspace/power-sharpening/Subtree-Prefetching-Power-Sharpening/case_studies/logs-entropycut/mbpp/2026-09-21/vllm/dataset-mbpp.model-qwen3.5-9b.alpha4.0.steps100.blocks-1.prefetch-budget-20.rank-accept_first.cut-entropy4.0.samples20.maxnew1024.seed10086.subtreePrefetch.vllm.log,108,17,50,0.044680542507996905
/Users/jiangnanhugo/workspace/power-sharpening/Subtree-Prefetching-Power-Sharpening/case_studies/logs-entropycut/mbpp/2026-09-21/vllm/dataset-mbpp.model-qwen3.5-9b.alpha4.0.steps100.blocks-1.prefetch-budget-20.rank-accept_first.cut-entropy4.0.samples20.maxnew1024.seed10086.subtreePrefetch.vllm.log,108,18,84,0.4670672456976791
/Users/jiangnanhugo/workspace/power-sharpening/Subtree-Prefetching-Power-Sharpening/case_studies/logs-entropycut/mbpp/2026-09-21/vllm/dataset-mbpp.model-qwen3.5-9b.alpha4.0.steps100.blocks-1.prefetch-budget-20.rank-accept_first.cut-entropy4.0.samples20.maxnew1024.seed10086.subtreePrefetch.vllm.log,108,19,23,0.09329647968708836
/Users/jiangnanhugo/workspace/power-sharpening/Subtree-Prefetching-Power-Sharpening/case_studies/logs-entropycut/mbpp/2026-09-21/vllm/dataset-mbpp.model-qwen3.5-9b.alpha4.0.steps100.blocks-1.prefetch-budget-20.rank-accept_first.cut-entropy4.0.samples20.maxnew1024.seed10086.subtreePrefetch.vllm.log,109,0,84,0.4670672456976791
/Users/jiangnanhugo/workspace/power-sharpening/Subtree-Prefetching-Power-Sharpening/case_studies/logs-entropycut/mbpp/2026-09-21/vllm/dataset-mbpp.model-qwen3.5-9b.alpha4.0.steps100.blocks-1.prefetch-budget-20.rank-accept_first.cut-entropy4.0.samples20.maxnew1024.seed10086.subtreePrefetch.vllm.log,109,1,23,0.09329647968708836
/Users/jiangnanhugo/workspace/power-sharpening/Subtree-Prefetching-Power-Sharpening/case_studies/logs-entropycut/mbpp/2026-09-21/vllm/dataset-mbpp.model-qwen3.5-9b.alpha4.0.steps100.blocks-1.prefetch-budget-20.rank-accept_first.cut-entropy4.0.samples20.maxnew1024.seed10086.subtreePrefetch.vllm.log,109,2,28,0.08047532467771615
/Users/jiangnanhugo/workspace/power-sharpening/Subtree-Prefetching-Power-Sharpening/case_studies/logs-entropycut/mbpp/2026-09-21/vllm/dataset-mbpp.model-qwen3.5-9b.alpha4.0.steps100.blocks-1.prefetch-budget-20.rank-accept_first.cut-entropy4.0.samples20.maxnew1024.seed10086.subtreePrefetch.vllm.log,109,3,23,0.09329647968708836
/Users/jiangnanhugo/workspace/power-sharpening/Subtree-Prefetching-Power-Sharpening/case_studies/logs-entropycut/mbpp/2026-09-21/vllm/dataset-mbpp.model-qwen3.5-9b.alpha4.0.steps100.blocks-1.prefetch-budget-20.rank-accept_first.cut-entropy4.0.samples20.maxnew1024.seed10086.subtreePrefetch.vllm.log,109,4,86,0.19026315339605293
/Users/jiangnanhugo/workspace/power-sharpening/Subtree-Prefetching-Power-Sharpening/case_studies/logs-entropycut/mbpp/2026-09-21/vllm/dataset-mbpp.model-qwen3.5-9b.alpha4.0.steps100.blocks-1.prefetch-budget-20.rank-accept_first.cut-entropy4.0.samples20.maxnew1024.seed10086.subtreePrefetch.vllm.log,109,5,84,0.4670672456976791
/Users/jiangnanhugo/workspace/power-sharpening/Subtree-Prefetching-Power-Sharpening/case_studies/logs-entropycut/mbpp/2026-09-21/vllm/dataset-mbpp.model-qwen3.5-9b.alpha4.0.steps100.blocks-1.prefetch-budget-20.rank-accept_first.cut-entropy4.0.samples20.maxnew1024.seed10086.subtreePrefetch.vllm.log,109,6,23,0.09329647968708836
/Users/jiangnanhugo/workspace/power-sharpening/Subtree-Prefetching-Power-Sharpening/case_studies/logs-entropycut/mbpp/2026-09-21/vllm/dataset-mbpp.model-qwen3.5-9b.alpha4.0.steps100.blocks-1.prefetch-budget-20.rank-accept_first.cut-entropy4.0.samples20.maxnew1024.seed10086.subtreePrefetch.vllm.log,109,7,60,0.0072267057746042045
/Users/jiangnanhugo/workspace/power-sharpening/Subtree-Prefetching-Power-Sharpening/case_studies/logs-entropycut/mbpp/2026-09-21/vllm/dataset-mbpp.model-qwen3.5-9b.alpha4.0.steps100.blocks-1.prefetch-budget-20.rank-accept_first.cut-entropy4.0.samples20.maxnew1024.seed10086.subtreePrefetch.vllm.log,109,8,84,0.4670672456976791
/Users/jiangnanhugo/workspace/power-sharpening/Subtree-Prefetching-Power-Sharpening/case_studies/logs-entropycut/mbpp/2026-09-21/vllm/dataset-mbpp.model-qwen3.5-9b.alpha4.0.steps100.blocks-1.prefetch-budget-20.rank-accept_first.cut-entropy4.0.samples20.maxnew1024.seed10086.subtreePrefetch.vllm.log,109,9,84,0.4670672456976791
/Users/jiangnanhugo/workspace/power-sharpening/Subtree-Prefetching-Power-Sharpening/case_studies/logs-entropycut/mbpp/2026-09-21/vllm/dataset-mbpp.model-qwen3.5-9b.alpha4.0.steps100.blocks-1.prefetch-budget-20.rank-accept_first.cut-entropy4.0.samples20.maxnew1024.seed10086.subtreePrefetch.vllm.log,109,10,50,0.044680542507996905
/Users/jiangnanhugo/workspace/power-sharpening/Subtree-Prefetching-Power-Sharpening/case_studies/logs-entropycut/mbpp/2026-09-21/vllm/dataset-mbpp.model-qwen3.5-9b.alpha4.0.steps100.blocks-1.prefetch-budget-20.rank-accept_first.cut-entropy4.0.samples20.maxnew1024.seed10086.subtreePrefetch.vllm.log,109,11,28,0.08047532467771615
/Users/jiangnanhugo/workspace/power-sharpening/Subtree-Prefetching-Power-Sharpening/case_studies/logs-entropycut/mbpp/2026-09-21/vllm/dataset-mbpp.model-qwen3.5-9b.alpha4.0.steps100.blocks-1.prefetch-budget-20.rank-accept_first.cut-entropy4.0.samples20.maxnew1024.seed10086.subtreePrefetch.vllm.log,109,12,84,0.4670672456976791
/Users/jiangnanhugo/workspace/power-sharpening/Subtree-Prefetching-Power-Sharpening/case_studies/logs-entropycut/mbpp/2026-09-21/vllm/dataset-mbpp.model-qwen3.5-9b.alpha4.0.steps100.blocks-1.prefetch-budget-20.rank-accept_first.cut-entropy4.0.samples20.maxnew1024.seed10086.subtreePrefetch.vllm.log,109,13,84,0.4670672456976791
/Users/jiangnanhugo/workspace/power-sharpening/Subtree-Prefetching-Power-Sharpening/case_studies/logs-entropycut/mbpp/2026-09-21/vllm/dataset-mbpp.model-qwen3.5-9b.alpha4.0.steps100.blocks-1.prefetch-budget-20.rank-accept_first.cut-entropy4.0.samples20.maxnew1024.seed10086.subtreePrefetch.vllm.log,109,14,84,0.4670672456976791
/Users/jiangnanhugo/workspace/power-sharpening/Subtree-Prefetching-Power-Sharpening/case_studies/logs-entropycut/mbpp/2026-09-21/vllm/dataset-mbpp.model-qwen3.5-9b.alpha4.0.steps100.blocks-1.prefetch-budget-20.rank-accept_first.cut-entropy4.0.samples20.maxnew1024.seed10086.subtreePrefetch.vllm.log,109,15,84,0.4670672456976791
/Users/jiangnanhugo/workspace/power-sharpening/Subtree-Prefetching-Power-Sharpening/case_studies/logs-entropycut/mbpp/2026-09-21/vllm/dataset-mbpp.model-qwen3.5-9b.alpha4.0.steps100.blocks-1.prefetch-budget-20.rank-accept_first.cut-entropy4.0.samples20.maxnew1024.seed10086.subtreePrefetch.vllm.log,109,16,84,0.4670672456976791
/Users/jiangnanhugo/workspace/power-sharpening/Subtree-Prefetching-Power-Sharpening/case_studies/logs-entropycut/mbpp/2026-09-21/vllm/dataset-mbpp.model-qwen3.5-9b.alpha4.0.steps100.blocks-1.prefetch-budget-20.rank-accept_first.cut-entropy4.0.samples20.maxnew1024.seed10086.subtreePrefetch.vllm.log,109,17,84,0.4670672456976791
/Users/jiangnanhugo/workspace/power-sharpening/Subtree-Prefetching-Power-Sharpening/case_studies/logs-entropycut/mbpp/2026-09-21/vllm/dataset-mbpp.model-qwen3.5-9b.alpha4.0.steps100.blocks-1.prefetch-budget-20.rank-accept_first.cut-entropy4.0.samples20.maxnew1024.seed10086.subtreePrefetch.vllm.log,109,18,84,0.4670672456976791
/Users/jiangnanhugo/workspace/power-sharpening/Subtree-Prefetching-Power-Sharpening/case_studies/logs-entropycut/mbpp/2026-09-21/vllm/dataset-mbpp.model-qwen3.5-9b.alpha4.0.steps100.blocks-1.prefetch-budget-20.rank-accept_first.cut-entropy4.0.samples20.maxnew1024.seed10086.subtreePrefetch.vllm.log,109,19,23,0.09329647968708836
/Users/jiangnanhugo/workspace/power-sharpening/Subtree-Prefetching-Power-Sharpening/case_studies/logs-entropycut/mbpp/2026-09-21/vllm/dataset-mbpp.model-qwen3.5-9b.alpha4.0.steps100.blocks-1.prefetch-budget-20.rank-accept_first.cut-entropy4.0.samples20.maxnew1024.seed10086.subtreePrefetch.vllm.log,110,0,103,0.01596377396949075
/Users/jiangnanhugo/workspace/power-sharpening/Subtree-Prefetching-Power-Sharpening/case_studies/logs-entropycut/mbpp/2026-09-21/vllm/dataset-mbpp.model-qwen3.5-9b.alpha4.0.steps100.blocks-1.prefetch-budget-20.rank-accept_first.cut-entropy4.0.samples20.maxnew1024.seed10086.subtreePrefetch.vllm.log,110,1,84,0.4670672456976791
/Users/jiangnanhugo/workspace/power-sharpening/Subtree-Prefetching-Power-Sharpening/case_studies/logs-entropycut/mbpp/2026-09-21/vllm/dataset-mbpp.model-qwen3.5-9b.alpha4.0.steps100.blocks-1.prefetch-budget-20.rank-accept_first.cut-entropy4.0.samples20.maxnew1024.seed10086.subtreePrefetch.vllm.log,110,2,84,0.4670672456976791
/Users/jiangnanhugo/workspace/power-sharpening/Subtree-Prefetching-Power-Sharpening/case_studies/logs-entropycut/mbpp/2026-09-21/vllm/dataset-mbpp.model-qwen3.5-9b.alpha4.0.steps100.blocks-1.prefetch-budget-20.rank-accept_first.cut-entropy4.0.samples20.maxnew1024.seed10086.subtreePrefetch.vllm.log,110,3,84,0.4670672456976791
/Users/jiangnanhugo/workspace/power-sharpening/Subtree-Prefetching-Power-Sharpening/case_studies/logs-entropycut/mbpp/2026-09-21/vllm/dataset-mbpp.model-qwen3.5-9b.alpha4.0.steps100.blocks-1.prefetch-budget-20.rank-accept_first.cut-entropy4.0.samples20.maxnew1024.seed10086.subtreePrefetch.vllm.log,110,4,50,0.044680542507996905
/Users/jiangnanhugo/workspace/power-sharpening/Subtree-Prefetching-Power-Sharpening/case_studies/logs-entropycut/mbpp/2026-09-21/vllm/dataset-mbpp.model-qwen3.5-9b.alpha4.0.steps100.blocks-1.prefetch-budget-20.rank-accept_first.cut-entropy4.0.samples20.maxnew1024.seed10086.subtreePrefetch.vllm.log,110,5,84,0.4670672456976791
/Users/jiangnanhugo/workspace/power-sharpening/Subtree-Prefetching-Power-Sharpening/case_studies/logs-entropycut/mbpp/2026-09-21/vllm/dataset-mbpp.model-qwen3.5-9b.alpha4.0.steps100.blocks-1.prefetch-budget-20.rank-accept_first.cut-entropy4.0.samples20.maxnew1024.seed10086.subtreePrefetch.vllm.log,110,6,84,0.4670672456976791
/Users/jiangnanhugo/workspace/power-sharpening/Subtree-Prefetching-Power-Sharpening/case_studies/logs-entropycut/mbpp/2026-09-21/vllm/dataset-mbpp.model-qwen3.5-9b.alpha4.0.steps100.blocks-1.prefetch-budget-20.rank-accept_first.cut-entropy4.0.samples20.maxnew1024.seed10086.subtreePrefetch.vllm.log,110,7,84,0.4670672456976791
/Users/jiangnanhugo/workspace/power-sharpening/Subtree-Prefetching-Power-Sharpening/case_studies/logs-entropycut/mbpp/2026-09-21/vllm/dataset-mbpp.model-qwen3.5-9b.alpha4.0.steps100.blocks-1.prefetch-budget-20.rank-accept_first.cut-entropy4.0.samples20.maxnew1024.seed10086.subtreePrefetch.vllm.log,110,8,84,0.4670672456976791
/Users/jiangnanhugo/workspace/power-sharpening/Subtree-Prefetching-Power-Sharpening/case_studies/logs-entropycut/mbpp/2026-09-21/vllm/dataset-mbpp.model-qwen3.5-9b.alpha4.0.steps100.blocks-1.prefetch-budget-20.rank-accept_first.cut-entropy4.0.samples20.maxnew1024.seed10086.subtreePrefetch.vllm.log,110,9,23,0.09329647968708836
/Users/jiangnanhugo/workspace/power-sharpening/Subtree-Prefetching-Power-Sharpening/case_studies/logs-entropycut/mbpp/2026-09-21/vllm/dataset-mbpp.model-qwen3.5-9b.alpha4.0.steps100.blocks-1.prefetch-budget-20.rank-accept_first.cut-entropy4.0.samples20.maxnew1024.seed10086.subtreePrefetch.vllm.log,110,10,50,0.044680542507996905
/Users/jiangnanhugo/workspace/power-sharpening/Subtree-Prefetching-Power-Sharpening/case_studies/logs-entropycut/mbpp/2026-09-21/vllm/dataset-mbpp.model-qwen3.5-9b.alpha4.0.steps100.blocks-1.prefetch-budget-20.rank-accept_first.cut-entropy4.0.samples20.maxnew1024.seed10086.subtreePrefetch.vllm.log,110,11,23,0.09329647968708836
/Users/jiangnanhugo/workspace/power-sharpening/Subtree-Prefetching-Power-Sharpening/case_studies/logs-entropycut/mbpp/2026-09-21/vllm/dataset-mbpp.model-qwen3.5-9b.alpha4.0.steps100.blocks-1.prefetch-budget-20.rank-accept_first.cut-entropy4.0.samples20.maxnew1024.seed10086.subtreePrefetch.vllm.log,110,12,84,0.4670672456976791
/Users/jiangnanhugo/workspace/power-sharpening/Subtree-Prefetching-Power-Sharpening/case_studies/logs-entropycut/mbpp/2026-09-21/vllm/dataset-mbpp.model-qwen3.5-9b.alpha4.0.steps100.blocks-1.prefetch-budget-20.rank-accept_first.cut-entropy4.0.samples20.maxnew1024.seed10086.subtreePrefetch.vllm.log,110,13,84,0.4670672456976791
/Users/jiangnanhugo/workspace/power-sharpening/Subtree-Prefetching-Power-Sharpening/case_studies/logs-entropycut/mbpp/2026-09-21/vllm/dataset-mbpp.model-qwen3.5-9b.alpha4.0.steps100.blocks-1.prefetch-budget-20.rank-accept_first.cut-entropy4.0.samples20.maxnew1024.seed10086.subtreePrefetch.vllm.log,110,14,23,0.09329647968708836
/Users/jiangnanhugo/workspace/power-sharpening/Subtree-Prefetching-Power-Sharpening/case_studies/logs-entropycut/mbpp/2026-09-21/vllm/dataset-mbpp.model-qwen3.5-9b.alpha4.0.steps100.blocks-1.prefetch-budget-20.rank-accept_first.cut-entropy4.0.samples20.maxnew1024.seed10086.subtreePrefetch.vllm.log,110,15,84,0.4670672456976791
/Users/jiangnanhugo/workspace/power-sharpening/Subtree-Prefetching-Power-Sharpening/case_studies/logs-entropycut/mbpp/2026-09-21/vllm/dataset-mbpp.model-qwen3.5-9b.alpha4.0.steps100.blocks-1.prefetch-budget-20.rank-accept_first.cut-entropy4.0.samples20.maxnew1024.seed10086.subtreePrefetch.vllm.log,110,16,23,0.09329647968708836
/Users/jiangnanhugo/workspace/power-sharpening/Subtree-Prefetching-Power-Sharpening/case_studies/logs-entropycut/mbpp/2026-09-21/vllm/dataset-mbpp.model-qwen3.5-9b.alpha4.0.steps100.blocks-1.prefetch-budget-20.rank-accept_first.cut-entropy4.0.samples20.maxnew1024.seed10086.subtreePrefetch.vllm.log,110,17,84,0.4670672456976791
/Users/jiangnanhugo/workspace/power-sharpening/Subtree-Prefetching-Power-Sharpening/case_studies/logs-entropycut/mbpp/2026-09-21/vllm/dataset-mbpp.model-qwen3.5-9b.alpha4.0.steps100.blocks-1.prefetch-budget-20.rank-accept_first.cut-entropy4.0.samples20.maxnew1024.seed10086.subtreePrefetch.vllm.log,110,18,84,0.4670672456976791
/Users/jiangnanhugo/workspace/power-sharpening/Subtree-Prefetching-Power-Sharpening/case_studies/logs-entropycut/mbpp/2026-09-21/vllm/dataset-mbpp.model-qwen3.5-9b.alpha4.0.steps100.blocks-1.prefetch-budget-20.rank-accept_first.cut-entropy4.0.samples20.maxnew1024.seed10086.subtreePrefetch.vllm.log,110,19,84,0.4670672456976791
/Users/jiangnanhugo/workspace/power-sharpening/Subtree-Prefetching-Power-Sharpening/case_studies/logs-entropycut/mbpp/2026-09-21/vllm/dataset-mbpp.model-qwen3.5-9b.alpha4.0.steps100.blocks-1.prefetch-budget-20.rank-accept_first.cut-entropy4.0.samples20.maxnew1024.seed10086.subtreePrefetch.vllm.log,111,0,84,0.46706724569768626
/Users/jiangnanhugo/workspace/power-sharpening/Subtree-Prefetching-Power-Sharpening/case_studies/logs-entropycut/mbpp/2026-09-21/vllm/dataset-mbpp.model-qwen3.5-9b.alpha4.0.steps100.blocks-1.prefetch-budget-20.rank-accept_first.cut-entropy4.0.samples20.maxnew1024.seed10086.subtreePrefetch.vllm.log,111,1,84,0.46706724569768626
/Users/jiangnanhugo/workspace/power-sharpening/Subtree-Prefetching-Power-Sharpening/case_studies/logs-entropycut/mbpp/2026-09-21/vllm/dataset-mbpp.model-qwen3.5-9b.alpha4.0.steps100.blocks-1.prefetch-budget-20.rank-accept_first.cut-entropy4.0.samples20.maxnew1024.seed10086.subtreePrefetch.vllm.log,111,2,50,0.04468054250799759
/Users/jiangnanhugo/workspace/power-sharpening/Subtree-Prefetching-Power-Sharpening/case_studies/logs-entropycut/mbpp/2026-09-21/vllm/dataset-mbpp.model-qwen3.5-9b.alpha4.0.steps100.blocks-1.prefetch-budget-20.rank-accept_first.cut-entropy4.0.samples20.maxnew1024.seed10086.subtreePrefetch.vllm.log,111,3,23,0.0932964796870898
/Users/jiangnanhugo/workspace/power-sharpening/Subtree-Prefetching-Power-Sharpening/case_studies/logs-entropycut/mbpp/2026-09-21/vllm/dataset-mbpp.model-qwen3.5-9b.alpha4.0.steps100.blocks-1.prefetch-budget-20.rank-accept_first.cut-entropy4.0.samples20.maxnew1024.seed10086.subtreePrefetch.vllm.log,111,4,28,0.08047532467771738
/Users/jiangnanhugo/workspace/power-sharpening/Subtree-Prefetching-Power-Sharpening/case_studies/logs-entropycut/mbpp/2026-09-21/vllm/dataset-mbpp.model-qwen3.5-9b.alpha4.0.steps100.blocks-1.prefetch-budget-20.rank-accept_first.cut-entropy4.0.samples20.maxnew1024.seed10086.subtreePrefetch.vllm.log,111,5,28,0.08047532467771738
/Users/jiangnanhugo/workspace/power-sharpening/Subtree-Prefetching-Power-Sharpening/case_studies/logs-entropycut/mbpp/2026-09-21/vllm/dataset-mbpp.model-qwen3.5-9b.alpha4.0.steps100.blocks-1.prefetch-budget-20.rank-accept_first.cut-entropy4.0.samples20.maxnew1024.seed10086.subtreePrefetch.vllm.log,111,6,84,0.46706724569768626
/Users/jiangnanhugo/workspace/power-sharpening/Subtree-Prefetching-Power-Sharpening/case_studies/logs-entropycut/mbpp/2026-09-21/vllm/dataset-mbpp.model-qwen3.5-9b.alpha4.0.steps100.blocks-1.prefetch-budget-20.rank-accept_first.cut-entropy4.0.samples20.maxnew1024.seed10086.subtreePrefetch.vllm.log,111,7,23,0.0932964796870898
/Users/jiangnanhugo/workspace/power-sharpening/Subtree-Prefetching-Power-Sharpening/case_studies/logs-entropycut/mbpp/2026-09-21/vllm/dataset-mbpp.model-qwen3.5-9b.alpha4.0.steps100.blocks-1.prefetch-budget-20.rank-accept_first.cut-entropy4.0.samples20.maxnew1024.seed10086.subtreePrefetch.vllm.log,111,8,23,0.0932964796870898
/Users/jiangnanhugo/workspace/power-sharpening/Subtree-Prefetching-Power-Sharpening/case_studies/logs-entropycut/mbpp/2026-09-21/vllm/dataset-mbpp.model-qwen3.5-9b.alpha4.0.steps100.blocks-1.prefetch-budget-20.rank-accept_first.cut-entropy4.0.samples20.maxnew1024.seed10086.subtreePrefetch.vllm.log,111,9,84,0.46706724569768626
/Users/jiangnanhugo/workspace/power-sharpening/Subtree-Prefetching-Power-Sharpening/case_studies/logs-entropycut/mbpp/2026-09-21/vllm/dataset-mbpp.model-qwen3.5-9b.alpha4.0.steps100.blocks-1.prefetch-budget-20.rank-accept_first.cut-entropy4.0.samples20.maxnew1024.seed10086.subtreePrefetch.vllm.log,111,10,50,0.04468054250799759
/Users/jiangnanhugo/workspace/power-sharpening/Subtree-Prefetching-Power-Sharpening/case_studies/logs-entropycut/mbpp/2026-09-21/vllm/dataset-mbpp.model-qwen3.5-9b.alpha4.0.steps100.blocks-1.prefetch-budget-20.rank-accept_first.cut-entropy4.0.samples20.maxnew1024.seed10086.subtreePrefetch.vllm.log,111,11,86,0.19026315339605587
/Users/jiangnanhugo/workspace/power-sharpening/Subtree-Prefetching-Power-Sharpening/case_studies/logs-entropycut/mbpp/2026-09-21/vllm/dataset-mbpp.model-qwen3.5-9b.alpha4.0.steps100.blocks-1.prefetch-budget-20.rank-accept_first.cut-entropy4.0.samples20.maxnew1024.seed10086.subtreePrefetch.vllm.log,111,12,28,0.08047532467771738
/Users/jiangnanhugo/workspace/power-sharpening/Subtree-Prefetching-Power-Sharpening/case_studies/logs-entropycut/mbpp/2026-09-21/vllm/dataset-mbpp.model-qwen3.5-9b.alpha4.0.steps100.blocks-1.prefetch-budget-20.rank-accept_first.cut-entropy4.0.samples20.maxnew1024.seed10086.subtreePrefetch.vllm.log,111,13,28,0.08047532467771738
/Users/jiangnanhugo/workspace/power-sharpening/Subtree-Prefetching-Power-Sharpening/case_studies/logs-entropycut/mbpp/2026-09-21/vllm/dataset-mbpp.model-qwen3.5-9b.alpha4.0.steps100.blocks-1.prefetch-budget-20.rank-accept_first.cut-entropy4.0.samples20.maxnew1024.seed10086.subtreePrefetch.vllm.log,111,14,50,0.04468054250799759
/Users/jiangnanhugo/workspace/power-sharpening/Subtree-Prefetching-Power-Sharpening/case_studies/logs-entropycut/mbpp/2026-09-21/vllm/dataset-mbpp.model-qwen3.5-9b.alpha4.0.steps100.blocks-1.prefetch-budget-20.rank-accept_first.cut-entropy4.0.samples20.maxnew1024.seed10086.subtreePrefetch.vllm.log,111,15,23,0.0932964796870898
/Users/jiangnanhugo/workspace/power-sharpening/Subtree-Prefetching-Power-Sharpening/case_studies/logs-entropycut/mbpp/2026-09-21/vllm/dataset-mbpp.model-qwen3.5-9b.alpha4.0.steps100.blocks-1.prefetch-budget-20.rank-accept_first.cut-entropy4.0.samples20.maxnew1024.seed10086.subtreePrefetch.vllm.log,111,16,28,0.08047532467771738
/Users/jiangnanhugo/workspace/power-sharpening/Subtree-Prefetching-Power-Sharpening/case_studies/logs-entropycut/mbpp/2026-09-21/vllm/dataset-mbpp.model-qwen3.5-9b.alpha4.0.steps100.blocks-1.prefetch-budget-20.rank-accept_first.cut-entropy4.0.samples20.maxnew1024.seed10086.subtreePrefetch.vllm.log,111,17,86,0.19026315339605587
/Users/jiangnanhugo/workspace/power-sharpening/Subtree-Prefetching-Power-Sharpening/case_studies/logs-entropycut/mbpp/2026-09-21/vllm/dataset-mbpp.model-qwen3.5-9b.alpha4.0.steps100.blocks-1.prefetch-budget-20.rank-accept_first.cut-entropy4.0.samples20.maxnew1024.seed10086.subtreePrefetch.vllm.log,111,18,84,0.46706724569768626
/Users/jiangnanhugo/workspace/power-sharpening/Subtree-Prefetching-Power-Sharpening/case_studies/logs-entropycut/mbpp/2026-09-21/vllm/dataset-mbpp.model-qwen3.5-9b.alpha4.0.steps100.blocks-1.prefetch-budget-20.rank-accept_first.cut-entropy4.0.samples20.maxnew1024.seed10086.subtreePrefetch.vllm.log,111,19,86,0.19026315339605587
/Users/jiangnanhugo/workspace/power-sharpening/Subtree-Prefetching-Power-Sharpening/case_studies/logs-entropycut/mbpp/2026-09-21/vllm/dataset-mbpp.model-qwen3.5-9b.alpha4.0.steps100.blocks-1.prefetch-budget-20.rank-accept_first.cut-entropy4.0.samples20.maxnew1024.seed10086.subtreePrefetch.vllm.log,112,0,84,0.4670672456976791
/Users/jiangnanhugo/workspace/power-sharpening/Subtree-Prefetching-Power-Sharpening/case_studies/logs-entropycut/mbpp/2026-09-21/vllm/dataset-mbpp.model-qwen3.5-9b.alpha4.0.steps100.blocks-1.prefetch-budget-20.rank-accept_first.cut-entropy4.0.samples20.maxnew1024.seed10086.subtreePrefetch.vllm.log,112,1,84,0.4670672456976791
/Users/jiangnanhugo/workspace/power-sharpening/Subtree-Prefetching-Power-Sharpening/case_studies/logs-entropycut/mbpp/2026-09-21/vllm/dataset-mbpp.model-qwen3.5-9b.alpha4.0.steps100.blocks-1.prefetch-budget-20.rank-accept_first.cut-entropy4.0.samples20.maxnew1024.seed10086.subtreePrefetch.vllm.log,112,2,50,0.044680542507996905
/Users/jiangnanhugo/workspace/power-sharpening/Subtree-Prefetching-Power-Sharpening/case_studies/logs-entropycut/mbpp/2026-09-21/vllm/dataset-mbpp.model-qwen3.5-9b.alpha4.0.steps100.blocks-1.prefetch-budget-20.rank-accept_first.cut-entropy4.0.samples20.maxnew1024.seed10086.subtreePrefetch.vllm.log,112,3,84,0.4670672456976791
/Users/jiangnanhugo/workspace/power-sharpening/Subtree-Prefetching-Power-Sharpening/case_studies/logs-entropycut/mbpp/2026-09-21/vllm/dataset-mbpp.model-qwen3.5-9b.alpha4.0.steps100.blocks-1.prefetch-budget-20.rank-accept_first.cut-entropy4.0.samples20.maxnew1024.seed10086.subtreePrefetch.vllm.log,112,4,28,0.08047532467771615
/Users/jiangnanhugo/workspace/power-sharpening/Subtree-Prefetching-Power-Sharpening/case_studies/logs-entropycut/mbpp/2026-09-21/vllm/dataset-mbpp.model-qwen3.5-9b.alpha4.0.steps100.blocks-1.prefetch-budget-20.rank-accept_first.cut-entropy4.0.samples20.maxnew1024.seed10086.subtreePrefetch.vllm.log,112,5,23,0.09329647968708836
/Users/jiangnanhugo/workspace/power-sharpening/Subtree-Prefetching-Power-Sharpening/case_studies/logs-entropycut/mbpp/2026-09-21/vllm/dataset-mbpp.model-qwen3.5-9b.alpha4.0.steps100.blocks-1.prefetch-budget-20.rank-accept_first.cut-entropy4.0.samples20.maxnew1024.seed10086.subtreePrefetch.vllm.log,112,6,84,0.4670672456976791
/Users/jiangnanhugo/workspace/power-sharpening/Subtree-Prefetching-Power-Sharpening/case_studies/logs-entropycut/mbpp/2026-09-21/vllm/dataset-mbpp.model-qwen3.5-9b.alpha4.0.steps100.blocks-1.prefetch-budget-20.rank-accept_first.cut-entropy4.0.samples20.maxnew1024.seed10086.subtreePrefetch.vllm.log,112,7,84,0.4670672456976791
/Users/jiangnanhugo/workspace/power-sharpening/Subtree-Prefetching-Power-Sharpening/case_studies/logs-entropycut/mbpp/2026-09-21/vllm/dataset-mbpp.model-qwen3.5-9b.alpha4.0.steps100.blocks-1.prefetch-budget-20.rank-accept_first.cut-entropy4.0.samples20.maxnew1024.seed10086.subtreePrefetch.vllm.log,112,8,84,0.4670672456976791
/Users/jiangnanhugo/workspace/power-sharpening/Subtree-Prefetching-Power-Sharpening/case_studies/logs-entropycut/mbpp/2026-09-21/vllm/dataset-mbpp.model-qwen3.5-9b.alpha4.0.steps100.blocks-1.prefetch-budget-20.rank-accept_first.cut-entropy4.0.samples20.maxnew1024.seed10086.subtreePrefetch.vllm.log,112,9,74,0.009897837278036663
/Users/jiangnanhugo/workspace/power-sharpening/Subtree-Prefetching-Power-Sharpening/case_studies/logs-entropycut/mbpp/2026-09-21/vllm/dataset-mbpp.model-qwen3.5-9b.alpha4.0.steps100.blocks-1.prefetch-budget-20.rank-accept_first.cut-entropy4.0.samples20.maxnew1024.seed10086.subtreePrefetch.vllm.log,112,10,44,0.0013256017764468012
/Users/jiangnanhugo/workspace/power-sharpening/Subtree-Prefetching-Power-Sharpening/case_studies/logs-entropycut/mbpp/2026-09-21/vllm/dataset-mbpp.model-qwen3.5-9b.alpha4.0.steps100.blocks-1.prefetch-budget-20.rank-accept_first.cut-entropy4.0.samples20.maxnew1024.seed10086.subtreePrefetch.vllm.log,112,11,23,0.09329647968708836
/Users/jiangnanhugo/workspace/power-sharpening/Subtree-Prefetching-Power-Sharpening/case_studies/logs-entropycut/mbpp/2026-09-21/vllm/dataset-mbpp.model-qwen3.5-9b.alpha4.0.steps100.blocks-1.prefetch-budget-20.rank-accept_first.cut-entropy4.0.samples20.maxnew1024.seed10086.subtreePrefetch.vllm.log,112,12,84,0.4670672456976791
/Users/jiangnanhugo/workspace/power-sharpening/Subtree-Prefetching-Power-Sharpening/case_studies/logs-entropycut/mbpp/2026-09-21/vllm/dataset-mbpp.model-qwen3.5-9b.alpha4.0.steps100.blocks-1.prefetch-budget-20.rank-accept_first.cut-entropy4.0.samples20.maxnew1024.seed10086.subtreePrefetch.vllm.log,112,13,84,0.4670672456976791
/Users/jiangnanhugo/workspace/power-sharpening/Subtree-Prefetching-Power-Sharpening/case_studies/logs-entropycut/mbpp/2026-09-21/vllm/dataset-mbpp.model-qwen3.5-9b.alpha4.0.steps100.blocks-1.prefetch-budget-20.rank-accept_first.cut-entropy4.0.samples20.maxnew1024.seed10086.subtreePrefetch.vllm.log,112,14,28,0.08047532467771615
/Users/jiangnanhugo/workspace/power-sharpening/Subtree-Prefetching-Power-Sharpening/case_studies/logs-entropycut/mbpp/2026-09-21/vllm/dataset-mbpp.model-qwen3.5-9b.alpha4.0.steps100.blocks-1.prefetch-budget-20.rank-accept_first.cut-entropy4.0.samples20.maxnew1024.seed10086.subtreePrefetch.vllm.log,112,15,28,0.08047532467771615
/Users/jiangnanhugo/workspace/power-sharpening/Subtree-Prefetching-Power-Sharpening/case_studies/logs-entropycut/mbpp/2026-09-21/vllm/dataset-mbpp.model-qwen3.5-9b.alpha4.0.steps100.blocks-1.prefetch-budget-20.rank-accept_first.cut-entropy4.0.samples20.maxnew1024.seed10086.subtreePrefetch.vllm.log,112,16,84,0.4670672456976791
/Users/jiangnanhugo/workspace/power-sharpening/Subtree-Prefetching-Power-Sharpening/case_studies/logs-entropycut/mbpp/2026-09-21/vllm/dataset-mbpp.model-qwen3.5-9b.alpha4.0.steps100.blocks-1.prefetch-budget-20.rank-accept_first.cut-entropy4.0.samples20.maxnew1024.seed10086.subtreePrefetch.vllm.log,112,17,28,0.08047532467771615
/Users/jiangnanhugo/workspace/power-sharpening/Subtree-Prefetching-Power-Sharpening/case_studies/logs-entropycut/mbpp/2026-09-21/vllm/dataset-mbpp.model-qwen3.5-9b.alpha4.0.steps100.blocks-1.prefetch-budget-20.rank-accept_first.cut-entropy4.0.samples20.maxnew1024.seed10086.subtreePrefetch.vllm.log,112,18,84,0.4670672456976791
/Users/jiangnanhugo/workspace/power-sharpening/Subtree-Prefetching-Power-Sharpening/case_studies/logs-entropycut/mbpp/2026-09-21/vllm/dataset-mbpp.model-qwen3.5-9b.alpha4.0.steps100.blocks-1.prefetch-budget-20.rank-accept_first.cut-entropy4.0.samples20.maxnew1024.seed10086.subtreePrefetch.vllm.log,112,19,84,0.4670672456976791
/Users/jiangnanhugo/workspace/power-sharpening/Subtree-Prefetching-Power-Sharpening/case_studies/logs-entropycut/mbpp/2026-09-21/vllm/dataset-mbpp.model-qwen3.5-9b.alpha4.0.steps100.blocks-1.prefetch-budget-20.rank-accept_first.cut-entropy4.0.samples20.maxnew1024.seed10086.subtreePrefetch.vllm.log,113,0,50,0.044680542507996905
/Users/jiangnanhugo/workspace/power-sharpening/Subtree-Prefetching-Power-Sharpening/case_studies/logs-entropycut/mbpp/2026-09-21/vllm/dataset-mbpp.model-qwen3.5-9b.alpha4.0.steps100.blocks-1.prefetch-budget-20.rank-accept_first.cut-entropy4.0.samples20.maxnew1024.seed10086.subtreePrefetch.vllm.log,113,1,50,0.044680542507996905
/Users/jiangnanhugo/workspace/power-sharpening/Subtree-Prefetching-Power-Sharpening/case_studies/logs-entropycut/mbpp/2026-09-21/vllm/dataset-mbpp.model-qwen3.5-9b.alpha4.0.steps100.blocks-1.prefetch-budget-20.rank-accept_first.cut-entropy4.0.samples20.maxnew1024.seed10086.subtreePrefetch.vllm.log,113,2,86,0.19026315339605293
/Users/jiangnanhugo/workspace/power-sharpening/Subtree-Prefetching-Power-Sharpening/case_studies/logs-entropycut/mbpp/2026-09-21/vllm/dataset-mbpp.model-qwen3.5-9b.alpha4.0.steps100.blocks-1.prefetch-budget-20.rank-accept_first.cut-entropy4.0.samples20.maxnew1024.seed10086.subtreePrefetch.vllm.log,113,3,84,0.4670672456976791
/Users/jiangnanhugo/workspace/power-sharpening/Subtree-Prefetching-Power-Sharpening/case_studies/logs-entropycut/mbpp/2026-09-21/vllm/dataset-mbpp.model-qwen3.5-9b.alpha4.0.steps100.blocks-1.prefetch-budget-20.rank-accept_first.cut-entropy4.0.samples20.maxnew1024.seed10086.subtreePrefetch.vllm.log,113,4,84,0.4670672456976791
/Users/jiangnanhugo/workspace/power-sharpening/Subtree-Prefetching-Power-Sharpening/case_studies/logs-entropycut/mbpp/2026-09-21/vllm/dataset-mbpp.model-qwen3.5-9b.alpha4.0.steps100.blocks-1.prefetch-budget-20.rank-accept_first.cut-entropy4.0.samples20.maxnew1024.seed10086.subtreePrefetch.vllm.log,113,5,84,0.4670672456976791
/Users/jiangnanhugo/workspace/power-sharpening/Subtree-Prefetching-Power-Sharpening/case_studies/logs-entropycut/mbpp/2026-09-21/vllm/dataset-mbpp.model-qwen3.5-9b.alpha4.0.steps100.blocks-1.prefetch-budget-20.rank-accept_first.cut-entropy4.0.samples20.maxnew1024.seed10086.subtreePrefetch.vllm.log,113,6,84,0.4670672456976791
/Users/jiangnanhugo/workspace/power-sharpening/Subtree-Prefetching-Power-Sharpening/case_studies/logs-entropycut/mbpp/2026-09-21/vllm/dataset-mbpp.model-qwen3.5-9b.alpha4.0.steps100.blocks-1.prefetch-budget-20.rank-accept_first.cut-entropy4.0.samples20.maxnew1024.seed10086.subtreePrefetch.vllm.log,113,7,28,0.08047532467771615
/Users/jiangnanhugo/workspace/power-sharpening/Subtree-Prefetching-Power-Sharpening/case_studies/logs-entropycut/mbpp/2026-09-21/vllm/dataset-mbpp.model-qwen3.5-9b.alpha4.0.steps100.blocks-1.prefetch-budget-20.rank-accept_first.cut-entropy4.0.samples20.maxnew1024.seed10086.subtreePrefetch.vllm.log,113,8,23,0.09329647968708836
/Users/jiangnanhugo/workspace/power-sharpening/Subtree-Prefetching-Power-Sharpening/case_studies/logs-entropycut/mbpp/2026-09-21/vllm/dataset-mbpp.model-qwen3.5-9b.alpha4.0.steps100.blocks-1.prefetch-budget-20.rank-accept_first.cut-entropy4.0.samples20.maxnew1024.seed10086.subtreePrefetch.vllm.log,113,9,84,0.4670672456976791
/Users/jiangnanhugo/workspace/power-sharpening/Subtree-Prefetching-Power-Sharpening/case_studies/logs-entropycut/mbpp/2026-09-21/vllm/dataset-mbpp.model-qwen3.5-9b.alpha4.0.steps100.blocks-1.prefetch-budget-20.rank-accept_first.cut-entropy4.0.samples20.maxnew1024.seed10086.subtreePrefetch.vllm.log,113,10,84,0.4670672456976791
/Users/jiangnanhugo/workspace/power-sharpening/Subtree-Prefetching-Power-Sharpening/case_studies/logs-entropycut/mbpp/2026-09-21/vllm/dataset-mbpp.model-qwen3.5-9b.alpha4.0.steps100.blocks-1.prefetch-budget-20.rank-accept_first.cut-entropy4.0.samples20.maxnew1024.seed10086.subtreePrefetch.vllm.log,113,11,23,0.09329647968708836
/Users/jiangnanhugo/workspace/power-sharpening/Subtree-Prefetching-Power-Sharpening/case_studies/logs-entropycut/mbpp/2026-09-21/vllm/dataset-mbpp.model-qwen3.5-9b.alpha4.0.steps100.blocks-1.prefetch-budget-20.rank-accept_first.cut-entropy4.0.samples20.maxnew1024.seed10086.subtreePrefetch.vllm.log,113,12,84,0.4670672456976791
/Users/jiangnanhugo/workspace/power-sharpening/Subtree-Prefetching-Power-Sharpening/case_studies/logs-entropycut/mbpp/2026-09-21/vllm/dataset-mbpp.model-qwen3.5-9b.alpha4.0.steps100.blocks-1.prefetch-budget-20.rank-accept_first.cut-entropy4.0.samples20.maxnew1024.seed10086.subtreePrefetch.vllm.log,113,13,84,0.4670672456976791
/Users/jiangnanhugo/workspace/power-sharpening/Subtree-Prefetching-Power-Sharpening/case_studies/logs-entropycut/mbpp/2026-09-21/vllm/dataset-mbpp.model-qwen3.5-9b.alpha4.0.steps100.blocks-1.prefetch-budget-20.rank-accept_first.cut-entropy4.0.samples20.maxnew1024.seed10086.subtreePrefetch.vllm.log,113,14,84,0.4670672456976791
/Users/jiangnanhugo/workspace/power-sharpening/Subtree-Prefetching-Power-Sharpening/case_studies/logs-entropycut/mbpp/2026-09-21/vllm/dataset-mbpp.model-qwen3.5-9b.alpha4.0.steps100.blocks-1.prefetch-budget-20.rank-accept_first.cut-entropy4.0.samples20.maxnew1024.seed10086.subtreePrefetch.vllm.log,113,15,84,0.4670672456976791
/Users/jiangnanhugo/workspace/power-sharpening/Subtree-Prefetching-Power-Sharpening/case_studies/logs-entropycut/mbpp/2026-09-21/vllm/dataset-mbpp.model-qwen3.5-9b.alpha4.0.steps100.blocks-1.prefetch-budget-20.rank-accept_first.cut-entropy4.0.samples20.maxnew1024.seed10086.subtreePrefetch.vllm.log,113,16,84,0.4670672456976791
/Users/jiangnanhugo/workspace/power-sharpening/Subtree-Prefetching-Power-Sharpening/case_studies/logs-entropycut/mbpp/2026-09-21/vllm/dataset-mbpp.model-qwen3.5-9b.alpha4.0.steps100.blocks-1.prefetch-budget-20.rank-accept_first.cut-entropy4.0.samples20.maxnew1024.seed10086.subtreePrefetch.vllm.log,113,17,84,0.4670672456976791
/Users/jiangnanhugo/workspace/power-sharpening/Subtree-Prefetching-Power-Sharpening/case_studies/logs-entropycut/mbpp/2026-09-21/vllm/dataset-mbpp.model-qwen3.5-9b.alpha4.0.steps100.blocks-1.prefetch-budget-20.rank-accept_first.cut-entropy4.0.samples20.maxnew1024.seed10086.subtreePrefetch.vllm.log,113,18,83,0.003959968456296419
/Users/jiangnanhugo/workspace/power-sharpening/Subtree-Prefetching-Power-Sharpening/case_studies/logs-entropycut/mbpp/2026-09-21/vllm/dataset-mbpp.model-qwen3.5-9b.alpha4.0.steps100.blocks-1.prefetch-budget-20.rank-accept_first.cut-entropy4.0.samples20.maxnew1024.seed10086.subtreePrefetch.vllm.log,113,19,84,0.4670672456976791
/Users/jiangnanhugo/workspace/power-sharpening/Subtree-Prefetching-Power-Sharpening/case_studies/logs-entropycut/mbpp/2026-09-21/vllm/dataset-mbpp.model-qwen3.5-9b.alpha4.0.steps100.blocks-1.prefetch-budget-20.rank-accept_first.cut-entropy4.0.samples20.maxnew1024.seed10086.subtreePrefetch.vllm.log,114,0,84,0.4670672456976791
/Users/jiangnanhugo/workspace/power-sharpening/Subtree-Prefetching-Power-Sharpening/case_studies/logs-entropycut/mbpp/2026-09-21/vllm/dataset-mbpp.model-qwen3.5-9b.alpha4.0.steps100.blocks-1.prefetch-budget-20.rank-accept_first.cut-entropy4.0.samples20.maxnew1024.seed10086.subtreePrefetch.vllm.log,114,1,84,0.4670672456976791
/Users/jiangnanhugo/workspace/power-sharpening/Subtree-Prefetching-Power-Sharpening/case_studies/logs-entropycut/mbpp/2026-09-21/vllm/dataset-mbpp.model-qwen3.5-9b.alpha4.0.steps100.blocks-1.prefetch-budget-20.rank-accept_first.cut-entropy4.0.samples20.maxnew1024.seed10086.subtreePrefetch.vllm.log,114,2,23,0.09329647968708836
/Users/jiangnanhugo/workspace/power-sharpening/Subtree-Prefetching-Power-Sharpening/case_studies/logs-entropycut/mbpp/2026-09-21/vllm/dataset-mbpp.model-qwen3.5-9b.alpha4.0.steps100.blocks-1.prefetch-budget-20.rank-accept_first.cut-entropy4.0.samples20.maxnew1024.seed10086.subtreePrefetch.vllm.log,114,3,84,0.4670672456976791
/Users/jiangnanhugo/workspace/power-sharpening/Subtree-Prefetching-Power-Sharpening/case_studies/logs-entropycut/mbpp/2026-09-21/vllm/dataset-mbpp.model-qwen3.5-9b.alpha4.0.steps100.blocks-1.prefetch-budget-20.rank-accept_first.cut-entropy4.0.samples20.maxnew1024.seed10086.subtreePrefetch.vllm.log,114,4,50,0.044680542507996905
/Users/jiangnanhugo/workspace/power-sharpening/Subtree-Prefetching-Power-Sharpening/case_studies/logs-entropycut/mbpp/2026-09-21/vllm/dataset-mbpp.model-qwen3.5-9b.alpha4.0.steps100.blocks-1.prefetch-budget-20.rank-accept_first.cut-entropy4.0.samples20.maxnew1024.seed10086.subtreePrefetch.vllm.log,114,5,84,0.4670672456976791
/Users/jiangnanhugo/workspace/power-sharpening/Subtree-Prefetching-Power-Sharpening/case_studies/logs-entropycut/mbpp/2026-09-21/vllm/dataset-mbpp.model-qwen3.5-9b.alpha4.0.steps100.blocks-1.prefetch-budget-20.rank-accept_first.cut-entropy4.0.samples20.maxnew1024.seed10086.subtreePrefetch.vllm.log,114,6,28,0.08047532467771615
/Users/jiangnanhugo/workspace/power-sharpening/Subtree-Prefetching-Power-Sharpening/case_studies/logs-entropycut/mbpp/2026-09-21/vllm/dataset-mbpp.model-qwen3.5-9b.alpha4.0.steps100.blocks-1.prefetch-budget-20.rank-accept_first.cut-entropy4.0.samples20.maxnew1024.seed10086.subtreePrefetch.vllm.log,114,7,59,0.010825840216721951
/Users/jiangnanhugo/workspace/power-sharpening/Subtree-Prefetching-Power-Sharpening/case_studies/logs-entropycut/mbpp/2026-09-21/vllm/dataset-mbpp.model-qwen3.5-9b.alpha4.0.steps100.blocks-1.prefetch-budget-20.rank-accept_first.cut-entropy4.0.samples20.maxnew1024.seed10086.subtreePrefetch.vllm.log,114,8,84,0.4670672456976791
/Users/jiangnanhugo/workspace/power-sharpening/Subtree-Prefetching-Power-Sharpening/case_studies/logs-entropycut/mbpp/2026-09-21/vllm/dataset-mbpp.model-qwen3.5-9b.alpha4.0.steps100.blocks-1.prefetch-budget-20.rank-accept_first.cut-entropy4.0.samples20.maxnew1024.seed10086.subtreePrefetch.vllm.log,114,9,84,0.4670672456976791
/Users/jiangnanhugo/workspace/power-sharpening/Subtree-Prefetching-Power-Sharpening/case_studies/logs-entropycut/mbpp/2026-09-21/vllm/dataset-mbpp.model-qwen3.5-9b.alpha4.0.steps100.blocks-1.prefetch-budget-20.rank-accept_first.cut-entropy4.0.samples20.maxnew1024.seed10086.subtreePrefetch.vllm.log,114,10,83,0.003959968456296419
/Users/jiangnanhugo/workspace/power-sharpening/Subtree-Prefetching-Power-Sharpening/case_studies/logs-entropycut/mbpp/2026-09-21/vllm/dataset-mbpp.model-qwen3.5-9b.alpha4.0.steps100.blocks-1.prefetch-budget-20.rank-accept_first.cut-entropy4.0.samples20.maxnew1024.seed10086.subtreePrefetch.vllm.log,114,11,84,0.4670672456976791
/Users/jiangnanhugo/workspace/power-sharpening/Subtree-Prefetching-Power-Sharpening/case_studies/logs-entropycut/mbpp/2026-09-21/vllm/dataset-mbpp.model-qwen3.5-9b.alpha4.0.steps100.blocks-1.prefetch-budget-20.rank-accept_first.cut-entropy4.0.samples20.maxnew1024.seed10086.subtreePrefetch.vllm.log,114,12,23,0.09329647968708836
/Users/jiangnanhugo/workspace/power-sharpening/Subtree-Prefetching-Power-Sharpening/case_studies/logs-entropycut/mbpp/2026-09-21/vllm/dataset-mbpp.model-qwen3.5-9b.alpha4.0.steps100.blocks-1.prefetch-budget-20.rank-accept_first.cut-entropy4.0.samples20.maxnew1024.seed10086.subtreePrefetch.vllm.log,114,13,23,0.09329647968708836
/Users/jiangnanhugo/workspace/power-sharpening/Subtree-Prefetching-Power-Sharpening/case_studies/logs-entropycut/mbpp/2026-09-21/vllm/dataset-mbpp.model-qwen3.5-9b.alpha4.0.steps100.blocks-1.prefetch-budget-20.rank-accept_first.cut-entropy4.0.samples20.maxnew1024.seed10086.subtreePrefetch.vllm.log,114,14,23,0.09329647968708836
/Users/jiangnanhugo/workspace/power-sharpening/Subtree-Prefetching-Power-Sharpening/case_studies/logs-entropycut/mbpp/2026-09-21/vllm/dataset-mbpp.model-qwen3.5-9b.alpha4.0.steps100.blocks-1.prefetch-budget-20.rank-accept_first.cut-entropy4.0.samples20.maxnew1024.seed10086.subtreePrefetch.vllm.log,114,15,84,0.4670672456976791
/Users/jiangnanhugo/workspace/power-sharpening/Subtree-Prefetching-Power-Sharpening/case_studies/logs-entropycut/mbpp/2026-09-21/vllm/dataset-mbpp.model-qwen3.5-9b.alpha4.0.steps100.blocks-1.prefetch-budget-20.rank-accept_first.cut-entropy4.0.samples20.maxnew1024.seed10086.subtreePrefetch.vllm.log,114,16,84,0.4670672456976791
/Users/jiangnanhugo/workspace/power-sharpening/Subtree-Prefetching-Power-Sharpening/case_studies/logs-entropycut/mbpp/2026-09-21/vllm/dataset-mbpp.model-qwen3.5-9b.alpha4.0.steps100.blocks-1.prefetch-budget-20.rank-accept_first.cut-entropy4.0.samples20.maxnew1024.seed10086.subtreePrefetch.vllm.log,114,17,84,0.4670672456976791
/Users/jiangnanhugo/workspace/power-sharpening/Subtree-Prefetching-Power-Sharpening/case_studies/logs-entropycut/mbpp/2026-09-21/vllm/dataset-mbpp.model-qwen3.5-9b.alpha4.0.steps100.blocks-1.prefetch-budget-20.rank-accept_first.cut-entropy4.0.samples20.maxnew1024.seed10086.subtreePrefetch.vllm.log,114,18,83,0.003959968456296419
/Users/jiangnanhugo/workspace/power-sharpening/Subtree-Prefetching-Power-Sharpening/case_studies/logs-entropycut/mbpp/2026-09-21/vllm/dataset-mbpp.model-qwen3.5-9b.alpha4.0.steps100.blocks-1.prefetch-budget-20.rank-accept_first.cut-entropy4.0.samples20.maxnew1024.seed10086.subtreePrefetch.vllm.log,114,19,28,0.08047532467771615
/Users/jiangnanhugo/workspace/power-sharpening/Subtree-Prefetching-Power-Sharpening/case_studies/logs-entropycut/mbpp/2026-09-21/vllm/dataset-mbpp.model-qwen3.5-9b.alpha4.0.steps100.blocks-1.prefetch-budget-20.rank-accept_first.cut-entropy4.0.samples20.maxnew1024.seed10086.subtreePrefetch.vllm.log,115,0,84,0.4670672456976791
/Users/jiangnanhugo/workspace/power-sharpening/Subtree-Prefetching-Power-Sharpening/case_studies/logs-entropycut/mbpp/2026-09-21/vllm/dataset-mbpp.model-qwen3.5-9b.alpha4.0.steps100.blocks-1.prefetch-budget-20.rank-accept_first.cut-entropy4.0.samples20.maxnew1024.seed10086.subtreePrefetch.vllm.log,115,1,84,0.4670672456976791
/Users/jiangnanhugo/workspace/power-sharpening/Subtree-Prefetching-Power-Sharpening/case_studies/logs-entropycut/mbpp/2026-09-21/vllm/dataset-mbpp.model-qwen3.5-9b.alpha4.0.steps100.blocks-1.prefetch-budget-20.rank-accept_first.cut-entropy4.0.samples20.maxnew1024.seed10086.subtreePrefetch.vllm.log,115,2,28,0.08047532467771615
/Users/jiangnanhugo/workspace/power-sharpening/Subtree-Prefetching-Power-Sharpening/case_studies/logs-entropycut/mbpp/2026-09-21/vllm/dataset-mbpp.model-qwen3.5-9b.alpha4.0.steps100.blocks-1.prefetch-budget-20.rank-accept_first.cut-entropy4.0.samples20.maxnew1024.seed10086.subtreePrefetch.vllm.log,115,3,84,0.4670672456976791
/Users/jiangnanhugo/workspace/power-sharpening/Subtree-Prefetching-Power-Sharpening/case_studies/logs-entropycut/mbpp/2026-09-21/vllm/dataset-mbpp.model-qwen3.5-9b.alpha4.0.steps100.blocks-1.prefetch-budget-20.rank-accept_first.cut-entropy4.0.samples20.maxnew1024.seed10086.subtreePrefetch.vllm.log,115,4,68,0.005359335476373224
/Users/jiangnanhugo/workspace/power-sharpening/Subtree-Prefetching-Power-Sharpening/case_studies/logs-entropycut/mbpp/2026-09-21/vllm/dataset-mbpp.model-qwen3.5-9b.alpha4.0.steps100.blocks-1.prefetch-budget-20.rank-accept_first.cut-entropy4.0.samples20.maxnew1024.seed10086.subtreePrefetch.vllm.log,115,5,23,0.09329647968708836
/Users/jiangnanhugo/workspace/power-sharpening/Subtree-Prefetching-Power-Sharpening/case_studies/logs-entropycut/mbpp/2026-09-21/vllm/dataset-mbpp.model-qwen3.5-9b.alpha4.0.steps100.blocks-1.prefetch-budget-20.rank-accept_first.cut-entropy4.0.samples20.maxnew1024.seed10086.subtreePrefetch.vllm.log,115,6,84,0.4670672456976791
/Users/jiangnanhugo/workspace/power-sharpening/Subtree-Prefetching-Power-Sharpening/case_studies/logs-entropycut/mbpp/2026-09-21/vllm/dataset-mbpp.model-qwen3.5-9b.alpha4.0.steps100.blocks-1.prefetch-budget-20.rank-accept_first.cut-entropy4.0.samples20.maxnew1024.seed10086.subtreePrefetch.vllm.log,115,7,65,0.002962391302570715
/Users/jiangnanhugo/workspace/power-sharpening/Subtree-Prefetching-Power-Sharpening/case_studies/logs-entropycut/mbpp/2026-09-21/vllm/dataset-mbpp.model-qwen3.5-9b.alpha4.0.steps100.blocks-1.prefetch-budget-20.rank-accept_first.cut-entropy4.0.samples20.maxnew1024.seed10086.subtreePrefetch.vllm.log,115,8,103,0.01596377396949075
/Users/jiangnanhugo/workspace/power-sharpening/Subtree-Prefetching-Power-Sharpening/case_studies/logs-entropycut/mbpp/2026-09-21/vllm/dataset-mbpp.model-qwen3.5-9b.alpha4.0.steps100.blocks-1.prefetch-budget-20.rank-accept_first.cut-entropy4.0.samples20.maxnew1024.seed10086.subtreePrefetch.vllm.log,115,9,84,0.4670672456976791
/Users/jiangnanhugo/workspace/power-sharpening/Subtree-Prefetching-Power-Sharpening/case_studies/logs-entropycut/mbpp/2026-09-21/vllm/dataset-mbpp.model-qwen3.5-9b.alpha4.0.steps100.blocks-1.prefetch-budget-20.rank-accept_first.cut-entropy4.0.samples20.maxnew1024.seed10086.subtreePrefetch.vllm.log,115,10,28,0.08047532467771615
/Users/jiangnanhugo/workspace/power-sharpening/Subtree-Prefetching-Power-Sharpening/case_studies/logs-entropycut/mbpp/2026-09-21/vllm/dataset-mbpp.model-qwen3.5-9b.alpha4.0.steps100.blocks-1.prefetch-budget-20.rank-accept_first.cut-entropy4.0.samples20.maxnew1024.seed10086.subtreePrefetch.vllm.log,115,11,84,0.4670672456976791
/Users/jiangnanhugo/workspace/power-sharpening/Subtree-Prefetching-Power-Sharpening/case_studies/logs-entropycut/mbpp/2026-09-21/vllm/dataset-mbpp.model-qwen3.5-9b.alpha4.0.steps100.blocks-1.prefetch-budget-20.rank-accept_first.cut-entropy4.0.samples20.maxnew1024.seed10086.subtreePrefetch.vllm.log,115,12,86,0.19026315339605293
/Users/jiangnanhugo/workspace/power-sharpening/Subtree-Prefetching-Power-Sharpening/case_studies/logs-entropycut/mbpp/2026-09-21/vllm/dataset-mbpp.model-qwen3.5-9b.alpha4.0.steps100.blocks-1.prefetch-budget-20.rank-accept_first.cut-entropy4.0.samples20.maxnew1024.seed10086.subtreePrefetch.vllm.log,115,13,84,0.4670672456976791
/Users/jiangnanhugo/workspace/power-sharpening/Subtree-Prefetching-Power-Sharpening/case_studies/logs-entropycut/mbpp/2026-09-21/vllm/dataset-mbpp.model-qwen3.5-9b.alpha4.0.steps100.blocks-1.prefetch-budget-20.rank-accept_first.cut-entropy4.0.samples20.maxnew1024.seed10086.subtreePrefetch.vllm.log,115,14,84,0.4670672456976791
/Users/jiangnanhugo/workspace/power-sharpening/Subtree-Prefetching-Power-Sharpening/case_studies/logs-entropycut/mbpp/2026-09-21/vllm/dataset-mbpp.model-qwen3.5-9b.alpha4.0.steps100.blocks-1.prefetch-budget-20.rank-accept_first.cut-entropy4.0.samples20.maxnew1024.seed10086.subtreePrefetch.vllm.log,115,15,84,0.4670672456976791
/Users/jiangnanhugo/workspace/power-sharpening/Subtree-Prefetching-Power-Sharpening/case_studies/logs-entropycut/mbpp/2026-09-21/vllm/dataset-mbpp.model-qwen3.5-9b.alpha4.0.steps100.blocks-1.prefetch-budget-20.rank-accept_first.cut-entropy4.0.samples20.maxnew1024.seed10086.subtreePrefetch.vllm.log,115,16,84,0.4670672456976791
/Users/jiangnanhugo/workspace/power-sharpening/Subtree-Prefetching-Power-Sharpening/case_studies/logs-entropycut/mbpp/2026-09-21/vllm/dataset-mbpp.model-qwen3.5-9b.alpha4.0.steps100.blocks-1.prefetch-budget-20.rank-accept_first.cut-entropy4.0.samples20.maxnew1024.seed10086.subtreePrefetch.vllm.log,115,17,84,0.4670672456976791
/Users/jiangnanhugo/workspace/power-sharpening/Subtree-Prefetching-Power-Sharpening/case_studies/logs-entropycut/mbpp/2026-09-21/vllm/dataset-mbpp.model-qwen3.5-9b.alpha4.0.steps100.blocks-1.prefetch-budget-20.rank-accept_first.cut-entropy4.0.samples20.maxnew1024.seed10086.subtreePrefetch.vllm.log,115,18,84,0.4670672456976791
/Users/jiangnanhugo/workspace/power-sharpening/Subtree-Prefetching-Power-Sharpening/case_studies/logs-entropycut/mbpp/2026-09-21/vllm/dataset-mbpp.model-qwen3.5-9b.alpha4.0.steps100.blocks-1.prefetch-budget-20.rank-accept_first.cut-entropy4.0.samples20.maxnew1024.seed10086.subtreePrefetch.vllm.log,115,19,50,0.044680542507996905
/Users/jiangnanhugo/workspace/power-sharpening/Subtree-Prefetching-Power-Sharpening/case_studies/logs-entropycut/mbpp/2026-09-21/vllm/dataset-mbpp.model-qwen3.5-9b.alpha4.0.steps100.blocks-1.prefetch-budget-20.rank-accept_first.cut-entropy4.0.samples20.maxnew1024.seed10086.subtreePrefetch.vllm.log,116,0,28,0.08047532467771738
/Users/jiangnanhugo/workspace/power-sharpening/Subtree-Prefetching-Power-Sharpening/case_studies/logs-entropycut/mbpp/2026-09-21/vllm/dataset-mbpp.model-qwen3.5-9b.alpha4.0.steps100.blocks-1.prefetch-budget-20.rank-accept_first.cut-entropy4.0.samples20.maxnew1024.seed10086.subtreePrefetch.vllm.log,116,1,86,0.19026315339605587
/Users/jiangnanhugo/workspace/power-sharpening/Subtree-Prefetching-Power-Sharpening/case_studies/logs-entropycut/mbpp/2026-09-21/vllm/dataset-mbpp.model-qwen3.5-9b.alpha4.0.steps100.blocks-1.prefetch-budget-20.rank-accept_first.cut-entropy4.0.samples20.maxnew1024.seed10086.subtreePrefetch.vllm.log,116,2,84,0.46706724569768626
/Users/jiangnanhugo/workspace/power-sharpening/Subtree-Prefetching-Power-Sharpening/case_studies/logs-entropycut/mbpp/2026-09-21/vllm/dataset-mbpp.model-qwen3.5-9b.alpha4.0.steps100.blocks-1.prefetch-budget-20.rank-accept_first.cut-entropy4.0.samples20.maxnew1024.seed10086.subtreePrefetch.vllm.log,116,3,84,0.46706724569768626
/Users/jiangnanhugo/workspace/power-sharpening/Subtree-Prefetching-Power-Sharpening/case_studies/logs-entropycut/mbpp/2026-09-21/vllm/dataset-mbpp.model-qwen3.5-9b.alpha4.0.steps100.blocks-1.prefetch-budget-20.rank-accept_first.cut-entropy4.0.samples20.maxnew1024.seed10086.subtreePrefetch.vllm.log,116,4,84,0.46706724569768626
/Users/jiangnanhugo/workspace/power-sharpening/Subtree-Prefetching-Power-Sharpening/case_studies/logs-entropycut/mbpp/2026-09-21/vllm/dataset-mbpp.model-qwen3.5-9b.alpha4.0.steps100.blocks-1.prefetch-budget-20.rank-accept_first.cut-entropy4.0.samples20.maxnew1024.seed10086.subtreePrefetch.vllm.log,116,5,50,0.04468054250799759
/Users/jiangnanhugo/workspace/power-sharpening/Subtree-Prefetching-Power-Sharpening/case_studies/logs-entropycut/mbpp/2026-09-21/vllm/dataset-mbpp.model-qwen3.5-9b.alpha4.0.steps100.blocks-1.prefetch-budget-20.rank-accept_first.cut-entropy4.0.samples20.maxnew1024.seed10086.subtreePrefetch.vllm.log,116,6,84,0.46706724569768626
/Users/jiangnanhugo/workspace/power-sharpening/Subtree-Prefetching-Power-Sharpening/case_studies/logs-entropycut/mbpp/2026-09-21/vllm/dataset-mbpp.model-qwen3.5-9b.alpha4.0.steps100.blocks-1.prefetch-budget-20.rank-accept_first.cut-entropy4.0.samples20.maxnew1024.seed10086.subtreePrefetch.vllm.log,116,7,84,0.46706724569768626
/Users/jiangnanhugo/workspace/power-sharpening/Subtree-Prefetching-Power-Sharpening/case_studies/logs-entropycut/mbpp/2026-09-21/vllm/dataset-mbpp.model-qwen3.5-9b.alpha4.0.steps100.blocks-1.prefetch-budget-20.rank-accept_first.cut-entropy4.0.samples20.maxnew1024.seed10086.subtreePrefetch.vllm.log,116,8,84,0.46706724569768626
/Users/jiangnanhugo/workspace/power-sharpening/Subtree-Prefetching-Power-Sharpening/case_studies/logs-entropycut/mbpp/2026-09-21/vllm/dataset-mbpp.model-qwen3.5-9b.alpha4.0.steps100.blocks-1.prefetch-budget-20.rank-accept_first.cut-entropy4.0.samples20.maxnew1024.seed10086.subtreePrefetch.vllm.log,116,9,84,0.46706724569768626
/Users/jiangnanhugo/workspace/power-sharpening/Subtree-Prefetching-Power-Sharpening/case_studies/logs-entropycut/mbpp/2026-09-21/vllm/dataset-mbpp.model-qwen3.5-9b.alpha4.0.steps100.blocks-1.prefetch-budget-20.rank-accept_first.cut-entropy4.0.samples20.maxnew1024.seed10086.subtreePrefetch.vllm.log,116,10,59,0.01082584021672212
/Users/jiangnanhugo/workspace/power-sharpening/Subtree-Prefetching-Power-Sharpening/case_studies/logs-entropycut/mbpp/2026-09-21/vllm/dataset-mbpp.model-qwen3.5-9b.alpha4.0.steps100.blocks-1.prefetch-budget-20.rank-accept_first.cut-entropy4.0.samples20.maxnew1024.seed10086.subtreePrefetch.vllm.log,116,11,84,0.46706724569768626
/Users/jiangnanhugo/workspace/power-sharpening/Subtree-Prefetching-Power-Sharpening/case_studies/logs-entropycut/mbpp/2026-09-21/vllm/dataset-mbpp.model-qwen3.5-9b.alpha4.0.steps100.blocks-1.prefetch-budget-20.rank-accept_first.cut-entropy4.0.samples20.maxnew1024.seed10086.subtreePrefetch.vllm.log,116,12,84,0.46706724569768626
/Users/jiangnanhugo/workspace/power-sharpening/Subtree-Prefetching-Power-Sharpening/case_studies/logs-entropycut/mbpp/2026-09-21/vllm/dataset-mbpp.model-qwen3.5-9b.alpha4.0.steps100.blocks-1.prefetch-budget-20.rank-accept_first.cut-entropy4.0.samples20.maxnew1024.seed10086.subtreePrefetch.vllm.log,116,13,84,0.46706724569768626
/Users/jiangnanhugo/workspace/power-sharpening/Subtree-Prefetching-Power-Sharpening/case_studies/logs-entropycut/mbpp/2026-09-21/vllm/dataset-mbpp.model-qwen3.5-9b.alpha4.0.steps100.blocks-1.prefetch-budget-20.rank-accept_first.cut-entropy4.0.samples20.maxnew1024.seed10086.subtreePrefetch.vllm.log,116,14,74,0.009897837278036817
/Users/jiangnanhugo/workspace/power-sharpening/Subtree-Prefetching-Power-Sharpening/case_studies/logs-entropycut/mbpp/2026-09-21/vllm/dataset-mbpp.model-qwen3.5-9b.alpha4.0.steps100.blocks-1.prefetch-budget-20.rank-accept_first.cut-entropy4.0.samples20.maxnew1024.seed10086.subtreePrefetch.vllm.log,116,15,84,0.46706724569768626
/Users/jiangnanhugo/workspace/power-sharpening/Subtree-Prefetching-Power-Sharpening/case_studies/logs-entropycut/mbpp/2026-09-21/vllm/dataset-mbpp.model-qwen3.5-9b.alpha4.0.steps100.blocks-1.prefetch-budget-20.rank-accept_first.cut-entropy4.0.samples20.maxnew1024.seed10086.subtreePrefetch.vllm.log,116,16,84,0.46706724569768626
/Users/jiangnanhugo/workspace/power-sharpening/Subtree-Prefetching-Power-Sharpening/case_studies/logs-entropycut/mbpp/2026-09-21/vllm/dataset-mbpp.model-qwen3.5-9b.alpha4.0.steps100.blocks-1.prefetch-budget-20.rank-accept_first.cut-entropy4.0.samples20.maxnew1024.seed10086.subtreePrefetch.vllm.log,116,17,84,0.46706724569768626
/Users/jiangnanhugo/workspace/power-sharpening/Subtree-Prefetching-Power-Sharpening/case_studies/logs-entropycut/mbpp/2026-09-21/vllm/dataset-mbpp.model-qwen3.5-9b.alpha4.0.steps100.blocks-1.prefetch-budget-20.rank-accept_first.cut-entropy4.0.samples20.maxnew1024.seed10086.subtreePrefetch.vllm.log,116,18,84,0.46706724569768626
/Users/jiangnanhugo/workspace/power-sharpening/Subtree-Prefetching-Power-Sharpening/case_studies/logs-entropycut/mbpp/2026-09-21/vllm/dataset-mbpp.model-qwen3.5-9b.alpha4.0.steps100.blocks-1.prefetch-budget-20.rank-accept_first.cut-entropy4.0.samples20.maxnew1024.seed10086.subtreePrefetch.vllm.log,116,19,28,0.08047532467771738
/Users/jiangnanhugo/workspace/power-sharpening/Subtree-Prefetching-Power-Sharpening/case_studies/logs-entropycut/mbpp/2026-09-21/vllm/dataset-mbpp.model-qwen3.5-9b.alpha4.0.steps100.blocks-1.prefetch-budget-20.rank-accept_first.cut-entropy4.0.samples20.maxnew1024.seed10086.subtreePrefetch.vllm.log,117,0,86,0.19026315339605293
/Users/jiangnanhugo/workspace/power-sharpening/Subtree-Prefetching-Power-Sharpening/case_studies/logs-entropycut/mbpp/2026-09-21/vllm/dataset-mbpp.model-qwen3.5-9b.alpha4.0.steps100.blocks-1.prefetch-budget-20.rank-accept_first.cut-entropy4.0.samples20.maxnew1024.seed10086.subtreePrefetch.vllm.log,117,1,86,0.19026315339605293
/Users/jiangnanhugo/workspace/power-sharpening/Subtree-Prefetching-Power-Sharpening/case_studies/logs-entropycut/mbpp/2026-09-21/vllm/dataset-mbpp.model-qwen3.5-9b.alpha4.0.steps100.blocks-1.prefetch-budget-20.rank-accept_first.cut-entropy4.0.samples20.maxnew1024.seed10086.subtreePrefetch.vllm.log,117,2,86,0.19026315339605293
/Users/jiangnanhugo/workspace/power-sharpening/Subtree-Prefetching-Power-Sharpening/case_studies/logs-entropycut/mbpp/2026-09-21/vllm/dataset-mbpp.model-qwen3.5-9b.alpha4.0.steps100.blocks-1.prefetch-budget-20.rank-accept_first.cut-entropy4.0.samples20.maxnew1024.seed10086.subtreePrefetch.vllm.log,117,3,23,0.09329647968708836
/Users/jiangnanhugo/workspace/power-sharpening/Subtree-Prefetching-Power-Sharpening/case_studies/logs-entropycut/mbpp/2026-09-21/vllm/dataset-mbpp.model-qwen3.5-9b.alpha4.0.steps100.blocks-1.prefetch-budget-20.rank-accept_first.cut-entropy4.0.samples20.maxnew1024.seed10086.subtreePrefetch.vllm.log,117,4,86,0.19026315339605293
/Users/jiangnanhugo/workspace/power-sharpening/Subtree-Prefetching-Power-Sharpening/case_studies/logs-entropycut/mbpp/2026-09-21/vllm/dataset-mbpp.model-qwen3.5-9b.alpha4.0.steps100.blocks-1.prefetch-budget-20.rank-accept_first.cut-entropy4.0.samples20.maxnew1024.seed10086.subtreePrefetch.vllm.log,117,5,86,0.19026315339605293
/Users/jiangnanhugo/workspace/power-sharpening/Subtree-Prefetching-Power-Sharpening/case_studies/logs-entropycut/mbpp/2026-09-21/vllm/dataset-mbpp.model-qwen3.5-9b.alpha4.0.steps100.blocks-1.prefetch-budget-20.rank-accept_first.cut-entropy4.0.samples20.maxnew1024.seed10086.subtreePrefetch.vllm.log,117,6,23,0.09329647968708836
/Users/jiangnanhugo/workspace/power-sharpening/Subtree-Prefetching-Power-Sharpening/case_studies/logs-entropycut/mbpp/2026-09-21/vllm/dataset-mbpp.model-qwen3.5-9b.alpha4.0.steps100.blocks-1.prefetch-budget-20.rank-accept_first.cut-entropy4.0.samples20.maxnew1024.seed10086.subtreePrefetch.vllm.log,117,7,84,0.4670672456976791
/Users/jiangnanhugo/workspace/power-sharpening/Subtree-Prefetching-Power-Sharpening/case_studies/logs-entropycut/mbpp/2026-09-21/vllm/dataset-mbpp.model-qwen3.5-9b.alpha4.0.steps100.blocks-1.prefetch-budget-20.rank-accept_first.cut-entropy4.0.samples20.maxnew1024.seed10086.subtreePrefetch.vllm.log,117,8,84,0.4670672456976791
/Users/jiangnanhugo/workspace/power-sharpening/Subtree-Prefetching-Power-Sharpening/case_studies/logs-entropycut/mbpp/2026-09-21/vllm/dataset-mbpp.model-qwen3.5-9b.alpha4.0.steps100.blocks-1.prefetch-budget-20.rank-accept_first.cut-entropy4.0.samples20.maxnew1024.seed10086.subtreePrefetch.vllm.log,117,9,84,0.4670672456976791
/Users/jiangnanhugo/workspace/power-sharpening/Subtree-Prefetching-Power-Sharpening/case_studies/logs-entropycut/mbpp/2026-09-21/vllm/dataset-mbpp.model-qwen3.5-9b.alpha4.0.steps100.blocks-1.prefetch-budget-20.rank-accept_first.cut-entropy4.0.samples20.maxnew1024.seed10086.subtreePrefetch.vllm.log,117,10,84,0.4670672456976791
/Users/jiangnanhugo/workspace/power-sharpening/Subtree-Prefetching-Power-Sharpening/case_studies/logs-entropycut/mbpp/2026-09-21/vllm/dataset-mbpp.model-qwen3.5-9b.alpha4.0.steps100.blocks-1.prefetch-budget-20.rank-accept_first.cut-entropy4.0.samples20.maxnew1024.seed10086.subtreePrefetch.vllm.log,117,11,23,0.09329647968708836
/Users/jiangnanhugo/workspace/power-sharpening/Subtree-Prefetching-Power-Sharpening/case_studies/logs-entropycut/mbpp/2026-09-21/vllm/dataset-mbpp.model-qwen3.5-9b.alpha4.0.steps100.blocks-1.prefetch-budget-20.rank-accept_first.cut-entropy4.0.samples20.maxnew1024.seed10086.subtreePrefetch.vllm.log,117,12,84,0.4670672456976791
/Users/jiangnanhugo/workspace/power-sharpening/Subtree-Prefetching-Power-Sharpening/case_studies/logs-entropycut/mbpp/2026-09-21/vllm/dataset-mbpp.model-qwen3.5-9b.alpha4.0.steps100.blocks-1.prefetch-budget-20.rank-accept_first.cut-entropy4.0.samples20.maxnew1024.seed10086.subtreePrefetch.vllm.log,117,13,60,0.0072267057746042045
/Users/jiangnanhugo/workspace/power-sharpening/Subtree-Prefetching-Power-Sharpening/case_studies/logs-entropycut/mbpp/2026-09-21/vllm/dataset-mbpp.model-qwen3.5-9b.alpha4.0.steps100.blocks-1.prefetch-budget-20.rank-accept_first.cut-entropy4.0.samples20.maxnew1024.seed10086.subtreePrefetch.vllm.log,117,14,125,0.009955112978606049
/Users/jiangnanhugo/workspace/power-sharpening/Subtree-Prefetching-Power-Sharpening/case_studies/logs-entropycut/mbpp/2026-09-21/vllm/dataset-mbpp.model-qwen3.5-9b.alpha4.0.steps100.blocks-1.prefetch-budget-20.rank-accept_first.cut-entropy4.0.samples20.maxnew1024.seed10086.subtreePrefetch.vllm.log,117,15,84,0.4670672456976791
/Users/jiangnanhugo/workspace/power-sharpening/Subtree-Prefetching-Power-Sharpening/case_studies/logs-entropycut/mbpp/2026-09-21/vllm/dataset-mbpp.model-qwen3.5-9b.alpha4.0.steps100.blocks-1.prefetch-budget-20.rank-accept_first.cut-entropy4.0.samples20.maxnew1024.seed10086.subtreePrefetch.vllm.log,117,16,84,0.4670672456976791
/Users/jiangnanhugo/workspace/power-sharpening/Subtree-Prefetching-Power-Sharpening/case_studies/logs-entropycut/mbpp/2026-09-21/vllm/dataset-mbpp.model-qwen3.5-9b.alpha4.0.steps100.blocks-1.prefetch-budget-20.rank-accept_first.cut-entropy4.0.samples20.maxnew1024.seed10086.subtreePrefetch.vllm.log,117,17,84,0.4670672456976791
/Users/jiangnanhugo/workspace/power-sharpening/Subtree-Prefetching-Power-Sharpening/case_studies/logs-entropycut/mbpp/2026-09-21/vllm/dataset-mbpp.model-qwen3.5-9b.alpha4.0.steps100.blocks-1.prefetch-budget-20.rank-accept_first.cut-entropy4.0.samples20.maxnew1024.seed10086.subtreePrefetch.vllm.log,117,18,84,0.4670672456976791
/Users/jiangnanhugo/workspace/power-sharpening/Subtree-Prefetching-Power-Sharpening/case_studies/logs-entropycut/mbpp/2026-09-21/vllm/dataset-mbpp.model-qwen3.5-9b.alpha4.0.steps100.blocks-1.prefetch-budget-20.rank-accept_first.cut-entropy4.0.samples20.maxnew1024.seed10086.subtreePrefetch.vllm.log,117,19,84,0.4670672456976791
/Users/jiangnanhugo/workspace/power-sharpening/Subtree-Prefetching-Power-Sharpening/case_studies/logs-entropycut/mbpp/2026-09-21/vllm/dataset-mbpp.model-qwen3.5-9b.alpha4.0.steps100.blocks-1.prefetch-budget-20.rank-accept_first.cut-entropy4.0.samples20.maxnew1024.seed10086.subtreePrefetch.vllm.log,118,0,86,0.18765480321767386
/Users/jiangnanhugo/workspace/power-sharpening/Subtree-Prefetching-Power-Sharpening/case_studies/logs-entropycut/mbpp/2026-09-21/vllm/dataset-mbpp.model-qwen3.5-9b.alpha4.0.steps100.blocks-1.prefetch-budget-20.rank-accept_first.cut-entropy4.0.samples20.maxnew1024.seed10086.subtreePrefetch.vllm.log,118,1,84,0.4600579521691027
/Users/jiangnanhugo/workspace/power-sharpening/Subtree-Prefetching-Power-Sharpening/case_studies/logs-entropycut/mbpp/2026-09-21/vllm/dataset-mbpp.model-qwen3.5-9b.alpha4.0.steps100.blocks-1.prefetch-budget-20.rank-accept_first.cut-entropy4.0.samples20.maxnew1024.seed10086.subtreePrefetch.vllm.log,118,2,84,0.4600579521691027
/Users/jiangnanhugo/workspace/power-sharpening/Subtree-Prefetching-Power-Sharpening/case_studies/logs-entropycut/mbpp/2026-09-21/vllm/dataset-mbpp.model-qwen3.5-9b.alpha4.0.steps100.blocks-1.prefetch-budget-20.rank-accept_first.cut-entropy4.0.samples20.maxnew1024.seed10086.subtreePrefetch.vllm.log,118,3,84,0.4600579521691027
/Users/jiangnanhugo/workspace/power-sharpening/Subtree-Prefetching-Power-Sharpening/case_studies/logs-entropycut/mbpp/2026-09-21/vllm/dataset-mbpp.model-qwen3.5-9b.alpha4.0.steps100.blocks-1.prefetch-budget-20.rank-accept_first.cut-entropy4.0.samples20.maxnew1024.seed10086.subtreePrefetch.vllm.log,118,4,84,0.4600579521691027
/Users/jiangnanhugo/workspace/power-sharpening/Subtree-Prefetching-Power-Sharpening/case_studies/logs-entropycut/mbpp/2026-09-21/vllm/dataset-mbpp.model-qwen3.5-9b.alpha4.0.steps100.blocks-1.prefetch-budget-20.rank-accept_first.cut-entropy4.0.samples20.maxnew1024.seed10086.subtreePrefetch.vllm.log,118,5,84,0.4600579521691027
/Users/jiangnanhugo/workspace/power-sharpening/Subtree-Prefetching-Power-Sharpening/case_studies/logs-entropycut/mbpp/2026-09-21/vllm/dataset-mbpp.model-qwen3.5-9b.alpha4.0.steps100.blocks-1.prefetch-budget-20.rank-accept_first.cut-entropy4.0.samples20.maxnew1024.seed10086.subtreePrefetch.vllm.log,118,6,84,0.4600579521691027
/Users/jiangnanhugo/workspace/power-sharpening/Subtree-Prefetching-Power-Sharpening/case_studies/logs-entropycut/mbpp/2026-09-21/vllm/dataset-mbpp.model-qwen3.5-9b.alpha4.0.steps100.blocks-1.prefetch-budget-20.rank-accept_first.cut-entropy4.0.samples20.maxnew1024.seed10086.subtreePrefetch.vllm.log,118,7,86,0.18765480321767386
/Users/jiangnanhugo/workspace/power-sharpening/Subtree-Prefetching-Power-Sharpening/case_studies/logs-entropycut/mbpp/2026-09-21/vllm/dataset-mbpp.model-qwen3.5-9b.alpha4.0.steps100.blocks-1.prefetch-budget-20.rank-accept_first.cut-entropy4.0.samples20.maxnew1024.seed10086.subtreePrefetch.vllm.log,118,8,23,0.09189637634579574
/Users/jiangnanhugo/workspace/power-sharpening/Subtree-Prefetching-Power-Sharpening/case_studies/logs-entropycut/mbpp/2026-09-21/vllm/dataset-mbpp.model-qwen3.5-9b.alpha4.0.steps100.blocks-1.prefetch-budget-20.rank-accept_first.cut-entropy4.0.samples20.maxnew1024.seed10086.subtreePrefetch.vllm.log,118,9,84,0.4600579521691027
/Users/jiangnanhugo/workspace/power-sharpening/Subtree-Prefetching-Power-Sharpening/case_studies/logs-entropycut/mbpp/2026-09-21/vllm/dataset-mbpp.model-qwen3.5-9b.alpha4.0.steps100.blocks-1.prefetch-budget-20.rank-accept_first.cut-entropy4.0.samples20.maxnew1024.seed10086.subtreePrefetch.vllm.log,118,10,84,0.4600579521691027
/Users/jiangnanhugo/workspace/power-sharpening/Subtree-Prefetching-Power-Sharpening/case_studies/logs-entropycut/mbpp/2026-09-21/vllm/dataset-mbpp.model-qwen3.5-9b.alpha4.0.steps100.blocks-1.prefetch-budget-20.rank-accept_first.cut-entropy4.0.samples20.maxnew1024.seed10086.subtreePrefetch.vllm.log,118,11,50,0.04401002013602716
/Users/jiangnanhugo/workspace/power-sharpening/Subtree-Prefetching-Power-Sharpening/case_studies/logs-entropycut/mbpp/2026-09-21/vllm/dataset-mbpp.model-qwen3.5-9b.alpha4.0.steps100.blocks-1.prefetch-budget-20.rank-accept_first.cut-entropy4.0.samples20.maxnew1024.seed10086.subtreePrefetch.vllm.log,118,12,84,0.4600579521691027
/Users/jiangnanhugo/workspace/power-sharpening/Subtree-Prefetching-Power-Sharpening/case_studies/logs-entropycut/mbpp/2026-09-21/vllm/dataset-mbpp.model-qwen3.5-9b.alpha4.0.steps100.blocks-1.prefetch-budget-20.rank-accept_first.cut-entropy4.0.samples20.maxnew1024.seed10086.subtreePrefetch.vllm.log,118,13,84,0.4600579521691027
/Users/jiangnanhugo/workspace/power-sharpening/Subtree-Prefetching-Power-Sharpening/case_studies/logs-entropycut/mbpp/2026-09-21/vllm/dataset-mbpp.model-qwen3.5-9b.alpha4.0.steps100.blocks-1.prefetch-budget-20.rank-accept_first.cut-entropy4.0.samples20.maxnew1024.seed10086.subtreePrefetch.vllm.log,118,14,86,0.18765480321767386
/Users/jiangnanhugo/workspace/power-sharpening/Subtree-Prefetching-Power-Sharpening/case_studies/logs-entropycut/mbpp/2026-09-21/vllm/dataset-mbpp.model-qwen3.5-9b.alpha4.0.steps100.blocks-1.prefetch-budget-20.rank-accept_first.cut-entropy4.0.samples20.maxnew1024.seed10086.subtreePrefetch.vllm.log,118,15,23,0.09189637634579574
/Users/jiangnanhugo/workspace/power-sharpening/Subtree-Prefetching-Power-Sharpening/case_studies/logs-entropycut/mbpp/2026-09-21/vllm/dataset-mbpp.model-qwen3.5-9b.alpha4.0.steps100.blocks-1.prefetch-budget-20.rank-accept_first.cut-entropy4.0.samples20.maxnew1024.seed10086.subtreePrefetch.vllm.log,118,16,84,0.4600579521691027
/Users/jiangnanhugo/workspace/power-sharpening/Subtree-Prefetching-Power-Sharpening/case_studies/logs-entropycut/mbpp/2026-09-21/vllm/dataset-mbpp.model-qwen3.5-9b.alpha4.0.steps100.blocks-1.prefetch-budget-20.rank-accept_first.cut-entropy4.0.samples20.maxnew1024.seed10086.subtreePrefetch.vllm.log,118,17,23,0.09189637634579574
/Users/jiangnanhugo/workspace/power-sharpening/Subtree-Prefetching-Power-Sharpening/case_studies/logs-entropycut/mbpp/2026-09-21/vllm/dataset-mbpp.model-qwen3.5-9b.alpha4.0.steps100.blocks-1.prefetch-budget-20.rank-accept_first.cut-entropy4.0.samples20.maxnew1024.seed10086.subtreePrefetch.vllm.log,118,18,23,0.09189637634579574
/Users/jiangnanhugo/workspace/power-sharpening/Subtree-Prefetching-Power-Sharpening/case_studies/logs-entropycut/mbpp/2026-09-21/vllm/dataset-mbpp.model-qwen3.5-9b.alpha4.0.steps100.blocks-1.prefetch-budget-20.rank-accept_first.cut-entropy4.0.samples20.maxnew1024.seed10086.subtreePrefetch.vllm.log,118,19,86,0.18765480321767386
/Users/jiangnanhugo/workspace/power-sharpening/Subtree-Prefetching-Power-Sharpening/case_studies/logs-entropycut/mbpp/2026-09-21/vllm/dataset-mbpp.model-qwen3.5-9b.alpha4.0.steps100.blocks-1.prefetch-budget-20.rank-accept_first.cut-entropy4.0.samples20.maxnew1024.seed10086.subtreePrefetch.vllm.log,119,0,84,0.46005795216910167
/Users/jiangnanhugo/workspace/power-sharpening/Subtree-Prefetching-Power-Sharpening/case_studies/logs-entropycut/mbpp/2026-09-21/vllm/dataset-mbpp.model-qwen3.5-9b.alpha4.0.steps100.blocks-1.prefetch-budget-20.rank-accept_first.cut-entropy4.0.samples20.maxnew1024.seed10086.subtreePrefetch.vllm.log,119,1,84,0.46005795216910167
/Users/jiangnanhugo/workspace/power-sharpening/Subtree-Prefetching-Power-Sharpening/case_studies/logs-entropycut/mbpp/2026-09-21/vllm/dataset-mbpp.model-qwen3.5-9b.alpha4.0.steps100.blocks-1.prefetch-budget-20.rank-accept_first.cut-entropy4.0.samples20.maxnew1024.seed10086.subtreePrefetch.vllm.log,119,2,84,0.46005795216910167
/Users/jiangnanhugo/workspace/power-sharpening/Subtree-Prefetching-Power-Sharpening/case_studies/logs-entropycut/mbpp/2026-09-21/vllm/dataset-mbpp.model-qwen3.5-9b.alpha4.0.steps100.blocks-1.prefetch-budget-20.rank-accept_first.cut-entropy4.0.samples20.maxnew1024.seed10086.subtreePrefetch.vllm.log,119,3,28,0.07926762883162637
/Users/jiangnanhugo/workspace/power-sharpening/Subtree-Prefetching-Power-Sharpening/case_studies/logs-entropycut/mbpp/2026-09-21/vllm/dataset-mbpp.model-qwen3.5-9b.alpha4.0.steps100.blocks-1.prefetch-budget-20.rank-accept_first.cut-entropy4.0.samples20.maxnew1024.seed10086.subtreePrefetch.vllm.log,119,4,28,0.07926762883162637
/Users/jiangnanhugo/workspace/power-sharpening/Subtree-Prefetching-Power-Sharpening/case_studies/logs-entropycut/mbpp/2026-09-21/vllm/dataset-mbpp.model-qwen3.5-9b.alpha4.0.steps100.blocks-1.prefetch-budget-20.rank-accept_first.cut-entropy4.0.samples20.maxnew1024.seed10086.subtreePrefetch.vllm.log,119,5,84,0.46005795216910167
/Users/jiangnanhugo/workspace/power-sharpening/Subtree-Prefetching-Power-Sharpening/case_studies/logs-entropycut/mbpp/2026-09-21/vllm/dataset-mbpp.model-qwen3.5-9b.alpha4.0.steps100.blocks-1.prefetch-budget-20.rank-accept_first.cut-entropy4.0.samples20.maxnew1024.seed10086.subtreePrefetch.vllm.log,119,6,60,0.0071182543631951225
/Users/jiangnanhugo/workspace/power-sharpening/Subtree-Prefetching-Power-Sharpening/case_studies/logs-entropycut/mbpp/2026-09-21/vllm/dataset-mbpp.model-qwen3.5-9b.alpha4.0.steps100.blocks-1.prefetch-budget-20.rank-accept_first.cut-entropy4.0.samples20.maxnew1024.seed10086.subtreePrefetch.vllm.log,119,7,44,0.0013057084269586777
/Users/jiangnanhugo/workspace/power-sharpening/Subtree-Prefetching-Power-Sharpening/case_studies/logs-entropycut/mbpp/2026-09-21/vllm/dataset-mbpp.model-qwen3.5-9b.alpha4.0.steps100.blocks-1.prefetch-budget-20.rank-accept_first.cut-entropy4.0.samples20.maxnew1024.seed10086.subtreePrefetch.vllm.log,119,8,28,0.07926762883162637
/Users/jiangnanhugo/workspace/power-sharpening/Subtree-Prefetching-Power-Sharpening/case_studies/logs-entropycut/mbpp/2026-09-21/vllm/dataset-mbpp.model-qwen3.5-9b.alpha4.0.steps100.blocks-1.prefetch-budget-20.rank-accept_first.cut-entropy4.0.samples20.maxnew1024.seed10086.subtreePrefetch.vllm.log,119,9,32,0.0010744084764064835
/Users/jiangnanhugo/workspace/power-sharpening/Subtree-Prefetching-Power-Sharpening/case_studies/logs-entropycut/mbpp/2026-09-21/vllm/dataset-mbpp.model-qwen3.5-9b.alpha4.0.steps100.blocks-1.prefetch-budget-20.rank-accept_first.cut-entropy4.0.samples20.maxnew1024.seed10086.subtreePrefetch.vllm.log,119,10,86,0.18765480321767342
/Users/jiangnanhugo/workspace/power-sharpening/Subtree-Prefetching-Power-Sharpening/case_studies/logs-entropycut/mbpp/2026-09-21/vllm/dataset-mbpp.model-qwen3.5-9b.alpha4.0.steps100.blocks-1.prefetch-budget-20.rank-accept_first.cut-entropy4.0.samples20.maxnew1024.seed10086.subtreePrefetch.vllm.log,119,11,84,0.46005795216910167
/Users/jiangnanhugo/workspace/power-sharpening/Subtree-Prefetching-Power-Sharpening/case_studies/logs-entropycut/mbpp/2026-09-21/vllm/dataset-mbpp.model-qwen3.5-9b.alpha4.0.steps100.blocks-1.prefetch-budget-20.rank-accept_first.cut-entropy4.0.samples20.maxnew1024.seed10086.subtreePrefetch.vllm.log,119,12,50,0.04401002013602706
/Users/jiangnanhugo/workspace/power-sharpening/Subtree-Prefetching-Power-Sharpening/case_studies/logs-entropycut/mbpp/2026-09-21/vllm/dataset-mbpp.model-qwen3.5-9b.alpha4.0.steps100.blocks-1.prefetch-budget-20.rank-accept_first.cut-entropy4.0.samples20.maxnew1024.seed10086.subtreePrefetch.vllm.log,119,13,28,0.07926762883162637
/Users/jiangnanhugo/workspace/power-sharpening/Subtree-Prefetching-Power-Sharpening/case_studies/logs-entropycut/mbpp/2026-09-21/vllm/dataset-mbpp.model-qwen3.5-9b.alpha4.0.steps100.blocks-1.prefetch-budget-20.rank-accept_first.cut-entropy4.0.samples20.maxnew1024.seed10086.subtreePrefetch.vllm.log,119,14,28,0.07926762883162637
/Users/jiangnanhugo/workspace/power-sharpening/Subtree-Prefetching-Power-Sharpening/case_studies/logs-entropycut/mbpp/2026-09-21/vllm/dataset-mbpp.model-qwen3.5-9b.alpha4.0.steps100.blocks-1.prefetch-budget-20.rank-accept_first.cut-entropy4.0.samples20.maxnew1024.seed10086.subtreePrefetch.vllm.log,119,15,84,0.46005795216910167
/Users/jiangnanhugo/workspace/power-sharpening/Subtree-Prefetching-Power-Sharpening/case_studies/logs-entropycut/mbpp/2026-09-21/vllm/dataset-mbpp.model-qwen3.5-9b.alpha4.0.steps100.blocks-1.prefetch-budget-20.rank-accept_first.cut-entropy4.0.samples20.maxnew1024.seed10086.subtreePrefetch.vllm.log,119,16,28,0.07926762883162637
/Users/jiangnanhugo/workspace/power-sharpening/Subtree-Prefetching-Power-Sharpening/case_studies/logs-entropycut/mbpp/2026-09-21/vllm/dataset-mbpp.model-qwen3.5-9b.alpha4.0.steps100.blocks-1.prefetch-budget-20.rank-accept_first.cut-entropy4.0.samples20.maxnew1024.seed10086.subtreePrefetch.vllm.log,119,17,84,0.46005795216910167
/Users/jiangnanhugo/workspace/power-sharpening/Subtree-Prefetching-Power-Sharpening/case_studies/logs-entropycut/mbpp/2026-09-21/vllm/dataset-mbpp.model-qwen3.5-9b.alpha4.0.steps100.blocks-1.prefetch-budget-20.rank-accept_first.cut-entropy4.0.samples20.maxnew1024.seed10086.subtreePrefetch.vllm.log,119,18,84,0.46005795216910167
/Users/jiangnanhugo/workspace/power-sharpening/Subtree-Prefetching-Power-Sharpening/case_studies/logs-entropycut/mbpp/2026-09-21/vllm/dataset-mbpp.model-qwen3.5-9b.alpha4.0.steps100.blocks-1.prefetch-budget-20.rank-accept_first.cut-entropy4.0.samples20.maxnew1024.seed10086.subtreePrefetch.vllm.log,119,19,84,0.46005795216910167
/Users/jiangnanhugo/workspace/power-sharpening/Subtree-Prefetching-Power-Sharpening/case_studies/logs-entropycut/mbpp/2026-09-21/vllm/dataset-mbpp.model-qwen3.5-9b.alpha4.0.steps100.blocks-1.prefetch-budget-20.rank-accept_first.cut-entropy4.0.samples20.maxnew1024.seed10086.subtreePrefetch.vllm.log,120,0,86,0.18765480321767342
/Users/jiangnanhugo/workspace/power-sharpening/Subtree-Prefetching-Power-Sharpening/case_studies/logs-entropycut/mbpp/2026-09-21/vllm/dataset-mbpp.model-qwen3.5-9b.alpha4.0.steps100.blocks-1.prefetch-budget-20.rank-accept_first.cut-entropy4.0.samples20.maxnew1024.seed10086.subtreePrefetch.vllm.log,120,1,83,0.0039005410793399643
/Users/jiangnanhugo/workspace/power-sharpening/Subtree-Prefetching-Power-Sharpening/case_studies/logs-entropycut/mbpp/2026-09-21/vllm/dataset-mbpp.model-qwen3.5-9b.alpha4.0.steps100.blocks-1.prefetch-budget-20.rank-accept_first.cut-entropy4.0.samples20.maxnew1024.seed10086.subtreePrefetch.vllm.log,120,2,80,0.0007995899709982117
/Users/jiangnanhugo/workspace/power-sharpening/Subtree-Prefetching-Power-Sharpening/case_studies/logs-entropycut/mbpp/2026-09-21/vllm/dataset-mbpp.model-qwen3.5-9b.alpha4.0.steps100.blocks-1.prefetch-budget-20.rank-accept_first.cut-entropy4.0.samples20.maxnew1024.seed10086.subtreePrefetch.vllm.log,120,3,84,0.46005795216910167
/Users/jiangnanhugo/workspace/power-sharpening/Subtree-Prefetching-Power-Sharpening/case_studies/logs-entropycut/mbpp/2026-09-21/vllm/dataset-mbpp.model-qwen3.5-9b.alpha4.0.steps100.blocks-1.prefetch-budget-20.rank-accept_first.cut-entropy4.0.samples20.maxnew1024.seed10086.subtreePrefetch.vllm.log,120,4,50,0.04401002013602706
/Users/jiangnanhugo/workspace/power-sharpening/Subtree-Prefetching-Power-Sharpening/case_studies/logs-entropycut/mbpp/2026-09-21/vllm/dataset-mbpp.model-qwen3.5-9b.alpha4.0.steps100.blocks-1.prefetch-budget-20.rank-accept_first.cut-entropy4.0.samples20.maxnew1024.seed10086.subtreePrefetch.vllm.log,120,5,250,0.028097756617323045
/Users/jiangnanhugo/workspace/power-sharpening/Subtree-Prefetching-Power-Sharpening/case_studies/logs-entropycut/mbpp/2026-09-21/vllm/dataset-mbpp.model-qwen3.5-9b.alpha4.0.steps100.blocks-1.prefetch-budget-20.rank-accept_first.cut-entropy4.0.samples20.maxnew1024.seed10086.subtreePrefetch.vllm.log,120,6,28,0.07926762883162637
/Users/jiangnanhugo/workspace/power-sharpening/Subtree-Prefetching-Power-Sharpening/case_studies/logs-entropycut/mbpp/2026-09-21/vllm/dataset-mbpp.model-qwen3.5-9b.alpha4.0.steps100.blocks-1.prefetch-budget-20.rank-accept_first.cut-entropy4.0.samples20.maxnew1024.seed10086.subtreePrefetch.vllm.log,120,7,50,0.04401002013602706
/Users/jiangnanhugo/workspace/power-sharpening/Subtree-Prefetching-Power-Sharpening/case_studies/logs-entropycut/mbpp/2026-09-21/vllm/dataset-mbpp.model-qwen3.5-9b.alpha4.0.steps100.blocks-1.prefetch-budget-20.rank-accept_first.cut-entropy4.0.samples20.maxnew1024.seed10086.subtreePrefetch.vllm.log,120,8,84,0.46005795216910167
/Users/jiangnanhugo/workspace/power-sharpening/Subtree-Prefetching-Power-Sharpening/case_studies/logs-entropycut/mbpp/2026-09-21/vllm/dataset-mbpp.model-qwen3.5-9b.alpha4.0.steps100.blocks-1.prefetch-budget-20.rank-accept_first.cut-entropy4.0.samples20.maxnew1024.seed10086.subtreePrefetch.vllm.log,120,9,86,0.18765480321767342
/Users/jiangnanhugo/workspace/power-sharpening/Subtree-Prefetching-Power-Sharpening/case_studies/logs-entropycut/mbpp/2026-09-21/vllm/dataset-mbpp.model-qwen3.5-9b.alpha4.0.steps100.blocks-1.prefetch-budget-20.rank-accept_first.cut-entropy4.0.samples20.maxnew1024.seed10086.subtreePrefetch.vllm.log,120,10,84,0.46005795216910167
/Users/jiangnanhugo/workspace/power-sharpening/Subtree-Prefetching-Power-Sharpening/case_studies/logs-entropycut/mbpp/2026-09-21/vllm/dataset-mbpp.model-qwen3.5-9b.alpha4.0.steps100.blocks-1.prefetch-budget-20.rank-accept_first.cut-entropy4.0.samples20.maxnew1024.seed10086.subtreePrefetch.vllm.log,120,11,84,0.46005795216910167
/Users/jiangnanhugo/workspace/power-sharpening/Subtree-Prefetching-Power-Sharpening/case_studies/logs-entropycut/mbpp/2026-09-21/vllm/dataset-mbpp.model-qwen3.5-9b.alpha4.0.steps100.blocks-1.prefetch-budget-20.rank-accept_first.cut-entropy4.0.samples20.maxnew1024.seed10086.subtreePrefetch.vllm.log,120,12,84,0.46005795216910167
/Users/jiangnanhugo/workspace/power-sharpening/Subtree-Prefetching-Power-Sharpening/case_studies/logs-entropycut/mbpp/2026-09-21/vllm/dataset-mbpp.model-qwen3.5-9b.alpha4.0.steps100.blocks-1.prefetch-budget-20.rank-accept_first.cut-entropy4.0.samples20.maxnew1024.seed10086.subtreePrefetch.vllm.log,120,13,84,0.46005795216910167
/Users/jiangnanhugo/workspace/power-sharpening/Subtree-Prefetching-Power-Sharpening/case_studies/logs-entropycut/mbpp/2026-09-21/vllm/dataset-mbpp.model-qwen3.5-9b.alpha4.0.steps100.blocks-1.prefetch-budget-20.rank-accept_first.cut-entropy4.0.samples20.maxnew1024.seed10086.subtreePrefetch.vllm.log,120,14,28,0.07926762883162637
/Users/jiangnanhugo/workspace/power-sharpening/Subtree-Prefetching-Power-Sharpening/case_studies/logs-entropycut/mbpp/2026-09-21/vllm/dataset-mbpp.model-qwen3.5-9b.alpha4.0.steps100.blocks-1.prefetch-budget-20.rank-accept_first.cut-entropy4.0.samples20.maxnew1024.seed10086.subtreePrefetch.vllm.log,120,15,84,0.46005795216910167
/Users/jiangnanhugo/workspace/power-sharpening/Subtree-Prefetching-Power-Sharpening/case_studies/logs-entropycut/mbpp/2026-09-21/vllm/dataset-mbpp.model-qwen3.5-9b.alpha4.0.steps100.blocks-1.prefetch-budget-20.rank-accept_first.cut-entropy4.0.samples20.maxnew1024.seed10086.subtreePrefetch.vllm.log,120,16,84,0.46005795216910167
/Users/jiangnanhugo/workspace/power-sharpening/Subtree-Prefetching-Power-Sharpening/case_studies/logs-entropycut/mbpp/2026-09-21/vllm/dataset-mbpp.model-qwen3.5-9b.alpha4.0.steps100.blocks-1.prefetch-budget-20.rank-accept_first.cut-entropy4.0.samples20.maxnew1024.seed10086.subtreePrefetch.vllm.log,120,17,46,0.0031892814755103247
/Users/jiangnanhugo/workspace/power-sharpening/Subtree-Prefetching-Power-Sharpening/case_studies/logs-entropycut/mbpp/2026-09-21/vllm/dataset-mbpp.model-qwen3.5-9b.alpha4.0.steps100.blocks-1.prefetch-budget-20.rank-accept_first.cut-entropy4.0.samples20.maxnew1024.seed10086.subtreePrefetch.vllm.log,120,18,84,0.46005795216910167
/Users/jiangnanhugo/workspace/power-sharpening/Subtree-Prefetching-Power-Sharpening/case_studies/logs-entropycut/mbpp/2026-09-21/vllm/dataset-mbpp.model-qwen3.5-9b.alpha4.0.steps100.blocks-1.prefetch-budget-20.rank-accept_first.cut-entropy4.0.samples20.maxnew1024.seed10086.subtreePrefetch.vllm.log,120,19,28,0.07926762883162637
/Users/jiangnanhugo/workspace/power-sharpening/Subtree-Prefetching-Power-Sharpening/case_studies/logs-entropycut/mbpp/2026-09-21/vllm/dataset-mbpp.model-qwen3.5-9b.alpha4.0.steps100.blocks-1.prefetch-budget-20.rank-accept_first.cut-entropy4.0.samples20.maxnew1024.seed10086.subtreePrefetch.vllm.log,121,0,23,0.09189637634581886
/Users/jiangnanhugo/workspace/power-sharpening/Subtree-Prefetching-Power-Sharpening/case_studies/logs-entropycut/mbpp/2026-09-21/vllm/dataset-mbpp.model-qwen3.5-9b.alpha4.0.steps100.blocks-1.prefetch-budget-20.rank-accept_first.cut-entropy4.0.samples20.maxnew1024.seed10086.subtreePrefetch.vllm.log,121,1,84,0.46005795216921846
/Users/jiangnanhugo/workspace/power-sharpening/Subtree-Prefetching-Power-Sharpening/case_studies/logs-entropycut/mbpp/2026-09-21/vllm/dataset-mbpp.model-qwen3.5-9b.alpha4.0.steps100.blocks-1.prefetch-budget-20.rank-accept_first.cut-entropy4.0.samples20.maxnew1024.seed10086.subtreePrefetch.vllm.log,121,2,84,0.46005795216921846
/Users/jiangnanhugo/workspace/power-sharpening/Subtree-Prefetching-Power-Sharpening/case_studies/logs-entropycut/mbpp/2026-09-21/vllm/dataset-mbpp.model-qwen3.5-9b.alpha4.0.steps100.blocks-1.prefetch-budget-20.rank-accept_first.cut-entropy4.0.samples20.maxnew1024.seed10086.subtreePrefetch.vllm.log,121,3,84,0.46005795216921846
/Users/jiangnanhugo/workspace/power-sharpening/Subtree-Prefetching-Power-Sharpening/case_studies/logs-entropycut/mbpp/2026-09-21/vllm/dataset-mbpp.model-qwen3.5-9b.alpha4.0.steps100.blocks-1.prefetch-budget-20.rank-accept_first.cut-entropy4.0.samples20.maxnew1024.seed10086.subtreePrefetch.vllm.log,121,4,84,0.46005795216921846
/Users/jiangnanhugo/workspace/power-sharpening/Subtree-Prefetching-Power-Sharpening/case_studies/logs-entropycut/mbpp/2026-09-21/vllm/dataset-mbpp.model-qwen3.5-9b.alpha4.0.steps100.blocks-1.prefetch-budget-20.rank-accept_first.cut-entropy4.0.samples20.maxnew1024.seed10086.subtreePrefetch.vllm.log,121,5,84,0.46005795216921846
/Users/jiangnanhugo/workspace/power-sharpening/Subtree-Prefetching-Power-Sharpening/case_studies/logs-entropycut/mbpp/2026-09-21/vllm/dataset-mbpp.model-qwen3.5-9b.alpha4.0.steps100.blocks-1.prefetch-budget-20.rank-accept_first.cut-entropy4.0.samples20.maxnew1024.seed10086.subtreePrefetch.vllm.log,121,6,84,0.46005795216921846
/Users/jiangnanhugo/workspace/power-sharpening/Subtree-Prefetching-Power-Sharpening/case_studies/logs-entropycut/mbpp/2026-09-21/vllm/dataset-mbpp.model-qwen3.5-9b.alpha4.0.steps100.blocks-1.prefetch-budget-20.rank-accept_first.cut-entropy4.0.samples20.maxnew1024.seed10086.subtreePrefetch.vllm.log,121,7,84,0.46005795216921846
/Users/jiangnanhugo/workspace/power-sharpening/Subtree-Prefetching-Power-Sharpening/case_studies/logs-entropycut/mbpp/2026-09-21/vllm/dataset-mbpp.model-qwen3.5-9b.alpha4.0.steps100.blocks-1.prefetch-budget-20.rank-accept_first.cut-entropy4.0.samples20.maxnew1024.seed10086.subtreePrefetch.vllm.log,121,8,84,0.46005795216921846
/Users/jiangnanhugo/workspace/power-sharpening/Subtree-Prefetching-Power-Sharpening/case_studies/logs-entropycut/mbpp/2026-09-21/vllm/dataset-mbpp.model-qwen3.5-9b.alpha4.0.steps100.blocks-1.prefetch-budget-20.rank-accept_first.cut-entropy4.0.samples20.maxnew1024.seed10086.subtreePrefetch.vllm.log,121,9,84,0.46005795216921846
/Users/jiangnanhugo/workspace/power-sharpening/Subtree-Prefetching-Power-Sharpening/case_studies/logs-entropycut/mbpp/2026-09-21/vllm/dataset-mbpp.model-qwen3.5-9b.alpha4.0.steps100.blocks-1.prefetch-budget-20.rank-accept_first.cut-entropy4.0.samples20.maxnew1024.seed10086.subtreePrefetch.vllm.log,121,10,84,0.46005795216921846
/Users/jiangnanhugo/workspace/power-sharpening/Subtree-Prefetching-Power-Sharpening/case_studies/logs-entropycut/mbpp/2026-09-21/vllm/dataset-mbpp.model-qwen3.5-9b.alpha4.0.steps100.blocks-1.prefetch-budget-20.rank-accept_first.cut-entropy4.0.samples20.maxnew1024.seed10086.subtreePrefetch.vllm.log,121,11,23,0.09189637634581886
/Users/jiangnanhugo/workspace/power-sharpening/Subtree-Prefetching-Power-Sharpening/case_studies/logs-entropycut/mbpp/2026-09-21/vllm/dataset-mbpp.model-qwen3.5-9b.alpha4.0.steps100.blocks-1.prefetch-budget-20.rank-accept_first.cut-entropy4.0.samples20.maxnew1024.seed10086.subtreePrefetch.vllm.log,121,12,23,0.09189637634581886
/Users/jiangnanhugo/workspace/power-sharpening/Subtree-Prefetching-Power-Sharpening/case_studies/logs-entropycut/mbpp/2026-09-21/vllm/dataset-mbpp.model-qwen3.5-9b.alpha4.0.steps100.blocks-1.prefetch-budget-20.rank-accept_first.cut-entropy4.0.samples20.maxnew1024.seed10086.subtreePrefetch.vllm.log,121,13,84,0.46005795216921846
/Users/jiangnanhugo/workspace/power-sharpening/Subtree-Prefetching-Power-Sharpening/case_studies/logs-entropycut/mbpp/2026-09-21/vllm/dataset-mbpp.model-qwen3.5-9b.alpha4.0.steps100.blocks-1.prefetch-budget-20.rank-accept_first.cut-entropy4.0.samples20.maxnew1024.seed10086.subtreePrefetch.vllm.log,121,14,84,0.46005795216921846
/Users/jiangnanhugo/workspace/power-sharpening/Subtree-Prefetching-Power-Sharpening/case_studies/logs-entropycut/mbpp/2026-09-21/vllm/dataset-mbpp.model-qwen3.5-9b.alpha4.0.steps100.blocks-1.prefetch-budget-20.rank-accept_first.cut-entropy4.0.samples20.maxnew1024.seed10086.subtreePrefetch.vllm.log,122,0,44,0.041249800882504135
/Users/jiangnanhugo/workspace/power-sharpening/Subtree-Prefetching-Power-Sharpening/case_studies/logs-entropycut/mbpp/2026-09-21/vllm/dataset-mbpp.model-qwen3.5-9b.alpha4.0.steps100.blocks-1.prefetch-budget-20.rank-accept_first.cut-entropy4.0.samples20.maxnew1024.seed10086.subtreePrefetch.vllm.log,122,1,418,0.03542838850489074
/Users/jiangnanhugo/workspace/power-sharpening/Subtree-Prefetching-Power-Sharpening/case_studies/logs-entropycut/mbpp/2026-09-21/vllm/dataset-mbpp.model-qwen3.5-9b.alpha4.0.steps100.blocks-1.prefetch-budget-20.rank-accept_first.cut-entropy4.0.samples20.maxnew1024.seed10086.subtreePrefetch.vllm.log,122,2,56,0.19542923806973883
/Users/jiangnanhugo/workspace/power-sharpening/Subtree-Prefetching-Power-Sharpening/case_studies/logs-entropycut/mbpp/2026-09-21/vllm/dataset-mbpp.model-qwen3.5-9b.alpha4.0.steps100.blocks-1.prefetch-budget-20.rank-accept_first.cut-entropy4.0.samples20.maxnew1024.seed10086.subtreePrefetch.vllm.log,122,3,11,0.01464651307887997
/Users/jiangnanhugo/workspace/power-sharpening/Subtree-Prefetching-Power-Sharpening/case_studies/logs-entropycut/mbpp/2026-09-21/vllm/dataset-mbpp.model-qwen3.5-9b.alpha4.0.steps100.blocks-1.prefetch-budget-20.rank-accept_first.cut-entropy4.0.samples20.maxnew1024.seed10086.subtreePrefetch.vllm.log,122,4,56,0.19542923806973883
/Users/jiangnanhugo/workspace/power-sharpening/Subtree-Prefetching-Power-Sharpening/case_studies/logs-entropycut/mbpp/2026-09-21/vllm/dataset-mbpp.model-qwen3.5-9b.alpha4.0.steps100.blocks-1.prefetch-budget-20.rank-accept_first.cut-entropy4.0.samples20.maxnew1024.seed10086.subtreePrefetch.vllm.log,122,5,195,0.1358084900463243
/Users/jiangnanhugo/workspace/power-sharpening/Subtree-Prefetching-Power-Sharpening/case_studies/logs-entropycut/mbpp/2026-09-21/vllm/dataset-mbpp.model-qwen3.5-9b.alpha4.0.steps100.blocks-1.prefetch-budget-20.rank-accept_first.cut-entropy4.0.samples20.maxnew1024.seed10086.subtreePrefetch.vllm.log,122,6,207,0.021788464722884485
/Users/jiangnanhugo/workspace/power-sharpening/Subtree-Prefetching-Power-Sharpening/case_studies/logs-entropycut/mbpp/2026-09-21/vllm/dataset-mbpp.model-qwen3.5-9b.alpha4.0.steps100.blocks-1.prefetch-budget-20.rank-accept_first.cut-entropy4.0.samples20.maxnew1024.seed10086.subtreePrefetch.vllm.log,122,7,195,0.1358084900463243
/Users/jiangnanhugo/workspace/power-sharpening/Subtree-Prefetching-Power-Sharpening/case_studies/logs-entropycut/mbpp/2026-09-21/vllm/dataset-mbpp.model-qwen3.5-9b.alpha4.0.steps100.blocks-1.prefetch-budget-20.rank-accept_first.cut-entropy4.0.samples20.maxnew1024.seed10086.subtreePrefetch.vllm.log,122,8,195,0.1358084900463243
/Users/jiangnanhugo/workspace/power-sharpening/Subtree-Prefetching-Power-Sharpening/case_studies/logs-entropycut/mbpp/2026-09-21/vllm/dataset-mbpp.model-qwen3.5-9b.alpha4.0.steps100.blocks-1.prefetch-budget-20.rank-accept_first.cut-entropy4.0.samples20.maxnew1024.seed10086.subtreePrefetch.vllm.log,122,9,56,0.19542923806973883
/Users/jiangnanhugo/workspace/power-sharpening/Subtree-Prefetching-Power-Sharpening/case_studies/logs-entropycut/mbpp/2026-09-21/vllm/dataset-mbpp.model-qwen3.5-9b.alpha4.0.steps100.blocks-1.prefetch-budget-20.rank-accept_first.cut-entropy4.0.samples20.maxnew1024.seed10086.subtreePrefetch.vllm.log,122,10,88,0.048676810666286874
/Users/jiangnanhugo/workspace/power-sharpening/Subtree-Prefetching-Power-Sharpening/case_studies/logs-entropycut/mbpp/2026-09-21/vllm/dataset-mbpp.model-qwen3.5-9b.alpha4.0.steps100.blocks-1.prefetch-budget-20.rank-accept_first.cut-entropy4.0.samples20.maxnew1024.seed10086.subtreePrefetch.vllm.log,122,11,56,0.19542923806973883
/Users/jiangnanhugo/workspace/power-sharpening/Subtree-Prefetching-Power-Sharpening/case_studies/logs-entropycut/mbpp/2026-09-21/vllm/dataset-mbpp.model-qwen3.5-9b.alpha4.0.steps100.blocks-1.prefetch-budget-20.rank-accept_first.cut-entropy4.0.samples20.maxnew1024.seed10086.subtreePrefetch.vllm.log,122,12,88,0.048676810666286874
/Users/jiangnanhugo/workspace/power-sharpening/Subtree-Prefetching-Power-Sharpening/case_studies/logs-entropycut/mbpp/2026-09-21/vllm/dataset-mbpp.model-qwen3.5-9b.alpha4.0.steps100.blocks-1.prefetch-budget-20.rank-accept_first.cut-entropy4.0.samples20.maxnew1024.seed10086.subtreePrefetch.vllm.log,122,13,544,0.002277982824960816
/Users/jiangnanhugo/workspace/power-sharpening/Subtree-Prefetching-Power-Sharpening/case_studies/logs-entropycut/mbpp/2026-09-21/vllm/dataset-mbpp.model-qwen3.5-9b.alpha4.0.steps100.blocks-1.prefetch-budget-20.rank-accept_first.cut-entropy4.0.samples20.maxnew1024.seed10086.subtreePrefetch.vllm.log,122,14,88,0.048676810666286874
/Users/jiangnanhugo/workspace/power-sharpening/Subtree-Prefetching-Power-Sharpening/case_studies/logs-entropycut/mbpp/2026-09-21/vllm/dataset-mbpp.model-qwen3.5-9b.alpha4.0.steps100.blocks-1.prefetch-budget-20.rank-accept_first.cut-entropy4.0.samples20.maxnew1024.seed10086.subtreePrefetch.vllm.log,122,15,142,0.010252829022402266
/Users/jiangnanhugo/workspace/power-sharpening/Subtree-Prefetching-Power-Sharpening/case_studies/logs-entropycut/mbpp/2026-09-21/vllm/dataset-mbpp.model-qwen3.5-9b.alpha4.0.steps100.blocks-1.prefetch-budget-20.rank-accept_first.cut-entropy4.0.samples20.maxnew1024.seed10086.subtreePrefetch.vllm.log,122,16,195,0.1358084900463243
/Users/jiangnanhugo/workspace/power-sharpening/Subtree-Prefetching-Power-Sharpening/case_studies/logs-entropycut/mbpp/2026-09-21/vllm/dataset-mbpp.model-qwen3.5-9b.alpha4.0.steps100.blocks-1.prefetch-budget-20.rank-accept_first.cut-entropy4.0.samples20.maxnew1024.seed10086.subtreePrefetch.vllm.log,122,17,157,0.005432492725346297
/Users/jiangnanhugo/workspace/power-sharpening/Subtree-Prefetching-Power-Sharpening/case_studies/logs-entropycut/mbpp/2026-09-21/vllm/dataset-mbpp.model-qwen3.5-9b.alpha4.0.steps100.blocks-1.prefetch-budget-20.rank-accept_first.cut-entropy4.0.samples20.maxnew1024.seed10086.subtreePrefetch.vllm.log,122,18,247,0.025778930433120264
/Users/jiangnanhugo/workspace/power-sharpening/Subtree-Prefetching-Power-Sharpening/case_studies/logs-entropycut/mbpp/2026-09-21/vllm/dataset-mbpp.model-qwen3.5-9b.alpha4.0.steps100.blocks-1.prefetch-budget-20.rank-accept_first.cut-entropy4.0.samples20.maxnew1024.seed10086.subtreePrefetch.vllm.log,122,19,56,0.19542923806973883
/Users/jiangnanhugo/workspace/power-sharpening/Subtree-Prefetching-Power-Sharpening/case_studies/logs-entropycut/mbpp/2026-09-21/vllm/dataset-mbpp.model-qwen3.5-9b.alpha4.0.steps100.blocks-1.prefetch-budget-20.rank-accept_first.cut-entropy4.0.samples20.maxnew1024.seed10086.subtreePrefetch.vllm.log,123,0,247,0.03283189114076372
/Users/jiangnanhugo/workspace/power-sharpening/Subtree-Prefetching-Power-Sharpening/case_studies/logs-entropycut/mbpp/2026-09-21/vllm/dataset-mbpp.model-qwen3.5-9b.alpha4.0.steps100.blocks-1.prefetch-budget-20.rank-accept_first.cut-entropy4.0.samples20.maxnew1024.seed10086.subtreePrefetch.vllm.log,123,1,56,0.28362177035615593
/Users/jiangnanhugo/workspace/power-sharpening/Subtree-Prefetching-Power-Sharpening/case_studies/logs-entropycut/mbpp/2026-09-21/vllm/dataset-mbpp.model-qwen3.5-9b.alpha4.0.steps100.blocks-1.prefetch-budget-20.rank-accept_first.cut-entropy4.0.samples20.maxnew1024.seed10086.subtreePrefetch.vllm.log,123,2,56,0.28362177035615593
/Users/jiangnanhugo/workspace/power-sharpening/Subtree-Prefetching-Power-Sharpening/case_studies/logs-entropycut/mbpp/2026-09-21/vllm/dataset-mbpp.model-qwen3.5-9b.alpha4.0.steps100.blocks-1.prefetch-budget-20.rank-accept_first.cut-entropy4.0.samples20.maxnew1024.seed10086.subtreePrefetch.vllm.log,123,3,147,0.009657700702884906
/Users/jiangnanhugo/workspace/power-sharpening/Subtree-Prefetching-Power-Sharpening/case_studies/logs-entropycut/mbpp/2026-09-21/vllm/dataset-mbpp.model-qwen3.5-9b.alpha4.0.steps100.blocks-1.prefetch-budget-20.rank-accept_first.cut-entropy4.0.samples20.maxnew1024.seed10086.subtreePrefetch.vllm.log,123,4,11,0.021256133473201957
/Users/jiangnanhugo/workspace/power-sharpening/Subtree-Prefetching-Power-Sharpening/case_studies/logs-entropycut/mbpp/2026-09-21/vllm/dataset-mbpp.model-qwen3.5-9b.alpha4.0.steps100.blocks-1.prefetch-budget-20.rank-accept_first.cut-entropy4.0.samples20.maxnew1024.seed10086.subtreePrefetch.vllm.log,123,5,56,0.28362177035615593
/Users/jiangnanhugo/workspace/power-sharpening/Subtree-Prefetching-Power-Sharpening/case_studies/logs-entropycut/mbpp/2026-09-21/vllm/dataset-mbpp.model-qwen3.5-9b.alpha4.0.steps100.blocks-1.prefetch-budget-20.rank-accept_first.cut-entropy4.0.samples20.maxnew1024.seed10086.subtreePrefetch.vllm.log,123,6,247,0.03283189114076372
/Users/jiangnanhugo/workspace/power-sharpening/Subtree-Prefetching-Power-Sharpening/case_studies/logs-entropycut/mbpp/2026-09-21/vllm/dataset-mbpp.model-qwen3.5-9b.alpha4.0.steps100.blocks-1.prefetch-budget-20.rank-accept_first.cut-entropy4.0.samples20.maxnew1024.seed10086.subtreePrefetch.vllm.log,123,7,56,0.28362177035615593
/Users/jiangnanhugo/workspace/power-sharpening/Subtree-Prefetching-Power-Sharpening/case_studies/logs-entropycut/mbpp/2026-09-21/vllm/dataset-mbpp.model-qwen3.5-9b.alpha4.0.steps100.blocks-1.prefetch-budget-20.rank-accept_first.cut-entropy4.0.samples20.maxnew1024.seed10086.subtreePrefetch.vllm.log,123,8,56,0.28362177035615593
/Users/jiangnanhugo/workspace/power-sharpening/Subtree-Prefetching-Power-Sharpening/case_studies/logs-entropycut/mbpp/2026-09-21/vllm/dataset-mbpp.model-qwen3.5-9b.alpha4.0.steps100.blocks-1.prefetch-budget-20.rank-accept_first.cut-entropy4.0.samples20.maxnew1024.seed10086.subtreePrefetch.vllm.log,123,9,44,0.05986484759747077
/Users/jiangnanhugo/workspace/power-sharpening/Subtree-Prefetching-Power-Sharpening/case_studies/logs-entropycut/mbpp/2026-09-21/vllm/dataset-mbpp.model-qwen3.5-9b.alpha4.0.steps100.blocks-1.prefetch-budget-20.rank-accept_first.cut-entropy4.0.samples20.maxnew1024.seed10086.subtreePrefetch.vllm.log,123,10,56,0.28362177035615593
/Users/jiangnanhugo/workspace/power-sharpening/Subtree-Prefetching-Power-Sharpening/case_studies/logs-entropycut/mbpp/2026-09-21/vllm/dataset-mbpp.model-qwen3.5-9b.alpha4.0.steps100.blocks-1.prefetch-budget-20.rank-accept_first.cut-entropy4.0.samples20.maxnew1024.seed10086.subtreePrefetch.vllm.log,123,11,195,0.19144697321842225
/Users/jiangnanhugo/workspace/power-sharpening/Subtree-Prefetching-Power-Sharpening/case_studies/logs-entropycut/mbpp/2026-09-21/vllm/dataset-mbpp.model-qwen3.5-9b.alpha4.0.steps100.blocks-1.prefetch-budget-20.rank-accept_first.cut-entropy4.0.samples20.maxnew1024.seed10086.subtreePrefetch.vllm.log,123,12,246,0.04098195279433351
/Users/jiangnanhugo/workspace/power-sharpening/Subtree-Prefetching-Power-Sharpening/case_studies/logs-entropycut/mbpp/2026-09-21/vllm/dataset-mbpp.model-qwen3.5-9b.alpha4.0.steps100.blocks-1.prefetch-budget-20.rank-accept_first.cut-entropy4.0.samples20.maxnew1024.seed10086.subtreePrefetch.vllm.log,123,13,56,0.28362177035615593
/Users/jiangnanhugo/workspace/power-sharpening/Subtree-Prefetching-Power-Sharpening/case_studies/logs-entropycut/mbpp/2026-09-21/vllm/dataset-mbpp.model-qwen3.5-9b.alpha4.0.steps100.blocks-1.prefetch-budget-20.rank-accept_first.cut-entropy4.0.samples20.maxnew1024.seed10086.subtreePrefetch.vllm.log,123,14,246,0.04098195279433351
/Users/jiangnanhugo/workspace/power-sharpening/Subtree-Prefetching-Power-Sharpening/case_studies/logs-entropycut/mbpp/2026-09-21/vllm/dataset-mbpp.model-qwen3.5-9b.alpha4.0.steps100.blocks-1.prefetch-budget-20.rank-accept_first.cut-entropy4.0.samples20.maxnew1024.seed10086.subtreePrefetch.vllm.log,123,15,44,0.05986484759747077
/Users/jiangnanhugo/workspace/power-sharpening/Subtree-Prefetching-Power-Sharpening/case_studies/logs-entropycut/mbpp/2026-09-21/vllm/dataset-mbpp.model-qwen3.5-9b.alpha4.0.steps100.blocks-1.prefetch-budget-20.rank-accept_first.cut-entropy4.0.samples20.maxnew1024.seed10086.subtreePrefetch.vllm.log,123,16,56,0.28362177035615593
/Users/jiangnanhugo/workspace/power-sharpening/Subtree-Prefetching-Power-Sharpening/case_studies/logs-entropycut/mbpp/2026-09-21/vllm/dataset-mbpp.model-qwen3.5-9b.alpha4.0.steps100.blocks-1.prefetch-budget-20.rank-accept_first.cut-entropy4.0.samples20.maxnew1024.seed10086.subtreePrefetch.vllm.log,123,17,11,0.021256133473201957
/Users/jiangnanhugo/workspace/power-sharpening/Subtree-Prefetching-Power-Sharpening/case_studies/logs-entropycut/mbpp/2026-09-21/vllm/dataset-mbpp.model-qwen3.5-9b.alpha4.0.steps100.blocks-1.prefetch-budget-20.rank-accept_first.cut-entropy4.0.samples20.maxnew1024.seed10086.subtreePrefetch.vllm.log,123,18,105,0.013653581344115758
/Users/jiangnanhugo/workspace/power-sharpening/Subtree-Prefetching-Power-Sharpening/case_studies/logs-entropycut/mbpp/2026-09-21/vllm/dataset-mbpp.model-qwen3.5-9b.alpha4.0.steps100.blocks-1.prefetch-budget-20.rank-accept_first.cut-entropy4.0.samples20.maxnew1024.seed10086.subtreePrefetch.vllm.log,123,19,142,0.014879685083022298
/Users/jiangnanhugo/workspace/power-sharpening/Subtree-Prefetching-Power-Sharpening/case_studies/logs-entropycut/mbpp/2026-09-21/vllm/dataset-mbpp.model-qwen3.5-9b.alpha4.0.steps100.blocks-1.prefetch-budget-20.rank-accept_first.cut-entropy4.0.samples20.maxnew1024.seed10086.subtreePrefetch.vllm.log,124,0,136,0.04114450558849131
/Users/jiangnanhugo/workspace/power-sharpening/Subtree-Prefetching-Power-Sharpening/case_studies/logs-entropycut/mbpp/2026-09-21/vllm/dataset-mbpp.model-qwen3.5-9b.alpha4.0.steps100.blocks-1.prefetch-budget-20.rank-accept_first.cut-entropy4.0.samples20.maxnew1024.seed10086.subtreePrefetch.vllm.log,124,1,147,0.009657663539293124
/Users/jiangnanhugo/workspace/power-sharpening/Subtree-Prefetching-Power-Sharpening/case_studies/logs-entropycut/mbpp/2026-09-21/vllm/dataset-mbpp.model-qwen3.5-9b.alpha4.0.steps100.blocks-1.prefetch-budget-20.rank-accept_first.cut-entropy4.0.samples20.maxnew1024.seed10086.subtreePrefetch.vllm.log,124,2,136,0.04114450558849131
/Users/jiangnanhugo/workspace/power-sharpening/Subtree-Prefetching-Power-Sharpening/case_studies/logs-entropycut/mbpp/2026-09-21/vllm/dataset-mbpp.model-qwen3.5-9b.alpha4.0.steps100.blocks-1.prefetch-budget-20.rank-accept_first.cut-entropy4.0.samples20.maxnew1024.seed10086.subtreePrefetch.vllm.log,124,3,56,0.28362067895727977
/Users/jiangnanhugo/workspace/power-sharpening/Subtree-Prefetching-Power-Sharpening/case_studies/logs-entropycut/mbpp/2026-09-21/vllm/dataset-mbpp.model-qwen3.5-9b.alpha4.0.steps100.blocks-1.prefetch-budget-20.rank-accept_first.cut-entropy4.0.samples20.maxnew1024.seed10086.subtreePrefetch.vllm.log,124,4,56,0.28362067895727977
/Users/jiangnanhugo/workspace/power-sharpening/Subtree-Prefetching-Power-Sharpening/case_studies/logs-entropycut/mbpp/2026-09-21/vllm/dataset-mbpp.model-qwen3.5-9b.alpha4.0.steps100.blocks-1.prefetch-budget-20.rank-accept_first.cut-entropy4.0.samples20.maxnew1024.seed10086.subtreePrefetch.vllm.log,124,5,11,0.02125605167792878
/Users/jiangnanhugo/workspace/power-sharpening/Subtree-Prefetching-Power-Sharpening/case_studies/logs-entropycut/mbpp/2026-09-21/vllm/dataset-mbpp.model-qwen3.5-9b.alpha4.0.steps100.blocks-1.prefetch-budget-20.rank-accept_first.cut-entropy4.0.samples20.maxnew1024.seed10086.subtreePrefetch.vllm.log,124,6,3,0.0030033854951227066
/Users/jiangnanhugo/workspace/power-sharpening/Subtree-Prefetching-Power-Sharpening/case_studies/logs-entropycut/mbpp/2026-09-21/vllm/dataset-mbpp.model-qwen3.5-9b.alpha4.0.steps100.blocks-1.prefetch-budget-20.rank-accept_first.cut-entropy4.0.samples20.maxnew1024.seed10086.subtreePrefetch.vllm.log,124,7,88,0.07064321708976148
/Users/jiangnanhugo/workspace/power-sharpening/Subtree-Prefetching-Power-Sharpening/case_studies/logs-entropycut/mbpp/2026-09-21/vllm/dataset-mbpp.model-qwen3.5-9b.alpha4.0.steps100.blocks-1.prefetch-budget-20.rank-accept_first.cut-entropy4.0.samples20.maxnew1024.seed10086.subtreePrefetch.vllm.log,124,8,56,0.28362067895727977
/Users/jiangnanhugo/workspace/power-sharpening/Subtree-Prefetching-Power-Sharpening/case_studies/logs-entropycut/mbpp/2026-09-21/vllm/dataset-mbpp.model-qwen3.5-9b.alpha4.0.steps100.blocks-1.prefetch-budget-20.rank-accept_first.cut-entropy4.0.samples20.maxnew1024.seed10086.subtreePrefetch.vllm.log,124,9,3,0.0030033854951227066
/Users/jiangnanhugo/workspace/power-sharpening/Subtree-Prefetching-Power-Sharpening/case_studies/logs-entropycut/mbpp/2026-09-21/vllm/dataset-mbpp.model-qwen3.5-9b.alpha4.0.steps100.blocks-1.prefetch-budget-20.rank-accept_first.cut-entropy4.0.samples20.maxnew1024.seed10086.subtreePrefetch.vllm.log,124,10,56,0.28362067895727977
/Users/jiangnanhugo/workspace/power-sharpening/Subtree-Prefetching-Power-Sharpening/case_studies/logs-entropycut/mbpp/2026-09-21/vllm/dataset-mbpp.model-qwen3.5-9b.alpha4.0.steps100.blocks-1.prefetch-budget-20.rank-accept_first.cut-entropy4.0.samples20.maxnew1024.seed10086.subtreePrefetch.vllm.log,124,11,56,0.28362067895727977
/Users/jiangnanhugo/workspace/power-sharpening/Subtree-Prefetching-Power-Sharpening/case_studies/logs-entropycut/mbpp/2026-09-21/vllm/dataset-mbpp.model-qwen3.5-9b.alpha4.0.steps100.blocks-1.prefetch-budget-20.rank-accept_first.cut-entropy4.0.samples20.maxnew1024.seed10086.subtreePrefetch.vllm.log,124,12,56,0.28362067895727977
/Users/jiangnanhugo/workspace/power-sharpening/Subtree-Prefetching-Power-Sharpening/case_studies/logs-entropycut/mbpp/2026-09-21/vllm/dataset-mbpp.model-qwen3.5-9b.alpha4.0.steps100.blocks-1.prefetch-budget-20.rank-accept_first.cut-entropy4.0.samples20.maxnew1024.seed10086.subtreePrefetch.vllm.log,124,13,44,0.05986461723282948
/Users/jiangnanhugo/workspace/power-sharpening/Subtree-Prefetching-Power-Sharpening/case_studies/logs-entropycut/mbpp/2026-09-21/vllm/dataset-mbpp.model-qwen3.5-9b.alpha4.0.steps100.blocks-1.prefetch-budget-20.rank-accept_first.cut-entropy4.0.samples20.maxnew1024.seed10086.subtreePrefetch.vllm.log,124,14,56,0.28362067895727977
/Users/jiangnanhugo/workspace/power-sharpening/Subtree-Prefetching-Power-Sharpening/case_studies/logs-entropycut/mbpp/2026-09-21/vllm/dataset-mbpp.model-qwen3.5-9b.alpha4.0.steps100.blocks-1.prefetch-budget-20.rank-accept_first.cut-entropy4.0.samples20.maxnew1024.seed10086.subtreePrefetch.vllm.log,124,15,246,0.04098179509255636
/Users/jiangnanhugo/workspace/power-sharpening/Subtree-Prefetching-Power-Sharpening/case_studies/logs-entropycut/mbpp/2026-09-21/vllm/dataset-mbpp.model-qwen3.5-9b.alpha4.0.steps100.blocks-1.prefetch-budget-20.rank-accept_first.cut-entropy4.0.samples20.maxnew1024.seed10086.subtreePrefetch.vllm.log,124,16,105,0.013653528804061036
/Users/jiangnanhugo/workspace/power-sharpening/Subtree-Prefetching-Power-Sharpening/case_studies/logs-entropycut/mbpp/2026-09-21/vllm/dataset-mbpp.model-qwen3.5-9b.alpha4.0.steps100.blocks-1.prefetch-budget-20.rank-accept_first.cut-entropy4.0.samples20.maxnew1024.seed10086.subtreePrefetch.vllm.log,124,17,56,0.28362067895727977
/Users/jiangnanhugo/workspace/power-sharpening/Subtree-Prefetching-Power-Sharpening/case_studies/logs-entropycut/mbpp/2026-09-21/vllm/dataset-mbpp.model-qwen3.5-9b.alpha4.0.steps100.blocks-1.prefetch-budget-20.rank-accept_first.cut-entropy4.0.samples20.maxnew1024.seed10086.subtreePrefetch.vllm.log,124,18,56,0.28362067895727977
/Users/jiangnanhugo/workspace/power-sharpening/Subtree-Prefetching-Power-Sharpening/case_studies/logs-entropycut/mbpp/2026-09-21/vllm/dataset-mbpp.model-qwen3.5-9b.alpha4.0.steps100.blocks-1.prefetch-budget-20.rank-accept_first.cut-entropy4.0.samples20.maxnew1024.seed10086.subtreePrefetch.vllm.log,124,19,208,0.010715434349446754
/Users/jiangnanhugo/workspace/power-sharpening/Subtree-Prefetching-Power-Sharpening/case_studies/logs-entropycut/mbpp/2026-09-21/vllm/dataset-mbpp.model-qwen3.5-9b.alpha4.0.steps100.blocks-1.prefetch-budget-20.rank-accept_first.cut-entropy4.0.samples20.maxnew1024.seed10086.subtreePrefetch.vllm.log,125,0,56,0.2822265237628802
/Users/jiangnanhugo/workspace/power-sharpening/Subtree-Prefetching-Power-Sharpening/case_studies/logs-entropycut/mbpp/2026-09-21/vllm/dataset-mbpp.model-qwen3.5-9b.alpha4.0.steps100.blocks-1.prefetch-budget-20.rank-accept_first.cut-entropy4.0.samples20.maxnew1024.seed10086.subtreePrefetch.vllm.log,125,1,56,0.2822265237628802
/Users/jiangnanhugo/workspace/power-sharpening/Subtree-Prefetching-Power-Sharpening/case_studies/logs-entropycut/mbpp/2026-09-21/vllm/dataset-mbpp.model-qwen3.5-9b.alpha4.0.steps100.blocks-1.prefetch-budget-20.rank-accept_first.cut-entropy4.0.samples20.maxnew1024.seed10086.subtreePrefetch.vllm.log,125,2,11,0.021151566225851876
/Users/jiangnanhugo/workspace/power-sharpening/Subtree-Prefetching-Power-Sharpening/case_studies/logs-entropycut/mbpp/2026-09-21/vllm/dataset-mbpp.model-qwen3.5-9b.alpha4.0.steps100.blocks-1.prefetch-budget-20.rank-accept_first.cut-entropy4.0.samples20.maxnew1024.seed10086.subtreePrefetch.vllm.log,125,3,56,0.2822265237628802
/Users/jiangnanhugo/workspace/power-sharpening/Subtree-Prefetching-Power-Sharpening/case_studies/logs-entropycut/mbpp/2026-09-21/vllm/dataset-mbpp.model-qwen3.5-9b.alpha4.0.steps100.blocks-1.prefetch-budget-20.rank-accept_first.cut-entropy4.0.samples20.maxnew1024.seed10086.subtreePrefetch.vllm.log,125,4,56,0.2822265237628802
/Users/jiangnanhugo/workspace/power-sharpening/Subtree-Prefetching-Power-Sharpening/case_studies/logs-entropycut/mbpp/2026-09-21/vllm/dataset-mbpp.model-qwen3.5-9b.alpha4.0.steps100.blocks-1.prefetch-budget-20.rank-accept_first.cut-entropy4.0.samples20.maxnew1024.seed10086.subtreePrefetch.vllm.log,125,5,56,0.2822265237628802
/Users/jiangnanhugo/workspace/power-sharpening/Subtree-Prefetching-Power-Sharpening/case_studies/logs-entropycut/mbpp/2026-09-21/vllm/dataset-mbpp.model-qwen3.5-9b.alpha4.0.steps100.blocks-1.prefetch-budget-20.rank-accept_first.cut-entropy4.0.samples20.maxnew1024.seed10086.subtreePrefetch.vllm.log,125,6,56,0.2822265237628802
/Users/jiangnanhugo/workspace/power-sharpening/Subtree-Prefetching-Power-Sharpening/case_studies/logs-entropycut/mbpp/2026-09-21/vllm/dataset-mbpp.model-qwen3.5-9b.alpha4.0.steps100.blocks-1.prefetch-budget-20.rank-accept_first.cut-entropy4.0.samples20.maxnew1024.seed10086.subtreePrefetch.vllm.log,125,7,56,0.2822265237628802
/Users/jiangnanhugo/workspace/power-sharpening/Subtree-Prefetching-Power-Sharpening/case_studies/logs-entropycut/mbpp/2026-09-21/vllm/dataset-mbpp.model-qwen3.5-9b.alpha4.0.steps100.blocks-1.prefetch-budget-20.rank-accept_first.cut-entropy4.0.samples20.maxnew1024.seed10086.subtreePrefetch.vllm.log,125,8,56,0.2822265237628802
/Users/jiangnanhugo/workspace/power-sharpening/Subtree-Prefetching-Power-Sharpening/case_studies/logs-entropycut/mbpp/2026-09-21/vllm/dataset-mbpp.model-qwen3.5-9b.alpha4.0.steps100.blocks-1.prefetch-budget-20.rank-accept_first.cut-entropy4.0.samples20.maxnew1024.seed10086.subtreePrefetch.vllm.log,125,9,56,0.2822265237628802
/Users/jiangnanhugo/workspace/power-sharpening/Subtree-Prefetching-Power-Sharpening/case_studies/logs-entropycut/mbpp/2026-09-21/vllm/dataset-mbpp.model-qwen3.5-9b.alpha4.0.steps100.blocks-1.prefetch-budget-20.rank-accept_first.cut-entropy4.0.samples20.maxnew1024.seed10086.subtreePrefetch.vllm.log,125,10,56,0.2822265237628802
/Users/jiangnanhugo/workspace/power-sharpening/Subtree-Prefetching-Power-Sharpening/case_studies/logs-entropycut/mbpp/2026-09-21/vllm/dataset-mbpp.model-qwen3.5-9b.alpha4.0.steps100.blocks-1.prefetch-budget-20.rank-accept_first.cut-entropy4.0.samples20.maxnew1024.seed10086.subtreePrefetch.vllm.log,125,11,44,0.05957034896091527
/Users/jiangnanhugo/workspace/power-sharpening/Subtree-Prefetching-Power-Sharpening/case_studies/logs-entropycut/mbpp/2026-09-21/vllm/dataset-mbpp.model-qwen3.5-9b.alpha4.0.steps100.blocks-1.prefetch-budget-20.rank-accept_first.cut-entropy4.0.samples20.maxnew1024.seed10086.subtreePrefetch.vllm.log,125,12,56,0.2822265237628802
/Users/jiangnanhugo/workspace/power-sharpening/Subtree-Prefetching-Power-Sharpening/case_studies/logs-entropycut/mbpp/2026-09-21/vllm/dataset-mbpp.model-qwen3.5-9b.alpha4.0.steps100.blocks-1.prefetch-budget-20.rank-accept_first.cut-entropy4.0.samples20.maxnew1024.seed10086.subtreePrefetch.vllm.log,125,13,44,0.05957034896091527
/Users/jiangnanhugo/workspace/power-sharpening/Subtree-Prefetching-Power-Sharpening/case_studies/logs-entropycut/mbpp/2026-09-21/vllm/dataset-mbpp.model-qwen3.5-9b.alpha4.0.steps100.blocks-1.prefetch-budget-20.rank-accept_first.cut-entropy4.0.samples20.maxnew1024.seed10086.subtreePrefetch.vllm.log,125,14,246,0.0416693651012961
/Users/jiangnanhugo/workspace/power-sharpening/Subtree-Prefetching-Power-Sharpening/case_studies/logs-entropycut/mbpp/2026-09-21/vllm/dataset-mbpp.model-qwen3.5-9b.alpha4.0.steps100.blocks-1.prefetch-budget-20.rank-accept_first.cut-entropy4.0.samples20.maxnew1024.seed10086.subtreePrefetch.vllm.log,125,15,56,0.2822265237628802
/Users/jiangnanhugo/workspace/power-sharpening/Subtree-Prefetching-Power-Sharpening/case_studies/logs-entropycut/mbpp/2026-09-21/vllm/dataset-mbpp.model-qwen3.5-9b.alpha4.0.steps100.blocks-1.prefetch-budget-20.rank-accept_first.cut-entropy4.0.samples20.maxnew1024.seed10086.subtreePrefetch.vllm.log,125,16,56,0.2822265237628802
/Users/jiangnanhugo/workspace/power-sharpening/Subtree-Prefetching-Power-Sharpening/case_studies/logs-entropycut/mbpp/2026-09-21/vllm/dataset-mbpp.model-qwen3.5-9b.alpha4.0.steps100.blocks-1.prefetch-budget-20.rank-accept_first.cut-entropy4.0.samples20.maxnew1024.seed10086.subtreePrefetch.vllm.log,125,17,56,0.2822265237628802
/Users/jiangnanhugo/workspace/power-sharpening/Subtree-Prefetching-Power-Sharpening/case_studies/logs-entropycut/mbpp/2026-09-21/vllm/dataset-mbpp.model-qwen3.5-9b.alpha4.0.steps100.blocks-1.prefetch-budget-20.rank-accept_first.cut-entropy4.0.samples20.maxnew1024.seed10086.subtreePrefetch.vllm.log,125,18,56,0.2822265237628802
/Users/jiangnanhugo/workspace/power-sharpening/Subtree-Prefetching-Power-Sharpening/case_studies/logs-entropycut/mbpp/2026-09-21/vllm/dataset-mbpp.model-qwen3.5-9b.alpha4.0.steps100.blocks-1.prefetch-budget-20.rank-accept_first.cut-entropy4.0.samples20.maxnew1024.seed10086.subtreePrefetch.vllm.log,125,19,56,0.2822265237628802
/Users/jiangnanhugo/workspace/power-sharpening/Subtree-Prefetching-Power-Sharpening/case_studies/logs-entropycut/mbpp/2026-09-21/vllm/dataset-mbpp.model-qwen3.5-9b.alpha4.0.steps100.blocks-1.prefetch-budget-20.rank-accept_first.cut-entropy4.0.samples20.maxnew1024.seed10086.subtreePrefetch.vllm.log,126,0,44,0.05957034896091527
/Users/jiangnanhugo/workspace/power-sharpening/Subtree-Prefetching-Power-Sharpening/case_studies/logs-entropycut/mbpp/2026-09-21/vllm/dataset-mbpp.model-qwen3.5-9b.alpha4.0.steps100.blocks-1.prefetch-budget-20.rank-accept_first.cut-entropy4.0.samples20.maxnew1024.seed10086.subtreePrefetch.vllm.log,126,1,56,0.2822265237628802
/Users/jiangnanhugo/workspace/power-sharpening/Subtree-Prefetching-Power-Sharpening/case_studies/logs-entropycut/mbpp/2026-09-21/vllm/dataset-mbpp.model-qwen3.5-9b.alpha4.0.steps100.blocks-1.prefetch-budget-20.rank-accept_first.cut-entropy4.0.samples20.maxnew1024.seed10086.subtreePrefetch.vllm.log,126,2,44,0.05957034896091527
/Users/jiangnanhugo/workspace/power-sharpening/Subtree-Prefetching-Power-Sharpening/case_studies/logs-entropycut/mbpp/2026-09-21/vllm/dataset-mbpp.model-qwen3.5-9b.alpha4.0.steps100.blocks-1.prefetch-budget-20.rank-accept_first.cut-entropy4.0.samples20.maxnew1024.seed10086.subtreePrefetch.vllm.log,126,3,247,0.031067871632071534
/Users/jiangnanhugo/workspace/power-sharpening/Subtree-Prefetching-Power-Sharpening/case_studies/logs-entropycut/mbpp/2026-09-21/vllm/dataset-mbpp.model-qwen3.5-9b.alpha4.0.steps100.blocks-1.prefetch-budget-20.rank-accept_first.cut-entropy4.0.samples20.maxnew1024.seed10086.subtreePrefetch.vllm.log,126,4,88,0.07029596593580165
/Users/jiangnanhugo/workspace/power-sharpening/Subtree-Prefetching-Power-Sharpening/case_studies/logs-entropycut/mbpp/2026-09-21/vllm/dataset-mbpp.model-qwen3.5-9b.alpha4.0.steps100.blocks-1.prefetch-budget-20.rank-accept_first.cut-entropy4.0.samples20.maxnew1024.seed10086.subtreePrefetch.vllm.log,126,5,247,0.031067871632071534
/Users/jiangnanhugo/workspace/power-sharpening/Subtree-Prefetching-Power-Sharpening/case_studies/logs-entropycut/mbpp/2026-09-21/vllm/dataset-mbpp.model-qwen3.5-9b.alpha4.0.steps100.blocks-1.prefetch-budget-20.rank-accept_first.cut-entropy4.0.samples20.maxnew1024.seed10086.subtreePrefetch.vllm.log,126,6,44,0.05957034896091527
/Users/jiangnanhugo/workspace/power-sharpening/Subtree-Prefetching-Power-Sharpening/case_studies/logs-entropycut/mbpp/2026-09-21/vllm/dataset-mbpp.model-qwen3.5-9b.alpha4.0.steps100.blocks-1.prefetch-budget-20.rank-accept_first.cut-entropy4.0.samples20.maxnew1024.seed10086.subtreePrefetch.vllm.log,126,7,56,0.2822265237628802
/Users/jiangnanhugo/workspace/power-sharpening/Subtree-Prefetching-Power-Sharpening/case_studies/logs-entropycut/mbpp/2026-09-21/vllm/dataset-mbpp.model-qwen3.5-9b.alpha4.0.steps100.blocks-1.prefetch-budget-20.rank-accept_first.cut-entropy4.0.samples20.maxnew1024.seed10086.subtreePrefetch.vllm.log,126,8,11,0.021151566225851876
/Users/jiangnanhugo/workspace/power-sharpening/Subtree-Prefetching-Power-Sharpening/case_studies/logs-entropycut/mbpp/2026-09-21/vllm/dataset-mbpp.model-qwen3.5-9b.alpha4.0.steps100.blocks-1.prefetch-budget-20.rank-accept_first.cut-entropy4.0.samples20.maxnew1024.seed10086.subtreePrefetch.vllm.log,126,9,56,0.2822265237628802
/Users/jiangnanhugo/workspace/power-sharpening/Subtree-Prefetching-Power-Sharpening/case_studies/logs-entropycut/mbpp/2026-09-21/vllm/dataset-mbpp.model-qwen3.5-9b.alpha4.0.steps100.blocks-1.prefetch-budget-20.rank-accept_first.cut-entropy4.0.samples20.maxnew1024.seed10086.subtreePrefetch.vllm.log,126,10,56,0.2822265237628802
/Users/jiangnanhugo/workspace/power-sharpening/Subtree-Prefetching-Power-Sharpening/case_studies/logs-entropycut/mbpp/2026-09-21/vllm/dataset-mbpp.model-qwen3.5-9b.alpha4.0.steps100.blocks-1.prefetch-budget-20.rank-accept_first.cut-entropy4.0.samples20.maxnew1024.seed10086.subtreePrefetch.vllm.log,126,11,56,0.2822265237628802
/Users/jiangnanhugo/workspace/power-sharpening/Subtree-Prefetching-Power-Sharpening/case_studies/logs-entropycut/mbpp/2026-09-21/vllm/dataset-mbpp.model-qwen3.5-9b.alpha4.0.steps100.blocks-1.prefetch-budget-20.rank-accept_first.cut-entropy4.0.samples20.maxnew1024.seed10086.subtreePrefetch.vllm.log,126,12,247,0.031067871632071534
/Users/jiangnanhugo/workspace/power-sharpening/Subtree-Prefetching-Power-Sharpening/case_studies/logs-entropycut/mbpp/2026-09-21/vllm/dataset-mbpp.model-qwen3.5-9b.alpha4.0.steps100.blocks-1.prefetch-budget-20.rank-accept_first.cut-entropy4.0.samples20.maxnew1024.seed10086.subtreePrefetch.vllm.log,126,13,88,0.07029596593580165
/Users/jiangnanhugo/workspace/power-sharpening/Subtree-Prefetching-Power-Sharpening/case_studies/logs-entropycut/mbpp/2026-09-21/vllm/dataset-mbpp.model-qwen3.5-9b.alpha4.0.steps100.blocks-1.prefetch-budget-20.rank-accept_first.cut-entropy4.0.samples20.maxnew1024.seed10086.subtreePrefetch.vllm.log,126,14,56,0.2822265237628802
/Users/jiangnanhugo/workspace/power-sharpening/Subtree-Prefetching-Power-Sharpening/case_studies/logs-entropycut/mbpp/2026-09-21/vllm/dataset-mbpp.model-qwen3.5-9b.alpha4.0.steps100.blocks-1.prefetch-budget-20.rank-accept_first.cut-entropy4.0.samples20.maxnew1024.seed10086.subtreePrefetch.vllm.log,126,15,56,0.2822265237628802
/Users/jiangnanhugo/workspace/power-sharpening/Subtree-Prefetching-Power-Sharpening/case_studies/logs-entropycut/mbpp/2026-09-21/vllm/dataset-mbpp.model-qwen3.5-9b.alpha4.0.steps100.blocks-1.prefetch-budget-20.rank-accept_first.cut-entropy4.0.samples20.maxnew1024.seed10086.subtreePrefetch.vllm.log,126,16,44,0.05957034896091527
/Users/jiangnanhugo/workspace/power-sharpening/Subtree-Prefetching-Power-Sharpening/case_studies/logs-entropycut/mbpp/2026-09-21/vllm/dataset-mbpp.model-qwen3.5-9b.alpha4.0.steps100.blocks-1.prefetch-budget-20.rank-accept_first.cut-entropy4.0.samples20.maxnew1024.seed10086.subtreePrefetch.vllm.log,126,17,134,0.0047026671525422096
/Users/jiangnanhugo/workspace/power-sharpening/Subtree-Prefetching-Power-Sharpening/case_studies/logs-entropycut/mbpp/2026-09-21/vllm/dataset-mbpp.model-qwen3.5-9b.alpha4.0.steps100.blocks-1.prefetch-budget-20.rank-accept_first.cut-entropy4.0.samples20.maxnew1024.seed10086.subtreePrefetch.vllm.log,126,18,56,0.2822265237628802
/Users/jiangnanhugo/workspace/power-sharpening/Subtree-Prefetching-Power-Sharpening/case_studies/logs-entropycut/mbpp/2026-09-21/vllm/dataset-mbpp.model-qwen3.5-9b.alpha4.0.steps100.blocks-1.prefetch-budget-20.rank-accept_first.cut-entropy4.0.samples20.maxnew1024.seed10086.subtreePrefetch.vllm.log,126,19,56,0.2822265237628802
/Users/jiangnanhugo/workspace/power-sharpening/Subtree-Prefetching-Power-Sharpening/case_studies/logs-entropycut/mbpp/2026-09-21/vllm/dataset-mbpp.model-qwen3.5-9b.alpha4.0.steps100.blocks-1.prefetch-budget-20.rank-accept_first.cut-entropy4.0.samples20.maxnew1024.seed10086.subtreePrefetch.vllm.log,127,0,207,0.030466699968354268
/Users/jiangnanhugo/workspace/power-sharpening/Subtree-Prefetching-Power-Sharpening/case_studies/logs-entropycut/mbpp/2026-09-21/vllm/dataset-mbpp.model-qwen3.5-9b.alpha4.0.steps100.blocks-1.prefetch-budget-20.rank-accept_first.cut-entropy4.0.samples20.maxnew1024.seed10086.subtreePrefetch.vllm.log,127,1,56,0.2822265237628802
/Users/jiangnanhugo/workspace/power-sharpening/Subtree-Prefetching-Power-Sharpening/case_studies/logs-entropycut/mbpp/2026-09-21/vllm/dataset-mbpp.model-qwen3.5-9b.alpha4.0.steps100.blocks-1.prefetch-budget-20.rank-accept_first.cut-entropy4.0.samples20.maxnew1024.seed10086.subtreePrefetch.vllm.log,127,2,56,0.2822265237628802
/Users/jiangnanhugo/workspace/power-sharpening/Subtree-Prefetching-Power-Sharpening/case_studies/logs-entropycut/mbpp/2026-09-21/vllm/dataset-mbpp.model-qwen3.5-9b.alpha4.0.steps100.blocks-1.prefetch-budget-20.rank-accept_first.cut-entropy4.0.samples20.maxnew1024.seed10086.subtreePrefetch.vllm.log,127,3,96,0.0014523031093606614
/Users/jiangnanhugo/workspace/power-sharpening/Subtree-Prefetching-Power-Sharpening/case_studies/logs-entropycut/mbpp/2026-09-21/vllm/dataset-mbpp.model-qwen3.5-9b.alpha4.0.steps100.blocks-1.prefetch-budget-20.rank-accept_first.cut-entropy4.0.samples20.maxnew1024.seed10086.subtreePrefetch.vllm.log,127,4,88,0.07029596593580165
/Users/jiangnanhugo/workspace/power-sharpening/Subtree-Prefetching-Power-Sharpening/case_studies/logs-entropycut/mbpp/2026-09-21/vllm/dataset-mbpp.model-qwen3.5-9b.alpha4.0.steps100.blocks-1.prefetch-budget-20.rank-accept_first.cut-entropy4.0.samples20.maxnew1024.seed10086.subtreePrefetch.vllm.log,127,5,88,0.07029596593580165
/Users/jiangnanhugo/workspace/power-sharpening/Subtree-Prefetching-Power-Sharpening/case_studies/logs-entropycut/mbpp/2026-09-21/vllm/dataset-mbpp.model-qwen3.5-9b.alpha4.0.steps100.blocks-1.prefetch-budget-20.rank-accept_first.cut-entropy4.0.samples20.maxnew1024.seed10086.subtreePrefetch.vllm.log,127,6,56,0.2822265237628802
/Users/jiangnanhugo/workspace/power-sharpening/Subtree-Prefetching-Power-Sharpening/case_studies/logs-entropycut/mbpp/2026-09-21/vllm/dataset-mbpp.model-qwen3.5-9b.alpha4.0.steps100.blocks-1.prefetch-budget-20.rank-accept_first.cut-entropy4.0.samples20.maxnew1024.seed10086.subtreePrefetch.vllm.log,127,7,88,0.07029596593580165
/Users/jiangnanhugo/workspace/power-sharpening/Subtree-Prefetching-Power-Sharpening/case_studies/logs-entropycut/mbpp/2026-09-21/vllm/dataset-mbpp.model-qwen3.5-9b.alpha4.0.steps100.blocks-1.prefetch-budget-20.rank-accept_first.cut-entropy4.0.samples20.maxnew1024.seed10086.subtreePrefetch.vllm.log,127,8,56,0.2822265237628802
/Users/jiangnanhugo/workspace/power-sharpening/Subtree-Prefetching-Power-Sharpening/case_studies/logs-entropycut/mbpp/2026-09-21/vllm/dataset-mbpp.model-qwen3.5-9b.alpha4.0.steps100.blocks-1.prefetch-budget-20.rank-accept_first.cut-entropy4.0.samples20.maxnew1024.seed10086.subtreePrefetch.vllm.log,127,9,11,0.021151566225851876
/Users/jiangnanhugo/workspace/power-sharpening/Subtree-Prefetching-Power-Sharpening/case_studies/logs-entropycut/mbpp/2026-09-21/vllm/dataset-mbpp.model-qwen3.5-9b.alpha4.0.steps100.blocks-1.prefetch-budget-20.rank-accept_first.cut-entropy4.0.samples20.maxnew1024.seed10086.subtreePrefetch.vllm.log,127,10,258,0.02985388986653495
/Users/jiangnanhugo/workspace/power-sharpening/Subtree-Prefetching-Power-Sharpening/case_studies/logs-entropycut/mbpp/2026-09-21/vllm/dataset-mbpp.model-qwen3.5-9b.alpha4.0.steps100.blocks-1.prefetch-budget-20.rank-accept_first.cut-entropy4.0.samples20.maxnew1024.seed10086.subtreePrefetch.vllm.log,127,11,193,0.024666066493875274
/Users/jiangnanhugo/workspace/power-sharpening/Subtree-Prefetching-Power-Sharpening/case_studies/logs-entropycut/mbpp/2026-09-21/vllm/dataset-mbpp.model-qwen3.5-9b.alpha4.0.steps100.blocks-1.prefetch-budget-20.rank-accept_first.cut-entropy4.0.samples20.maxnew1024.seed10086.subtreePrefetch.vllm.log,127,12,39,0.0032255374439560595
/Users/jiangnanhugo/workspace/power-sharpening/Subtree-Prefetching-Power-Sharpening/case_studies/logs-entropycut/mbpp/2026-09-21/vllm/dataset-mbpp.model-qwen3.5-9b.alpha4.0.steps100.blocks-1.prefetch-budget-20.rank-accept_first.cut-entropy4.0.samples20.maxnew1024.seed10086.subtreePrefetch.vllm.log,127,13,44,0.05957034896091527
/Users/jiangnanhugo/workspace/power-sharpening/Subtree-Prefetching-Power-Sharpening/case_studies/logs-entropycut/mbpp/2026-09-21/vllm/dataset-mbpp.model-qwen3.5-9b.alpha4.0.steps100.blocks-1.prefetch-budget-20.rank-accept_first.cut-entropy4.0.samples20.maxnew1024.seed10086.subtreePrefetch.vllm.log,127,14,11,0.021151566225851876
/Users/jiangnanhugo/workspace/power-sharpening/Subtree-Prefetching-Power-Sharpening/case_studies/logs-entropycut/mbpp/2026-09-21/vllm/dataset-mbpp.model-qwen3.5-9b.alpha4.0.steps100.blocks-1.prefetch-budget-20.rank-accept_first.cut-entropy4.0.samples20.maxnew1024.seed10086.subtreePrefetch.vllm.log,127,15,157,0.007845261806191462
/Users/jiangnanhugo/workspace/power-sharpening/Subtree-Prefetching-Power-Sharpening/case_studies/logs-entropycut/mbpp/2026-09-21/vllm/dataset-mbpp.model-qwen3.5-9b.alpha4.0.steps100.blocks-1.prefetch-budget-20.rank-accept_first.cut-entropy4.0.samples20.maxnew1024.seed10086.subtreePrefetch.vllm.log,127,16,56,0.2822265237628802
/Users/jiangnanhugo/workspace/power-sharpening/Subtree-Prefetching-Power-Sharpening/case_studies/logs-entropycut/mbpp/2026-09-21/vllm/dataset-mbpp.model-qwen3.5-9b.alpha4.0.steps100.blocks-1.prefetch-budget-20.rank-accept_first.cut-entropy4.0.samples20.maxnew1024.seed10086.subtreePrefetch.vllm.log,127,17,56,0.2822265237628802
/Users/jiangnanhugo/workspace/power-sharpening/Subtree-Prefetching-Power-Sharpening/case_studies/logs-entropycut/mbpp/2026-09-21/vllm/dataset-mbpp.model-qwen3.5-9b.alpha4.0.steps100.blocks-1.prefetch-budget-20.rank-accept_first.cut-entropy4.0.samples20.maxnew1024.seed10086.subtreePrefetch.vllm.log,127,18,56,0.2822265237628802
/Users/jiangnanhugo/workspace/power-sharpening/Subtree-Prefetching-Power-Sharpening/case_studies/logs-entropycut/mbpp/2026-09-21/vllm/dataset-mbpp.model-qwen3.5-9b.alpha4.0.steps100.blocks-1.prefetch-budget-20.rank-accept_first.cut-entropy4.0.samples20.maxnew1024.seed10086.subtreePrefetch.vllm.log,127,19,56,0.2822265237628802
/Users/jiangnanhugo/workspace/power-sharpening/Subtree-Prefetching-Power-Sharpening/case_studies/logs-entropycut/mbpp/2026-09-21/vllm/dataset-mbpp.model-qwen3.5-9b.alpha4.0.steps100.blocks-1.prefetch-budget-20.rank-accept_first.cut-entropy4.0.samples20.maxnew1024.seed10086.subtreePrefetch.vllm.log,128,0,56,0.28096332510655253
/Users/jiangnanhugo/workspace/power-sharpening/Subtree-Prefetching-Power-Sharpening/case_studies/logs-entropycut/mbpp/2026-09-21/vllm/dataset-mbpp.model-qwen3.5-9b.alpha4.0.steps100.blocks-1.prefetch-budget-20.rank-accept_first.cut-entropy4.0.samples20.maxnew1024.seed10086.subtreePrefetch.vllm.log,128,1,96,0.0014458028438580958
/Users/jiangnanhugo/workspace/power-sharpening/Subtree-Prefetching-Power-Sharpening/case_studies/logs-entropycut/mbpp/2026-09-21/vllm/dataset-mbpp.model-qwen3.5-9b.alpha4.0.steps100.blocks-1.prefetch-budget-20.rank-accept_first.cut-entropy4.0.samples20.maxnew1024.seed10086.subtreePrefetch.vllm.log,128,2,56,0.28096332510655253
/Users/jiangnanhugo/workspace/power-sharpening/Subtree-Prefetching-Power-Sharpening/case_studies/logs-entropycut/mbpp/2026-09-21/vllm/dataset-mbpp.model-qwen3.5-9b.alpha4.0.steps100.blocks-1.prefetch-budget-20.rank-accept_first.cut-entropy4.0.samples20.maxnew1024.seed10086.subtreePrefetch.vllm.log,128,3,56,0.28096332510655253
/Users/jiangnanhugo/workspace/power-sharpening/Subtree-Prefetching-Power-Sharpening/case_studies/logs-entropycut/mbpp/2026-09-21/vllm/dataset-mbpp.model-qwen3.5-9b.alpha4.0.steps100.blocks-1.prefetch-budget-20.rank-accept_first.cut-entropy4.0.samples20.maxnew1024.seed10086.subtreePrefetch.vllm.log,128,4,56,0.28096332510655253
/Users/jiangnanhugo/workspace/power-sharpening/Subtree-Prefetching-Power-Sharpening/case_studies/logs-entropycut/mbpp/2026-09-21/vllm/dataset-mbpp.model-qwen3.5-9b.alpha4.0.steps100.blocks-1.prefetch-budget-20.rank-accept_first.cut-entropy4.0.samples20.maxnew1024.seed10086.subtreePrefetch.vllm.log,128,5,56,0.28096332510655253
/Users/jiangnanhugo/workspace/power-sharpening/Subtree-Prefetching-Power-Sharpening/case_studies/logs-entropycut/mbpp/2026-09-21/vllm/dataset-mbpp.model-qwen3.5-9b.alpha4.0.steps100.blocks-1.prefetch-budget-20.rank-accept_first.cut-entropy4.0.samples20.maxnew1024.seed10086.subtreePrefetch.vllm.log,128,6,56,0.28096332510655253
/Users/jiangnanhugo/workspace/power-sharpening/Subtree-Prefetching-Power-Sharpening/case_studies/logs-entropycut/mbpp/2026-09-21/vllm/dataset-mbpp.model-qwen3.5-9b.alpha4.0.steps100.blocks-1.prefetch-budget-20.rank-accept_first.cut-entropy4.0.samples20.maxnew1024.seed10086.subtreePrefetch.vllm.log,128,7,44,0.05930372205511949
/Users/jiangnanhugo/workspace/power-sharpening/Subtree-Prefetching-Power-Sharpening/case_studies/logs-entropycut/mbpp/2026-09-21/vllm/dataset-mbpp.model-qwen3.5-9b.alpha4.0.steps100.blocks-1.prefetch-budget-20.rank-accept_first.cut-entropy4.0.samples20.maxnew1024.seed10086.subtreePrefetch.vllm.log,128,8,246,0.0378392458372924
/Users/jiangnanhugo/workspace/power-sharpening/Subtree-Prefetching-Power-Sharpening/case_studies/logs-entropycut/mbpp/2026-09-21/vllm/dataset-mbpp.model-qwen3.5-9b.alpha4.0.steps100.blocks-1.prefetch-budget-20.rank-accept_first.cut-entropy4.0.samples20.maxnew1024.seed10086.subtreePrefetch.vllm.log,128,9,11,0.02105689535764471
/Users/jiangnanhugo/workspace/power-sharpening/Subtree-Prefetching-Power-Sharpening/case_studies/logs-entropycut/mbpp/2026-09-21/vllm/dataset-mbpp.model-qwen3.5-9b.alpha4.0.steps100.blocks-1.prefetch-budget-20.rank-accept_first.cut-entropy4.0.samples20.maxnew1024.seed10086.subtreePrefetch.vllm.log,128,10,56,0.28096332510655253
/Users/jiangnanhugo/workspace/power-sharpening/Subtree-Prefetching-Power-Sharpening/case_studies/logs-entropycut/mbpp/2026-09-21/vllm/dataset-mbpp.model-qwen3.5-9b.alpha4.0.steps100.blocks-1.prefetch-budget-20.rank-accept_first.cut-entropy4.0.samples20.maxnew1024.seed10086.subtreePrefetch.vllm.log,128,11,195,0.20009833217732048
/Users/jiangnanhugo/workspace/power-sharpening/Subtree-Prefetching-Power-Sharpening/case_studies/logs-entropycut/mbpp/2026-09-21/vllm/dataset-mbpp.model-qwen3.5-9b.alpha4.0.steps100.blocks-1.prefetch-budget-20.rank-accept_first.cut-entropy4.0.samples20.maxnew1024.seed10086.subtreePrefetch.vllm.log,128,12,88,0.06998133296462859
/Users/jiangnanhugo/workspace/power-sharpening/Subtree-Prefetching-Power-Sharpening/case_studies/logs-entropycut/mbpp/2026-09-21/vllm/dataset-mbpp.model-qwen3.5-9b.alpha4.0.steps100.blocks-1.prefetch-budget-20.rank-accept_first.cut-entropy4.0.samples20.maxnew1024.seed10086.subtreePrefetch.vllm.log,128,13,195,0.20009833217732048
/Users/jiangnanhugo/workspace/power-sharpening/Subtree-Prefetching-Power-Sharpening/case_studies/logs-entropycut/mbpp/2026-09-21/vllm/dataset-mbpp.model-qwen3.5-9b.alpha4.0.steps100.blocks-1.prefetch-budget-20.rank-accept_first.cut-entropy4.0.samples20.maxnew1024.seed10086.subtreePrefetch.vllm.log,128,14,56,0.28096332510655253
/Users/jiangnanhugo/workspace/power-sharpening/Subtree-Prefetching-Power-Sharpening/case_studies/logs-entropycut/mbpp/2026-09-21/vllm/dataset-mbpp.model-qwen3.5-9b.alpha4.0.steps100.blocks-1.prefetch-budget-20.rank-accept_first.cut-entropy4.0.samples20.maxnew1024.seed10086.subtreePrefetch.vllm.log,128,15,56,0.28096332510655253
/Users/jiangnanhugo/workspace/power-sharpening/Subtree-Prefetching-Power-Sharpening/case_studies/logs-entropycut/mbpp/2026-09-21/vllm/dataset-mbpp.model-qwen3.5-9b.alpha4.0.steps100.blocks-1.prefetch-budget-20.rank-accept_first.cut-entropy4.0.samples20.maxnew1024.seed10086.subtreePrefetch.vllm.log,128,16,44,0.05930372205511949
/Users/jiangnanhugo/workspace/power-sharpening/Subtree-Prefetching-Power-Sharpening/case_studies/logs-entropycut/mbpp/2026-09-21/vllm/dataset-mbpp.model-qwen3.5-9b.alpha4.0.steps100.blocks-1.prefetch-budget-20.rank-accept_first.cut-entropy4.0.samples20.maxnew1024.seed10086.subtreePrefetch.vllm.log,128,17,195,0.20009833217732048
/Users/jiangnanhugo/workspace/power-sharpening/Subtree-Prefetching-Power-Sharpening/case_studies/logs-entropycut/mbpp/2026-09-21/vllm/dataset-mbpp.model-qwen3.5-9b.alpha4.0.steps100.blocks-1.prefetch-budget-20.rank-accept_first.cut-entropy4.0.samples20.maxnew1024.seed10086.subtreePrefetch.vllm.log,128,18,11,0.02105689535764471
/Users/jiangnanhugo/workspace/power-sharpening/Subtree-Prefetching-Power-Sharpening/case_studies/logs-entropycut/mbpp/2026-09-21/vllm/dataset-mbpp.model-qwen3.5-9b.alpha4.0.steps100.blocks-1.prefetch-budget-20.rank-accept_first.cut-entropy4.0.samples20.maxnew1024.seed10086.subtreePrefetch.vllm.log,128,19,56,0.28096332510655253
/Users/jiangnanhugo/workspace/power-sharpening/Subtree-Prefetching-Power-Sharpening/case_studies/logs-entropycut/mbpp/2026-09-21/vllm/dataset-mbpp.model-qwen3.5-9b.alpha4.0.steps100.blocks-1.prefetch-budget-20.rank-accept_first.cut-entropy4.0.samples20.maxnew1024.seed10086.subtreePrefetch.vllm.log,129,0,56,0.28096332510655253
/Users/jiangnanhugo/workspace/power-sharpening/Subtree-Prefetching-Power-Sharpening/case_studies/logs-entropycut/mbpp/2026-09-21/vllm/dataset-mbpp.model-qwen3.5-9b.alpha4.0.steps100.blocks-1.prefetch-budget-20.rank-accept_first.cut-entropy4.0.samples20.maxnew1024.seed10086.subtreePrefetch.vllm.log,129,1,56,0.28096332510655253
/Users/jiangnanhugo/workspace/power-sharpening/Subtree-Prefetching-Power-Sharpening/case_studies/logs-entropycut/mbpp/2026-09-21/vllm/dataset-mbpp.model-qwen3.5-9b.alpha4.0.steps100.blocks-1.prefetch-budget-20.rank-accept_first.cut-entropy4.0.samples20.maxnew1024.seed10086.subtreePrefetch.vllm.log,129,2,88,0.06998133296462859
/Users/jiangnanhugo/workspace/power-sharpening/Subtree-Prefetching-Power-Sharpening/case_studies/logs-entropycut/mbpp/2026-09-21/vllm/dataset-mbpp.model-qwen3.5-9b.alpha4.0.steps100.blocks-1.prefetch-budget-20.rank-accept_first.cut-entropy4.0.samples20.maxnew1024.seed10086.subtreePrefetch.vllm.log,129,3,267,0.04301031425991694
/Users/jiangnanhugo/workspace/power-sharpening/Subtree-Prefetching-Power-Sharpening/case_studies/logs-entropycut/mbpp/2026-09-21/vllm/dataset-mbpp.model-qwen3.5-9b.alpha4.0.steps100.blocks-1.prefetch-budget-20.rank-accept_first.cut-entropy4.0.samples20.maxnew1024.seed10086.subtreePrefetch.vllm.log,129,4,56,0.28096332510655253
/Users/jiangnanhugo/workspace/power-sharpening/Subtree-Prefetching-Power-Sharpening/case_studies/logs-entropycut/mbpp/2026-09-21/vllm/dataset-mbpp.model-qwen3.5-9b.alpha4.0.steps100.blocks-1.prefetch-budget-20.rank-accept_first.cut-entropy4.0.samples20.maxnew1024.seed10086.subtreePrefetch.vllm.log,129,5,88,0.06998133296462859
/Users/jiangnanhugo/workspace/power-sharpening/Subtree-Prefetching-Power-Sharpening/case_studies/logs-entropycut/mbpp/2026-09-21/vllm/dataset-mbpp.model-qwen3.5-9b.alpha4.0.steps100.blocks-1.prefetch-budget-20.rank-accept_first.cut-entropy4.0.samples20.maxnew1024.seed10086.subtreePrefetch.vllm.log,129,6,130,0.0014182905400319983
/Users/jiangnanhugo/workspace/power-sharpening/Subtree-Prefetching-Power-Sharpening/case_studies/logs-entropycut/mbpp/2026-09-21/vllm/dataset-mbpp.model-qwen3.5-9b.alpha4.0.steps100.blocks-1.prefetch-budget-20.rank-accept_first.cut-entropy4.0.samples20.maxnew1024.seed10086.subtreePrefetch.vllm.log,129,7,44,0.05930372205511949
/Users/jiangnanhugo/workspace/power-sharpening/Subtree-Prefetching-Power-Sharpening/case_studies/logs-entropycut/mbpp/2026-09-21/vllm/dataset-mbpp.model-qwen3.5-9b.alpha4.0.steps100.blocks-1.prefetch-budget-20.rank-accept_first.cut-entropy4.0.samples20.maxnew1024.seed10086.subtreePrefetch.vllm.log,129,8,136,0.040759006510060876
/Users/jiangnanhugo/workspace/power-sharpening/Subtree-Prefetching-Power-Sharpening/case_studies/logs-entropycut/mbpp/2026-09-21/vllm/dataset-mbpp.model-qwen3.5-9b.alpha4.0.steps100.blocks-1.prefetch-budget-20.rank-accept_first.cut-entropy4.0.samples20.maxnew1024.seed10086.subtreePrefetch.vllm.log,129,9,56,0.28096332510655253
/Users/jiangnanhugo/workspace/power-sharpening/Subtree-Prefetching-Power-Sharpening/case_studies/logs-entropycut/mbpp/2026-09-21/vllm/dataset-mbpp.model-qwen3.5-9b.alpha4.0.steps100.blocks-1.prefetch-budget-20.rank-accept_first.cut-entropy4.0.samples20.maxnew1024.seed10086.subtreePrefetch.vllm.log,129,10,44,0.05930372205511949
/Users/jiangnanhugo/workspace/power-sharpening/Subtree-Prefetching-Power-Sharpening/case_studies/logs-entropycut/mbpp/2026-09-21/vllm/dataset-mbpp.model-qwen3.5-9b.alpha4.0.steps100.blocks-1.prefetch-budget-20.rank-accept_first.cut-entropy4.0.samples20.maxnew1024.seed10086.subtreePrefetch.vllm.log,129,11,56,0.28096332510655253
/Users/jiangnanhugo/workspace/power-sharpening/Subtree-Prefetching-Power-Sharpening/case_studies/logs-entropycut/mbpp/2026-09-21/vllm/dataset-mbpp.model-qwen3.5-9b.alpha4.0.steps100.blocks-1.prefetch-budget-20.rank-accept_first.cut-entropy4.0.samples20.maxnew1024.seed10086.subtreePrefetch.vllm.log,129,12,56,0.28096332510655253
/Users/jiangnanhugo/workspace/power-sharpening/Subtree-Prefetching-Power-Sharpening/case_studies/logs-entropycut/mbpp/2026-09-21/vllm/dataset-mbpp.model-qwen3.5-9b.alpha4.0.steps100.blocks-1.prefetch-budget-20.rank-accept_first.cut-entropy4.0.samples20.maxnew1024.seed10086.subtreePrefetch.vllm.log,129,13,44,0.05930372205511949
/Users/jiangnanhugo/workspace/power-sharpening/Subtree-Prefetching-Power-Sharpening/case_studies/logs-entropycut/mbpp/2026-09-21/vllm/dataset-mbpp.model-qwen3.5-9b.alpha4.0.steps100.blocks-1.prefetch-budget-20.rank-accept_first.cut-entropy4.0.samples20.maxnew1024.seed10086.subtreePrefetch.vllm.log,129,14,88,0.06998133296462859
/Users/jiangnanhugo/workspace/power-sharpening/Subtree-Prefetching-Power-Sharpening/case_studies/logs-entropycut/mbpp/2026-09-21/vllm/dataset-mbpp.model-qwen3.5-9b.alpha4.0.steps100.blocks-1.prefetch-budget-20.rank-accept_first.cut-entropy4.0.samples20.maxnew1024.seed10086.subtreePrefetch.vllm.log,129,15,88,0.06998133296462859
/Users/jiangnanhugo/workspace/power-sharpening/Subtree-Prefetching-Power-Sharpening/case_studies/logs-entropycut/mbpp/2026-09-21/vllm/dataset-mbpp.model-qwen3.5-9b.alpha4.0.steps100.blocks-1.prefetch-budget-20.rank-accept_first.cut-entropy4.0.samples20.maxnew1024.seed10086.subtreePrefetch.vllm.log,129,16,44,0.05930372205511949
/Users/jiangnanhugo/workspace/power-sharpening/Subtree-Prefetching-Power-Sharpening/case_studies/logs-entropycut/mbpp/2026-09-21/vllm/dataset-mbpp.model-qwen3.5-9b.alpha4.0.steps100.blocks-1.prefetch-budget-20.rank-accept_first.cut-entropy4.0.samples20.maxnew1024.seed10086.subtreePrefetch.vllm.log,129,17,56,0.28096332510655253
/Users/jiangnanhugo/workspace/power-sharpening/Subtree-Prefetching-Power-Sharpening/case_studies/logs-entropycut/mbpp/2026-09-21/vllm/dataset-mbpp.model-qwen3.5-9b.alpha4.0.steps100.blocks-1.prefetch-budget-20.rank-accept_first.cut-entropy4.0.samples20.maxnew1024.seed10086.subtreePrefetch.vllm.log,129,18,44,0.05930372205511949
/Users/jiangnanhugo/workspace/power-sharpening/Subtree-Prefetching-Power-Sharpening/case_studies/logs-entropycut/mbpp/2026-09-21/vllm/dataset-mbpp.model-qwen3.5-9b.alpha4.0.steps100.blocks-1.prefetch-budget-20.rank-accept_first.cut-entropy4.0.samples20.maxnew1024.seed10086.subtreePrefetch.vllm.log,129,19,56,0.28096332510655253
/Users/jiangnanhugo/workspace/power-sharpening/Subtree-Prefetching-Power-Sharpening/case_studies/logs-entropycut/mbpp/2026-09-21/vllm/dataset-mbpp.model-qwen3.5-9b.alpha4.0.steps100.blocks-1.prefetch-budget-20.rank-accept_first.cut-entropy4.0.samples20.maxnew1024.seed10086.subtreePrefetch.vllm.log,130,0,861,1.0260602446240626e-05
/Users/jiangnanhugo/workspace/power-sharpening/Subtree-Prefetching-Power-Sharpening/case_studies/logs-entropycut/mbpp/2026-09-21/vllm/dataset-mbpp.model-qwen3.5-9b.alpha4.0.steps100.blocks-1.prefetch-budget-20.rank-accept_first.cut-entropy4.0.samples20.maxnew1024.seed10086.subtreePrefetch.vllm.log,130,1,136,0.040759006510060876
/Users/jiangnanhugo/workspace/power-sharpening/Subtree-Prefetching-Power-Sharpening/case_studies/logs-entropycut/mbpp/2026-09-21/vllm/dataset-mbpp.model-qwen3.5-9b.alpha4.0.steps100.blocks-1.prefetch-budget-20.rank-accept_first.cut-entropy4.0.samples20.maxnew1024.seed10086.subtreePrefetch.vllm.log,130,2,56,0.28096332510655253
/Users/jiangnanhugo/workspace/power-sharpening/Subtree-Prefetching-Power-Sharpening/case_studies/logs-entropycut/mbpp/2026-09-21/vllm/dataset-mbpp.model-qwen3.5-9b.alpha4.0.steps100.blocks-1.prefetch-budget-20.rank-accept_first.cut-entropy4.0.samples20.maxnew1024.seed10086.subtreePrefetch.vllm.log,130,3,56,0.28096332510655253
/Users/jiangnanhugo/workspace/power-sharpening/Subtree-Prefetching-Power-Sharpening/case_studies/logs-entropycut/mbpp/2026-09-21/vllm/dataset-mbpp.model-qwen3.5-9b.alpha4.0.steps100.blocks-1.prefetch-budget-20.rank-accept_first.cut-entropy4.0.samples20.maxnew1024.seed10086.subtreePrefetch.vllm.log,130,4,56,0.28096332510655253
/Users/jiangnanhugo/workspace/power-sharpening/Subtree-Prefetching-Power-Sharpening/case_studies/logs-entropycut/mbpp/2026-09-21/vllm/dataset-mbpp.model-qwen3.5-9b.alpha4.0.steps100.blocks-1.prefetch-budget-20.rank-accept_first.cut-entropy4.0.samples20.maxnew1024.seed10086.subtreePrefetch.vllm.log,130,5,207,0.028394094004818547
/Users/jiangnanhugo/workspace/power-sharpening/Subtree-Prefetching-Power-Sharpening/case_studies/logs-entropycut/mbpp/2026-09-21/vllm/dataset-mbpp.model-qwen3.5-9b.alpha4.0.steps100.blocks-1.prefetch-budget-20.rank-accept_first.cut-entropy4.0.samples20.maxnew1024.seed10086.subtreePrefetch.vllm.log,130,6,44,0.05930372205511949
/Users/jiangnanhugo/workspace/power-sharpening/Subtree-Prefetching-Power-Sharpening/case_studies/logs-entropycut/mbpp/2026-09-21/vllm/dataset-mbpp.model-qwen3.5-9b.alpha4.0.steps100.blocks-1.prefetch-budget-20.rank-accept_first.cut-entropy4.0.samples20.maxnew1024.seed10086.subtreePrefetch.vllm.log,130,7,56,0.28096332510655253
/Users/jiangnanhugo/workspace/power-sharpening/Subtree-Prefetching-Power-Sharpening/case_studies/logs-entropycut/mbpp/2026-09-21/vllm/dataset-mbpp.model-qwen3.5-9b.alpha4.0.steps100.blocks-1.prefetch-budget-20.rank-accept_first.cut-entropy4.0.samples20.maxnew1024.seed10086.subtreePrefetch.vllm.log,130,8,56,0.28096332510655253
/Users/jiangnanhugo/workspace/power-sharpening/Subtree-Prefetching-Power-Sharpening/case_studies/logs-entropycut/mbpp/2026-09-21/vllm/dataset-mbpp.model-qwen3.5-9b.alpha4.0.steps100.blocks-1.prefetch-budget-20.rank-accept_first.cut-entropy4.0.samples20.maxnew1024.seed10086.subtreePrefetch.vllm.log,130,9,195,0.20009833217732048
/Users/jiangnanhugo/workspace/power-sharpening/Subtree-Prefetching-Power-Sharpening/case_studies/logs-entropycut/mbpp/2026-09-21/vllm/dataset-mbpp.model-qwen3.5-9b.alpha4.0.steps100.blocks-1.prefetch-budget-20.rank-accept_first.cut-entropy4.0.samples20.maxnew1024.seed10086.subtreePrefetch.vllm.log,130,10,56,0.28096332510655253
/Users/jiangnanhugo/workspace/power-sharpening/Subtree-Prefetching-Power-Sharpening/case_studies/logs-entropycut/mbpp/2026-09-21/vllm/dataset-mbpp.model-qwen3.5-9b.alpha4.0.steps100.blocks-1.prefetch-budget-20.rank-accept_first.cut-entropy4.0.samples20.maxnew1024.seed10086.subtreePrefetch.vllm.log,130,11,56,0.28096332510655253
/Users/jiangnanhugo/workspace/power-sharpening/Subtree-Prefetching-Power-Sharpening/case_studies/logs-entropycut/mbpp/2026-09-21/vllm/dataset-mbpp.model-qwen3.5-9b.alpha4.0.steps100.blocks-1.prefetch-budget-20.rank-accept_first.cut-entropy4.0.samples20.maxnew1024.seed10086.subtreePrefetch.vllm.log,130,12,56,0.28096332510655253
/Users/jiangnanhugo/workspace/power-sharpening/Subtree-Prefetching-Power-Sharpening/case_studies/logs-entropycut/mbpp/2026-09-21/vllm/dataset-mbpp.model-qwen3.5-9b.alpha4.0.steps100.blocks-1.prefetch-budget-20.rank-accept_first.cut-entropy4.0.samples20.maxnew1024.seed10086.subtreePrefetch.vllm.log,130,13,56,0.28096332510655253
/Users/jiangnanhugo/workspace/power-sharpening/Subtree-Prefetching-Power-Sharpening/case_studies/logs-entropycut/mbpp/2026-09-21/vllm/dataset-mbpp.model-qwen3.5-9b.alpha4.0.steps100.blocks-1.prefetch-budget-20.rank-accept_first.cut-entropy4.0.samples20.maxnew1024.seed10086.subtreePrefetch.vllm.log,130,14,3,0.0029752455934765197
/Users/jiangnanhugo/workspace/power-sharpening/Subtree-Prefetching-Power-Sharpening/case_studies/logs-entropycut/mbpp/2026-09-21/vllm/dataset-mbpp.model-qwen3.5-9b.alpha4.0.steps100.blocks-1.prefetch-budget-20.rank-accept_first.cut-entropy4.0.samples20.maxnew1024.seed10086.subtreePrefetch.vllm.log,130,15,356,0.00019912072794075938
/Users/jiangnanhugo/workspace/power-sharpening/Subtree-Prefetching-Power-Sharpening/case_studies/logs-entropycut/mbpp/2026-09-21/vllm/dataset-mbpp.model-qwen3.5-9b.alpha4.0.steps100.blocks-1.prefetch-budget-20.rank-accept_first.cut-entropy4.0.samples20.maxnew1024.seed10086.subtreePrefetch.vllm.log,130,16,88,0.06998133296462859
/Users/jiangnanhugo/workspace/power-sharpening/Subtree-Prefetching-Power-Sharpening/case_studies/logs-entropycut/mbpp/2026-09-21/vllm/dataset-mbpp.model-qwen3.5-9b.alpha4.0.steps100.blocks-1.prefetch-budget-20.rank-accept_first.cut-entropy4.0.samples20.maxnew1024.seed10086.subtreePrefetch.vllm.log,130,17,56,0.28096332510655253
/Users/jiangnanhugo/workspace/power-sharpening/Subtree-Prefetching-Power-Sharpening/case_studies/logs-entropycut/mbpp/2026-09-21/vllm/dataset-mbpp.model-qwen3.5-9b.alpha4.0.steps100.blocks-1.prefetch-budget-20.rank-accept_first.cut-entropy4.0.samples20.maxnew1024.seed10086.subtreePrefetch.vllm.log,130,18,56,0.28096332510655253
/Users/jiangnanhugo/workspace/power-sharpening/Subtree-Prefetching-Power-Sharpening/case_studies/logs-entropycut/mbpp/2026-09-21/vllm/dataset-mbpp.model-qwen3.5-9b.alpha4.0.steps100.blocks-1.prefetch-budget-20.rank-accept_first.cut-entropy4.0.samples20.maxnew1024.seed10086.subtreePrefetch.vllm.log,130,19,56,0.28096332510655253
/Users/jiangnanhugo/workspace/power-sharpening/Subtree-Prefetching-Power-Sharpening/case_studies/logs-entropycut/mbpp/2026-09-21/vllm/dataset-mbpp.model-qwen3.5-9b.alpha4.0.steps100.blocks-1.prefetch-budget-20.rank-accept_first.cut-entropy4.0.samples20.maxnew1024.seed10086.subtreePrefetch.vllm.log,131,0,195,0.200096935512668
/Users/jiangnanhugo/workspace/power-sharpening/Subtree-Prefetching-Power-Sharpening/case_studies/logs-entropycut/mbpp/2026-09-21/vllm/dataset-mbpp.model-qwen3.5-9b.alpha4.0.steps100.blocks-1.prefetch-budget-20.rank-accept_first.cut-entropy4.0.samples20.maxnew1024.seed10086.subtreePrefetch.vllm.log,131,1,88,0.06998084450251589
/Users/jiangnanhugo/workspace/power-sharpening/Subtree-Prefetching-Power-Sharpening/case_studies/logs-entropycut/mbpp/2026-09-21/vllm/dataset-mbpp.model-qwen3.5-9b.alpha4.0.steps100.blocks-1.prefetch-budget-20.rank-accept_first.cut-entropy4.0.samples20.maxnew1024.seed10086.subtreePrefetch.vllm.log,131,2,56,0.28096136401302146
/Users/jiangnanhugo/workspace/power-sharpening/Subtree-Prefetching-Power-Sharpening/case_studies/logs-entropycut/mbpp/2026-09-21/vllm/dataset-mbpp.model-qwen3.5-9b.alpha4.0.steps100.blocks-1.prefetch-budget-20.rank-accept_first.cut-entropy4.0.samples20.maxnew1024.seed10086.subtreePrefetch.vllm.log,131,3,14,0.0032554613231275497
/Users/jiangnanhugo/workspace/power-sharpening/Subtree-Prefetching-Power-Sharpening/case_studies/logs-entropycut/mbpp/2026-09-21/vllm/dataset-mbpp.model-qwen3.5-9b.alpha4.0.steps100.blocks-1.prefetch-budget-20.rank-accept_first.cut-entropy4.0.samples20.maxnew1024.seed10086.subtreePrefetch.vllm.log,131,4,11,0.02105674838279931
/Users/jiangnanhugo/workspace/power-sharpening/Subtree-Prefetching-Power-Sharpening/case_studies/logs-entropycut/mbpp/2026-09-21/vllm/dataset-mbpp.model-qwen3.5-9b.alpha4.0.steps100.blocks-1.prefetch-budget-20.rank-accept_first.cut-entropy4.0.samples20.maxnew1024.seed10086.subtreePrefetch.vllm.log,131,5,56,0.28096136401302146
/Users/jiangnanhugo/workspace/power-sharpening/Subtree-Prefetching-Power-Sharpening/case_studies/logs-entropycut/mbpp/2026-09-21/vllm/dataset-mbpp.model-qwen3.5-9b.alpha4.0.steps100.blocks-1.prefetch-budget-20.rank-accept_first.cut-entropy4.0.samples20.maxnew1024.seed10086.subtreePrefetch.vllm.log,131,6,56,0.28096136401302146
/Users/jiangnanhugo/workspace/power-sharpening/Subtree-Prefetching-Power-Sharpening/case_studies/logs-entropycut/mbpp/2026-09-21/vllm/dataset-mbpp.model-qwen3.5-9b.alpha4.0.steps100.blocks-1.prefetch-budget-20.rank-accept_first.cut-entropy4.0.samples20.maxnew1024.seed10086.subtreePrefetch.vllm.log,131,7,56,0.28096136401302146
/Users/jiangnanhugo/workspace/power-sharpening/Subtree-Prefetching-Power-Sharpening/case_studies/logs-entropycut/mbpp/2026-09-21/vllm/dataset-mbpp.model-qwen3.5-9b.alpha4.0.steps100.blocks-1.prefetch-budget-20.rank-accept_first.cut-entropy4.0.samples20.maxnew1024.seed10086.subtreePrefetch.vllm.log,131,8,267,0.04301001405258905
/Users/jiangnanhugo/workspace/power-sharpening/Subtree-Prefetching-Power-Sharpening/case_studies/logs-entropycut/mbpp/2026-09-21/vllm/dataset-mbpp.model-qwen3.5-9b.alpha4.0.steps100.blocks-1.prefetch-budget-20.rank-accept_first.cut-entropy4.0.samples20.maxnew1024.seed10086.subtreePrefetch.vllm.log,131,9,136,0.04075872201661686
/Users/jiangnanhugo/workspace/power-sharpening/Subtree-Prefetching-Power-Sharpening/case_studies/logs-entropycut/mbpp/2026-09-21/vllm/dataset-mbpp.model-qwen3.5-9b.alpha4.0.steps100.blocks-1.prefetch-budget-20.rank-accept_first.cut-entropy4.0.samples20.maxnew1024.seed10086.subtreePrefetch.vllm.log,131,10,56,0.28096136401302146
/Users/jiangnanhugo/workspace/power-sharpening/Subtree-Prefetching-Power-Sharpening/case_studies/logs-entropycut/mbpp/2026-09-21/vllm/dataset-mbpp.model-qwen3.5-9b.alpha4.0.steps100.blocks-1.prefetch-budget-20.rank-accept_first.cut-entropy4.0.samples20.maxnew1024.seed10086.subtreePrefetch.vllm.log,131,11,56,0.28096136401302146
/Users/jiangnanhugo/workspace/power-sharpening/Subtree-Prefetching-Power-Sharpening/case_studies/logs-entropycut/mbpp/2026-09-21/vllm/dataset-mbpp.model-qwen3.5-9b.alpha4.0.steps100.blocks-1.prefetch-budget-20.rank-accept_first.cut-entropy4.0.samples20.maxnew1024.seed10086.subtreePrefetch.vllm.log,131,12,56,0.28096136401302146
/Users/jiangnanhugo/workspace/power-sharpening/Subtree-Prefetching-Power-Sharpening/case_studies/logs-entropycut/mbpp/2026-09-21/vllm/dataset-mbpp.model-qwen3.5-9b.alpha4.0.steps100.blocks-1.prefetch-budget-20.rank-accept_first.cut-entropy4.0.samples20.maxnew1024.seed10086.subtreePrefetch.vllm.log,131,13,56,0.28096136401302146
/Users/jiangnanhugo/workspace/power-sharpening/Subtree-Prefetching-Power-Sharpening/case_studies/logs-entropycut/mbpp/2026-09-21/vllm/dataset-mbpp.model-qwen3.5-9b.alpha4.0.steps100.blocks-1.prefetch-budget-20.rank-accept_first.cut-entropy4.0.samples20.maxnew1024.seed10086.subtreePrefetch.vllm.log,131,14,56,0.28096136401302146
/Users/jiangnanhugo/workspace/power-sharpening/Subtree-Prefetching-Power-Sharpening/case_studies/logs-entropycut/mbpp/2026-09-21/vllm/dataset-mbpp.model-qwen3.5-9b.alpha4.0.steps100.blocks-1.prefetch-budget-20.rank-accept_first.cut-entropy4.0.samples20.maxnew1024.seed10086.subtreePrefetch.vllm.log,131,15,56,0.28096136401302146
/Users/jiangnanhugo/workspace/power-sharpening/Subtree-Prefetching-Power-Sharpening/case_studies/logs-entropycut/mbpp/2026-09-21/vllm/dataset-mbpp.model-qwen3.5-9b.alpha4.0.steps100.blocks-1.prefetch-budget-20.rank-accept_first.cut-entropy4.0.samples20.maxnew1024.seed10086.subtreePrefetch.vllm.log,131,16,247,0.03577190858394984
/Users/jiangnanhugo/workspace/power-sharpening/Subtree-Prefetching-Power-Sharpening/case_studies/logs-entropycut/mbpp/2026-09-21/vllm/dataset-mbpp.model-qwen3.5-9b.alpha4.0.steps100.blocks-1.prefetch-budget-20.rank-accept_first.cut-entropy4.0.samples20.maxnew1024.seed10086.subtreePrefetch.vllm.log,131,17,44,0.059303308121572654
/Users/jiangnanhugo/workspace/power-sharpening/Subtree-Prefetching-Power-Sharpening/case_studies/logs-entropycut/mbpp/2026-09-21/vllm/dataset-mbpp.model-qwen3.5-9b.alpha4.0.steps100.blocks-1.prefetch-budget-20.rank-accept_first.cut-entropy4.0.samples20.maxnew1024.seed10086.subtreePrefetch.vllm.log,131,18,44,0.059303308121572654
/Users/jiangnanhugo/workspace/power-sharpening/Subtree-Prefetching-Power-Sharpening/case_studies/logs-entropycut/mbpp/2026-09-21/vllm/dataset-mbpp.model-qwen3.5-9b.alpha4.0.steps100.blocks-1.prefetch-budget-20.rank-accept_first.cut-entropy4.0.samples20.maxnew1024.seed10086.subtreePrefetch.vllm.log,131,19,56,0.28096136401302146
/Users/jiangnanhugo/workspace/power-sharpening/Subtree-Prefetching-Power-Sharpening/case_studies/logs-entropycut/mbpp/2026-09-21/vllm/dataset-mbpp.model-qwen3.5-9b.alpha4.0.steps100.blocks-1.prefetch-budget-20.rank-accept_first.cut-entropy4.0.samples20.maxnew1024.seed10086.subtreePrefetch.vllm.log,132,0,146,0.006458544362760798
/Users/jiangnanhugo/workspace/power-sharpening/Subtree-Prefetching-Power-Sharpening/case_studies/logs-entropycut/mbpp/2026-09-21/vllm/dataset-mbpp.model-qwen3.5-9b.alpha4.0.steps100.blocks-1.prefetch-budget-20.rank-accept_first.cut-entropy4.0.samples20.maxnew1024.seed10086.subtreePrefetch.vllm.log,132,1,96,0.0014497648307496447
/Users/jiangnanhugo/workspace/power-sharpening/Subtree-Prefetching-Power-Sharpening/case_studies/logs-entropycut/mbpp/2026-09-21/vllm/dataset-mbpp.model-qwen3.5-9b.alpha4.0.steps100.blocks-1.prefetch-budget-20.rank-accept_first.cut-entropy4.0.samples20.maxnew1024.seed10086.subtreePrefetch.vllm.log,132,2,56,0.28173325927552106
/Users/jiangnanhugo/workspace/power-sharpening/Subtree-Prefetching-Power-Sharpening/case_studies/logs-entropycut/mbpp/2026-09-21/vllm/dataset-mbpp.model-qwen3.5-9b.alpha4.0.steps100.blocks-1.prefetch-budget-20.rank-accept_first.cut-entropy4.0.samples20.maxnew1024.seed10086.subtreePrefetch.vllm.log,132,3,56,0.28173325927552106
/Users/jiangnanhugo/workspace/power-sharpening/Subtree-Prefetching-Power-Sharpening/case_studies/logs-entropycut/mbpp/2026-09-21/vllm/dataset-mbpp.model-qwen3.5-9b.alpha4.0.steps100.blocks-1.prefetch-budget-20.rank-accept_first.cut-entropy4.0.samples20.maxnew1024.seed10086.subtreePrefetch.vllm.log,132,4,56,0.28173325927552106
/Users/jiangnanhugo/workspace/power-sharpening/Subtree-Prefetching-Power-Sharpening/case_studies/logs-entropycut/mbpp/2026-09-21/vllm/dataset-mbpp.model-qwen3.5-9b.alpha4.0.steps100.blocks-1.prefetch-budget-20.rank-accept_first.cut-entropy4.0.samples20.maxnew1024.seed10086.subtreePrefetch.vllm.log,132,5,207,0.02847190338852698
/Users/jiangnanhugo/workspace/power-sharpening/Subtree-Prefetching-Power-Sharpening/case_studies/logs-entropycut/mbpp/2026-09-21/vllm/dataset-mbpp.model-qwen3.5-9b.alpha4.0.steps100.blocks-1.prefetch-budget-20.rank-accept_first.cut-entropy4.0.samples20.maxnew1024.seed10086.subtreePrefetch.vllm.log,132,6,136,0.04087069991984453
/Users/jiangnanhugo/workspace/power-sharpening/Subtree-Prefetching-Power-Sharpening/case_studies/logs-entropycut/mbpp/2026-09-21/vllm/dataset-mbpp.model-qwen3.5-9b.alpha4.0.steps100.blocks-1.prefetch-budget-20.rank-accept_first.cut-entropy4.0.samples20.maxnew1024.seed10086.subtreePrefetch.vllm.log,132,7,56,0.28173325927552106
/Users/jiangnanhugo/workspace/power-sharpening/Subtree-Prefetching-Power-Sharpening/case_studies/logs-entropycut/mbpp/2026-09-21/vllm/dataset-mbpp.model-qwen3.5-9b.alpha4.0.steps100.blocks-1.prefetch-budget-20.rank-accept_first.cut-entropy4.0.samples20.maxnew1024.seed10086.subtreePrefetch.vllm.log,132,8,142,0.014780607885526638
/Users/jiangnanhugo/workspace/power-sharpening/Subtree-Prefetching-Power-Sharpening/case_studies/logs-entropycut/mbpp/2026-09-21/vllm/dataset-mbpp.model-qwen3.5-9b.alpha4.0.steps100.blocks-1.prefetch-budget-20.rank-accept_first.cut-entropy4.0.samples20.maxnew1024.seed10086.subtreePrefetch.vllm.log,132,9,44,0.05946623423331902
/Users/jiangnanhugo/workspace/power-sharpening/Subtree-Prefetching-Power-Sharpening/case_studies/logs-entropycut/mbpp/2026-09-21/vllm/dataset-mbpp.model-qwen3.5-9b.alpha4.0.steps100.blocks-1.prefetch-budget-20.rank-accept_first.cut-entropy4.0.samples20.maxnew1024.seed10086.subtreePrefetch.vllm.log,132,10,140,0.023266504485459565
/Users/jiangnanhugo/workspace/power-sharpening/Subtree-Prefetching-Power-Sharpening/case_studies/logs-entropycut/mbpp/2026-09-21/vllm/dataset-mbpp.model-qwen3.5-9b.alpha4.0.steps100.blocks-1.prefetch-budget-20.rank-accept_first.cut-entropy4.0.samples20.maxnew1024.seed10086.subtreePrefetch.vllm.log,132,11,56,0.28173325927552106
/Users/jiangnanhugo/workspace/power-sharpening/Subtree-Prefetching-Power-Sharpening/case_studies/logs-entropycut/mbpp/2026-09-21/vllm/dataset-mbpp.model-qwen3.5-9b.alpha4.0.steps100.blocks-1.prefetch-budget-20.rank-accept_first.cut-entropy4.0.samples20.maxnew1024.seed10086.subtreePrefetch.vllm.log,132,12,56,0.28173325927552106
/Users/jiangnanhugo/workspace/power-sharpening/Subtree-Prefetching-Power-Sharpening/case_studies/logs-entropycut/mbpp/2026-09-21/vllm/dataset-mbpp.model-qwen3.5-9b.alpha4.0.steps100.blocks-1.prefetch-budget-20.rank-accept_first.cut-entropy4.0.samples20.maxnew1024.seed10086.subtreePrefetch.vllm.log,132,13,14,0.003264405169130719
/Users/jiangnanhugo/workspace/power-sharpening/Subtree-Prefetching-Power-Sharpening/case_studies/logs-entropycut/mbpp/2026-09-21/vllm/dataset-mbpp.model-qwen3.5-9b.alpha4.0.steps100.blocks-1.prefetch-budget-20.rank-accept_first.cut-entropy4.0.samples20.maxnew1024.seed10086.subtreePrefetch.vllm.log,132,14,56,0.28173325927552106
/Users/jiangnanhugo/workspace/power-sharpening/Subtree-Prefetching-Power-Sharpening/case_studies/logs-entropycut/mbpp/2026-09-21/vllm/dataset-mbpp.model-qwen3.5-9b.alpha4.0.steps100.blocks-1.prefetch-budget-20.rank-accept_first.cut-entropy4.0.samples20.maxnew1024.seed10086.subtreePrefetch.vllm.log,132,15,44,0.05946623423331902
/Users/jiangnanhugo/workspace/power-sharpening/Subtree-Prefetching-Power-Sharpening/case_studies/logs-entropycut/mbpp/2026-09-21/vllm/dataset-mbpp.model-qwen3.5-9b.alpha4.0.steps100.blocks-1.prefetch-budget-20.rank-accept_first.cut-entropy4.0.samples20.maxnew1024.seed10086.subtreePrefetch.vllm.log,132,16,195,0.20064666902177697
/Users/jiangnanhugo/workspace/power-sharpening/Subtree-Prefetching-Power-Sharpening/case_studies/logs-entropycut/mbpp/2026-09-21/vllm/dataset-mbpp.model-qwen3.5-9b.alpha4.0.steps100.blocks-1.prefetch-budget-20.rank-accept_first.cut-entropy4.0.samples20.maxnew1024.seed10086.subtreePrefetch.vllm.log,132,17,56,0.28173325927552106
/Users/jiangnanhugo/workspace/power-sharpening/Subtree-Prefetching-Power-Sharpening/case_studies/logs-entropycut/mbpp/2026-09-21/vllm/dataset-mbpp.model-qwen3.5-9b.alpha4.0.steps100.blocks-1.prefetch-budget-20.rank-accept_first.cut-entropy4.0.samples20.maxnew1024.seed10086.subtreePrefetch.vllm.log,132,18,56,0.28173325927552106
/Users/jiangnanhugo/workspace/power-sharpening/Subtree-Prefetching-Power-Sharpening/case_studies/logs-entropycut/mbpp/2026-09-21/vllm/dataset-mbpp.model-qwen3.5-9b.alpha4.0.steps100.blocks-1.prefetch-budget-20.rank-accept_first.cut-entropy4.0.samples20.maxnew1024.seed10086.subtreePrefetch.vllm.log,132,19,56,0.28173325927552106
/Users/jiangnanhugo/workspace/power-sharpening/Subtree-Prefetching-Power-Sharpening/case_studies/logs-entropycut/mbpp/2026-09-21/vllm/dataset-mbpp.model-qwen3.5-9b.alpha4.0.steps100.blocks-1.prefetch-budget-20.rank-accept_first.cut-entropy4.0.samples20.maxnew1024.seed10086.subtreePrefetch.vllm.log,133,0,56,0.28173325927552106
/Users/jiangnanhugo/workspace/power-sharpening/Subtree-Prefetching-Power-Sharpening/case_studies/logs-entropycut/mbpp/2026-09-21/vllm/dataset-mbpp.model-qwen3.5-9b.alpha4.0.steps100.blocks-1.prefetch-budget-20.rank-accept_first.cut-entropy4.0.samples20.maxnew1024.seed10086.subtreePrefetch.vllm.log,133,1,56,0.28173325927552106
/Users/jiangnanhugo/workspace/power-sharpening/Subtree-Prefetching-Power-Sharpening/case_studies/logs-entropycut/mbpp/2026-09-21/vllm/dataset-mbpp.model-qwen3.5-9b.alpha4.0.steps100.blocks-1.prefetch-budget-20.rank-accept_first.cut-entropy4.0.samples20.maxnew1024.seed10086.subtreePrefetch.vllm.log,133,2,142,0.014780607885526638
/Users/jiangnanhugo/workspace/power-sharpening/Subtree-Prefetching-Power-Sharpening/case_studies/logs-entropycut/mbpp/2026-09-21/vllm/dataset-mbpp.model-qwen3.5-9b.alpha4.0.steps100.blocks-1.prefetch-budget-20.rank-accept_first.cut-entropy4.0.samples20.maxnew1024.seed10086.subtreePrefetch.vllm.log,133,3,44,0.05946623423331902
/Users/jiangnanhugo/workspace/power-sharpening/Subtree-Prefetching-Power-Sharpening/case_studies/logs-entropycut/mbpp/2026-09-21/vllm/dataset-mbpp.model-qwen3.5-9b.alpha4.0.steps100.blocks-1.prefetch-budget-20.rank-accept_first.cut-entropy4.0.samples20.maxnew1024.seed10086.subtreePrefetch.vllm.log,133,4,246,0.03794293811914834
/Users/jiangnanhugo/workspace/power-sharpening/Subtree-Prefetching-Power-Sharpening/case_studies/logs-entropycut/mbpp/2026-09-21/vllm/dataset-mbpp.model-qwen3.5-9b.alpha4.0.steps100.blocks-1.prefetch-budget-20.rank-accept_first.cut-entropy4.0.samples20.maxnew1024.seed10086.subtreePrefetch.vllm.log,133,5,56,0.28173325927552106
/Users/jiangnanhugo/workspace/power-sharpening/Subtree-Prefetching-Power-Sharpening/case_studies/logs-entropycut/mbpp/2026-09-21/vllm/dataset-mbpp.model-qwen3.5-9b.alpha4.0.steps100.blocks-1.prefetch-budget-20.rank-accept_first.cut-entropy4.0.samples20.maxnew1024.seed10086.subtreePrefetch.vllm.log,133,6,56,0.28173325927552106
/Users/jiangnanhugo/workspace/power-sharpening/Subtree-Prefetching-Power-Sharpening/case_studies/logs-entropycut/mbpp/2026-09-21/vllm/dataset-mbpp.model-qwen3.5-9b.alpha4.0.steps100.blocks-1.prefetch-budget-20.rank-accept_first.cut-entropy4.0.samples20.maxnew1024.seed10086.subtreePrefetch.vllm.log,133,7,195,0.20064666902177697
/Users/jiangnanhugo/workspace/power-sharpening/Subtree-Prefetching-Power-Sharpening/case_studies/logs-entropycut/mbpp/2026-09-21/vllm/dataset-mbpp.model-qwen3.5-9b.alpha4.0.steps100.blocks-1.prefetch-budget-20.rank-accept_first.cut-entropy4.0.samples20.maxnew1024.seed10086.subtreePrefetch.vllm.log,133,8,56,0.28173325927552106
/Users/jiangnanhugo/workspace/power-sharpening/Subtree-Prefetching-Power-Sharpening/case_studies/logs-entropycut/mbpp/2026-09-21/vllm/dataset-mbpp.model-qwen3.5-9b.alpha4.0.steps100.blocks-1.prefetch-budget-20.rank-accept_first.cut-entropy4.0.samples20.maxnew1024.seed10086.subtreePrefetch.vllm.log,133,9,44,0.05946623423331902
/Users/jiangnanhugo/workspace/power-sharpening/Subtree-Prefetching-Power-Sharpening/case_studies/logs-entropycut/mbpp/2026-09-21/vllm/dataset-mbpp.model-qwen3.5-9b.alpha4.0.steps100.blocks-1.prefetch-budget-20.rank-accept_first.cut-entropy4.0.samples20.maxnew1024.seed10086.subtreePrefetch.vllm.log,133,10,56,0.28173325927552106
/Users/jiangnanhugo/workspace/power-sharpening/Subtree-Prefetching-Power-Sharpening/case_studies/logs-entropycut/mbpp/2026-09-21/vllm/dataset-mbpp.model-qwen3.5-9b.alpha4.0.steps100.blocks-1.prefetch-budget-20.rank-accept_first.cut-entropy4.0.samples20.maxnew1024.seed10086.subtreePrefetch.vllm.log,133,11,56,0.28173325927552106
/Users/jiangnanhugo/workspace/power-sharpening/Subtree-Prefetching-Power-Sharpening/case_studies/logs-entropycut/mbpp/2026-09-21/vllm/dataset-mbpp.model-qwen3.5-9b.alpha4.0.steps100.blocks-1.prefetch-budget-20.rank-accept_first.cut-entropy4.0.samples20.maxnew1024.seed10086.subtreePrefetch.vllm.log,133,12,56,0.28173325927552106
/Users/jiangnanhugo/workspace/power-sharpening/Subtree-Prefetching-Power-Sharpening/case_studies/logs-entropycut/mbpp/2026-09-21/vllm/dataset-mbpp.model-qwen3.5-9b.alpha4.0.steps100.blocks-1.prefetch-budget-20.rank-accept_first.cut-entropy4.0.samples20.maxnew1024.seed10086.subtreePrefetch.vllm.log,133,13,56,0.28173325927552106
/Users/jiangnanhugo/workspace/power-sharpening/Subtree-Prefetching-Power-Sharpening/case_studies/logs-entropycut/mbpp/2026-09-21/vllm/dataset-mbpp.model-qwen3.5-9b.alpha4.0.steps100.blocks-1.prefetch-budget-20.rank-accept_first.cut-entropy4.0.samples20.maxnew1024.seed10086.subtreePrefetch.vllm.log,133,14,88,0.07017310539406932
/Users/jiangnanhugo/workspace/power-sharpening/Subtree-Prefetching-Power-Sharpening/case_studies/logs-entropycut/mbpp/2026-09-21/vllm/dataset-mbpp.model-qwen3.5-9b.alpha4.0.steps100.blocks-1.prefetch-budget-20.rank-accept_first.cut-entropy4.0.samples20.maxnew1024.seed10086.subtreePrefetch.vllm.log,133,15,195,0.20064666902177697
/Users/jiangnanhugo/workspace/power-sharpening/Subtree-Prefetching-Power-Sharpening/case_studies/logs-entropycut/mbpp/2026-09-21/vllm/dataset-mbpp.model-qwen3.5-9b.alpha4.0.steps100.blocks-1.prefetch-budget-20.rank-accept_first.cut-entropy4.0.samples20.maxnew1024.seed10086.subtreePrefetch.vllm.log,133,16,56,0.28173325927552106
/Users/jiangnanhugo/workspace/power-sharpening/Subtree-Prefetching-Power-Sharpening/case_studies/logs-entropycut/mbpp/2026-09-21/vllm/dataset-mbpp.model-qwen3.5-9b.alpha4.0.steps100.blocks-1.prefetch-budget-20.rank-accept_first.cut-entropy4.0.samples20.maxnew1024.seed10086.subtreePrefetch.vllm.log,133,17,136,0.04087069991984453
/Users/jiangnanhugo/workspace/power-sharpening/Subtree-Prefetching-Power-Sharpening/case_studies/logs-entropycut/mbpp/2026-09-21/vllm/dataset-mbpp.model-qwen3.5-9b.alpha4.0.steps100.blocks-1.prefetch-budget-20.rank-accept_first.cut-entropy4.0.samples20.maxnew1024.seed10086.subtreePrefetch.vllm.log,133,18,44,0.05946623423331902
/Users/jiangnanhugo/workspace/power-sharpening/Subtree-Prefetching-Power-Sharpening/case_studies/logs-entropycut/mbpp/2026-09-21/vllm/dataset-mbpp.model-qwen3.5-9b.alpha4.0.steps100.blocks-1.prefetch-budget-20.rank-accept_first.cut-entropy4.0.samples20.maxnew1024.seed10086.subtreePrefetch.vllm.log,133,19,56,0.28173325927552106
/Users/jiangnanhugo/workspace/power-sharpening/Subtree-Prefetching-Power-Sharpening/case_studies/logs-entropycut/mbpp/2026-09-21/vllm/dataset-mbpp.model-qwen3.5-9b.alpha4.0.steps100.blocks-1.prefetch-budget-20.rank-accept_first.cut-entropy4.0.samples20.maxnew1024.seed10086.subtreePrefetch.vllm.log,134,0,56,0.27650545066295035
/Users/jiangnanhugo/workspace/power-sharpening/Subtree-Prefetching-Power-Sharpening/case_studies/logs-entropycut/mbpp/2026-09-21/vllm/dataset-mbpp.model-qwen3.5-9b.alpha4.0.steps100.blocks-1.prefetch-budget-20.rank-accept_first.cut-entropy4.0.samples20.maxnew1024.seed10086.subtreePrefetch.vllm.log,134,1,195,0.18765621166345964
/Users/jiangnanhugo/workspace/power-sharpening/Subtree-Prefetching-Power-Sharpening/case_studies/logs-entropycut/mbpp/2026-09-21/vllm/dataset-mbpp.model-qwen3.5-9b.alpha4.0.steps100.blocks-1.prefetch-budget-20.rank-accept_first.cut-entropy4.0.samples20.maxnew1024.seed10086.subtreePrefetch.vllm.log,134,2,56,0.27650545066295035
/Users/jiangnanhugo/workspace/power-sharpening/Subtree-Prefetching-Power-Sharpening/case_studies/logs-entropycut/mbpp/2026-09-21/vllm/dataset-mbpp.model-qwen3.5-9b.alpha4.0.steps100.blocks-1.prefetch-budget-20.rank-accept_first.cut-entropy4.0.samples20.maxnew1024.seed10086.subtreePrefetch.vllm.log,134,3,105,0.013311000978441064
/Users/jiangnanhugo/workspace/power-sharpening/Subtree-Prefetching-Power-Sharpening/case_studies/logs-entropycut/mbpp/2026-09-21/vllm/dataset-mbpp.model-qwen3.5-9b.alpha4.0.steps100.blocks-1.prefetch-budget-20.rank-accept_first.cut-entropy4.0.samples20.maxnew1024.seed10086.subtreePrefetch.vllm.log,134,4,88,0.06887098165584506
/Users/jiangnanhugo/workspace/power-sharpening/Subtree-Prefetching-Power-Sharpening/case_studies/logs-entropycut/mbpp/2026-09-21/vllm/dataset-mbpp.model-qwen3.5-9b.alpha4.0.steps100.blocks-1.prefetch-budget-20.rank-accept_first.cut-entropy4.0.samples20.maxnew1024.seed10086.subtreePrefetch.vllm.log,134,5,56,0.27650545066295035
/Users/jiangnanhugo/workspace/power-sharpening/Subtree-Prefetching-Power-Sharpening/case_studies/logs-entropycut/mbpp/2026-09-21/vllm/dataset-mbpp.model-qwen3.5-9b.alpha4.0.steps100.blocks-1.prefetch-budget-20.rank-accept_first.cut-entropy4.0.samples20.maxnew1024.seed10086.subtreePrefetch.vllm.log,134,6,44,0.058362785913864235
/Users/jiangnanhugo/workspace/power-sharpening/Subtree-Prefetching-Power-Sharpening/case_studies/logs-entropycut/mbpp/2026-09-21/vllm/dataset-mbpp.model-qwen3.5-9b.alpha4.0.steps100.blocks-1.prefetch-budget-20.rank-accept_first.cut-entropy4.0.samples20.maxnew1024.seed10086.subtreePrefetch.vllm.log,134,7,207,0.029204870550941092
/Users/jiangnanhugo/workspace/power-sharpening/Subtree-Prefetching-Power-Sharpening/case_studies/logs-entropycut/mbpp/2026-09-21/vllm/dataset-mbpp.model-qwen3.5-9b.alpha4.0.steps100.blocks-1.prefetch-budget-20.rank-accept_first.cut-entropy4.0.samples20.maxnew1024.seed10086.subtreePrefetch.vllm.log,134,8,136,0.0401123081077021
/Users/jiangnanhugo/workspace/power-sharpening/Subtree-Prefetching-Power-Sharpening/case_studies/logs-entropycut/mbpp/2026-09-21/vllm/dataset-mbpp.model-qwen3.5-9b.alpha4.0.steps100.blocks-1.prefetch-budget-20.rank-accept_first.cut-entropy4.0.samples20.maxnew1024.seed10086.subtreePrefetch.vllm.log,134,9,56,0.27650545066295035
/Users/jiangnanhugo/workspace/power-sharpening/Subtree-Prefetching-Power-Sharpening/case_studies/logs-entropycut/mbpp/2026-09-21/vllm/dataset-mbpp.model-qwen3.5-9b.alpha4.0.steps100.blocks-1.prefetch-budget-20.rank-accept_first.cut-entropy4.0.samples20.maxnew1024.seed10086.subtreePrefetch.vllm.log,134,10,44,0.058362785913864235
/Users/jiangnanhugo/workspace/power-sharpening/Subtree-Prefetching-Power-Sharpening/case_studies/logs-entropycut/mbpp/2026-09-21/vllm/dataset-mbpp.model-qwen3.5-9b.alpha4.0.steps100.blocks-1.prefetch-budget-20.rank-accept_first.cut-entropy4.0.samples20.maxnew1024.seed10086.subtreePrefetch.vllm.log,134,11,56,0.27650545066295035
/Users/jiangnanhugo/workspace/power-sharpening/Subtree-Prefetching-Power-Sharpening/case_studies/logs-entropycut/mbpp/2026-09-21/vllm/dataset-mbpp.model-qwen3.5-9b.alpha4.0.steps100.blocks-1.prefetch-budget-20.rank-accept_first.cut-entropy4.0.samples20.maxnew1024.seed10086.subtreePrefetch.vllm.log,134,12,44,0.058362785913864235
/Users/jiangnanhugo/workspace/power-sharpening/Subtree-Prefetching-Power-Sharpening/case_studies/logs-entropycut/mbpp/2026-09-21/vllm/dataset-mbpp.model-qwen3.5-9b.alpha4.0.steps100.blocks-1.prefetch-budget-20.rank-accept_first.cut-entropy4.0.samples20.maxnew1024.seed10086.subtreePrefetch.vllm.log,134,13,195,0.18765621166345964
/Users/jiangnanhugo/workspace/power-sharpening/Subtree-Prefetching-Power-Sharpening/case_studies/logs-entropycut/mbpp/2026-09-21/vllm/dataset-mbpp.model-qwen3.5-9b.alpha4.0.steps100.blocks-1.prefetch-budget-20.rank-accept_first.cut-entropy4.0.samples20.maxnew1024.seed10086.subtreePrefetch.vllm.log,134,14,88,0.06887098165584506
/Users/jiangnanhugo/workspace/power-sharpening/Subtree-Prefetching-Power-Sharpening/case_studies/logs-entropycut/mbpp/2026-09-21/vllm/dataset-mbpp.model-qwen3.5-9b.alpha4.0.steps100.blocks-1.prefetch-budget-20.rank-accept_first.cut-entropy4.0.samples20.maxnew1024.seed10086.subtreePrefetch.vllm.log,134,15,193,0.02427572212893302
/Users/jiangnanhugo/workspace/power-sharpening/Subtree-Prefetching-Power-Sharpening/case_studies/logs-entropycut/mbpp/2026-09-21/vllm/dataset-mbpp.model-qwen3.5-9b.alpha4.0.steps100.blocks-1.prefetch-budget-20.rank-accept_first.cut-entropy4.0.samples20.maxnew1024.seed10086.subtreePrefetch.vllm.log,134,16,56,0.27650545066295035
/Users/jiangnanhugo/workspace/power-sharpening/Subtree-Prefetching-Power-Sharpening/case_studies/logs-entropycut/mbpp/2026-09-21/vllm/dataset-mbpp.model-qwen3.5-9b.alpha4.0.steps100.blocks-1.prefetch-budget-20.rank-accept_first.cut-entropy4.0.samples20.maxnew1024.seed10086.subtreePrefetch.vllm.log,134,17,56,0.27650545066295035
/Users/jiangnanhugo/workspace/power-sharpening/Subtree-Prefetching-Power-Sharpening/case_studies/logs-entropycut/mbpp/2026-09-21/vllm/dataset-mbpp.model-qwen3.5-9b.alpha4.0.steps100.blocks-1.prefetch-budget-20.rank-accept_first.cut-entropy4.0.samples20.maxnew1024.seed10086.subtreePrefetch.vllm.log,134,18,44,0.058362785913864235
/Users/jiangnanhugo/workspace/power-sharpening/Subtree-Prefetching-Power-Sharpening/case_studies/logs-entropycut/mbpp/2026-09-21/vllm/dataset-mbpp.model-qwen3.5-9b.alpha4.0.steps100.blocks-1.prefetch-budget-20.rank-accept_first.cut-entropy4.0.samples20.maxnew1024.seed10086.subtreePrefetch.vllm.log,134,19,44,0.058362785913864235
/Users/jiangnanhugo/workspace/power-sharpening/Subtree-Prefetching-Power-Sharpening/case_studies/logs-entropycut/mbpp/2026-09-21/vllm/dataset-mbpp.model-qwen3.5-9b.alpha4.0.steps100.blocks-1.prefetch-budget-20.rank-accept_first.cut-entropy4.0.samples20.maxnew1024.seed10086.subtreePrefetch.vllm.log,135,0,195,0.18765621166345964
/Users/jiangnanhugo/workspace/power-sharpening/Subtree-Prefetching-Power-Sharpening/case_studies/logs-entropycut/mbpp/2026-09-21/vllm/dataset-mbpp.model-qwen3.5-9b.alpha4.0.steps100.blocks-1.prefetch-budget-20.rank-accept_first.cut-entropy4.0.samples20.maxnew1024.seed10086.subtreePrefetch.vllm.log,135,1,56,0.27650545066295035
/Users/jiangnanhugo/workspace/power-sharpening/Subtree-Prefetching-Power-Sharpening/case_studies/logs-entropycut/mbpp/2026-09-21/vllm/dataset-mbpp.model-qwen3.5-9b.alpha4.0.steps100.blocks-1.prefetch-budget-20.rank-accept_first.cut-entropy4.0.samples20.maxnew1024.seed10086.subtreePrefetch.vllm.log,135,2,140,0.022834774015133556
/Users/jiangnanhugo/workspace/power-sharpening/Subtree-Prefetching-Power-Sharpening/case_studies/logs-entropycut/mbpp/2026-09-21/vllm/dataset-mbpp.model-qwen3.5-9b.alpha4.0.steps100.blocks-1.prefetch-budget-20.rank-accept_first.cut-entropy4.0.samples20.maxnew1024.seed10086.subtreePrefetch.vllm.log,135,3,56,0.27650545066295035
/Users/jiangnanhugo/workspace/power-sharpening/Subtree-Prefetching-Power-Sharpening/case_studies/logs-entropycut/mbpp/2026-09-21/vllm/dataset-mbpp.model-qwen3.5-9b.alpha4.0.steps100.blocks-1.prefetch-budget-20.rank-accept_first.cut-entropy4.0.samples20.maxnew1024.seed10086.subtreePrefetch.vllm.log,135,4,44,0.058362785913864235
/Users/jiangnanhugo/workspace/power-sharpening/Subtree-Prefetching-Power-Sharpening/case_studies/logs-entropycut/mbpp/2026-09-21/vllm/dataset-mbpp.model-qwen3.5-9b.alpha4.0.steps100.blocks-1.prefetch-budget-20.rank-accept_first.cut-entropy4.0.samples20.maxnew1024.seed10086.subtreePrefetch.vllm.log,135,5,88,0.06887098165584506
/Users/jiangnanhugo/workspace/power-sharpening/Subtree-Prefetching-Power-Sharpening/case_studies/logs-entropycut/mbpp/2026-09-21/vllm/dataset-mbpp.model-qwen3.5-9b.alpha4.0.steps100.blocks-1.prefetch-budget-20.rank-accept_first.cut-entropy4.0.samples20.maxnew1024.seed10086.subtreePrefetch.vllm.log,135,6,123,0.00017587098986577703
/Users/jiangnanhugo/workspace/power-sharpening/Subtree-Prefetching-Power-Sharpening/case_studies/logs-entropycut/mbpp/2026-09-21/vllm/dataset-mbpp.model-qwen3.5-9b.alpha4.0.steps100.blocks-1.prefetch-budget-20.rank-accept_first.cut-entropy4.0.samples20.maxnew1024.seed10086.subtreePrefetch.vllm.log,135,7,44,0.058362785913864235
/Users/jiangnanhugo/workspace/power-sharpening/Subtree-Prefetching-Power-Sharpening/case_studies/logs-entropycut/mbpp/2026-09-21/vllm/dataset-mbpp.model-qwen3.5-9b.alpha4.0.steps100.blocks-1.prefetch-budget-20.rank-accept_first.cut-entropy4.0.samples20.maxnew1024.seed10086.subtreePrefetch.vllm.log,135,8,56,0.27650545066295035
/Users/jiangnanhugo/workspace/power-sharpening/Subtree-Prefetching-Power-Sharpening/case_studies/logs-entropycut/mbpp/2026-09-21/vllm/dataset-mbpp.model-qwen3.5-9b.alpha4.0.steps100.blocks-1.prefetch-budget-20.rank-accept_first.cut-entropy4.0.samples20.maxnew1024.seed10086.subtreePrefetch.vllm.log,135,9,44,0.058362785913864235
/Users/jiangnanhugo/workspace/power-sharpening/Subtree-Prefetching-Power-Sharpening/case_studies/logs-entropycut/mbpp/2026-09-21/vllm/dataset-mbpp.model-qwen3.5-9b.alpha4.0.steps100.blocks-1.prefetch-budget-20.rank-accept_first.cut-entropy4.0.samples20.maxnew1024.seed10086.subtreePrefetch.vllm.log,135,10,105,0.013311000978441064
/Users/jiangnanhugo/workspace/power-sharpening/Subtree-Prefetching-Power-Sharpening/case_studies/logs-entropycut/mbpp/2026-09-21/vllm/dataset-mbpp.model-qwen3.5-9b.alpha4.0.steps100.blocks-1.prefetch-budget-20.rank-accept_first.cut-entropy4.0.samples20.maxnew1024.seed10086.subtreePrefetch.vllm.log,135,11,56,0.27650545066295035
/Users/jiangnanhugo/workspace/power-sharpening/Subtree-Prefetching-Power-Sharpening/case_studies/logs-entropycut/mbpp/2026-09-21/vllm/dataset-mbpp.model-qwen3.5-9b.alpha4.0.steps100.blocks-1.prefetch-budget-20.rank-accept_first.cut-entropy4.0.samples20.maxnew1024.seed10086.subtreePrefetch.vllm.log,135,12,207,0.029204870550941092
/Users/jiangnanhugo/workspace/power-sharpening/Subtree-Prefetching-Power-Sharpening/case_studies/logs-entropycut/mbpp/2026-09-21/vllm/dataset-mbpp.model-qwen3.5-9b.alpha4.0.steps100.blocks-1.prefetch-budget-20.rank-accept_first.cut-entropy4.0.samples20.maxnew1024.seed10086.subtreePrefetch.vllm.log,135,13,88,0.06887098165584506
/Users/jiangnanhugo/workspace/power-sharpening/Subtree-Prefetching-Power-Sharpening/case_studies/logs-entropycut/mbpp/2026-09-21/vllm/dataset-mbpp.model-qwen3.5-9b.alpha4.0.steps100.blocks-1.prefetch-budget-20.rank-accept_first.cut-entropy4.0.samples20.maxnew1024.seed10086.subtreePrefetch.vllm.log,135,14,56,0.27650545066295035
/Users/jiangnanhugo/workspace/power-sharpening/Subtree-Prefetching-Power-Sharpening/case_studies/logs-entropycut/mbpp/2026-09-21/vllm/dataset-mbpp.model-qwen3.5-9b.alpha4.0.steps100.blocks-1.prefetch-budget-20.rank-accept_first.cut-entropy4.0.samples20.maxnew1024.seed10086.subtreePrefetch.vllm.log,135,15,56,0.27650545066295035
/Users/jiangnanhugo/workspace/power-sharpening/Subtree-Prefetching-Power-Sharpening/case_studies/logs-entropycut/mbpp/2026-09-21/vllm/dataset-mbpp.model-qwen3.5-9b.alpha4.0.steps100.blocks-1.prefetch-budget-20.rank-accept_first.cut-entropy4.0.samples20.maxnew1024.seed10086.subtreePrefetch.vllm.log,135,16,88,0.06887098165584506
/Users/jiangnanhugo/workspace/power-sharpening/Subtree-Prefetching-Power-Sharpening/case_studies/logs-entropycut/mbpp/2026-09-21/vllm/dataset-mbpp.model-qwen3.5-9b.alpha4.0.steps100.blocks-1.prefetch-budget-20.rank-accept_first.cut-entropy4.0.samples20.maxnew1024.seed10086.subtreePrefetch.vllm.log,135,17,56,0.27650545066295035
/Users/jiangnanhugo/workspace/power-sharpening/Subtree-Prefetching-Power-Sharpening/case_studies/logs-entropycut/mbpp/2026-09-21/vllm/dataset-mbpp.model-qwen3.5-9b.alpha4.0.steps100.blocks-1.prefetch-budget-20.rank-accept_first.cut-entropy4.0.samples20.maxnew1024.seed10086.subtreePrefetch.vllm.log,135,18,3,0.0029280391785838676
/Users/jiangnanhugo/workspace/power-sharpening/Subtree-Prefetching-Power-Sharpening/case_studies/logs-entropycut/mbpp/2026-09-21/vllm/dataset-mbpp.model-qwen3.5-9b.alpha4.0.steps100.blocks-1.prefetch-budget-20.rank-accept_first.cut-entropy4.0.samples20.maxnew1024.seed10086.subtreePrefetch.vllm.log,135,19,56,0.27650545066295035
/Users/jiangnanhugo/workspace/power-sharpening/Subtree-Prefetching-Power-Sharpening/case_studies/logs-entropycut/mbpp/2026-09-21/vllm/dataset-mbpp.model-qwen3.5-9b.alpha4.0.steps100.blocks-1.prefetch-budget-20.rank-accept_first.cut-entropy4.0.samples20.maxnew1024.seed10086.subtreePrefetch.vllm.log,136,0,88,0.06887098165584506
/Users/jiangnanhugo/workspace/power-sharpening/Subtree-Prefetching-Power-Sharpening/case_studies/logs-entropycut/mbpp/2026-09-21/vllm/dataset-mbpp.model-qwen3.5-9b.alpha4.0.steps100.blocks-1.prefetch-budget-20.rank-accept_first.cut-entropy4.0.samples20.maxnew1024.seed10086.subtreePrefetch.vllm.log,136,1,11,0.02072279838736985
/Users/jiangnanhugo/workspace/power-sharpening/Subtree-Prefetching-Power-Sharpening/case_studies/logs-entropycut/mbpp/2026-09-21/vllm/dataset-mbpp.model-qwen3.5-9b.alpha4.0.steps100.blocks-1.prefetch-budget-20.rank-accept_first.cut-entropy4.0.samples20.maxnew1024.seed10086.subtreePrefetch.vllm.log,136,2,134,0.004607338399646761
/Users/jiangnanhugo/workspace/power-sharpening/Subtree-Prefetching-Power-Sharpening/case_studies/logs-entropycut/mbpp/2026-09-21/vllm/dataset-mbpp.model-qwen3.5-9b.alpha4.0.steps100.blocks-1.prefetch-budget-20.rank-accept_first.cut-entropy4.0.samples20.maxnew1024.seed10086.subtreePrefetch.vllm.log,136,3,56,0.27650545066295035
/Users/jiangnanhugo/workspace/power-sharpening/Subtree-Prefetching-Power-Sharpening/case_studies/logs-entropycut/mbpp/2026-09-21/vllm/dataset-mbpp.model-qwen3.5-9b.alpha4.0.steps100.blocks-1.prefetch-budget-20.rank-accept_first.cut-entropy4.0.samples20.maxnew1024.seed10086.subtreePrefetch.vllm.log,136,4,147,0.031590164068465765
/Users/jiangnanhugo/workspace/power-sharpening/Subtree-Prefetching-Power-Sharpening/case_studies/logs-entropycut/mbpp/2026-09-21/vllm/dataset-mbpp.model-qwen3.5-9b.alpha4.0.steps100.blocks-1.prefetch-budget-20.rank-accept_first.cut-entropy4.0.samples20.maxnew1024.seed10086.subtreePrefetch.vllm.log,136,5,56,0.27650545066295035
/Users/jiangnanhugo/workspace/power-sharpening/Subtree-Prefetching-Power-Sharpening/case_studies/logs-entropycut/mbpp/2026-09-21/vllm/dataset-mbpp.model-qwen3.5-9b.alpha4.0.steps100.blocks-1.prefetch-budget-20.rank-accept_first.cut-entropy4.0.samples20.maxnew1024.seed10086.subtreePrefetch.vllm.log,136,6,56,0.27650545066295035
/Users/jiangnanhugo/workspace/power-sharpening/Subtree-Prefetching-Power-Sharpening/case_studies/logs-entropycut/mbpp/2026-09-21/vllm/dataset-mbpp.model-qwen3.5-9b.alpha4.0.steps100.blocks-1.prefetch-budget-20.rank-accept_first.cut-entropy4.0.samples20.maxnew1024.seed10086.subtreePrefetch.vllm.log,136,7,136,0.0401123081077021
/Users/jiangnanhugo/workspace/power-sharpening/Subtree-Prefetching-Power-Sharpening/case_studies/logs-entropycut/mbpp/2026-09-21/vllm/dataset-mbpp.model-qwen3.5-9b.alpha4.0.steps100.blocks-1.prefetch-budget-20.rank-accept_first.cut-entropy4.0.samples20.maxnew1024.seed10086.subtreePrefetch.vllm.log,136,8,88,0.06887098165584506
/Users/jiangnanhugo/workspace/power-sharpening/Subtree-Prefetching-Power-Sharpening/case_studies/logs-entropycut/mbpp/2026-09-21/vllm/dataset-mbpp.model-qwen3.5-9b.alpha4.0.steps100.blocks-1.prefetch-budget-20.rank-accept_first.cut-entropy4.0.samples20.maxnew1024.seed10086.subtreePrefetch.vllm.log,136,9,56,0.27650545066295035
/Users/jiangnanhugo/workspace/power-sharpening/Subtree-Prefetching-Power-Sharpening/case_studies/logs-entropycut/mbpp/2026-09-21/vllm/dataset-mbpp.model-qwen3.5-9b.alpha4.0.steps100.blocks-1.prefetch-budget-20.rank-accept_first.cut-entropy4.0.samples20.maxnew1024.seed10086.subtreePrefetch.vllm.log,136,10,207,0.029204870550941092
/Users/jiangnanhugo/workspace/power-sharpening/Subtree-Prefetching-Power-Sharpening/case_studies/logs-entropycut/mbpp/2026-09-21/vllm/dataset-mbpp.model-qwen3.5-9b.alpha4.0.steps100.blocks-1.prefetch-budget-20.rank-accept_first.cut-entropy4.0.samples20.maxnew1024.seed10086.subtreePrefetch.vllm.log,136,11,56,0.27650545066295035
/Users/jiangnanhugo/workspace/power-sharpening/Subtree-Prefetching-Power-Sharpening/case_studies/logs-entropycut/mbpp/2026-09-21/vllm/dataset-mbpp.model-qwen3.5-9b.alpha4.0.steps100.blocks-1.prefetch-budget-20.rank-accept_first.cut-entropy4.0.samples20.maxnew1024.seed10086.subtreePrefetch.vllm.log,136,12,56,0.27650545066295035
/Users/jiangnanhugo/workspace/power-sharpening/Subtree-Prefetching-Power-Sharpening/case_studies/logs-entropycut/mbpp/2026-09-21/vllm/dataset-mbpp.model-qwen3.5-9b.alpha4.0.steps100.blocks-1.prefetch-budget-20.rank-accept_first.cut-entropy4.0.samples20.maxnew1024.seed10086.subtreePrefetch.vllm.log,136,13,56,0.27650545066295035
/Users/jiangnanhugo/workspace/power-sharpening/Subtree-Prefetching-Power-Sharpening/case_studies/logs-entropycut/mbpp/2026-09-21/vllm/dataset-mbpp.model-qwen3.5-9b.alpha4.0.steps100.blocks-1.prefetch-budget-20.rank-accept_first.cut-entropy4.0.samples20.maxnew1024.seed10086.subtreePrefetch.vllm.log,136,14,56,0.27650545066295035
/Users/jiangnanhugo/workspace/power-sharpening/Subtree-Prefetching-Power-Sharpening/case_studies/logs-entropycut/mbpp/2026-09-21/vllm/dataset-mbpp.model-qwen3.5-9b.alpha4.0.steps100.blocks-1.prefetch-budget-20.rank-accept_first.cut-entropy4.0.samples20.maxnew1024.seed10086.subtreePrefetch.vllm.log,136,15,56,0.27650545066295035
/Users/jiangnanhugo/workspace/power-sharpening/Subtree-Prefetching-Power-Sharpening/case_studies/logs-entropycut/mbpp/2026-09-21/vllm/dataset-mbpp.model-qwen3.5-9b.alpha4.0.steps100.blocks-1.prefetch-budget-20.rank-accept_first.cut-entropy4.0.samples20.maxnew1024.seed10086.subtreePrefetch.vllm.log,136,16,11,0.02072279838736985
/Users/jiangnanhugo/workspace/power-sharpening/Subtree-Prefetching-Power-Sharpening/case_studies/logs-entropycut/mbpp/2026-09-21/vllm/dataset-mbpp.model-qwen3.5-9b.alpha4.0.steps100.blocks-1.prefetch-budget-20.rank-accept_first.cut-entropy4.0.samples20.maxnew1024.seed10086.subtreePrefetch.vllm.log,136,17,246,0.032873564791971455
/Users/jiangnanhugo/workspace/power-sharpening/Subtree-Prefetching-Power-Sharpening/case_studies/logs-entropycut/mbpp/2026-09-21/vllm/dataset-mbpp.model-qwen3.5-9b.alpha4.0.steps100.blocks-1.prefetch-budget-20.rank-accept_first.cut-entropy4.0.samples20.maxnew1024.seed10086.subtreePrefetch.vllm.log,136,18,44,0.058362785913864235
/Users/jiangnanhugo/workspace/power-sharpening/Subtree-Prefetching-Power-Sharpening/case_studies/logs-entropycut/mbpp/2026-09-21/vllm/dataset-mbpp.model-qwen3.5-9b.alpha4.0.steps100.blocks-1.prefetch-budget-20.rank-accept_first.cut-entropy4.0.samples20.maxnew1024.seed10086.subtreePrefetch.vllm.log,136,19,56,0.27650545066295035
/Users/jiangnanhugo/workspace/power-sharpening/Subtree-Prefetching-Power-Sharpening/case_studies/logs-entropycut/mbpp/2026-09-21/vllm/dataset-mbpp.model-qwen3.5-9b.alpha4.0.steps100.blocks-1.prefetch-budget-20.rank-accept_first.cut-entropy4.0.samples20.maxnew1024.seed10086.subtreePrefetch.vllm.log,137,0,56,0.27650545066295035
/Users/jiangnanhugo/workspace/power-sharpening/Subtree-Prefetching-Power-Sharpening/case_studies/logs-entropycut/mbpp/2026-09-21/vllm/dataset-mbpp.model-qwen3.5-9b.alpha4.0.steps100.blocks-1.prefetch-budget-20.rank-accept_first.cut-entropy4.0.samples20.maxnew1024.seed10086.subtreePrefetch.vllm.log,137,1,88,0.06887098165584506
/Users/jiangnanhugo/workspace/power-sharpening/Subtree-Prefetching-Power-Sharpening/case_studies/logs-entropycut/mbpp/2026-09-21/vllm/dataset-mbpp.model-qwen3.5-9b.alpha4.0.steps100.blocks-1.prefetch-budget-20.rank-accept_first.cut-entropy4.0.samples20.maxnew1024.seed10086.subtreePrefetch.vllm.log,137,2,246,0.032873564791971455
/Users/jiangnanhugo/workspace/power-sharpening/Subtree-Prefetching-Power-Sharpening/case_studies/logs-entropycut/mbpp/2026-09-21/vllm/dataset-mbpp.model-qwen3.5-9b.alpha4.0.steps100.blocks-1.prefetch-budget-20.rank-accept_first.cut-entropy4.0.samples20.maxnew1024.seed10086.subtreePrefetch.vllm.log,137,3,56,0.27650545066295035
/Users/jiangnanhugo/workspace/power-sharpening/Subtree-Prefetching-Power-Sharpening/case_studies/logs-entropycut/mbpp/2026-09-21/vllm/dataset-mbpp.model-qwen3.5-9b.alpha4.0.steps100.blocks-1.prefetch-budget-20.rank-accept_first.cut-entropy4.0.samples20.maxnew1024.seed10086.subtreePrefetch.vllm.log,137,4,56,0.27650545066295035
/Users/jiangnanhugo/workspace/power-sharpening/Subtree-Prefetching-Power-Sharpening/case_studies/logs-entropycut/mbpp/2026-09-21/vllm/dataset-mbpp.model-qwen3.5-9b.alpha4.0.steps100.blocks-1.prefetch-budget-20.rank-accept_first.cut-entropy4.0.samples20.maxnew1024.seed10086.subtreePrefetch.vllm.log,137,5,56,0.27650545066295035
/Users/jiangnanhugo/workspace/power-sharpening/Subtree-Prefetching-Power-Sharpening/case_studies/logs-entropycut/mbpp/2026-09-21/vllm/dataset-mbpp.model-qwen3.5-9b.alpha4.0.steps100.blocks-1.prefetch-budget-20.rank-accept_first.cut-entropy4.0.samples20.maxnew1024.seed10086.subtreePrefetch.vllm.log,137,6,56,0.27650545066295035
/Users/jiangnanhugo/workspace/power-sharpening/Subtree-Prefetching-Power-Sharpening/case_studies/logs-entropycut/mbpp/2026-09-21/vllm/dataset-mbpp.model-qwen3.5-9b.alpha4.0.steps100.blocks-1.prefetch-budget-20.rank-accept_first.cut-entropy4.0.samples20.maxnew1024.seed10086.subtreePrefetch.vllm.log,137,7,88,0.06887098165584506
/Users/jiangnanhugo/workspace/power-sharpening/Subtree-Prefetching-Power-Sharpening/case_studies/logs-entropycut/mbpp/2026-09-21/vllm/dataset-mbpp.model-qwen3.5-9b.alpha4.0.steps100.blocks-1.prefetch-budget-20.rank-accept_first.cut-entropy4.0.samples20.maxnew1024.seed10086.subtreePrefetch.vllm.log,137,8,56,0.27650545066295035
/Users/jiangnanhugo/workspace/power-sharpening/Subtree-Prefetching-Power-Sharpening/case_studies/logs-entropycut/mbpp/2026-09-21/vllm/dataset-mbpp.model-qwen3.5-9b.alpha4.0.steps100.blocks-1.prefetch-budget-20.rank-accept_first.cut-entropy4.0.samples20.maxnew1024.seed10086.subtreePrefetch.vllm.log,137,9,44,0.058362785913864235
/Users/jiangnanhugo/workspace/power-sharpening/Subtree-Prefetching-Power-Sharpening/case_studies/logs-entropycut/mbpp/2026-09-21/vllm/dataset-mbpp.model-qwen3.5-9b.alpha4.0.steps100.blocks-1.prefetch-budget-20.rank-accept_first.cut-entropy4.0.samples20.maxnew1024.seed10086.subtreePrefetch.vllm.log,137,10,267,0.04639285640058867
/Users/jiangnanhugo/workspace/power-sharpening/Subtree-Prefetching-Power-Sharpening/case_studies/logs-entropycut/mbpp/2026-09-21/vllm/dataset-mbpp.model-qwen3.5-9b.alpha4.0.steps100.blocks-1.prefetch-budget-20.rank-accept_first.cut-entropy4.0.samples20.maxnew1024.seed10086.subtreePrefetch.vllm.log,137,11,56,0.27650545066295035
/Users/jiangnanhugo/workspace/power-sharpening/Subtree-Prefetching-Power-Sharpening/case_studies/logs-entropycut/mbpp/2026-09-21/vllm/dataset-mbpp.model-qwen3.5-9b.alpha4.0.steps100.blocks-1.prefetch-budget-20.rank-accept_first.cut-entropy4.0.samples20.maxnew1024.seed10086.subtreePrefetch.vllm.log,137,12,56,0.27650545066295035
/Users/jiangnanhugo/workspace/power-sharpening/Subtree-Prefetching-Power-Sharpening/case_studies/logs-entropycut/mbpp/2026-09-21/vllm/dataset-mbpp.model-qwen3.5-9b.alpha4.0.steps100.blocks-1.prefetch-budget-20.rank-accept_first.cut-entropy4.0.samples20.maxnew1024.seed10086.subtreePrefetch.vllm.log,137,13,136,0.0401123081077021
/Users/jiangnanhugo/workspace/power-sharpening/Subtree-Prefetching-Power-Sharpening/case_studies/logs-entropycut/mbpp/2026-09-21/vllm/dataset-mbpp.model-qwen3.5-9b.alpha4.0.steps100.blocks-1.prefetch-budget-20.rank-accept_first.cut-entropy4.0.samples20.maxnew1024.seed10086.subtreePrefetch.vllm.log,137,14,56,0.27650545066295035
/Users/jiangnanhugo/workspace/power-sharpening/Subtree-Prefetching-Power-Sharpening/case_studies/logs-entropycut/mbpp/2026-09-21/vllm/dataset-mbpp.model-qwen3.5-9b.alpha4.0.steps100.blocks-1.prefetch-budget-20.rank-accept_first.cut-entropy4.0.samples20.maxnew1024.seed10086.subtreePrefetch.vllm.log,137,15,56,0.27650545066295035
/Users/jiangnanhugo/workspace/power-sharpening/Subtree-Prefetching-Power-Sharpening/case_studies/logs-entropycut/mbpp/2026-09-21/vllm/dataset-mbpp.model-qwen3.5-9b.alpha4.0.steps100.blocks-1.prefetch-budget-20.rank-accept_first.cut-entropy4.0.samples20.maxnew1024.seed10086.subtreePrefetch.vllm.log,137,16,11,0.02072279838736985
/Users/jiangnanhugo/workspace/power-sharpening/Subtree-Prefetching-Power-Sharpening/case_studies/logs-entropycut/mbpp/2026-09-21/vllm/dataset-mbpp.model-qwen3.5-9b.alpha4.0.steps100.blocks-1.prefetch-budget-20.rank-accept_first.cut-entropy4.0.samples20.maxnew1024.seed10086.subtreePrefetch.vllm.log,137,17,267,0.04639285640058867
/Users/jiangnanhugo/workspace/power-sharpening/Subtree-Prefetching-Power-Sharpening/case_studies/logs-entropycut/mbpp/2026-09-21/vllm/dataset-mbpp.model-qwen3.5-9b.alpha4.0.steps100.blocks-1.prefetch-budget-20.rank-accept_first.cut-entropy4.0.samples20.maxnew1024.seed10086.subtreePrefetch.vllm.log,137,18,56,0.27650545066295035
/Users/jiangnanhugo/workspace/power-sharpening/Subtree-Prefetching-Power-Sharpening/case_studies/logs-entropycut/mbpp/2026-09-21/vllm/dataset-mbpp.model-qwen3.5-9b.alpha4.0.steps100.blocks-1.prefetch-budget-20.rank-accept_first.cut-entropy4.0.samples20.maxnew1024.seed10086.subtreePrefetch.vllm.log,137,19,195,0.18765621166345964
/Users/jiangnanhugo/workspace/power-sharpening/Subtree-Prefetching-Power-Sharpening/case_studies/logs-entropycut/mbpp/2026-09-21/vllm/dataset-mbpp.model-qwen3.5-9b.alpha4.0.steps100.blocks-1.prefetch-budget-20.rank-accept_first.cut-entropy4.0.samples20.maxnew1024.seed10086.subtreePrefetch.vllm.log,138,0,56,0.27833928426011356
/Users/jiangnanhugo/workspace/power-sharpening/Subtree-Prefetching-Power-Sharpening/case_studies/logs-entropycut/mbpp/2026-09-21/vllm/dataset-mbpp.model-qwen3.5-9b.alpha4.0.steps100.blocks-1.prefetch-budget-20.rank-accept_first.cut-entropy4.0.samples20.maxnew1024.seed10086.subtreePrefetch.vllm.log,138,1,44,0.05874985834725127
/Users/jiangnanhugo/workspace/power-sharpening/Subtree-Prefetching-Power-Sharpening/case_studies/logs-entropycut/mbpp/2026-09-21/vllm/dataset-mbpp.model-qwen3.5-9b.alpha4.0.steps100.blocks-1.prefetch-budget-20.rank-accept_first.cut-entropy4.0.samples20.maxnew1024.seed10086.subtreePrefetch.vllm.log,138,2,88,0.06932774632260763
/Users/jiangnanhugo/workspace/power-sharpening/Subtree-Prefetching-Power-Sharpening/case_studies/logs-entropycut/mbpp/2026-09-21/vllm/dataset-mbpp.model-qwen3.5-9b.alpha4.0.steps100.blocks-1.prefetch-budget-20.rank-accept_first.cut-entropy4.0.samples20.maxnew1024.seed10086.subtreePrefetch.vllm.log,138,3,147,0.031799675685939326
/Users/jiangnanhugo/workspace/power-sharpening/Subtree-Prefetching-Power-Sharpening/case_studies/logs-entropycut/mbpp/2026-09-21/vllm/dataset-mbpp.model-qwen3.5-9b.alpha4.0.steps100.blocks-1.prefetch-budget-20.rank-accept_first.cut-entropy4.0.samples20.maxnew1024.seed10086.subtreePrefetch.vllm.log,138,4,56,0.27833928426011356
/Users/jiangnanhugo/workspace/power-sharpening/Subtree-Prefetching-Power-Sharpening/case_studies/logs-entropycut/mbpp/2026-09-21/vllm/dataset-mbpp.model-qwen3.5-9b.alpha4.0.steps100.blocks-1.prefetch-budget-20.rank-accept_first.cut-entropy4.0.samples20.maxnew1024.seed10086.subtreePrefetch.vllm.log,138,5,56,0.27833928426011356
/Users/jiangnanhugo/workspace/power-sharpening/Subtree-Prefetching-Power-Sharpening/case_studies/logs-entropycut/mbpp/2026-09-21/vllm/dataset-mbpp.model-qwen3.5-9b.alpha4.0.steps100.blocks-1.prefetch-budget-20.rank-accept_first.cut-entropy4.0.samples20.maxnew1024.seed10086.subtreePrefetch.vllm.log,138,6,56,0.27833928426011356
/Users/jiangnanhugo/workspace/power-sharpening/Subtree-Prefetching-Power-Sharpening/case_studies/logs-entropycut/mbpp/2026-09-21/vllm/dataset-mbpp.model-qwen3.5-9b.alpha4.0.steps100.blocks-1.prefetch-budget-20.rank-accept_first.cut-entropy4.0.samples20.maxnew1024.seed10086.subtreePrefetch.vllm.log,138,7,56,0.27833928426011356
/Users/jiangnanhugo/workspace/power-sharpening/Subtree-Prefetching-Power-Sharpening/case_studies/logs-entropycut/mbpp/2026-09-21/vllm/dataset-mbpp.model-qwen3.5-9b.alpha4.0.steps100.blocks-1.prefetch-budget-20.rank-accept_first.cut-entropy4.0.samples20.maxnew1024.seed10086.subtreePrefetch.vllm.log,138,8,44,0.05874985834725127
/Users/jiangnanhugo/workspace/power-sharpening/Subtree-Prefetching-Power-Sharpening/case_studies/logs-entropycut/mbpp/2026-09-21/vllm/dataset-mbpp.model-qwen3.5-9b.alpha4.0.steps100.blocks-1.prefetch-budget-20.rank-accept_first.cut-entropy4.0.samples20.maxnew1024.seed10086.subtreePrefetch.vllm.log,138,9,44,0.05874985834725127
/Users/jiangnanhugo/workspace/power-sharpening/Subtree-Prefetching-Power-Sharpening/case_studies/logs-entropycut/mbpp/2026-09-21/vllm/dataset-mbpp.model-qwen3.5-9b.alpha4.0.steps100.blocks-1.prefetch-budget-20.rank-accept_first.cut-entropy4.0.samples20.maxnew1024.seed10086.subtreePrefetch.vllm.log,138,10,56,0.27833928426011356
/Users/jiangnanhugo/workspace/power-sharpening/Subtree-Prefetching-Power-Sharpening/case_studies/logs-entropycut/mbpp/2026-09-21/vllm/dataset-mbpp.model-qwen3.5-9b.alpha4.0.steps100.blocks-1.prefetch-budget-20.rank-accept_first.cut-entropy4.0.samples20.maxnew1024.seed10086.subtreePrefetch.vllm.log,138,11,56,0.27833928426011356
/Users/jiangnanhugo/workspace/power-sharpening/Subtree-Prefetching-Power-Sharpening/case_studies/logs-entropycut/mbpp/2026-09-21/vllm/dataset-mbpp.model-qwen3.5-9b.alpha4.0.steps100.blocks-1.prefetch-budget-20.rank-accept_first.cut-entropy4.0.samples20.maxnew1024.seed10086.subtreePrefetch.vllm.log,138,12,56,0.27833928426011356
/Users/jiangnanhugo/workspace/power-sharpening/Subtree-Prefetching-Power-Sharpening/case_studies/logs-entropycut/mbpp/2026-09-21/vllm/dataset-mbpp.model-qwen3.5-9b.alpha4.0.steps100.blocks-1.prefetch-budget-20.rank-accept_first.cut-entropy4.0.samples20.maxnew1024.seed10086.subtreePrefetch.vllm.log,138,13,56,0.27833928426011356
/Users/jiangnanhugo/workspace/power-sharpening/Subtree-Prefetching-Power-Sharpening/case_studies/logs-entropycut/mbpp/2026-09-21/vllm/dataset-mbpp.model-qwen3.5-9b.alpha4.0.steps100.blocks-1.prefetch-budget-20.rank-accept_first.cut-entropy4.0.samples20.maxnew1024.seed10086.subtreePrefetch.vllm.log,138,14,56,0.27833928426011356
/Users/jiangnanhugo/workspace/power-sharpening/Subtree-Prefetching-Power-Sharpening/case_studies/logs-entropycut/mbpp/2026-09-21/vllm/dataset-mbpp.model-qwen3.5-9b.alpha4.0.steps100.blocks-1.prefetch-budget-20.rank-accept_first.cut-entropy4.0.samples20.maxnew1024.seed10086.subtreePrefetch.vllm.log,138,15,56,0.27833928426011356
/Users/jiangnanhugo/workspace/power-sharpening/Subtree-Prefetching-Power-Sharpening/case_studies/logs-entropycut/mbpp/2026-09-21/vllm/dataset-mbpp.model-qwen3.5-9b.alpha4.0.steps100.blocks-1.prefetch-budget-20.rank-accept_first.cut-entropy4.0.samples20.maxnew1024.seed10086.subtreePrefetch.vllm.log,138,16,44,0.05874985834725127
/Users/jiangnanhugo/workspace/power-sharpening/Subtree-Prefetching-Power-Sharpening/case_studies/logs-entropycut/mbpp/2026-09-21/vllm/dataset-mbpp.model-qwen3.5-9b.alpha4.0.steps100.blocks-1.prefetch-budget-20.rank-accept_first.cut-entropy4.0.samples20.maxnew1024.seed10086.subtreePrefetch.vllm.log,138,17,195,0.18890078121838066
/Users/jiangnanhugo/workspace/power-sharpening/Subtree-Prefetching-Power-Sharpening/case_studies/logs-entropycut/mbpp/2026-09-21/vllm/dataset-mbpp.model-qwen3.5-9b.alpha4.0.steps100.blocks-1.prefetch-budget-20.rank-accept_first.cut-entropy4.0.samples20.maxnew1024.seed10086.subtreePrefetch.vllm.log,138,18,56,0.27833928426011356
/Users/jiangnanhugo/workspace/power-sharpening/Subtree-Prefetching-Power-Sharpening/case_studies/logs-entropycut/mbpp/2026-09-21/vllm/dataset-mbpp.model-qwen3.5-9b.alpha4.0.steps100.blocks-1.prefetch-budget-20.rank-accept_first.cut-entropy4.0.samples20.maxnew1024.seed10086.subtreePrefetch.vllm.log,138,19,56,0.27833928426011356
/Users/jiangnanhugo/workspace/power-sharpening/Subtree-Prefetching-Power-Sharpening/case_studies/logs-entropycut/mbpp/2026-09-21/vllm/dataset-mbpp.model-qwen3.5-9b.alpha4.0.steps100.blocks-1.prefetch-budget-20.rank-accept_first.cut-entropy4.0.samples20.maxnew1024.seed10086.subtreePrefetch.vllm.log,139,0,56,0.27833928426011356
/Users/jiangnanhugo/workspace/power-sharpening/Subtree-Prefetching-Power-Sharpening/case_studies/logs-entropycut/mbpp/2026-09-21/vllm/dataset-mbpp.model-qwen3.5-9b.alpha4.0.steps100.blocks-1.prefetch-budget-20.rank-accept_first.cut-entropy4.0.samples20.maxnew1024.seed10086.subtreePrefetch.vllm.log,139,1,193,0.024436723059398226
/Users/jiangnanhugo/workspace/power-sharpening/Subtree-Prefetching-Power-Sharpening/case_studies/logs-entropycut/mbpp/2026-09-21/vllm/dataset-mbpp.model-qwen3.5-9b.alpha4.0.steps100.blocks-1.prefetch-budget-20.rank-accept_first.cut-entropy4.0.samples20.maxnew1024.seed10086.subtreePrefetch.vllm.log,139,2,136,0.04037834010848653
/Users/jiangnanhugo/workspace/power-sharpening/Subtree-Prefetching-Power-Sharpening/case_studies/logs-entropycut/mbpp/2026-09-21/vllm/dataset-mbpp.model-qwen3.5-9b.alpha4.0.steps100.blocks-1.prefetch-budget-20.rank-accept_first.cut-entropy4.0.samples20.maxnew1024.seed10086.subtreePrefetch.vllm.log,139,3,56,0.27833928426011356
/Users/jiangnanhugo/workspace/power-sharpening/Subtree-Prefetching-Power-Sharpening/case_studies/logs-entropycut/mbpp/2026-09-21/vllm/dataset-mbpp.model-qwen3.5-9b.alpha4.0.steps100.blocks-1.prefetch-budget-20.rank-accept_first.cut-entropy4.0.samples20.maxnew1024.seed10086.subtreePrefetch.vllm.log,139,4,11,0.020860235692200132
/Users/jiangnanhugo/workspace/power-sharpening/Subtree-Prefetching-Power-Sharpening/case_studies/logs-entropycut/mbpp/2026-09-21/vllm/dataset-mbpp.model-qwen3.5-9b.alpha4.0.steps100.blocks-1.prefetch-budget-20.rank-accept_first.cut-entropy4.0.samples20.maxnew1024.seed10086.subtreePrefetch.vllm.log,139,5,140,0.022986218320018615
/Users/jiangnanhugo/workspace/power-sharpening/Subtree-Prefetching-Power-Sharpening/case_studies/logs-entropycut/mbpp/2026-09-21/vllm/dataset-mbpp.model-qwen3.5-9b.alpha4.0.steps100.blocks-1.prefetch-budget-20.rank-accept_first.cut-entropy4.0.samples20.maxnew1024.seed10086.subtreePrefetch.vllm.log,139,6,44,0.05874985834725127
/Users/jiangnanhugo/workspace/power-sharpening/Subtree-Prefetching-Power-Sharpening/case_studies/logs-entropycut/mbpp/2026-09-21/vllm/dataset-mbpp.model-qwen3.5-9b.alpha4.0.steps100.blocks-1.prefetch-budget-20.rank-accept_first.cut-entropy4.0.samples20.maxnew1024.seed10086.subtreePrefetch.vllm.log,139,7,44,0.05874985834725127
/Users/jiangnanhugo/workspace/power-sharpening/Subtree-Prefetching-Power-Sharpening/case_studies/logs-entropycut/mbpp/2026-09-21/vllm/dataset-mbpp.model-qwen3.5-9b.alpha4.0.steps100.blocks-1.prefetch-budget-20.rank-accept_first.cut-entropy4.0.samples20.maxnew1024.seed10086.subtreePrefetch.vllm.log,139,8,258,0.030019598988438662
/Users/jiangnanhugo/workspace/power-sharpening/Subtree-Prefetching-Power-Sharpening/case_studies/logs-entropycut/mbpp/2026-09-21/vllm/dataset-mbpp.model-qwen3.5-9b.alpha4.0.steps100.blocks-1.prefetch-budget-20.rank-accept_first.cut-entropy4.0.samples20.maxnew1024.seed10086.subtreePrefetch.vllm.log,139,9,56,0.27833928426011356
/Users/jiangnanhugo/workspace/power-sharpening/Subtree-Prefetching-Power-Sharpening/case_studies/logs-entropycut/mbpp/2026-09-21/vllm/dataset-mbpp.model-qwen3.5-9b.alpha4.0.steps100.blocks-1.prefetch-budget-20.rank-accept_first.cut-entropy4.0.samples20.maxnew1024.seed10086.subtreePrefetch.vllm.log,139,10,56,0.27833928426011356
/Users/jiangnanhugo/workspace/power-sharpening/Subtree-Prefetching-Power-Sharpening/case_studies/logs-entropycut/mbpp/2026-09-21/vllm/dataset-mbpp.model-qwen3.5-9b.alpha4.0.steps100.blocks-1.prefetch-budget-20.rank-accept_first.cut-entropy4.0.samples20.maxnew1024.seed10086.subtreePrefetch.vllm.log,139,11,44,0.05874985834725127
/Users/jiangnanhugo/workspace/power-sharpening/Subtree-Prefetching-Power-Sharpening/case_studies/logs-entropycut/mbpp/2026-09-21/vllm/dataset-mbpp.model-qwen3.5-9b.alpha4.0.steps100.blocks-1.prefetch-budget-20.rank-accept_first.cut-entropy4.0.samples20.maxnew1024.seed10086.subtreePrefetch.vllm.log,139,12,44,0.05874985834725127
/Users/jiangnanhugo/workspace/power-sharpening/Subtree-Prefetching-Power-Sharpening/case_studies/logs-entropycut/mbpp/2026-09-21/vllm/dataset-mbpp.model-qwen3.5-9b.alpha4.0.steps100.blocks-1.prefetch-budget-20.rank-accept_first.cut-entropy4.0.samples20.maxnew1024.seed10086.subtreePrefetch.vllm.log,139,13,193,0.024436723059398226
/Users/jiangnanhugo/workspace/power-sharpening/Subtree-Prefetching-Power-Sharpening/case_studies/logs-entropycut/mbpp/2026-09-21/vllm/dataset-mbpp.model-qwen3.5-9b.alpha4.0.steps100.blocks-1.prefetch-budget-20.rank-accept_first.cut-entropy4.0.samples20.maxnew1024.seed10086.subtreePrefetch.vllm.log,139,14,44,0.05874985834725127
/Users/jiangnanhugo/workspace/power-sharpening/Subtree-Prefetching-Power-Sharpening/case_studies/logs-entropycut/mbpp/2026-09-21/vllm/dataset-mbpp.model-qwen3.5-9b.alpha4.0.steps100.blocks-1.prefetch-budget-20.rank-accept_first.cut-entropy4.0.samples20.maxnew1024.seed10086.subtreePrefetch.vllm.log,139,15,147,0.031799675685939326
/Users/jiangnanhugo/workspace/power-sharpening/Subtree-Prefetching-Power-Sharpening/case_studies/logs-entropycut/mbpp/2026-09-21/vllm/dataset-mbpp.model-qwen3.5-9b.alpha4.0.steps100.blocks-1.prefetch-budget-20.rank-accept_first.cut-entropy4.0.samples20.maxnew1024.seed10086.subtreePrefetch.vllm.log,139,16,267,0.039335555936000716
/Users/jiangnanhugo/workspace/power-sharpening/Subtree-Prefetching-Power-Sharpening/case_studies/logs-entropycut/mbpp/2026-09-21/vllm/dataset-mbpp.model-qwen3.5-9b.alpha4.0.steps100.blocks-1.prefetch-budget-20.rank-accept_first.cut-entropy4.0.samples20.maxnew1024.seed10086.subtreePrefetch.vllm.log,139,17,136,0.04037834010848653
/Users/jiangnanhugo/workspace/power-sharpening/Subtree-Prefetching-Power-Sharpening/case_studies/logs-entropycut/mbpp/2026-09-21/vllm/dataset-mbpp.model-qwen3.5-9b.alpha4.0.steps100.blocks-1.prefetch-budget-20.rank-accept_first.cut-entropy4.0.samples20.maxnew1024.seed10086.subtreePrefetch.vllm.log,139,18,56,0.27833928426011356
/Users/jiangnanhugo/workspace/power-sharpening/Subtree-Prefetching-Power-Sharpening/case_studies/logs-entropycut/mbpp/2026-09-21/vllm/dataset-mbpp.model-qwen3.5-9b.alpha4.0.steps100.blocks-1.prefetch-budget-20.rank-accept_first.cut-entropy4.0.samples20.maxnew1024.seed10086.subtreePrefetch.vllm.log,139,19,56,0.27833928426011356
/Users/jiangnanhugo/workspace/power-sharpening/Subtree-Prefetching-Power-Sharpening/case_studies/logs-entropycut/mbpp/2026-09-21/vllm/dataset-mbpp.model-qwen3.5-9b.alpha4.0.steps100.blocks-1.prefetch-budget-20.rank-accept_first.cut-entropy4.0.samples20.maxnew1024.seed10086.subtreePrefetch.vllm.log,140,0,195,0.1878802053770043
/Users/jiangnanhugo/workspace/power-sharpening/Subtree-Prefetching-Power-Sharpening/case_studies/logs-entropycut/mbpp/2026-09-21/vllm/dataset-mbpp.model-qwen3.5-9b.alpha4.0.steps100.blocks-1.prefetch-budget-20.rank-accept_first.cut-entropy4.0.samples20.maxnew1024.seed10086.subtreePrefetch.vllm.log,140,1,88,0.06895318872375829
/Users/jiangnanhugo/workspace/power-sharpening/Subtree-Prefetching-Power-Sharpening/case_studies/logs-entropycut/mbpp/2026-09-21/vllm/dataset-mbpp.model-qwen3.5-9b.alpha4.0.steps100.blocks-1.prefetch-budget-20.rank-accept_first.cut-entropy4.0.samples20.maxnew1024.seed10086.subtreePrefetch.vllm.log,140,2,44,0.058432449992840224
/Users/jiangnanhugo/workspace/power-sharpening/Subtree-Prefetching-Power-Sharpening/case_studies/logs-entropycut/mbpp/2026-09-21/vllm/dataset-mbpp.model-qwen3.5-9b.alpha4.0.steps100.blocks-1.prefetch-budget-20.rank-accept_first.cut-entropy4.0.samples20.maxnew1024.seed10086.subtreePrefetch.vllm.log,140,3,56,0.2768354982652136
/Users/jiangnanhugo/workspace/power-sharpening/Subtree-Prefetching-Power-Sharpening/case_studies/logs-entropycut/mbpp/2026-09-21/vllm/dataset-mbpp.model-qwen3.5-9b.alpha4.0.steps100.blocks-1.prefetch-budget-20.rank-accept_first.cut-entropy4.0.samples20.maxnew1024.seed10086.subtreePrefetch.vllm.log,140,4,56,0.2768354982652136
/Users/jiangnanhugo/workspace/power-sharpening/Subtree-Prefetching-Power-Sharpening/case_studies/logs-entropycut/mbpp/2026-09-21/vllm/dataset-mbpp.model-qwen3.5-9b.alpha4.0.steps100.blocks-1.prefetch-budget-20.rank-accept_first.cut-entropy4.0.samples20.maxnew1024.seed10086.subtreePrefetch.vllm.log,140,5,44,0.058432449992840224
/Users/jiangnanhugo/workspace/power-sharpening/Subtree-Prefetching-Power-Sharpening/case_studies/logs-entropycut/mbpp/2026-09-21/vllm/dataset-mbpp.model-qwen3.5-9b.alpha4.0.steps100.blocks-1.prefetch-budget-20.rank-accept_first.cut-entropy4.0.samples20.maxnew1024.seed10086.subtreePrefetch.vllm.log,140,6,56,0.2768354982652136
/Users/jiangnanhugo/workspace/power-sharpening/Subtree-Prefetching-Power-Sharpening/case_studies/logs-entropycut/mbpp/2026-09-21/vllm/dataset-mbpp.model-qwen3.5-9b.alpha4.0.steps100.blocks-1.prefetch-budget-20.rank-accept_first.cut-entropy4.0.samples20.maxnew1024.seed10086.subtreePrefetch.vllm.log,140,7,195,0.1878802053770043
/Users/jiangnanhugo/workspace/power-sharpening/Subtree-Prefetching-Power-Sharpening/case_studies/logs-entropycut/mbpp/2026-09-21/vllm/dataset-mbpp.model-qwen3.5-9b.alpha4.0.steps100.blocks-1.prefetch-budget-20.rank-accept_first.cut-entropy4.0.samples20.maxnew1024.seed10086.subtreePrefetch.vllm.log,140,8,88,0.06895318872375829
/Users/jiangnanhugo/workspace/power-sharpening/Subtree-Prefetching-Power-Sharpening/case_studies/logs-entropycut/mbpp/2026-09-21/vllm/dataset-mbpp.model-qwen3.5-9b.alpha4.0.steps100.blocks-1.prefetch-budget-20.rank-accept_first.cut-entropy4.0.samples20.maxnew1024.seed10086.subtreePrefetch.vllm.log,140,9,44,0.058432449992840224
/Users/jiangnanhugo/workspace/power-sharpening/Subtree-Prefetching-Power-Sharpening/case_studies/logs-entropycut/mbpp/2026-09-21/vllm/dataset-mbpp.model-qwen3.5-9b.alpha4.0.steps100.blocks-1.prefetch-budget-20.rank-accept_first.cut-entropy4.0.samples20.maxnew1024.seed10086.subtreePrefetch.vllm.log,140,10,56,0.2768354982652136
/Users/jiangnanhugo/workspace/power-sharpening/Subtree-Prefetching-Power-Sharpening/case_studies/logs-entropycut/mbpp/2026-09-21/vllm/dataset-mbpp.model-qwen3.5-9b.alpha4.0.steps100.blocks-1.prefetch-budget-20.rank-accept_first.cut-entropy4.0.samples20.maxnew1024.seed10086.subtreePrefetch.vllm.log,140,11,56,0.2768354982652136
/Users/jiangnanhugo/workspace/power-sharpening/Subtree-Prefetching-Power-Sharpening/case_studies/logs-entropycut/mbpp/2026-09-21/vllm/dataset-mbpp.model-qwen3.5-9b.alpha4.0.steps100.blocks-1.prefetch-budget-20.rank-accept_first.cut-entropy4.0.samples20.maxnew1024.seed10086.subtreePrefetch.vllm.log,140,12,56,0.2768354982652136
/Users/jiangnanhugo/workspace/power-sharpening/Subtree-Prefetching-Power-Sharpening/case_studies/logs-entropycut/mbpp/2026-09-21/vllm/dataset-mbpp.model-qwen3.5-9b.alpha4.0.steps100.blocks-1.prefetch-budget-20.rank-accept_first.cut-entropy4.0.samples20.maxnew1024.seed10086.subtreePrefetch.vllm.log,140,13,39,0.00316392397697145
/Users/jiangnanhugo/workspace/power-sharpening/Subtree-Prefetching-Power-Sharpening/case_studies/logs-entropycut/mbpp/2026-09-21/vllm/dataset-mbpp.model-qwen3.5-9b.alpha4.0.steps100.blocks-1.prefetch-budget-20.rank-accept_first.cut-entropy4.0.samples20.maxnew1024.seed10086.subtreePrefetch.vllm.log,140,14,246,0.03291280395058993
/Users/jiangnanhugo/workspace/power-sharpening/Subtree-Prefetching-Power-Sharpening/case_studies/logs-entropycut/mbpp/2026-09-21/vllm/dataset-mbpp.model-qwen3.5-9b.alpha4.0.steps100.blocks-1.prefetch-budget-20.rank-accept_first.cut-entropy4.0.samples20.maxnew1024.seed10086.subtreePrefetch.vllm.log,140,15,88,0.06895318872375829
/Users/jiangnanhugo/workspace/power-sharpening/Subtree-Prefetching-Power-Sharpening/case_studies/logs-entropycut/mbpp/2026-09-21/vllm/dataset-mbpp.model-qwen3.5-9b.alpha4.0.steps100.blocks-1.prefetch-budget-20.rank-accept_first.cut-entropy4.0.samples20.maxnew1024.seed10086.subtreePrefetch.vllm.log,140,16,142,0.0142345253560985
/Users/jiangnanhugo/workspace/power-sharpening/Subtree-Prefetching-Power-Sharpening/case_studies/logs-entropycut/mbpp/2026-09-21/vllm/dataset-mbpp.model-qwen3.5-9b.alpha4.0.steps100.blocks-1.prefetch-budget-20.rank-accept_first.cut-entropy4.0.samples20.maxnew1024.seed10086.subtreePrefetch.vllm.log,140,17,56,0.2768354982652136
/Users/jiangnanhugo/workspace/power-sharpening/Subtree-Prefetching-Power-Sharpening/case_studies/logs-entropycut/mbpp/2026-09-21/vllm/dataset-mbpp.model-qwen3.5-9b.alpha4.0.steps100.blocks-1.prefetch-budget-20.rank-accept_first.cut-entropy4.0.samples20.maxnew1024.seed10086.subtreePrefetch.vllm.log,140,18,44,0.058432449992840224
/Users/jiangnanhugo/workspace/power-sharpening/Subtree-Prefetching-Power-Sharpening/case_studies/logs-entropycut/mbpp/2026-09-21/vllm/dataset-mbpp.model-qwen3.5-9b.alpha4.0.steps100.blocks-1.prefetch-budget-20.rank-accept_first.cut-entropy4.0.samples20.maxnew1024.seed10086.subtreePrefetch.vllm.log,140,19,56,0.2768354982652136
/Users/jiangnanhugo/workspace/power-sharpening/Subtree-Prefetching-Power-Sharpening/case_studies/logs-entropycut/mbpp/2026-09-21/vllm/dataset-mbpp.model-qwen3.5-9b.alpha4.0.steps100.blocks-1.prefetch-budget-20.rank-accept_first.cut-entropy4.0.samples20.maxnew1024.seed10086.subtreePrefetch.vllm.log,141,0,56,0.2768354982652136
/Users/jiangnanhugo/workspace/power-sharpening/Subtree-Prefetching-Power-Sharpening/case_studies/logs-entropycut/mbpp/2026-09-21/vllm/dataset-mbpp.model-qwen3.5-9b.alpha4.0.steps100.blocks-1.prefetch-budget-20.rank-accept_first.cut-entropy4.0.samples20.maxnew1024.seed10086.subtreePrefetch.vllm.log,141,1,56,0.2768354982652136
/Users/jiangnanhugo/workspace/power-sharpening/Subtree-Prefetching-Power-Sharpening/case_studies/logs-entropycut/mbpp/2026-09-21/vllm/dataset-mbpp.model-qwen3.5-9b.alpha4.0.steps100.blocks-1.prefetch-budget-20.rank-accept_first.cut-entropy4.0.samples20.maxnew1024.seed10086.subtreePrefetch.vllm.log,141,2,140,0.022862030484739664
/Users/jiangnanhugo/workspace/power-sharpening/Subtree-Prefetching-Power-Sharpening/case_studies/logs-entropycut/mbpp/2026-09-21/vllm/dataset-mbpp.model-qwen3.5-9b.alpha4.0.steps100.blocks-1.prefetch-budget-20.rank-accept_first.cut-entropy4.0.samples20.maxnew1024.seed10086.subtreePrefetch.vllm.log,142,0,29,0.2008595608928137
/Users/jiangnanhugo/workspace/power-sharpening/Subtree-Prefetching-Power-Sharpening/case_studies/logs-entropycut/mbpp/2026-09-21/vllm/dataset-mbpp.model-qwen3.5-9b.alpha4.0.steps100.blocks-1.prefetch-budget-20.rank-accept_first.cut-entropy4.0.samples20.maxnew1024.seed10086.subtreePrefetch.vllm.log,142,1,29,0.2008595608928137
/Users/jiangnanhugo/workspace/power-sharpening/Subtree-Prefetching-Power-Sharpening/case_studies/logs-entropycut/mbpp/2026-09-21/vllm/dataset-mbpp.model-qwen3.5-9b.alpha4.0.steps100.blocks-1.prefetch-budget-20.rank-accept_first.cut-entropy4.0.samples20.maxnew1024.seed10086.subtreePrefetch.vllm.log,142,2,29,0.2008595608928137
/Users/jiangnanhugo/workspace/power-sharpening/Subtree-Prefetching-Power-Sharpening/case_studies/logs-entropycut/mbpp/2026-09-21/vllm/dataset-mbpp.model-qwen3.5-9b.alpha4.0.steps100.blocks-1.prefetch-budget-20.rank-accept_first.cut-entropy4.0.samples20.maxnew1024.seed10086.subtreePrefetch.vllm.log,142,3,29,0.2008595608928137
/Users/jiangnanhugo/workspace/power-sharpening/Subtree-Prefetching-Power-Sharpening/case_studies/logs-entropycut/mbpp/2026-09-21/vllm/dataset-mbpp.model-qwen3.5-9b.alpha4.0.steps100.blocks-1.prefetch-budget-20.rank-accept_first.cut-entropy4.0.samples20.maxnew1024.seed10086.subtreePrefetch.vllm.log,142,4,29,0.2008595608928137
/Users/jiangnanhugo/workspace/power-sharpening/Subtree-Prefetching-Power-Sharpening/case_studies/logs-entropycut/mbpp/2026-09-21/vllm/dataset-mbpp.model-qwen3.5-9b.alpha4.0.steps100.blocks-1.prefetch-budget-20.rank-accept_first.cut-entropy4.0.samples20.maxnew1024.seed10086.subtreePrefetch.vllm.log,142,5,29,0.2008595608928137
/Users/jiangnanhugo/workspace/power-sharpening/Subtree-Prefetching-Power-Sharpening/case_studies/logs-entropycut/mbpp/2026-09-21/vllm/dataset-mbpp.model-qwen3.5-9b.alpha4.0.steps100.blocks-1.prefetch-budget-20.rank-accept_first.cut-entropy4.0.samples20.maxnew1024.seed10086.subtreePrefetch.vllm.log,142,6,29,0.2008595608928137
/Users/jiangnanhugo/workspace/power-sharpening/Subtree-Prefetching-Power-Sharpening/case_studies/logs-entropycut/mbpp/2026-09-21/vllm/dataset-mbpp.model-qwen3.5-9b.alpha4.0.steps100.blocks-1.prefetch-budget-20.rank-accept_first.cut-entropy4.0.samples20.maxnew1024.seed10086.subtreePrefetch.vllm.log,142,7,29,0.2008595608928137
/Users/jiangnanhugo/workspace/power-sharpening/Subtree-Prefetching-Power-Sharpening/case_studies/logs-entropycut/mbpp/2026-09-21/vllm/dataset-mbpp.model-qwen3.5-9b.alpha4.0.steps100.blocks-1.prefetch-budget-20.rank-accept_first.cut-entropy4.0.samples20.maxnew1024.seed10086.subtreePrefetch.vllm.log,142,8,29,0.2008595608928137
/Users/jiangnanhugo/workspace/power-sharpening/Subtree-Prefetching-Power-Sharpening/case_studies/logs-entropycut/mbpp/2026-09-21/vllm/dataset-mbpp.model-qwen3.5-9b.alpha4.0.steps100.blocks-1.prefetch-budget-20.rank-accept_first.cut-entropy4.0.samples20.maxnew1024.seed10086.subtreePrefetch.vllm.log,142,9,385,0.0455176222918661
/Users/jiangnanhugo/workspace/power-sharpening/Subtree-Prefetching-Power-Sharpening/case_studies/logs-entropycut/mbpp/2026-09-21/vllm/dataset-mbpp.model-qwen3.5-9b.alpha4.0.steps100.blocks-1.prefetch-budget-20.rank-accept_first.cut-entropy4.0.samples20.maxnew1024.seed10086.subtreePrefetch.vllm.log,142,10,29,0.2008595608928137
/Users/jiangnanhugo/workspace/power-sharpening/Subtree-Prefetching-Power-Sharpening/case_studies/logs-entropycut/mbpp/2026-09-21/vllm/dataset-mbpp.model-qwen3.5-9b.alpha4.0.steps100.blocks-1.prefetch-budget-20.rank-accept_first.cut-entropy4.0.samples20.maxnew1024.seed10086.subtreePrefetch.vllm.log,142,11,29,0.2008595608928137
/Users/jiangnanhugo/workspace/power-sharpening/Subtree-Prefetching-Power-Sharpening/case_studies/logs-entropycut/mbpp/2026-09-21/vllm/dataset-mbpp.model-qwen3.5-9b.alpha4.0.steps100.blocks-1.prefetch-budget-20.rank-accept_first.cut-entropy4.0.samples20.maxnew1024.seed10086.subtreePrefetch.vllm.log,142,12,29,0.2008595608928137
/Users/jiangnanhugo/workspace/power-sharpening/Subtree-Prefetching-Power-Sharpening/case_studies/logs-entropycut/mbpp/2026-09-21/vllm/dataset-mbpp.model-qwen3.5-9b.alpha4.0.steps100.blocks-1.prefetch-budget-20.rank-accept_first.cut-entropy4.0.samples20.maxnew1024.seed10086.subtreePrefetch.vllm.log,142,13,29,0.2008595608928137
/Users/jiangnanhugo/workspace/power-sharpening/Subtree-Prefetching-Power-Sharpening/case_studies/logs-entropycut/mbpp/2026-09-21/vllm/dataset-mbpp.model-qwen3.5-9b.alpha4.0.steps100.blocks-1.prefetch-budget-20.rank-accept_first.cut-entropy4.0.samples20.maxnew1024.seed10086.subtreePrefetch.vllm.log,142,14,29,0.2008595608928137
/Users/jiangnanhugo/workspace/power-sharpening/Subtree-Prefetching-Power-Sharpening/case_studies/logs-entropycut/mbpp/2026-09-21/vllm/dataset-mbpp.model-qwen3.5-9b.alpha4.0.steps100.blocks-1.prefetch-budget-20.rank-accept_first.cut-entropy4.0.samples20.maxnew1024.seed10086.subtreePrefetch.vllm.log,142,15,29,0.2008595608928137
/Users/jiangnanhugo/workspace/power-sharpening/Subtree-Prefetching-Power-Sharpening/case_studies/logs-entropycut/mbpp/2026-09-21/vllm/dataset-mbpp.model-qwen3.5-9b.alpha4.0.steps100.blocks-1.prefetch-budget-20.rank-accept_first.cut-entropy4.0.samples20.maxnew1024.seed10086.subtreePrefetch.vllm.log,142,16,29,0.2008595608928137
/Users/jiangnanhugo/workspace/power-sharpening/Subtree-Prefetching-Power-Sharpening/case_studies/logs-entropycut/mbpp/2026-09-21/vllm/dataset-mbpp.model-qwen3.5-9b.alpha4.0.steps100.blocks-1.prefetch-budget-20.rank-accept_first.cut-entropy4.0.samples20.maxnew1024.seed10086.subtreePrefetch.vllm.log,142,17,2,0.007919627004867091
/Users/jiangnanhugo/workspace/power-sharpening/Subtree-Prefetching-Power-Sharpening/case_studies/logs-entropycut/mbpp/2026-09-21/vllm/dataset-mbpp.model-qwen3.5-9b.alpha4.0.steps100.blocks-1.prefetch-budget-20.rank-accept_first.cut-entropy4.0.samples20.maxnew1024.seed10086.subtreePrefetch.vllm.log,142,18,163,0.021440096035292868
/Users/jiangnanhugo/workspace/power-sharpening/Subtree-Prefetching-Power-Sharpening/case_studies/logs-entropycut/mbpp/2026-09-21/vllm/dataset-mbpp.model-qwen3.5-9b.alpha4.0.steps100.blocks-1.prefetch-budget-20.rank-accept_first.cut-entropy4.0.samples20.maxnew1024.seed10086.subtreePrefetch.vllm.log,142,19,29,0.2008595608928137
/Users/jiangnanhugo/workspace/power-sharpening/Subtree-Prefetching-Power-Sharpening/case_studies/logs-entropycut/mbpp/2026-09-21/vllm/dataset-mbpp.model-qwen3.5-9b.alpha4.0.steps100.blocks-1.prefetch-budget-20.rank-accept_first.cut-entropy4.0.samples20.maxnew1024.seed10086.subtreePrefetch.vllm.log,143,0,658,0.025879314545243195
/Users/jiangnanhugo/workspace/power-sharpening/Subtree-Prefetching-Power-Sharpening/case_studies/logs-entropycut/mbpp/2026-09-21/vllm/dataset-mbpp.model-qwen3.5-9b.alpha4.0.steps100.blocks-1.prefetch-budget-20.rank-accept_first.cut-entropy4.0.samples20.maxnew1024.seed10086.subtreePrefetch.vllm.log,143,1,102,0.026612180409580636
/Users/jiangnanhugo/workspace/power-sharpening/Subtree-Prefetching-Power-Sharpening/case_studies/logs-entropycut/mbpp/2026-09-21/vllm/dataset-mbpp.model-qwen3.5-9b.alpha4.0.steps100.blocks-1.prefetch-budget-20.rank-accept_first.cut-entropy4.0.samples20.maxnew1024.seed10086.subtreePrefetch.vllm.log,143,2,94,0.011733039204054064
/Users/jiangnanhugo/workspace/power-sharpening/Subtree-Prefetching-Power-Sharpening/case_studies/logs-entropycut/mbpp/2026-09-21/vllm/dataset-mbpp.model-qwen3.5-9b.alpha4.0.steps100.blocks-1.prefetch-budget-20.rank-accept_first.cut-entropy4.0.samples20.maxnew1024.seed10086.subtreePrefetch.vllm.log,143,3,29,0.2008595608928137
/Users/jiangnanhugo/workspace/power-sharpening/Subtree-Prefetching-Power-Sharpening/case_studies/logs-entropycut/mbpp/2026-09-21/vllm/dataset-mbpp.model-qwen3.5-9b.alpha4.0.steps100.blocks-1.prefetch-budget-20.rank-accept_first.cut-entropy4.0.samples20.maxnew1024.seed10086.subtreePrefetch.vllm.log,143,4,2,0.007919627004867091
/Users/jiangnanhugo/workspace/power-sharpening/Subtree-Prefetching-Power-Sharpening/case_studies/logs-entropycut/mbpp/2026-09-21/vllm/dataset-mbpp.model-qwen3.5-9b.alpha4.0.steps100.blocks-1.prefetch-budget-20.rank-accept_first.cut-entropy4.0.samples20.maxnew1024.seed10086.subtreePrefetch.vllm.log,143,5,29,0.2008595608928137
/Users/jiangnanhugo/workspace/power-sharpening/Subtree-Prefetching-Power-Sharpening/case_studies/logs-entropycut/mbpp/2026-09-21/vllm/dataset-mbpp.model-qwen3.5-9b.alpha4.0.steps100.blocks-1.prefetch-budget-20.rank-accept_first.cut-entropy4.0.samples20.maxnew1024.seed10086.subtreePrefetch.vllm.log,143,6,55,0.03301865730800551
/Users/jiangnanhugo/workspace/power-sharpening/Subtree-Prefetching-Power-Sharpening/case_studies/logs-entropycut/mbpp/2026-09-21/vllm/dataset-mbpp.model-qwen3.5-9b.alpha4.0.steps100.blocks-1.prefetch-budget-20.rank-accept_first.cut-entropy4.0.samples20.maxnew1024.seed10086.subtreePrefetch.vllm.log,143,7,29,0.2008595608928137
/Users/jiangnanhugo/workspace/power-sharpening/Subtree-Prefetching-Power-Sharpening/case_studies/logs-entropycut/mbpp/2026-09-21/vllm/dataset-mbpp.model-qwen3.5-9b.alpha4.0.steps100.blocks-1.prefetch-budget-20.rank-accept_first.cut-entropy4.0.samples20.maxnew1024.seed10086.subtreePrefetch.vllm.log,143,8,29,0.2008595608928137
/Users/jiangnanhugo/workspace/power-sharpening/Subtree-Prefetching-Power-Sharpening/case_studies/logs-entropycut/mbpp/2026-09-21/vllm/dataset-mbpp.model-qwen3.5-9b.alpha4.0.steps100.blocks-1.prefetch-budget-20.rank-accept_first.cut-entropy4.0.samples20.maxnew1024.seed10086.subtreePrefetch.vllm.log,143,9,143,0.0116409453793944
/Users/jiangnanhugo/workspace/power-sharpening/Subtree-Prefetching-Power-Sharpening/case_studies/logs-entropycut/mbpp/2026-09-21/vllm/dataset-mbpp.model-qwen3.5-9b.alpha4.0.steps100.blocks-1.prefetch-budget-20.rank-accept_first.cut-entropy4.0.samples20.maxnew1024.seed10086.subtreePrefetch.vllm.log,143,10,718,0.024481734440845292
/Users/jiangnanhugo/workspace/power-sharpening/Subtree-Prefetching-Power-Sharpening/case_studies/logs-entropycut/mbpp/2026-09-21/vllm/dataset-mbpp.model-qwen3.5-9b.alpha4.0.steps100.blocks-1.prefetch-budget-20.rank-accept_first.cut-entropy4.0.samples20.maxnew1024.seed10086.subtreePrefetch.vllm.log,143,11,29,0.2008595608928137
/Users/jiangnanhugo/workspace/power-sharpening/Subtree-Prefetching-Power-Sharpening/case_studies/logs-entropycut/mbpp/2026-09-21/vllm/dataset-mbpp.model-qwen3.5-9b.alpha4.0.steps100.blocks-1.prefetch-budget-20.rank-accept_first.cut-entropy4.0.samples20.maxnew1024.seed10086.subtreePrefetch.vllm.log,143,12,42,0.0025268293141716604
/Users/jiangnanhugo/workspace/power-sharpening/Subtree-Prefetching-Power-Sharpening/case_studies/logs-entropycut/mbpp/2026-09-21/vllm/dataset-mbpp.model-qwen3.5-9b.alpha4.0.steps100.blocks-1.prefetch-budget-20.rank-accept_first.cut-entropy4.0.samples20.maxnew1024.seed10086.subtreePrefetch.vllm.log,143,13,29,0.2008595608928137
/Users/jiangnanhugo/workspace/power-sharpening/Subtree-Prefetching-Power-Sharpening/case_studies/logs-entropycut/mbpp/2026-09-21/vllm/dataset-mbpp.model-qwen3.5-9b.alpha4.0.steps100.blocks-1.prefetch-budget-20.rank-accept_first.cut-entropy4.0.samples20.maxnew1024.seed10086.subtreePrefetch.vllm.log,143,14,29,0.2008595608928137
/Users/jiangnanhugo/workspace/power-sharpening/Subtree-Prefetching-Power-Sharpening/case_studies/logs-entropycut/mbpp/2026-09-21/vllm/dataset-mbpp.model-qwen3.5-9b.alpha4.0.steps100.blocks-1.prefetch-budget-20.rank-accept_first.cut-entropy4.0.samples20.maxnew1024.seed10086.subtreePrefetch.vllm.log,143,15,470,0.10386328961005227
/Users/jiangnanhugo/workspace/power-sharpening/Subtree-Prefetching-Power-Sharpening/case_studies/logs-entropycut/mbpp/2026-09-21/vllm/dataset-mbpp.model-qwen3.5-9b.alpha4.0.steps100.blocks-1.prefetch-budget-20.rank-accept_first.cut-entropy4.0.samples20.maxnew1024.seed10086.subtreePrefetch.vllm.log,143,16,29,0.2008595608928137
/Users/jiangnanhugo/workspace/power-sharpening/Subtree-Prefetching-Power-Sharpening/case_studies/logs-entropycut/mbpp/2026-09-21/vllm/dataset-mbpp.model-qwen3.5-9b.alpha4.0.steps100.blocks-1.prefetch-budget-20.rank-accept_first.cut-entropy4.0.samples20.maxnew1024.seed10086.subtreePrefetch.vllm.log,143,17,102,0.026612180409580636
/Users/jiangnanhugo/workspace/power-sharpening/Subtree-Prefetching-Power-Sharpening/case_studies/logs-entropycut/mbpp/2026-09-21/vllm/dataset-mbpp.model-qwen3.5-9b.alpha4.0.steps100.blocks-1.prefetch-budget-20.rank-accept_first.cut-entropy4.0.samples20.maxnew1024.seed10086.subtreePrefetch.vllm.log,143,18,308,0.034606480364247905
/Users/jiangnanhugo/workspace/power-sharpening/Subtree-Prefetching-Power-Sharpening/case_studies/logs-entropycut/mbpp/2026-09-21/vllm/dataset-mbpp.model-qwen3.5-9b.alpha4.0.steps100.blocks-1.prefetch-budget-20.rank-accept_first.cut-entropy4.0.samples20.maxnew1024.seed10086.subtreePrefetch.vllm.log,143,19,29,0.2008595608928137
/Users/jiangnanhugo/workspace/power-sharpening/Subtree-Prefetching-Power-Sharpening/case_studies/logs-entropycut/mbpp/2026-09-21/vllm/dataset-mbpp.model-qwen3.5-9b.alpha4.0.steps100.blocks-1.prefetch-budget-20.rank-accept_first.cut-entropy4.0.samples20.maxnew1024.seed10086.subtreePrefetch.vllm.log,144,0,160,0.3230024041721132
/Users/jiangnanhugo/workspace/power-sharpening/Subtree-Prefetching-Power-Sharpening/case_studies/logs-entropycut/mbpp/2026-09-21/vllm/dataset-mbpp.model-qwen3.5-9b.alpha4.0.steps100.blocks-1.prefetch-budget-20.rank-accept_first.cut-entropy4.0.samples20.maxnew1024.seed10086.subtreePrefetch.vllm.log,144,1,160,0.3230024041721132
/Users/jiangnanhugo/workspace/power-sharpening/Subtree-Prefetching-Power-Sharpening/case_studies/logs-entropycut/mbpp/2026-09-21/vllm/dataset-mbpp.model-qwen3.5-9b.alpha4.0.steps100.blocks-1.prefetch-budget-20.rank-accept_first.cut-entropy4.0.samples20.maxnew1024.seed10086.subtreePrefetch.vllm.log,144,2,160,0.3230024041721132
/Users/jiangnanhugo/workspace/power-sharpening/Subtree-Prefetching-Power-Sharpening/case_studies/logs-entropycut/mbpp/2026-09-21/vllm/dataset-mbpp.model-qwen3.5-9b.alpha4.0.steps100.blocks-1.prefetch-budget-20.rank-accept_first.cut-entropy4.0.samples20.maxnew1024.seed10086.subtreePrefetch.vllm.log,144,3,160,0.3230024041721132
/Users/jiangnanhugo/workspace/power-sharpening/Subtree-Prefetching-Power-Sharpening/case_studies/logs-entropycut/mbpp/2026-09-21/vllm/dataset-mbpp.model-qwen3.5-9b.alpha4.0.steps100.blocks-1.prefetch-budget-20.rank-accept_first.cut-entropy4.0.samples20.maxnew1024.seed10086.subtreePrefetch.vllm.log,144,4,160,0.3230024041721132
/Users/jiangnanhugo/workspace/power-sharpening/Subtree-Prefetching-Power-Sharpening/case_studies/logs-entropycut/mbpp/2026-09-21/vllm/dataset-mbpp.model-qwen3.5-9b.alpha4.0.steps100.blocks-1.prefetch-budget-20.rank-accept_first.cut-entropy4.0.samples20.maxnew1024.seed10086.subtreePrefetch.vllm.log,144,5,29,0.23027181847508765
/Users/jiangnanhugo/workspace/power-sharpening/Subtree-Prefetching-Power-Sharpening/case_studies/logs-entropycut/mbpp/2026-09-21/vllm/dataset-mbpp.model-qwen3.5-9b.alpha4.0.steps100.blocks-1.prefetch-budget-20.rank-accept_first.cut-entropy4.0.samples20.maxnew1024.seed10086.subtreePrefetch.vllm.log,144,6,160,0.3230024041721132
/Users/jiangnanhugo/workspace/power-sharpening/Subtree-Prefetching-Power-Sharpening/case_studies/logs-entropycut/mbpp/2026-09-21/vllm/dataset-mbpp.model-qwen3.5-9b.alpha4.0.steps100.blocks-1.prefetch-budget-20.rank-accept_first.cut-entropy4.0.samples20.maxnew1024.seed10086.subtreePrefetch.vllm.log,144,7,29,0.23027181847508765
/Users/jiangnanhugo/workspace/power-sharpening/Subtree-Prefetching-Power-Sharpening/case_studies/logs-entropycut/mbpp/2026-09-21/vllm/dataset-mbpp.model-qwen3.5-9b.alpha4.0.steps100.blocks-1.prefetch-budget-20.rank-accept_first.cut-entropy4.0.samples20.maxnew1024.seed10086.subtreePrefetch.vllm.log,144,8,55,0.0325506219824122
/Users/jiangnanhugo/workspace/power-sharpening/Subtree-Prefetching-Power-Sharpening/case_studies/logs-entropycut/mbpp/2026-09-21/vllm/dataset-mbpp.model-qwen3.5-9b.alpha4.0.steps100.blocks-1.prefetch-budget-20.rank-accept_first.cut-entropy4.0.samples20.maxnew1024.seed10086.subtreePrefetch.vllm.log,144,9,29,0.23027181847508765
/Users/jiangnanhugo/workspace/power-sharpening/Subtree-Prefetching-Power-Sharpening/case_studies/logs-entropycut/mbpp/2026-09-21/vllm/dataset-mbpp.model-qwen3.5-9b.alpha4.0.steps100.blocks-1.prefetch-budget-20.rank-accept_first.cut-entropy4.0.samples20.maxnew1024.seed10086.subtreePrefetch.vllm.log,144,10,29,0.23027181847508765
/Users/jiangnanhugo/workspace/power-sharpening/Subtree-Prefetching-Power-Sharpening/case_studies/logs-entropycut/mbpp/2026-09-21/vllm/dataset-mbpp.model-qwen3.5-9b.alpha4.0.steps100.blocks-1.prefetch-budget-20.rank-accept_first.cut-entropy4.0.samples20.maxnew1024.seed10086.subtreePrefetch.vllm.log,144,11,160,0.3230024041721132
/Users/jiangnanhugo/workspace/power-sharpening/Subtree-Prefetching-Power-Sharpening/case_studies/logs-entropycut/mbpp/2026-09-21/vllm/dataset-mbpp.model-qwen3.5-9b.alpha4.0.steps100.blocks-1.prefetch-budget-20.rank-accept_first.cut-entropy4.0.samples20.maxnew1024.seed10086.subtreePrefetch.vllm.log,144,12,29,0.23027181847508765
/Users/jiangnanhugo/workspace/power-sharpening/Subtree-Prefetching-Power-Sharpening/case_studies/logs-entropycut/mbpp/2026-09-21/vllm/dataset-mbpp.model-qwen3.5-9b.alpha4.0.steps100.blocks-1.prefetch-budget-20.rank-accept_first.cut-entropy4.0.samples20.maxnew1024.seed10086.subtreePrefetch.vllm.log,144,13,29,0.23027181847508765
/Users/jiangnanhugo/workspace/power-sharpening/Subtree-Prefetching-Power-Sharpening/case_studies/logs-entropycut/mbpp/2026-09-21/vllm/dataset-mbpp.model-qwen3.5-9b.alpha4.0.steps100.blocks-1.prefetch-budget-20.rank-accept_first.cut-entropy4.0.samples20.maxnew1024.seed10086.subtreePrefetch.vllm.log,144,14,29,0.23027181847508765
/Users/jiangnanhugo/workspace/power-sharpening/Subtree-Prefetching-Power-Sharpening/case_studies/logs-entropycut/mbpp/2026-09-21/vllm/dataset-mbpp.model-qwen3.5-9b.alpha4.0.steps100.blocks-1.prefetch-budget-20.rank-accept_first.cut-entropy4.0.samples20.maxnew1024.seed10086.subtreePrefetch.vllm.log,144,15,460,0.028561135230654348
/Users/jiangnanhugo/workspace/power-sharpening/Subtree-Prefetching-Power-Sharpening/case_studies/logs-entropycut/mbpp/2026-09-21/vllm/dataset-mbpp.model-qwen3.5-9b.alpha4.0.steps100.blocks-1.prefetch-budget-20.rank-accept_first.cut-entropy4.0.samples20.maxnew1024.seed10086.subtreePrefetch.vllm.log,144,16,46,0.003444127405096988
/Users/jiangnanhugo/workspace/power-sharpening/Subtree-Prefetching-Power-Sharpening/case_studies/logs-entropycut/mbpp/2026-09-21/vllm/dataset-mbpp.model-qwen3.5-9b.alpha4.0.steps100.blocks-1.prefetch-budget-20.rank-accept_first.cut-entropy4.0.samples20.maxnew1024.seed10086.subtreePrefetch.vllm.log,144,17,29,0.23027181847508765
/Users/jiangnanhugo/workspace/power-sharpening/Subtree-Prefetching-Power-Sharpening/case_studies/logs-entropycut/mbpp/2026-09-21/vllm/dataset-mbpp.model-qwen3.5-9b.alpha4.0.steps100.blocks-1.prefetch-budget-20.rank-accept_first.cut-entropy4.0.samples20.maxnew1024.seed10086.subtreePrefetch.vllm.log,144,18,55,0.0325506219824122
/Users/jiangnanhugo/workspace/power-sharpening/Subtree-Prefetching-Power-Sharpening/case_studies/logs-entropycut/mbpp/2026-09-21/vllm/dataset-mbpp.model-qwen3.5-9b.alpha4.0.steps100.blocks-1.prefetch-budget-20.rank-accept_first.cut-entropy4.0.samples20.maxnew1024.seed10086.subtreePrefetch.vllm.log,144,19,160,0.3230024041721132
/Users/jiangnanhugo/workspace/power-sharpening/Subtree-Prefetching-Power-Sharpening/case_studies/logs-entropycut/mbpp/2026-09-21/vllm/dataset-mbpp.model-qwen3.5-9b.alpha4.0.steps100.blocks-1.prefetch-budget-20.rank-accept_first.cut-entropy4.0.samples20.maxnew1024.seed10086.subtreePrefetch.vllm.log,145,0,460,0.03165397136122501
/Users/jiangnanhugo/workspace/power-sharpening/Subtree-Prefetching-Power-Sharpening/case_studies/logs-entropycut/mbpp/2026-09-21/vllm/dataset-mbpp.model-qwen3.5-9b.alpha4.0.steps100.blocks-1.prefetch-budget-20.rank-accept_first.cut-entropy4.0.samples20.maxnew1024.seed10086.subtreePrefetch.vllm.log,145,1,65,0.00018243608977958019
/Users/jiangnanhugo/workspace/power-sharpening/Subtree-Prefetching-Power-Sharpening/case_studies/logs-entropycut/mbpp/2026-09-21/vllm/dataset-mbpp.model-qwen3.5-9b.alpha4.0.steps100.blocks-1.prefetch-budget-20.rank-accept_first.cut-entropy4.0.samples20.maxnew1024.seed10086.subtreePrefetch.vllm.log,145,2,54,0.004498280491364504
/Users/jiangnanhugo/workspace/power-sharpening/Subtree-Prefetching-Power-Sharpening/case_studies/logs-entropycut/mbpp/2026-09-21/vllm/dataset-mbpp.model-qwen3.5-9b.alpha4.0.steps100.blocks-1.prefetch-budget-20.rank-accept_first.cut-entropy4.0.samples20.maxnew1024.seed10086.subtreePrefetch.vllm.log,145,3,264,0.03510281525973229
/Users/jiangnanhugo/workspace/power-sharpening/Subtree-Prefetching-Power-Sharpening/case_studies/logs-entropycut/mbpp/2026-09-21/vllm/dataset-mbpp.model-qwen3.5-9b.alpha4.0.steps100.blocks-1.prefetch-budget-20.rank-accept_first.cut-entropy4.0.samples20.maxnew1024.seed10086.subtreePrefetch.vllm.log,145,4,29,0.22654383356255328
/Users/jiangnanhugo/workspace/power-sharpening/Subtree-Prefetching-Power-Sharpening/case_studies/logs-entropycut/mbpp/2026-09-21/vllm/dataset-mbpp.model-qwen3.5-9b.alpha4.0.steps100.blocks-1.prefetch-budget-20.rank-accept_first.cut-entropy4.0.samples20.maxnew1024.seed10086.subtreePrefetch.vllm.log,145,5,55,0.032023643785741684
/Users/jiangnanhugo/workspace/power-sharpening/Subtree-Prefetching-Power-Sharpening/case_studies/logs-entropycut/mbpp/2026-09-21/vllm/dataset-mbpp.model-qwen3.5-9b.alpha4.0.steps100.blocks-1.prefetch-budget-20.rank-accept_first.cut-entropy4.0.samples20.maxnew1024.seed10086.subtreePrefetch.vllm.log,145,6,29,0.22654383356255328
/Users/jiangnanhugo/workspace/power-sharpening/Subtree-Prefetching-Power-Sharpening/case_studies/logs-entropycut/mbpp/2026-09-21/vllm/dataset-mbpp.model-qwen3.5-9b.alpha4.0.steps100.blocks-1.prefetch-budget-20.rank-accept_first.cut-entropy4.0.samples20.maxnew1024.seed10086.subtreePrefetch.vllm.log,145,7,264,0.03510281525973229
/Users/jiangnanhugo/workspace/power-sharpening/Subtree-Prefetching-Power-Sharpening/case_studies/logs-entropycut/mbpp/2026-09-21/vllm/dataset-mbpp.model-qwen3.5-9b.alpha4.0.steps100.blocks-1.prefetch-budget-20.rank-accept_first.cut-entropy4.0.samples20.maxnew1024.seed10086.subtreePrefetch.vllm.log,145,8,160,0.3207352062913943
/Users/jiangnanhugo/workspace/power-sharpening/Subtree-Prefetching-Power-Sharpening/case_studies/logs-entropycut/mbpp/2026-09-21/vllm/dataset-mbpp.model-qwen3.5-9b.alpha4.0.steps100.blocks-1.prefetch-budget-20.rank-accept_first.cut-entropy4.0.samples20.maxnew1024.seed10086.subtreePrefetch.vllm.log,145,9,29,0.22654383356255328
/Users/jiangnanhugo/workspace/power-sharpening/Subtree-Prefetching-Power-Sharpening/case_studies/logs-entropycut/mbpp/2026-09-21/vllm/dataset-mbpp.model-qwen3.5-9b.alpha4.0.steps100.blocks-1.prefetch-budget-20.rank-accept_first.cut-entropy4.0.samples20.maxnew1024.seed10086.subtreePrefetch.vllm.log,145,10,29,0.22654383356255328
/Users/jiangnanhugo/workspace/power-sharpening/Subtree-Prefetching-Power-Sharpening/case_studies/logs-entropycut/mbpp/2026-09-21/vllm/dataset-mbpp.model-qwen3.5-9b.alpha4.0.steps100.blocks-1.prefetch-budget-20.rank-accept_first.cut-entropy4.0.samples20.maxnew1024.seed10086.subtreePrefetch.vllm.log,145,11,656,0.03284692737668679
/Users/jiangnanhugo/workspace/power-sharpening/Subtree-Prefetching-Power-Sharpening/case_studies/logs-entropycut/mbpp/2026-09-21/vllm/dataset-mbpp.model-qwen3.5-9b.alpha4.0.steps100.blocks-1.prefetch-budget-20.rank-accept_first.cut-entropy4.0.samples20.maxnew1024.seed10086.subtreePrefetch.vllm.log,145,12,160,0.3207352062913943
/Users/jiangnanhugo/workspace/power-sharpening/Subtree-Prefetching-Power-Sharpening/case_studies/logs-entropycut/mbpp/2026-09-21/vllm/dataset-mbpp.model-qwen3.5-9b.alpha4.0.steps100.blocks-1.prefetch-budget-20.rank-accept_first.cut-entropy4.0.samples20.maxnew1024.seed10086.subtreePrefetch.vllm.log,145,13,46,0.0033883687148322616
/Users/jiangnanhugo/workspace/power-sharpening/Subtree-Prefetching-Power-Sharpening/case_studies/logs-entropycut/mbpp/2026-09-21/vllm/dataset-mbpp.model-qwen3.5-9b.alpha4.0.steps100.blocks-1.prefetch-budget-20.rank-accept_first.cut-entropy4.0.samples20.maxnew1024.seed10086.subtreePrefetch.vllm.log,145,14,29,0.22654383356255328
/Users/jiangnanhugo/workspace/power-sharpening/Subtree-Prefetching-Power-Sharpening/case_studies/logs-entropycut/mbpp/2026-09-21/vllm/dataset-mbpp.model-qwen3.5-9b.alpha4.0.steps100.blocks-1.prefetch-budget-20.rank-accept_first.cut-entropy4.0.samples20.maxnew1024.seed10086.subtreePrefetch.vllm.log,145,15,29,0.22654383356255328
/Users/jiangnanhugo/workspace/power-sharpening/Subtree-Prefetching-Power-Sharpening/case_studies/logs-entropycut/mbpp/2026-09-21/vllm/dataset-mbpp.model-qwen3.5-9b.alpha4.0.steps100.blocks-1.prefetch-budget-20.rank-accept_first.cut-entropy4.0.samples20.maxnew1024.seed10086.subtreePrefetch.vllm.log,145,16,29,0.22654383356255328
/Users/jiangnanhugo/workspace/power-sharpening/Subtree-Prefetching-Power-Sharpening/case_studies/logs-entropycut/mbpp/2026-09-21/vllm/dataset-mbpp.model-qwen3.5-9b.alpha4.0.steps100.blocks-1.prefetch-budget-20.rank-accept_first.cut-entropy4.0.samples20.maxnew1024.seed10086.subtreePrefetch.vllm.log,145,17,29,0.22654383356255328
/Users/jiangnanhugo/workspace/power-sharpening/Subtree-Prefetching-Power-Sharpening/case_studies/logs-entropycut/mbpp/2026-09-21/vllm/dataset-mbpp.model-qwen3.5-9b.alpha4.0.steps100.blocks-1.prefetch-budget-20.rank-accept_first.cut-entropy4.0.samples20.maxnew1024.seed10086.subtreePrefetch.vllm.log,145,18,656,0.03284692737668679
/Users/jiangnanhugo/workspace/power-sharpening/Subtree-Prefetching-Power-Sharpening/case_studies/logs-entropycut/mbpp/2026-09-21/vllm/dataset-mbpp.model-qwen3.5-9b.alpha4.0.steps100.blocks-1.prefetch-budget-20.rank-accept_first.cut-entropy4.0.samples20.maxnew1024.seed10086.subtreePrefetch.vllm.log,145,19,160,0.3207352062913943
/Users/jiangnanhugo/workspace/power-sharpening/Subtree-Prefetching-Power-Sharpening/case_studies/logs-entropycut/mbpp/2026-09-21/vllm/dataset-mbpp.model-qwen3.5-9b.alpha4.0.steps100.blocks-1.prefetch-budget-20.rank-accept_first.cut-entropy4.0.samples20.maxnew1024.seed10086.subtreePrefetch.vllm.log,146,0,29,0.22309273900201884
/Users/jiangnanhugo/workspace/power-sharpening/Subtree-Prefetching-Power-Sharpening/case_studies/logs-entropycut/mbpp/2026-09-21/vllm/dataset-mbpp.model-qwen3.5-9b.alpha4.0.steps100.blocks-1.prefetch-budget-20.rank-accept_first.cut-entropy4.0.samples20.maxnew1024.seed10086.subtreePrefetch.vllm.log,146,1,160,0.31584923120923214
/Users/jiangnanhugo/workspace/power-sharpening/Subtree-Prefetching-Power-Sharpening/case_studies/logs-entropycut/mbpp/2026-09-21/vllm/dataset-mbpp.model-qwen3.5-9b.alpha4.0.steps100.blocks-1.prefetch-budget-20.rank-accept_first.cut-entropy4.0.samples20.maxnew1024.seed10086.subtreePrefetch.vllm.log,146,2,55,0.03153580608502162
/Users/jiangnanhugo/workspace/power-sharpening/Subtree-Prefetching-Power-Sharpening/case_studies/logs-entropycut/mbpp/2026-09-21/vllm/dataset-mbpp.model-qwen3.5-9b.alpha4.0.steps100.blocks-1.prefetch-budget-20.rank-accept_first.cut-entropy4.0.samples20.maxnew1024.seed10086.subtreePrefetch.vllm.log,146,3,29,0.22309273900201884
/Users/jiangnanhugo/workspace/power-sharpening/Subtree-Prefetching-Power-Sharpening/case_studies/logs-entropycut/mbpp/2026-09-21/vllm/dataset-mbpp.model-qwen3.5-9b.alpha4.0.steps100.blocks-1.prefetch-budget-20.rank-accept_first.cut-entropy4.0.samples20.maxnew1024.seed10086.subtreePrefetch.vllm.log,146,4,29,0.22309273900201884
/Users/jiangnanhugo/workspace/power-sharpening/Subtree-Prefetching-Power-Sharpening/case_studies/logs-entropycut/mbpp/2026-09-21/vllm/dataset-mbpp.model-qwen3.5-9b.alpha4.0.steps100.blocks-1.prefetch-budget-20.rank-accept_first.cut-entropy4.0.samples20.maxnew1024.seed10086.subtreePrefetch.vllm.log,146,5,160,0.31584923120923214
/Users/jiangnanhugo/workspace/power-sharpening/Subtree-Prefetching-Power-Sharpening/case_studies/logs-entropycut/mbpp/2026-09-21/vllm/dataset-mbpp.model-qwen3.5-9b.alpha4.0.steps100.blocks-1.prefetch-budget-20.rank-accept_first.cut-entropy4.0.samples20.maxnew1024.seed10086.subtreePrefetch.vllm.log,146,6,160,0.31584923120923214
/Users/jiangnanhugo/workspace/power-sharpening/Subtree-Prefetching-Power-Sharpening/case_studies/logs-entropycut/mbpp/2026-09-21/vllm/dataset-mbpp.model-qwen3.5-9b.alpha4.0.steps100.blocks-1.prefetch-budget-20.rank-accept_first.cut-entropy4.0.samples20.maxnew1024.seed10086.subtreePrefetch.vllm.log,146,7,29,0.22309273900201884
/Users/jiangnanhugo/workspace/power-sharpening/Subtree-Prefetching-Power-Sharpening/case_studies/logs-entropycut/mbpp/2026-09-21/vllm/dataset-mbpp.model-qwen3.5-9b.alpha4.0.steps100.blocks-1.prefetch-budget-20.rank-accept_first.cut-entropy4.0.samples20.maxnew1024.seed10086.subtreePrefetch.vllm.log,146,8,825,0.009620439920132994
/Users/jiangnanhugo/workspace/power-sharpening/Subtree-Prefetching-Power-Sharpening/case_studies/logs-entropycut/mbpp/2026-09-21/vllm/dataset-mbpp.model-qwen3.5-9b.alpha4.0.steps100.blocks-1.prefetch-budget-20.rank-accept_first.cut-entropy4.0.samples20.maxnew1024.seed10086.subtreePrefetch.vllm.log,146,9,29,0.22309273900201884
/Users/jiangnanhugo/workspace/power-sharpening/Subtree-Prefetching-Power-Sharpening/case_studies/logs-entropycut/mbpp/2026-09-21/vllm/dataset-mbpp.model-qwen3.5-9b.alpha4.0.steps100.blocks-1.prefetch-budget-20.rank-accept_first.cut-entropy4.0.samples20.maxnew1024.seed10086.subtreePrefetch.vllm.log,146,10,29,0.22309273900201884
/Users/jiangnanhugo/workspace/power-sharpening/Subtree-Prefetching-Power-Sharpening/case_studies/logs-entropycut/mbpp/2026-09-21/vllm/dataset-mbpp.model-qwen3.5-9b.alpha4.0.steps100.blocks-1.prefetch-budget-20.rank-accept_first.cut-entropy4.0.samples20.maxnew1024.seed10086.subtreePrefetch.vllm.log,146,11,29,0.22309273900201884
/Users/jiangnanhugo/workspace/power-sharpening/Subtree-Prefetching-Power-Sharpening/case_studies/logs-entropycut/mbpp/2026-09-21/vllm/dataset-mbpp.model-qwen3.5-9b.alpha4.0.steps100.blocks-1.prefetch-budget-20.rank-accept_first.cut-entropy4.0.samples20.maxnew1024.seed10086.subtreePrefetch.vllm.log,146,12,160,0.31584923120923214
/Users/jiangnanhugo/workspace/power-sharpening/Subtree-Prefetching-Power-Sharpening/case_studies/logs-entropycut/mbpp/2026-09-21/vllm/dataset-mbpp.model-qwen3.5-9b.alpha4.0.steps100.blocks-1.prefetch-budget-20.rank-accept_first.cut-entropy4.0.samples20.maxnew1024.seed10086.subtreePrefetch.vllm.log,146,13,160,0.31584923120923214
/Users/jiangnanhugo/workspace/power-sharpening/Subtree-Prefetching-Power-Sharpening/case_studies/logs-entropycut/mbpp/2026-09-21/vllm/dataset-mbpp.model-qwen3.5-9b.alpha4.0.steps100.blocks-1.prefetch-budget-20.rank-accept_first.cut-entropy4.0.samples20.maxnew1024.seed10086.subtreePrefetch.vllm.log,146,14,29,0.22309273900201884
/Users/jiangnanhugo/workspace/power-sharpening/Subtree-Prefetching-Power-Sharpening/case_studies/logs-entropycut/mbpp/2026-09-21/vllm/dataset-mbpp.model-qwen3.5-9b.alpha4.0.steps100.blocks-1.prefetch-budget-20.rank-accept_first.cut-entropy4.0.samples20.maxnew1024.seed10086.subtreePrefetch.vllm.log,146,15,29,0.22309273900201884
/Users/jiangnanhugo/workspace/power-sharpening/Subtree-Prefetching-Power-Sharpening/case_studies/logs-entropycut/mbpp/2026-09-21/vllm/dataset-mbpp.model-qwen3.5-9b.alpha4.0.steps100.blocks-1.prefetch-budget-20.rank-accept_first.cut-entropy4.0.samples20.maxnew1024.seed10086.subtreePrefetch.vllm.log,146,16,59,0.028931632764074254
/Users/jiangnanhugo/workspace/power-sharpening/Subtree-Prefetching-Power-Sharpening/case_studies/logs-entropycut/mbpp/2026-09-21/vllm/dataset-mbpp.model-qwen3.5-9b.alpha4.0.steps100.blocks-1.prefetch-budget-20.rank-accept_first.cut-entropy4.0.samples20.maxnew1024.seed10086.subtreePrefetch.vllm.log,146,17,160,0.31584923120923214
/Users/jiangnanhugo/workspace/power-sharpening/Subtree-Prefetching-Power-Sharpening/case_studies/logs-entropycut/mbpp/2026-09-21/vllm/dataset-mbpp.model-qwen3.5-9b.alpha4.0.steps100.blocks-1.prefetch-budget-20.rank-accept_first.cut-entropy4.0.samples20.maxnew1024.seed10086.subtreePrefetch.vllm.log,146,18,59,0.028931632764074254
/Users/jiangnanhugo/workspace/power-sharpening/Subtree-Prefetching-Power-Sharpening/case_studies/logs-entropycut/mbpp/2026-09-21/vllm/dataset-mbpp.model-qwen3.5-9b.alpha4.0.steps100.blocks-1.prefetch-budget-20.rank-accept_first.cut-entropy4.0.samples20.maxnew1024.seed10086.subtreePrefetch.vllm.log,146,19,864,0.008662249382749457
/Users/jiangnanhugo/workspace/power-sharpening/Subtree-Prefetching-Power-Sharpening/case_studies/logs-entropycut/mbpp/2026-09-21/vllm/dataset-mbpp.model-qwen3.5-9b.alpha4.0.steps100.blocks-1.prefetch-budget-20.rank-accept_first.cut-entropy4.0.samples20.maxnew1024.seed10086.subtreePrefetch.vllm.log,147,0,59,0.028651375362812807
/Users/jiangnanhugo/workspace/power-sharpening/Subtree-Prefetching-Power-Sharpening/case_studies/logs-entropycut/mbpp/2026-09-21/vllm/dataset-mbpp.model-qwen3.5-9b.alpha4.0.steps100.blocks-1.prefetch-budget-20.rank-accept_first.cut-entropy4.0.samples20.maxnew1024.seed10086.subtreePrefetch.vllm.log,147,1,29,0.22093166528098634
/Users/jiangnanhugo/workspace/power-sharpening/Subtree-Prefetching-Power-Sharpening/case_studies/logs-entropycut/mbpp/2026-09-21/vllm/dataset-mbpp.model-qwen3.5-9b.alpha4.0.steps100.blocks-1.prefetch-budget-20.rank-accept_first.cut-entropy4.0.samples20.maxnew1024.seed10086.subtreePrefetch.vllm.log,147,2,732,0.06165334070951574
/Users/jiangnanhugo/workspace/power-sharpening/Subtree-Prefetching-Power-Sharpening/case_studies/logs-entropycut/mbpp/2026-09-21/vllm/dataset-mbpp.model-qwen3.5-9b.alpha4.0.steps100.blocks-1.prefetch-budget-20.rank-accept_first.cut-entropy4.0.samples20.maxnew1024.seed10086.subtreePrefetch.vllm.log,147,3,29,0.22093166528098634
/Users/jiangnanhugo/workspace/power-sharpening/Subtree-Prefetching-Power-Sharpening/case_studies/logs-entropycut/mbpp/2026-09-21/vllm/dataset-mbpp.model-qwen3.5-9b.alpha4.0.steps100.blocks-1.prefetch-budget-20.rank-accept_first.cut-entropy4.0.samples20.maxnew1024.seed10086.subtreePrefetch.vllm.log,147,4,268,0.0059108927974921895
/Users/jiangnanhugo/workspace/power-sharpening/Subtree-Prefetching-Power-Sharpening/case_studies/logs-entropycut/mbpp/2026-09-21/vllm/dataset-mbpp.model-qwen3.5-9b.alpha4.0.steps100.blocks-1.prefetch-budget-20.rank-accept_first.cut-entropy4.0.samples20.maxnew1024.seed10086.subtreePrefetch.vllm.log,147,5,29,0.22093166528098634
/Users/jiangnanhugo/workspace/power-sharpening/Subtree-Prefetching-Power-Sharpening/case_studies/logs-entropycut/mbpp/2026-09-21/vllm/dataset-mbpp.model-qwen3.5-9b.alpha4.0.steps100.blocks-1.prefetch-budget-20.rank-accept_first.cut-entropy4.0.samples20.maxnew1024.seed10086.subtreePrefetch.vllm.log,147,6,381,0.015268933206376732
/Users/jiangnanhugo/workspace/power-sharpening/Subtree-Prefetching-Power-Sharpening/case_studies/logs-entropycut/mbpp/2026-09-21/vllm/dataset-mbpp.model-qwen3.5-9b.alpha4.0.steps100.blocks-1.prefetch-budget-20.rank-accept_first.cut-entropy4.0.samples20.maxnew1024.seed10086.subtreePrefetch.vllm.log,147,7,29,0.22093166528098634
/Users/jiangnanhugo/workspace/power-sharpening/Subtree-Prefetching-Power-Sharpening/case_studies/logs-entropycut/mbpp/2026-09-21/vllm/dataset-mbpp.model-qwen3.5-9b.alpha4.0.steps100.blocks-1.prefetch-budget-20.rank-accept_first.cut-entropy4.0.samples20.maxnew1024.seed10086.subtreePrefetch.vllm.log,147,8,29,0.22093166528098634
/Users/jiangnanhugo/workspace/power-sharpening/Subtree-Prefetching-Power-Sharpening/case_studies/logs-entropycut/mbpp/2026-09-21/vllm/dataset-mbpp.model-qwen3.5-9b.alpha4.0.steps100.blocks-1.prefetch-budget-20.rank-accept_first.cut-entropy4.0.samples20.maxnew1024.seed10086.subtreePrefetch.vllm.log,147,9,23,0.002902381188424331
/Users/jiangnanhugo/workspace/power-sharpening/Subtree-Prefetching-Power-Sharpening/case_studies/logs-entropycut/mbpp/2026-09-21/vllm/dataset-mbpp.model-qwen3.5-9b.alpha4.0.steps100.blocks-1.prefetch-budget-20.rank-accept_first.cut-entropy4.0.samples20.maxnew1024.seed10086.subtreePrefetch.vllm.log,147,10,128,0.0018699513336810317
/Users/jiangnanhugo/workspace/power-sharpening/Subtree-Prefetching-Power-Sharpening/case_studies/logs-entropycut/mbpp/2026-09-21/vllm/dataset-mbpp.model-qwen3.5-9b.alpha4.0.steps100.blocks-1.prefetch-budget-20.rank-accept_first.cut-entropy4.0.samples20.maxnew1024.seed10086.subtreePrefetch.vllm.log,147,11,55,0.031230322356116842
/Users/jiangnanhugo/workspace/power-sharpening/Subtree-Prefetching-Power-Sharpening/case_studies/logs-entropycut/mbpp/2026-09-21/vllm/dataset-mbpp.model-qwen3.5-9b.alpha4.0.steps100.blocks-1.prefetch-budget-20.rank-accept_first.cut-entropy4.0.samples20.maxnew1024.seed10086.subtreePrefetch.vllm.log,147,12,160,0.3127896360093704
/Users/jiangnanhugo/workspace/power-sharpening/Subtree-Prefetching-Power-Sharpening/case_studies/logs-entropycut/mbpp/2026-09-21/vllm/dataset-mbpp.model-qwen3.5-9b.alpha4.0.steps100.blocks-1.prefetch-budget-20.rank-accept_first.cut-entropy4.0.samples20.maxnew1024.seed10086.subtreePrefetch.vllm.log,147,13,160,0.3127896360093704
/Users/jiangnanhugo/workspace/power-sharpening/Subtree-Prefetching-Power-Sharpening/case_studies/logs-entropycut/mbpp/2026-09-21/vllm/dataset-mbpp.model-qwen3.5-9b.alpha4.0.steps100.blocks-1.prefetch-budget-20.rank-accept_first.cut-entropy4.0.samples20.maxnew1024.seed10086.subtreePrefetch.vllm.log,147,14,29,0.22093166528098634
/Users/jiangnanhugo/workspace/power-sharpening/Subtree-Prefetching-Power-Sharpening/case_studies/logs-entropycut/mbpp/2026-09-21/vllm/dataset-mbpp.model-qwen3.5-9b.alpha4.0.steps100.blocks-1.prefetch-budget-20.rank-accept_first.cut-entropy4.0.samples20.maxnew1024.seed10086.subtreePrefetch.vllm.log,147,15,54,0.0043868446305942894
/Users/jiangnanhugo/workspace/power-sharpening/Subtree-Prefetching-Power-Sharpening/case_studies/logs-entropycut/mbpp/2026-09-21/vllm/dataset-mbpp.model-qwen3.5-9b.alpha4.0.steps100.blocks-1.prefetch-budget-20.rank-accept_first.cut-entropy4.0.samples20.maxnew1024.seed10086.subtreePrefetch.vllm.log,147,16,160,0.3127896360093704
/Users/jiangnanhugo/workspace/power-sharpening/Subtree-Prefetching-Power-Sharpening/case_studies/logs-entropycut/mbpp/2026-09-21/vllm/dataset-mbpp.model-qwen3.5-9b.alpha4.0.steps100.blocks-1.prefetch-budget-20.rank-accept_first.cut-entropy4.0.samples20.maxnew1024.seed10086.subtreePrefetch.vllm.log,147,17,29,0.22093166528098634
/Users/jiangnanhugo/workspace/power-sharpening/Subtree-Prefetching-Power-Sharpening/case_studies/logs-entropycut/mbpp/2026-09-21/vllm/dataset-mbpp.model-qwen3.5-9b.alpha4.0.steps100.blocks-1.prefetch-budget-20.rank-accept_first.cut-entropy4.0.samples20.maxnew1024.seed10086.subtreePrefetch.vllm.log,147,18,460,0.02416441581878382
/Users/jiangnanhugo/workspace/power-sharpening/Subtree-Prefetching-Power-Sharpening/case_studies/logs-entropycut/mbpp/2026-09-21/vllm/dataset-mbpp.model-qwen3.5-9b.alpha4.0.steps100.blocks-1.prefetch-budget-20.rank-accept_first.cut-entropy4.0.samples20.maxnew1024.seed10086.subtreePrefetch.vllm.log,147,19,29,0.22093166528098634
/Users/jiangnanhugo/workspace/power-sharpening/Subtree-Prefetching-Power-Sharpening/case_studies/logs-entropycut/mbpp/2026-09-21/vllm/dataset-mbpp.model-qwen3.5-9b.alpha4.0.steps100.blocks-1.prefetch-budget-20.rank-accept_first.cut-entropy4.0.samples20.maxnew1024.seed10086.subtreePrefetch.vllm.log,148,0,29,0.22093166528098634
/Users/jiangnanhugo/workspace/power-sharpening/Subtree-Prefetching-Power-Sharpening/case_studies/logs-entropycut/mbpp/2026-09-21/vllm/dataset-mbpp.model-qwen3.5-9b.alpha4.0.steps100.blocks-1.prefetch-budget-20.rank-accept_first.cut-entropy4.0.samples20.maxnew1024.seed10086.subtreePrefetch.vllm.log,148,1,732,0.06165334070951574
/Users/jiangnanhugo/workspace/power-sharpening/Subtree-Prefetching-Power-Sharpening/case_studies/logs-entropycut/mbpp/2026-09-21/vllm/dataset-mbpp.model-qwen3.5-9b.alpha4.0.steps100.blocks-1.prefetch-budget-20.rank-accept_first.cut-entropy4.0.samples20.maxnew1024.seed10086.subtreePrefetch.vllm.log,148,2,29,0.22093166528098634
/Users/jiangnanhugo/workspace/power-sharpening/Subtree-Prefetching-Power-Sharpening/case_studies/logs-entropycut/mbpp/2026-09-21/vllm/dataset-mbpp.model-qwen3.5-9b.alpha4.0.steps100.blocks-1.prefetch-budget-20.rank-accept_first.cut-entropy4.0.samples20.maxnew1024.seed10086.subtreePrefetch.vllm.log,148,3,160,0.3127896360093704
/Users/jiangnanhugo/workspace/power-sharpening/Subtree-Prefetching-Power-Sharpening/case_studies/logs-entropycut/mbpp/2026-09-21/vllm/dataset-mbpp.model-qwen3.5-9b.alpha4.0.steps100.blocks-1.prefetch-budget-20.rank-accept_first.cut-entropy4.0.samples20.maxnew1024.seed10086.subtreePrefetch.vllm.log,148,4,160,0.3127896360093704
/Users/jiangnanhugo/workspace/power-sharpening/Subtree-Prefetching-Power-Sharpening/case_studies/logs-entropycut/mbpp/2026-09-21/vllm/dataset-mbpp.model-qwen3.5-9b.alpha4.0.steps100.blocks-1.prefetch-budget-20.rank-accept_first.cut-entropy4.0.samples20.maxnew1024.seed10086.subtreePrefetch.vllm.log,148,5,29,0.22093166528098634
/Users/jiangnanhugo/workspace/power-sharpening/Subtree-Prefetching-Power-Sharpening/case_studies/logs-entropycut/mbpp/2026-09-21/vllm/dataset-mbpp.model-qwen3.5-9b.alpha4.0.steps100.blocks-1.prefetch-budget-20.rank-accept_first.cut-entropy4.0.samples20.maxnew1024.seed10086.subtreePrefetch.vllm.log,148,6,29,0.22093166528098634
/Users/jiangnanhugo/workspace/power-sharpening/Subtree-Prefetching-Power-Sharpening/case_studies/logs-entropycut/mbpp/2026-09-21/vllm/dataset-mbpp.model-qwen3.5-9b.alpha4.0.steps100.blocks-1.prefetch-budget-20.rank-accept_first.cut-entropy4.0.samples20.maxnew1024.seed10086.subtreePrefetch.vllm.log,148,7,29,0.22093166528098634
/Users/jiangnanhugo/workspace/power-sharpening/Subtree-Prefetching-Power-Sharpening/case_studies/logs-entropycut/mbpp/2026-09-21/vllm/dataset-mbpp.model-qwen3.5-9b.alpha4.0.steps100.blocks-1.prefetch-budget-20.rank-accept_first.cut-entropy4.0.samples20.maxnew1024.seed10086.subtreePrefetch.vllm.log,148,8,732,0.06165334070951574
/Users/jiangnanhugo/workspace/power-sharpening/Subtree-Prefetching-Power-Sharpening/case_studies/logs-entropycut/mbpp/2026-09-21/vllm/dataset-mbpp.model-qwen3.5-9b.alpha4.0.steps100.blocks-1.prefetch-budget-20.rank-accept_first.cut-entropy4.0.samples20.maxnew1024.seed10086.subtreePrefetch.vllm.log,148,9,217,0.001670486364671804
/Users/jiangnanhugo/workspace/power-sharpening/Subtree-Prefetching-Power-Sharpening/case_studies/logs-entropycut/mbpp/2026-09-21/vllm/dataset-mbpp.model-qwen3.5-9b.alpha4.0.steps100.blocks-1.prefetch-budget-20.rank-accept_first.cut-entropy4.0.samples20.maxnew1024.seed10086.subtreePrefetch.vllm.log,148,10,29,0.22093166528098634
/Users/jiangnanhugo/workspace/power-sharpening/Subtree-Prefetching-Power-Sharpening/case_studies/logs-entropycut/mbpp/2026-09-21/vllm/dataset-mbpp.model-qwen3.5-9b.alpha4.0.steps100.blocks-1.prefetch-budget-20.rank-accept_first.cut-entropy4.0.samples20.maxnew1024.seed10086.subtreePrefetch.vllm.log,148,11,262,0.010620222831408732
/Users/jiangnanhugo/workspace/power-sharpening/Subtree-Prefetching-Power-Sharpening/case_studies/logs-entropycut/mbpp/2026-09-21/vllm/dataset-mbpp.model-qwen3.5-9b.alpha4.0.steps100.blocks-1.prefetch-budget-20.rank-accept_first.cut-entropy4.0.samples20.maxnew1024.seed10086.subtreePrefetch.vllm.log,148,12,160,0.3127896360093704
/Users/jiangnanhugo/workspace/power-sharpening/Subtree-Prefetching-Power-Sharpening/case_studies/logs-entropycut/mbpp/2026-09-21/vllm/dataset-mbpp.model-qwen3.5-9b.alpha4.0.steps100.blocks-1.prefetch-budget-20.rank-accept_first.cut-entropy4.0.samples20.maxnew1024.seed10086.subtreePrefetch.vllm.log,148,13,55,0.031230322356116842
/Users/jiangnanhugo/workspace/power-sharpening/Subtree-Prefetching-Power-Sharpening/case_studies/logs-entropycut/mbpp/2026-09-21/vllm/dataset-mbpp.model-qwen3.5-9b.alpha4.0.steps100.blocks-1.prefetch-budget-20.rank-accept_first.cut-entropy4.0.samples20.maxnew1024.seed10086.subtreePrefetch.vllm.log,148,14,29,0.22093166528098634
/Users/jiangnanhugo/workspace/power-sharpening/Subtree-Prefetching-Power-Sharpening/case_studies/logs-entropycut/mbpp/2026-09-21/vllm/dataset-mbpp.model-qwen3.5-9b.alpha4.0.steps100.blocks-1.prefetch-budget-20.rank-accept_first.cut-entropy4.0.samples20.maxnew1024.seed10086.subtreePrefetch.vllm.log,148,15,160,0.3127896360093704
/Users/jiangnanhugo/workspace/power-sharpening/Subtree-Prefetching-Power-Sharpening/case_studies/logs-entropycut/mbpp/2026-09-21/vllm/dataset-mbpp.model-qwen3.5-9b.alpha4.0.steps100.blocks-1.prefetch-budget-20.rank-accept_first.cut-entropy4.0.samples20.maxnew1024.seed10086.subtreePrefetch.vllm.log,148,16,55,0.031230322356116842
/Users/jiangnanhugo/workspace/power-sharpening/Subtree-Prefetching-Power-Sharpening/case_studies/logs-entropycut/mbpp/2026-09-21/vllm/dataset-mbpp.model-qwen3.5-9b.alpha4.0.steps100.blocks-1.prefetch-budget-20.rank-accept_first.cut-entropy4.0.samples20.maxnew1024.seed10086.subtreePrefetch.vllm.log,148,17,29,0.22093166528098634
/Users/jiangnanhugo/workspace/power-sharpening/Subtree-Prefetching-Power-Sharpening/case_studies/logs-entropycut/mbpp/2026-09-21/vllm/dataset-mbpp.model-qwen3.5-9b.alpha4.0.steps100.blocks-1.prefetch-budget-20.rank-accept_first.cut-entropy4.0.samples20.maxnew1024.seed10086.subtreePrefetch.vllm.log,148,18,160,0.3127896360093704
/Users/jiangnanhugo/workspace/power-sharpening/Subtree-Prefetching-Power-Sharpening/case_studies/logs-entropycut/mbpp/2026-09-21/vllm/dataset-mbpp.model-qwen3.5-9b.alpha4.0.steps100.blocks-1.prefetch-budget-20.rank-accept_first.cut-entropy4.0.samples20.maxnew1024.seed10086.subtreePrefetch.vllm.log,148,19,29,0.22093166528098634
/Users/jiangnanhugo/workspace/power-sharpening/Subtree-Prefetching-Power-Sharpening/case_studies/logs-entropycut/mbpp/2026-09-21/vllm/dataset-mbpp.model-qwen3.5-9b.alpha4.0.steps100.blocks-1.prefetch-budget-20.rank-accept_first.cut-entropy4.0.samples20.maxnew1024.seed10086.subtreePrefetch.vllm.log,149,0,129,0.023323409326415995
/Users/jiangnanhugo/workspace/power-sharpening/Subtree-Prefetching-Power-Sharpening/case_studies/logs-entropycut/mbpp/2026-09-21/vllm/dataset-mbpp.model-qwen3.5-9b.alpha4.0.steps100.blocks-1.prefetch-budget-20.rank-accept_first.cut-entropy4.0.samples20.maxnew1024.seed10086.subtreePrefetch.vllm.log,149,1,29,0.22093166528098634
/Users/jiangnanhugo/workspace/power-sharpening/Subtree-Prefetching-Power-Sharpening/case_studies/logs-entropycut/mbpp/2026-09-21/vllm/dataset-mbpp.model-qwen3.5-9b.alpha4.0.steps100.blocks-1.prefetch-budget-20.rank-accept_first.cut-entropy4.0.samples20.maxnew1024.seed10086.subtreePrefetch.vllm.log,149,2,29,0.22093166528098634
/Users/jiangnanhugo/workspace/power-sharpening/Subtree-Prefetching-Power-Sharpening/case_studies/logs-entropycut/mbpp/2026-09-21/vllm/dataset-mbpp.model-qwen3.5-9b.alpha4.0.steps100.blocks-1.prefetch-budget-20.rank-accept_first.cut-entropy4.0.samples20.maxnew1024.seed10086.subtreePrefetch.vllm.log,149,3,35,0.00238940061861747
/Users/jiangnanhugo/workspace/power-sharpening/Subtree-Prefetching-Power-Sharpening/case_studies/logs-entropycut/mbpp/2026-09-21/vllm/dataset-mbpp.model-qwen3.5-9b.alpha4.0.steps100.blocks-1.prefetch-budget-20.rank-accept_first.cut-entropy4.0.samples20.maxnew1024.seed10086.subtreePrefetch.vllm.log,149,4,29,0.22093166528098634
/Users/jiangnanhugo/workspace/power-sharpening/Subtree-Prefetching-Power-Sharpening/case_studies/logs-entropycut/mbpp/2026-09-21/vllm/dataset-mbpp.model-qwen3.5-9b.alpha4.0.steps100.blocks-1.prefetch-budget-20.rank-accept_first.cut-entropy4.0.samples20.maxnew1024.seed10086.subtreePrefetch.vllm.log,149,5,29,0.22093166528098634
/Users/jiangnanhugo/workspace/power-sharpening/Subtree-Prefetching-Power-Sharpening/case_studies/logs-entropycut/mbpp/2026-09-21/vllm/dataset-mbpp.model-qwen3.5-9b.alpha4.0.steps100.blocks-1.prefetch-budget-20.rank-accept_first.cut-entropy4.0.samples20.maxnew1024.seed10086.subtreePrefetch.vllm.log,149,6,29,0.22093166528098634
/Users/jiangnanhugo/workspace/power-sharpening/Subtree-Prefetching-Power-Sharpening/case_studies/logs-entropycut/mbpp/2026-09-21/vllm/dataset-mbpp.model-qwen3.5-9b.alpha4.0.steps100.blocks-1.prefetch-budget-20.rank-accept_first.cut-entropy4.0.samples20.maxnew1024.seed10086.subtreePrefetch.vllm.log,149,7,55,0.031230322356116842
/Users/jiangnanhugo/workspace/power-sharpening/Subtree-Prefetching-Power-Sharpening/case_studies/logs-entropycut/mbpp/2026-09-21/vllm/dataset-mbpp.model-qwen3.5-9b.alpha4.0.steps100.blocks-1.prefetch-budget-20.rank-accept_first.cut-entropy4.0.samples20.maxnew1024.seed10086.subtreePrefetch.vllm.log,149,8,29,0.22093166528098634
/Users/jiangnanhugo/workspace/power-sharpening/Subtree-Prefetching-Power-Sharpening/case_studies/logs-entropycut/mbpp/2026-09-21/vllm/dataset-mbpp.model-qwen3.5-9b.alpha4.0.steps100.blocks-1.prefetch-budget-20.rank-accept_first.cut-entropy4.0.samples20.maxnew1024.seed10086.subtreePrefetch.vllm.log,149,9,29,0.22093166528098634
/Users/jiangnanhugo/workspace/power-sharpening/Subtree-Prefetching-Power-Sharpening/case_studies/logs-entropycut/mbpp/2026-09-21/vllm/dataset-mbpp.model-qwen3.5-9b.alpha4.0.steps100.blocks-1.prefetch-budget-20.rank-accept_first.cut-entropy4.0.samples20.maxnew1024.seed10086.subtreePrefetch.vllm.log,149,10,29,0.22093166528098634
/Users/jiangnanhugo/workspace/power-sharpening/Subtree-Prefetching-Power-Sharpening/case_studies/logs-entropycut/mbpp/2026-09-21/vllm/dataset-mbpp.model-qwen3.5-9b.alpha4.0.steps100.blocks-1.prefetch-budget-20.rank-accept_first.cut-entropy4.0.samples20.maxnew1024.seed10086.subtreePrefetch.vllm.log,149,11,29,0.22093166528098634
/Users/jiangnanhugo/workspace/power-sharpening/Subtree-Prefetching-Power-Sharpening/case_studies/logs-entropycut/mbpp/2026-09-21/vllm/dataset-mbpp.model-qwen3.5-9b.alpha4.0.steps100.blocks-1.prefetch-budget-20.rank-accept_first.cut-entropy4.0.samples20.maxnew1024.seed10086.subtreePrefetch.vllm.log,149,12,29,0.22093166528098634
/Users/jiangnanhugo/workspace/power-sharpening/Subtree-Prefetching-Power-Sharpening/case_studies/logs-entropycut/mbpp/2026-09-21/vllm/dataset-mbpp.model-qwen3.5-9b.alpha4.0.steps100.blocks-1.prefetch-budget-20.rank-accept_first.cut-entropy4.0.samples20.maxnew1024.seed10086.subtreePrefetch.vllm.log,149,13,29,0.22093166528098634
/Users/jiangnanhugo/workspace/power-sharpening/Subtree-Prefetching-Power-Sharpening/case_studies/logs-entropycut/mbpp/2026-09-21/vllm/dataset-mbpp.model-qwen3.5-9b.alpha4.0.steps100.blocks-1.prefetch-budget-20.rank-accept_first.cut-entropy4.0.samples20.maxnew1024.seed10086.subtreePrefetch.vllm.log,149,14,29,0.22093166528098634
/Users/jiangnanhugo/workspace/power-sharpening/Subtree-Prefetching-Power-Sharpening/case_studies/logs-entropycut/mbpp/2026-09-21/vllm/dataset-mbpp.model-qwen3.5-9b.alpha4.0.steps100.blocks-1.prefetch-budget-20.rank-accept_first.cut-entropy4.0.samples20.maxnew1024.seed10086.subtreePrefetch.vllm.log,149,15,55,0.031230322356116842
/Users/jiangnanhugo/workspace/power-sharpening/Subtree-Prefetching-Power-Sharpening/case_studies/logs-entropycut/mbpp/2026-09-21/vllm/dataset-mbpp.model-qwen3.5-9b.alpha4.0.steps100.blocks-1.prefetch-budget-20.rank-accept_first.cut-entropy4.0.samples20.maxnew1024.seed10086.subtreePrefetch.vllm.log,149,16,29,0.22093166528098634
/Users/jiangnanhugo/workspace/power-sharpening/Subtree-Prefetching-Power-Sharpening/case_studies/logs-entropycut/mbpp/2026-09-21/vllm/dataset-mbpp.model-qwen3.5-9b.alpha4.0.steps100.blocks-1.prefetch-budget-20.rank-accept_first.cut-entropy4.0.samples20.maxnew1024.seed10086.subtreePrefetch.vllm.log,149,17,29,0.22093166528098634
/Users/jiangnanhugo/workspace/power-sharpening/Subtree-Prefetching-Power-Sharpening/case_studies/logs-entropycut/mbpp/2026-09-21/vllm/dataset-mbpp.model-qwen3.5-9b.alpha4.0.steps100.blocks-1.prefetch-budget-20.rank-accept_first.cut-entropy4.0.samples20.maxnew1024.seed10086.subtreePrefetch.vllm.log,149,18,29,0.22093166528098634
/Users/jiangnanhugo/workspace/power-sharpening/Subtree-Prefetching-Power-Sharpening/case_studies/logs-entropycut/mbpp/2026-09-21/vllm/dataset-mbpp.model-qwen3.5-9b.alpha4.0.steps100.blocks-1.prefetch-budget-20.rank-accept_first.cut-entropy4.0.samples20.maxnew1024.seed10086.subtreePrefetch.vllm.log,149,19,29,0.22093166528098634
/Users/jiangnanhugo/workspace/power-sharpening/Subtree-Prefetching-Power-Sharpening/case_studies/logs-entropycut/mbpp/2026-09-21/vllm/dataset-mbpp.model-qwen3.5-9b.alpha4.0.steps100.blocks-1.prefetch-budget-20.rank-accept_first.cut-entropy4.0.samples20.maxnew1024.seed10086.subtreePrefetch.vllm.log,150,0,264,0.03590997517669056
/Users/jiangnanhugo/workspace/power-sharpening/Subtree-Prefetching-Power-Sharpening/case_studies/logs-entropycut/mbpp/2026-09-21/vllm/dataset-mbpp.model-qwen3.5-9b.alpha4.0.steps100.blocks-1.prefetch-budget-20.rank-accept_first.cut-entropy4.0.samples20.maxnew1024.seed10086.subtreePrefetch.vllm.log,150,1,160,0.3127896360093704
/Users/jiangnanhugo/workspace/power-sharpening/Subtree-Prefetching-Power-Sharpening/case_studies/logs-entropycut/mbpp/2026-09-21/vllm/dataset-mbpp.model-qwen3.5-9b.alpha4.0.steps100.blocks-1.prefetch-budget-20.rank-accept_first.cut-entropy4.0.samples20.maxnew1024.seed10086.subtreePrefetch.vllm.log,150,2,29,0.22093166528098634
/Users/jiangnanhugo/workspace/power-sharpening/Subtree-Prefetching-Power-Sharpening/case_studies/logs-entropycut/mbpp/2026-09-21/vllm/dataset-mbpp.model-qwen3.5-9b.alpha4.0.steps100.blocks-1.prefetch-budget-20.rank-accept_first.cut-entropy4.0.samples20.maxnew1024.seed10086.subtreePrefetch.vllm.log,150,3,160,0.3127896360093704
/Users/jiangnanhugo/workspace/power-sharpening/Subtree-Prefetching-Power-Sharpening/case_studies/logs-entropycut/mbpp/2026-09-21/vllm/dataset-mbpp.model-qwen3.5-9b.alpha4.0.steps100.blocks-1.prefetch-budget-20.rank-accept_first.cut-entropy4.0.samples20.maxnew1024.seed10086.subtreePrefetch.vllm.log,150,4,59,0.028651375362812807
/Users/jiangnanhugo/workspace/power-sharpening/Subtree-Prefetching-Power-Sharpening/case_studies/logs-entropycut/mbpp/2026-09-21/vllm/dataset-mbpp.model-qwen3.5-9b.alpha4.0.steps100.blocks-1.prefetch-budget-20.rank-accept_first.cut-entropy4.0.samples20.maxnew1024.seed10086.subtreePrefetch.vllm.log,150,5,23,0.002902381188424331
/Users/jiangnanhugo/workspace/power-sharpening/Subtree-Prefetching-Power-Sharpening/case_studies/logs-entropycut/mbpp/2026-09-21/vllm/dataset-mbpp.model-qwen3.5-9b.alpha4.0.steps100.blocks-1.prefetch-budget-20.rank-accept_first.cut-entropy4.0.samples20.maxnew1024.seed10086.subtreePrefetch.vllm.log,150,6,442,0.008987960213052806
/Users/jiangnanhugo/workspace/power-sharpening/Subtree-Prefetching-Power-Sharpening/case_studies/logs-entropycut/mbpp/2026-09-21/vllm/dataset-mbpp.model-qwen3.5-9b.alpha4.0.steps100.blocks-1.prefetch-budget-20.rank-accept_first.cut-entropy4.0.samples20.maxnew1024.seed10086.subtreePrefetch.vllm.log,150,7,129,0.023323409326415995
/Users/jiangnanhugo/workspace/power-sharpening/Subtree-Prefetching-Power-Sharpening/case_studies/logs-entropycut/mbpp/2026-09-21/vllm/dataset-mbpp.model-qwen3.5-9b.alpha4.0.steps100.blocks-1.prefetch-budget-20.rank-accept_first.cut-entropy4.0.samples20.maxnew1024.seed10086.subtreePrefetch.vllm.log,150,8,29,0.22093166528098634
/Users/jiangnanhugo/workspace/power-sharpening/Subtree-Prefetching-Power-Sharpening/case_studies/logs-entropycut/mbpp/2026-09-21/vllm/dataset-mbpp.model-qwen3.5-9b.alpha4.0.steps100.blocks-1.prefetch-budget-20.rank-accept_first.cut-entropy4.0.samples20.maxnew1024.seed10086.subtreePrefetch.vllm.log,150,9,160,0.3127896360093704
/Users/jiangnanhugo/workspace/power-sharpening/Subtree-Prefetching-Power-Sharpening/case_studies/logs-entropycut/mbpp/2026-09-21/vllm/dataset-mbpp.model-qwen3.5-9b.alpha4.0.steps100.blocks-1.prefetch-budget-20.rank-accept_first.cut-entropy4.0.samples20.maxnew1024.seed10086.subtreePrefetch.vllm.log,150,10,129,0.023323409326415995
/Users/jiangnanhugo/workspace/power-sharpening/Subtree-Prefetching-Power-Sharpening/case_studies/logs-entropycut/mbpp/2026-09-21/vllm/dataset-mbpp.model-qwen3.5-9b.alpha4.0.steps100.blocks-1.prefetch-budget-20.rank-accept_first.cut-entropy4.0.samples20.maxnew1024.seed10086.subtreePrefetch.vllm.log,150,11,94,0.01198756105647692
/Users/jiangnanhugo/workspace/power-sharpening/Subtree-Prefetching-Power-Sharpening/case_studies/logs-entropycut/mbpp/2026-09-21/vllm/dataset-mbpp.model-qwen3.5-9b.alpha4.0.steps100.blocks-1.prefetch-budget-20.rank-accept_first.cut-entropy4.0.samples20.maxnew1024.seed10086.subtreePrefetch.vllm.log,150,12,29,0.22093166528098634
/Users/jiangnanhugo/workspace/power-sharpening/Subtree-Prefetching-Power-Sharpening/case_studies/logs-entropycut/mbpp/2026-09-21/vllm/dataset-mbpp.model-qwen3.5-9b.alpha4.0.steps100.blocks-1.prefetch-budget-20.rank-accept_first.cut-entropy4.0.samples20.maxnew1024.seed10086.subtreePrefetch.vllm.log,150,13,825,0.009527247824374183
/Users/jiangnanhugo/workspace/power-sharpening/Subtree-Prefetching-Power-Sharpening/case_studies/logs-entropycut/mbpp/2026-09-21/vllm/dataset-mbpp.model-qwen3.5-9b.alpha4.0.steps100.blocks-1.prefetch-budget-20.rank-accept_first.cut-entropy4.0.samples20.maxnew1024.seed10086.subtreePrefetch.vllm.log,150,14,29,0.22093166528098634
/Users/jiangnanhugo/workspace/power-sharpening/Subtree-Prefetching-Power-Sharpening/case_studies/logs-entropycut/mbpp/2026-09-21/vllm/dataset-mbpp.model-qwen3.5-9b.alpha4.0.steps100.blocks-1.prefetch-budget-20.rank-accept_first.cut-entropy4.0.samples20.maxnew1024.seed10086.subtreePrefetch.vllm.log,150,15,160,0.3127896360093704
/Users/jiangnanhugo/workspace/power-sharpening/Subtree-Prefetching-Power-Sharpening/case_studies/logs-entropycut/mbpp/2026-09-21/vllm/dataset-mbpp.model-qwen3.5-9b.alpha4.0.steps100.blocks-1.prefetch-budget-20.rank-accept_first.cut-entropy4.0.samples20.maxnew1024.seed10086.subtreePrefetch.vllm.log,150,16,59,0.028651375362812807
/Users/jiangnanhugo/workspace/power-sharpening/Subtree-Prefetching-Power-Sharpening/case_studies/logs-entropycut/mbpp/2026-09-21/vllm/dataset-mbpp.model-qwen3.5-9b.alpha4.0.steps100.blocks-1.prefetch-budget-20.rank-accept_first.cut-entropy4.0.samples20.maxnew1024.seed10086.subtreePrefetch.vllm.log,150,17,29,0.22093166528098634
/Users/jiangnanhugo/workspace/power-sharpening/Subtree-Prefetching-Power-Sharpening/case_studies/logs-entropycut/mbpp/2026-09-21/vllm/dataset-mbpp.model-qwen3.5-9b.alpha4.0.steps100.blocks-1.prefetch-budget-20.rank-accept_first.cut-entropy4.0.samples20.maxnew1024.seed10086.subtreePrefetch.vllm.log,150,18,29,0.22093166528098634
/Users/jiangnanhugo/workspace/power-sharpening/Subtree-Prefetching-Power-Sharpening/case_studies/logs-entropycut/mbpp/2026-09-21/vllm/dataset-mbpp.model-qwen3.5-9b.alpha4.0.steps100.blocks-1.prefetch-budget-20.rank-accept_first.cut-entropy4.0.samples20.maxnew1024.seed10086.subtreePrefetch.vllm.log,150,19,55,0.031230322356116842
/Users/jiangnanhugo/workspace/power-sharpening/Subtree-Prefetching-Power-Sharpening/case_studies/logs-entropycut/mbpp/2026-09-21/vllm/dataset-mbpp.model-qwen3.5-9b.alpha4.0.steps100.blocks-1.prefetch-budget-20.rank-accept_first.cut-entropy4.0.samples20.maxnew1024.seed10086.subtreePrefetch.vllm.log,151,0,55,0.031535808002931064
/Users/jiangnanhugo/workspace/power-sharpening/Subtree-Prefetching-Power-Sharpening/case_studies/logs-entropycut/mbpp/2026-09-21/vllm/dataset-mbpp.model-qwen3.5-9b.alpha4.0.steps100.blocks-1.prefetch-budget-20.rank-accept_first.cut-entropy4.0.samples20.maxnew1024.seed10086.subtreePrefetch.vllm.log,151,1,29,0.22309275256982394
/Users/jiangnanhugo/workspace/power-sharpening/Subtree-Prefetching-Power-Sharpening/case_studies/logs-entropycut/mbpp/2026-09-21/vllm/dataset-mbpp.model-qwen3.5-9b.alpha4.0.steps100.blocks-1.prefetch-budget-20.rank-accept_first.cut-entropy4.0.samples20.maxnew1024.seed10086.subtreePrefetch.vllm.log,151,2,160,0.31584925041819806
/Users/jiangnanhugo/workspace/power-sharpening/Subtree-Prefetching-Power-Sharpening/case_studies/logs-entropycut/mbpp/2026-09-21/vllm/dataset-mbpp.model-qwen3.5-9b.alpha4.0.steps100.blocks-1.prefetch-budget-20.rank-accept_first.cut-entropy4.0.samples20.maxnew1024.seed10086.subtreePrefetch.vllm.log,151,3,773,0.07188962870301294
/Users/jiangnanhugo/workspace/power-sharpening/Subtree-Prefetching-Power-Sharpening/case_studies/logs-entropycut/mbpp/2026-09-21/vllm/dataset-mbpp.model-qwen3.5-9b.alpha4.0.steps100.blocks-1.prefetch-budget-20.rank-accept_first.cut-entropy4.0.samples20.maxnew1024.seed10086.subtreePrefetch.vllm.log,151,4,29,0.22309275256982394
/Users/jiangnanhugo/workspace/power-sharpening/Subtree-Prefetching-Power-Sharpening/case_studies/logs-entropycut/mbpp/2026-09-21/vllm/dataset-mbpp.model-qwen3.5-9b.alpha4.0.steps100.blocks-1.prefetch-budget-20.rank-accept_first.cut-entropy4.0.samples20.maxnew1024.seed10086.subtreePrefetch.vllm.log,151,5,29,0.22309275256982394
/Users/jiangnanhugo/workspace/power-sharpening/Subtree-Prefetching-Power-Sharpening/case_studies/logs-entropycut/mbpp/2026-09-21/vllm/dataset-mbpp.model-qwen3.5-9b.alpha4.0.steps100.blocks-1.prefetch-budget-20.rank-accept_first.cut-entropy4.0.samples20.maxnew1024.seed10086.subtreePrefetch.vllm.log,151,6,29,0.22309275256982394
/Users/jiangnanhugo/workspace/power-sharpening/Subtree-Prefetching-Power-Sharpening/case_studies/logs-entropycut/mbpp/2026-09-21/vllm/dataset-mbpp.model-qwen3.5-9b.alpha4.0.steps100.blocks-1.prefetch-budget-20.rank-accept_first.cut-entropy4.0.samples20.maxnew1024.seed10086.subtreePrefetch.vllm.log,151,7,264,0.03626123578389289
/Users/jiangnanhugo/workspace/power-sharpening/Subtree-Prefetching-Power-Sharpening/case_studies/logs-entropycut/mbpp/2026-09-21/vllm/dataset-mbpp.model-qwen3.5-9b.alpha4.0.steps100.blocks-1.prefetch-budget-20.rank-accept_first.cut-entropy4.0.samples20.maxnew1024.seed10086.subtreePrefetch.vllm.log,151,8,29,0.22309275256982394
/Users/jiangnanhugo/workspace/power-sharpening/Subtree-Prefetching-Power-Sharpening/case_studies/logs-entropycut/mbpp/2026-09-21/vllm/dataset-mbpp.model-qwen3.5-9b.alpha4.0.steps100.blocks-1.prefetch-budget-20.rank-accept_first.cut-entropy4.0.samples20.maxnew1024.seed10086.subtreePrefetch.vllm.log,151,9,160,0.31584925041819806
/Users/jiangnanhugo/workspace/power-sharpening/Subtree-Prefetching-Power-Sharpening/case_studies/logs-entropycut/mbpp/2026-09-21/vllm/dataset-mbpp.model-qwen3.5-9b.alpha4.0.steps100.blocks-1.prefetch-budget-20.rank-accept_first.cut-entropy4.0.samples20.maxnew1024.seed10086.subtreePrefetch.vllm.log,151,10,29,0.22309275256982394
/Users/jiangnanhugo/workspace/power-sharpening/Subtree-Prefetching-Power-Sharpening/case_studies/logs-entropycut/mbpp/2026-09-21/vllm/dataset-mbpp.model-qwen3.5-9b.alpha4.0.steps100.blocks-1.prefetch-budget-20.rank-accept_first.cut-entropy4.0.samples20.maxnew1024.seed10086.subtreePrefetch.vllm.log,151,11,29,0.22309275256982394
/Users/jiangnanhugo/workspace/power-sharpening/Subtree-Prefetching-Power-Sharpening/case_studies/logs-entropycut/mbpp/2026-09-21/vllm/dataset-mbpp.model-qwen3.5-9b.alpha4.0.steps100.blocks-1.prefetch-budget-20.rank-accept_first.cut-entropy4.0.samples20.maxnew1024.seed10086.subtreePrefetch.vllm.log,151,12,29,0.22309275256982394
/Users/jiangnanhugo/workspace/power-sharpening/Subtree-Prefetching-Power-Sharpening/case_studies/logs-entropycut/mbpp/2026-09-21/vllm/dataset-mbpp.model-qwen3.5-9b.alpha4.0.steps100.blocks-1.prefetch-budget-20.rank-accept_first.cut-entropy4.0.samples20.maxnew1024.seed10086.subtreePrefetch.vllm.log,151,13,160,0.31584925041819806
/Users/jiangnanhugo/workspace/power-sharpening/Subtree-Prefetching-Power-Sharpening/case_studies/logs-entropycut/mbpp/2026-09-21/vllm/dataset-mbpp.model-qwen3.5-9b.alpha4.0.steps100.blocks-1.prefetch-budget-20.rank-accept_first.cut-entropy4.0.samples20.maxnew1024.seed10086.subtreePrefetch.vllm.log,151,14,59,0.02893163452360599
/Users/jiangnanhugo/workspace/power-sharpening/Subtree-Prefetching-Power-Sharpening/case_studies/logs-entropycut/mbpp/2026-09-21/vllm/dataset-mbpp.model-qwen3.5-9b.alpha4.0.steps100.blocks-1.prefetch-budget-20.rank-accept_first.cut-entropy4.0.samples20.maxnew1024.seed10086.subtreePrefetch.vllm.log,151,15,59,0.02893163452360599
/Users/jiangnanhugo/workspace/power-sharpening/Subtree-Prefetching-Power-Sharpening/case_studies/logs-entropycut/mbpp/2026-09-21/vllm/dataset-mbpp.model-qwen3.5-9b.alpha4.0.steps100.blocks-1.prefetch-budget-20.rank-accept_first.cut-entropy4.0.samples20.maxnew1024.seed10086.subtreePrefetch.vllm.log,151,16,160,0.31584925041819806
/Users/jiangnanhugo/workspace/power-sharpening/Subtree-Prefetching-Power-Sharpening/case_studies/logs-entropycut/mbpp/2026-09-21/vllm/dataset-mbpp.model-qwen3.5-9b.alpha4.0.steps100.blocks-1.prefetch-budget-20.rank-accept_first.cut-entropy4.0.samples20.maxnew1024.seed10086.subtreePrefetch.vllm.log,151,17,54,0.004429755429085875
/Users/jiangnanhugo/workspace/power-sharpening/Subtree-Prefetching-Power-Sharpening/case_studies/logs-entropycut/mbpp/2026-09-21/vllm/dataset-mbpp.model-qwen3.5-9b.alpha4.0.steps100.blocks-1.prefetch-budget-20.rank-accept_first.cut-entropy4.0.samples20.maxnew1024.seed10086.subtreePrefetch.vllm.log,151,18,29,0.22309275256982394
/Users/jiangnanhugo/workspace/power-sharpening/Subtree-Prefetching-Power-Sharpening/case_studies/logs-entropycut/mbpp/2026-09-21/vllm/dataset-mbpp.model-qwen3.5-9b.alpha4.0.steps100.blocks-1.prefetch-budget-20.rank-accept_first.cut-entropy4.0.samples20.maxnew1024.seed10086.subtreePrefetch.vllm.log,151,19,732,0.06225637800129854
/Users/jiangnanhugo/workspace/power-sharpening/Subtree-Prefetching-Power-Sharpening/case_studies/logs-entropycut/mbpp/2026-09-21/vllm/dataset-mbpp.model-qwen3.5-9b.alpha4.0.steps100.blocks-1.prefetch-budget-20.rank-accept_first.cut-entropy4.0.samples20.maxnew1024.seed10086.subtreePrefetch.vllm.log,152,0,160,0.3158492312748796
/Users/jiangnanhugo/workspace/power-sharpening/Subtree-Prefetching-Power-Sharpening/case_studies/logs-entropycut/mbpp/2026-09-21/vllm/dataset-mbpp.model-qwen3.5-9b.alpha4.0.steps100.blocks-1.prefetch-budget-20.rank-accept_first.cut-entropy4.0.samples20.maxnew1024.seed10086.subtreePrefetch.vllm.log,152,1,29,0.22309273904838742
/Users/jiangnanhugo/workspace/power-sharpening/Subtree-Prefetching-Power-Sharpening/case_studies/logs-entropycut/mbpp/2026-09-21/vllm/dataset-mbpp.model-qwen3.5-9b.alpha4.0.steps100.blocks-1.prefetch-budget-20.rank-accept_first.cut-entropy4.0.samples20.maxnew1024.seed10086.subtreePrefetch.vllm.log,152,2,413,0.011585501950754034
/Users/jiangnanhugo/workspace/power-sharpening/Subtree-Prefetching-Power-Sharpening/case_studies/logs-entropycut/mbpp/2026-09-21/vllm/dataset-mbpp.model-qwen3.5-9b.alpha4.0.steps100.blocks-1.prefetch-budget-20.rank-accept_first.cut-entropy4.0.samples20.maxnew1024.seed10086.subtreePrefetch.vllm.log,152,3,160,0.3158492312748796
/Users/jiangnanhugo/workspace/power-sharpening/Subtree-Prefetching-Power-Sharpening/case_studies/logs-entropycut/mbpp/2026-09-21/vllm/dataset-mbpp.model-qwen3.5-9b.alpha4.0.steps100.blocks-1.prefetch-budget-20.rank-accept_first.cut-entropy4.0.samples20.maxnew1024.seed10086.subtreePrefetch.vllm.log,152,4,94,0.012104819049808582
/Users/jiangnanhugo/workspace/power-sharpening/Subtree-Prefetching-Power-Sharpening/case_studies/logs-entropycut/mbpp/2026-09-21/vllm/dataset-mbpp.model-qwen3.5-9b.alpha4.0.steps100.blocks-1.prefetch-budget-20.rank-accept_first.cut-entropy4.0.samples20.maxnew1024.seed10086.subtreePrefetch.vllm.log,152,5,517,0.0007608757326301351
/Users/jiangnanhugo/workspace/power-sharpening/Subtree-Prefetching-Power-Sharpening/case_studies/logs-entropycut/mbpp/2026-09-21/vllm/dataset-mbpp.model-qwen3.5-9b.alpha4.0.steps100.blocks-1.prefetch-budget-20.rank-accept_first.cut-entropy4.0.samples20.maxnew1024.seed10086.subtreePrefetch.vllm.log,152,6,160,0.3158492312748796
/Users/jiangnanhugo/workspace/power-sharpening/Subtree-Prefetching-Power-Sharpening/case_studies/logs-entropycut/mbpp/2026-09-21/vllm/dataset-mbpp.model-qwen3.5-9b.alpha4.0.steps100.blocks-1.prefetch-budget-20.rank-accept_first.cut-entropy4.0.samples20.maxnew1024.seed10086.subtreePrefetch.vllm.log,152,7,281,0.017210958782815197
/Users/jiangnanhugo/workspace/power-sharpening/Subtree-Prefetching-Power-Sharpening/case_studies/logs-entropycut/mbpp/2026-09-21/vllm/dataset-mbpp.model-qwen3.5-9b.alpha4.0.steps100.blocks-1.prefetch-budget-20.rank-accept_first.cut-entropy4.0.samples20.maxnew1024.seed10086.subtreePrefetch.vllm.log,152,8,160,0.3158492312748796
/Users/jiangnanhugo/workspace/power-sharpening/Subtree-Prefetching-Power-Sharpening/case_studies/logs-entropycut/mbpp/2026-09-21/vllm/dataset-mbpp.model-qwen3.5-9b.alpha4.0.steps100.blocks-1.prefetch-budget-20.rank-accept_first.cut-entropy4.0.samples20.maxnew1024.seed10086.subtreePrefetch.vllm.log,152,9,55,0.031535806091576156
/Users/jiangnanhugo/workspace/power-sharpening/Subtree-Prefetching-Power-Sharpening/case_studies/logs-entropycut/mbpp/2026-09-21/vllm/dataset-mbpp.model-qwen3.5-9b.alpha4.0.steps100.blocks-1.prefetch-budget-20.rank-accept_first.cut-entropy4.0.samples20.maxnew1024.seed10086.subtreePrefetch.vllm.log,152,10,29,0.22309273904838742
/Users/jiangnanhugo/workspace/power-sharpening/Subtree-Prefetching-Power-Sharpening/case_studies/logs-entropycut/mbpp/2026-09-21/vllm/dataset-mbpp.model-qwen3.5-9b.alpha4.0.steps100.blocks-1.prefetch-budget-20.rank-accept_first.cut-entropy4.0.samples20.maxnew1024.seed10086.subtreePrefetch.vllm.log,152,11,29,0.22309273904838742
/Users/jiangnanhugo/workspace/power-sharpening/Subtree-Prefetching-Power-Sharpening/case_studies/logs-entropycut/mbpp/2026-09-21/vllm/dataset-mbpp.model-qwen3.5-9b.alpha4.0.steps100.blocks-1.prefetch-budget-20.rank-accept_first.cut-entropy4.0.samples20.maxnew1024.seed10086.subtreePrefetch.vllm.log,152,12,160,0.3158492312748796
/Users/jiangnanhugo/workspace/power-sharpening/Subtree-Prefetching-Power-Sharpening/case_studies/logs-entropycut/mbpp/2026-09-21/vllm/dataset-mbpp.model-qwen3.5-9b.alpha4.0.steps100.blocks-1.prefetch-budget-20.rank-accept_first.cut-entropy4.0.samples20.maxnew1024.seed10086.subtreePrefetch.vllm.log,152,13,29,0.22309273904838742
/Users/jiangnanhugo/workspace/power-sharpening/Subtree-Prefetching-Power-Sharpening/case_studies/logs-entropycut/mbpp/2026-09-21/vllm/dataset-mbpp.model-qwen3.5-9b.alpha4.0.steps100.blocks-1.prefetch-budget-20.rank-accept_first.cut-entropy4.0.samples20.maxnew1024.seed10086.subtreePrefetch.vllm.log,152,14,268,0.005968711016308103
/Users/jiangnanhugo/workspace/power-sharpening/Subtree-Prefetching-Power-Sharpening/case_studies/logs-entropycut/mbpp/2026-09-21/vllm/dataset-mbpp.model-qwen3.5-9b.alpha4.0.steps100.blocks-1.prefetch-budget-20.rank-accept_first.cut-entropy4.0.samples20.maxnew1024.seed10086.subtreePrefetch.vllm.log,152,15,160,0.3158492312748796
/Users/jiangnanhugo/workspace/power-sharpening/Subtree-Prefetching-Power-Sharpening/case_studies/logs-entropycut/mbpp/2026-09-21/vllm/dataset-mbpp.model-qwen3.5-9b.alpha4.0.steps100.blocks-1.prefetch-budget-20.rank-accept_first.cut-entropy4.0.samples20.maxnew1024.seed10086.subtreePrefetch.vllm.log,152,16,29,0.22309273904838742
/Users/jiangnanhugo/workspace/power-sharpening/Subtree-Prefetching-Power-Sharpening/case_studies/logs-entropycut/mbpp/2026-09-21/vllm/dataset-mbpp.model-qwen3.5-9b.alpha4.0.steps100.blocks-1.prefetch-budget-20.rank-accept_first.cut-entropy4.0.samples20.maxnew1024.seed10086.subtreePrefetch.vllm.log,152,17,160,0.3158492312748796
/Users/jiangnanhugo/workspace/power-sharpening/Subtree-Prefetching-Power-Sharpening/case_studies/logs-entropycut/mbpp/2026-09-21/vllm/dataset-mbpp.model-qwen3.5-9b.alpha4.0.steps100.blocks-1.prefetch-budget-20.rank-accept_first.cut-entropy4.0.samples20.maxnew1024.seed10086.subtreePrefetch.vllm.log,152,18,160,0.3158492312748796
/Users/jiangnanhugo/workspace/power-sharpening/Subtree-Prefetching-Power-Sharpening/case_studies/logs-entropycut/mbpp/2026-09-21/vllm/dataset-mbpp.model-qwen3.5-9b.alpha4.0.steps100.blocks-1.prefetch-budget-20.rank-accept_first.cut-entropy4.0.samples20.maxnew1024.seed10086.subtreePrefetch.vllm.log,152,19,29,0.22309273904838742
/Users/jiangnanhugo/workspace/power-sharpening/Subtree-Prefetching-Power-Sharpening/case_studies/logs-entropycut/mbpp/2026-09-21/vllm/dataset-mbpp.model-qwen3.5-9b.alpha4.0.steps100.blocks-1.prefetch-budget-20.rank-accept_first.cut-entropy4.0.samples20.maxnew1024.seed10086.subtreePrefetch.vllm.log,153,0,160,0.3437672281352824
/Users/jiangnanhugo/workspace/power-sharpening/Subtree-Prefetching-Power-Sharpening/case_studies/logs-entropycut/mbpp/2026-09-21/vllm/dataset-mbpp.model-qwen3.5-9b.alpha4.0.steps100.blocks-1.prefetch-budget-20.rank-accept_first.cut-entropy4.0.samples20.maxnew1024.seed10086.subtreePrefetch.vllm.log,153,1,29,0.24281196509554887
/Users/jiangnanhugo/workspace/power-sharpening/Subtree-Prefetching-Power-Sharpening/case_studies/logs-entropycut/mbpp/2026-09-21/vllm/dataset-mbpp.model-qwen3.5-9b.alpha4.0.steps100.blocks-1.prefetch-budget-20.rank-accept_first.cut-entropy4.0.samples20.maxnew1024.seed10086.subtreePrefetch.vllm.log,153,2,160,0.3437672281352824
/Users/jiangnanhugo/workspace/power-sharpening/Subtree-Prefetching-Power-Sharpening/case_studies/logs-entropycut/mbpp/2026-09-21/vllm/dataset-mbpp.model-qwen3.5-9b.alpha4.0.steps100.blocks-1.prefetch-budget-20.rank-accept_first.cut-entropy4.0.samples20.maxnew1024.seed10086.subtreePrefetch.vllm.log,153,3,160,0.3437672281352824
/Users/jiangnanhugo/workspace/power-sharpening/Subtree-Prefetching-Power-Sharpening/case_studies/logs-entropycut/mbpp/2026-09-21/vllm/dataset-mbpp.model-qwen3.5-9b.alpha4.0.steps100.blocks-1.prefetch-budget-20.rank-accept_first.cut-entropy4.0.samples20.maxnew1024.seed10086.subtreePrefetch.vllm.log,153,4,160,0.3437672281352824
/Users/jiangnanhugo/workspace/power-sharpening/Subtree-Prefetching-Power-Sharpening/case_studies/logs-entropycut/mbpp/2026-09-21/vllm/dataset-mbpp.model-qwen3.5-9b.alpha4.0.steps100.blocks-1.prefetch-budget-20.rank-accept_first.cut-entropy4.0.samples20.maxnew1024.seed10086.subtreePrefetch.vllm.log,153,5,55,0.03432326430985714
/Users/jiangnanhugo/workspace/power-sharpening/Subtree-Prefetching-Power-Sharpening/case_studies/logs-entropycut/mbpp/2026-09-21/vllm/dataset-mbpp.model-qwen3.5-9b.alpha4.0.steps100.blocks-1.prefetch-budget-20.rank-accept_first.cut-entropy4.0.samples20.maxnew1024.seed10086.subtreePrefetch.vllm.log,153,6,160,0.3437672281352824
/Users/jiangnanhugo/workspace/power-sharpening/Subtree-Prefetching-Power-Sharpening/case_studies/logs-entropycut/mbpp/2026-09-21/vllm/dataset-mbpp.model-qwen3.5-9b.alpha4.0.steps100.blocks-1.prefetch-budget-20.rank-accept_first.cut-entropy4.0.samples20.maxnew1024.seed10086.subtreePrefetch.vllm.log,153,7,129,0.025633278254035326
/Users/jiangnanhugo/workspace/power-sharpening/Subtree-Prefetching-Power-Sharpening/case_studies/logs-entropycut/mbpp/2026-09-21/vllm/dataset-mbpp.model-qwen3.5-9b.alpha4.0.steps100.blocks-1.prefetch-budget-20.rank-accept_first.cut-entropy4.0.samples20.maxnew1024.seed10086.subtreePrefetch.vllm.log,153,8,160,0.3437672281352824
/Users/jiangnanhugo/workspace/power-sharpening/Subtree-Prefetching-Power-Sharpening/case_studies/logs-entropycut/mbpp/2026-09-21/vllm/dataset-mbpp.model-qwen3.5-9b.alpha4.0.steps100.blocks-1.prefetch-budget-20.rank-accept_first.cut-entropy4.0.samples20.maxnew1024.seed10086.subtreePrefetch.vllm.log,153,9,160,0.3437672281352824
/Users/jiangnanhugo/workspace/power-sharpening/Subtree-Prefetching-Power-Sharpening/case_studies/logs-entropycut/mbpp/2026-09-21/vllm/dataset-mbpp.model-qwen3.5-9b.alpha4.0.steps100.blocks-1.prefetch-budget-20.rank-accept_first.cut-entropy4.0.samples20.maxnew1024.seed10086.subtreePrefetch.vllm.log,153,10,2,0.008202023827630089
/Users/jiangnanhugo/workspace/power-sharpening/Subtree-Prefetching-Power-Sharpening/case_studies/logs-entropycut/mbpp/2026-09-21/vllm/dataset-mbpp.model-qwen3.5-9b.alpha4.0.steps100.blocks-1.prefetch-budget-20.rank-accept_first.cut-entropy4.0.samples20.maxnew1024.seed10086.subtreePrefetch.vllm.log,153,11,160,0.3437672281352824
/Users/jiangnanhugo/workspace/power-sharpening/Subtree-Prefetching-Power-Sharpening/case_studies/logs-entropycut/mbpp/2026-09-21/vllm/dataset-mbpp.model-qwen3.5-9b.alpha4.0.steps100.blocks-1.prefetch-budget-20.rank-accept_first.cut-entropy4.0.samples20.maxnew1024.seed10086.subtreePrefetch.vllm.log,153,12,59,0.03148890742160848
/Users/jiangnanhugo/workspace/power-sharpening/Subtree-Prefetching-Power-Sharpening/case_studies/logs-entropycut/mbpp/2026-09-21/vllm/dataset-mbpp.model-qwen3.5-9b.alpha4.0.steps100.blocks-1.prefetch-budget-20.rank-accept_first.cut-entropy4.0.samples20.maxnew1024.seed10086.subtreePrefetch.vllm.log,153,13,42,0.002767163224207536
/Users/jiangnanhugo/workspace/power-sharpening/Subtree-Prefetching-Power-Sharpening/case_studies/logs-entropycut/mbpp/2026-09-21/vllm/dataset-mbpp.model-qwen3.5-9b.alpha4.0.steps100.blocks-1.prefetch-budget-20.rank-accept_first.cut-entropy4.0.samples20.maxnew1024.seed10086.subtreePrefetch.vllm.log,153,14,160,0.3437672281352824
/Users/jiangnanhugo/workspace/power-sharpening/Subtree-Prefetching-Power-Sharpening/case_studies/logs-entropycut/mbpp/2026-09-21/vllm/dataset-mbpp.model-qwen3.5-9b.alpha4.0.steps100.blocks-1.prefetch-budget-20.rank-accept_first.cut-entropy4.0.samples20.maxnew1024.seed10086.subtreePrefetch.vllm.log,153,15,29,0.24281196509554887
/Users/jiangnanhugo/workspace/power-sharpening/Subtree-Prefetching-Power-Sharpening/case_studies/logs-entropycut/mbpp/2026-09-21/vllm/dataset-mbpp.model-qwen3.5-9b.alpha4.0.steps100.blocks-1.prefetch-budget-20.rank-accept_first.cut-entropy4.0.samples20.maxnew1024.seed10086.subtreePrefetch.vllm.log,153,16,55,0.03432326430985714
/Users/jiangnanhugo/workspace/power-sharpening/Subtree-Prefetching-Power-Sharpening/case_studies/logs-entropycut/mbpp/2026-09-21/vllm/dataset-mbpp.model-qwen3.5-9b.alpha4.0.steps100.blocks-1.prefetch-budget-20.rank-accept_first.cut-entropy4.0.samples20.maxnew1024.seed10086.subtreePrefetch.vllm.log,153,17,29,0.24281196509554887
/Users/jiangnanhugo/workspace/power-sharpening/Subtree-Prefetching-Power-Sharpening/case_studies/logs-entropycut/mbpp/2026-09-21/vllm/dataset-mbpp.model-qwen3.5-9b.alpha4.0.steps100.blocks-1.prefetch-budget-20.rank-accept_first.cut-entropy4.0.samples20.maxnew1024.seed10086.subtreePrefetch.vllm.log,153,18,29,0.24281196509554887
/Users/jiangnanhugo/workspace/power-sharpening/Subtree-Prefetching-Power-Sharpening/case_studies/logs-entropycut/mbpp/2026-09-21/vllm/dataset-mbpp.model-qwen3.5-9b.alpha4.0.steps100.blocks-1.prefetch-budget-20.rank-accept_first.cut-entropy4.0.samples20.maxnew1024.seed10086.subtreePrefetch.vllm.log,153,19,160,0.3437672281352824
/Users/jiangnanhugo/workspace/power-sharpening/Subtree-Prefetching-Power-Sharpening/case_studies/logs-entropycut/mbpp/2026-09-21/vllm/dataset-mbpp.model-qwen3.5-9b.alpha4.0.steps100.blocks-1.prefetch-budget-20.rank-accept_first.cut-entropy4.0.samples20.maxnew1024.seed10086.subtreePrefetch.vllm.log,154,0,460,0.02655757508948547
/Users/jiangnanhugo/workspace/power-sharpening/Subtree-Prefetching-Power-Sharpening/case_studies/logs-entropycut/mbpp/2026-09-21/vllm/dataset-mbpp.model-qwen3.5-9b.alpha4.0.steps100.blocks-1.prefetch-budget-20.rank-accept_first.cut-entropy4.0.samples20.maxnew1024.seed10086.subtreePrefetch.vllm.log,154,1,129,0.025633278254035326
/Users/jiangnanhugo/workspace/power-sharpening/Subtree-Prefetching-Power-Sharpening/case_studies/logs-entropycut/mbpp/2026-09-21/vllm/dataset-mbpp.model-qwen3.5-9b.alpha4.0.steps100.blocks-1.prefetch-budget-20.rank-accept_first.cut-entropy4.0.samples20.maxnew1024.seed10086.subtreePrefetch.vllm.log,154,2,29,0.24281196509554887
/Users/jiangnanhugo/workspace/power-sharpening/Subtree-Prefetching-Power-Sharpening/case_studies/logs-entropycut/mbpp/2026-09-21/vllm/dataset-mbpp.model-qwen3.5-9b.alpha4.0.steps100.blocks-1.prefetch-budget-20.rank-accept_first.cut-entropy4.0.samples20.maxnew1024.seed10086.subtreePrefetch.vllm.log,154,3,160,0.3437672281352824
/Users/jiangnanhugo/workspace/power-sharpening/Subtree-Prefetching-Power-Sharpening/case_studies/logs-entropycut/mbpp/2026-09-21/vllm/dataset-mbpp.model-qwen3.5-9b.alpha4.0.steps100.blocks-1.prefetch-budget-20.rank-accept_first.cut-entropy4.0.samples20.maxnew1024.seed10086.subtreePrefetch.vllm.log,154,4,55,0.03432326430985714
/Users/jiangnanhugo/workspace/power-sharpening/Subtree-Prefetching-Power-Sharpening/case_studies/logs-entropycut/mbpp/2026-09-21/vllm/dataset-mbpp.model-qwen3.5-9b.alpha4.0.steps100.blocks-1.prefetch-budget-20.rank-accept_first.cut-entropy4.0.samples20.maxnew1024.seed10086.subtreePrefetch.vllm.log,154,5,29,0.24281196509554887
/Users/jiangnanhugo/workspace/power-sharpening/Subtree-Prefetching-Power-Sharpening/case_studies/logs-entropycut/mbpp/2026-09-21/vllm/dataset-mbpp.model-qwen3.5-9b.alpha4.0.steps100.blocks-1.prefetch-budget-20.rank-accept_first.cut-entropy4.0.samples20.maxnew1024.seed10086.subtreePrefetch.vllm.log,154,6,160,0.3437672281352824
/Users/jiangnanhugo/workspace/power-sharpening/Subtree-Prefetching-Power-Sharpening/case_studies/logs-entropycut/mbpp/2026-09-21/vllm/dataset-mbpp.model-qwen3.5-9b.alpha4.0.steps100.blocks-1.prefetch-budget-20.rank-accept_first.cut-entropy4.0.samples20.maxnew1024.seed10086.subtreePrefetch.vllm.log,154,7,29,0.24281196509554887
/Users/jiangnanhugo/workspace/power-sharpening/Subtree-Prefetching-Power-Sharpening/case_studies/logs-entropycut/mbpp/2026-09-21/vllm/dataset-mbpp.model-qwen3.5-9b.alpha4.0.steps100.blocks-1.prefetch-budget-20.rank-accept_first.cut-entropy4.0.samples20.maxnew1024.seed10086.subtreePrefetch.vllm.log,154,8,29,0.24281196509554887
/Users/jiangnanhugo/workspace/power-sharpening/Subtree-Prefetching-Power-Sharpening/case_studies/logs-entropycut/mbpp/2026-09-21/vllm/dataset-mbpp.model-qwen3.5-9b.alpha4.0.steps100.blocks-1.prefetch-budget-20.rank-accept_first.cut-entropy4.0.samples20.maxnew1024.seed10086.subtreePrefetch.vllm.log,154,9,29,0.24281196509554887
/Users/jiangnanhugo/workspace/power-sharpening/Subtree-Prefetching-Power-Sharpening/case_studies/logs-entropycut/mbpp/2026-09-21/vllm/dataset-mbpp.model-qwen3.5-9b.alpha4.0.steps100.blocks-1.prefetch-budget-20.rank-accept_first.cut-entropy4.0.samples20.maxnew1024.seed10086.subtreePrefetch.vllm.log,154,10,29,0.24281196509554887
/Users/jiangnanhugo/workspace/power-sharpening/Subtree-Prefetching-Power-Sharpening/case_studies/logs-entropycut/mbpp/2026-09-21/vllm/dataset-mbpp.model-qwen3.5-9b.alpha4.0.steps100.blocks-1.prefetch-budget-20.rank-accept_first.cut-entropy4.0.samples20.maxnew1024.seed10086.subtreePrefetch.vllm.log,154,11,129,0.025633278254035326
/Users/jiangnanhugo/workspace/power-sharpening/Subtree-Prefetching-Power-Sharpening/case_studies/logs-entropycut/mbpp/2026-09-21/vllm/dataset-mbpp.model-qwen3.5-9b.alpha4.0.steps100.blocks-1.prefetch-budget-20.rank-accept_first.cut-entropy4.0.samples20.maxnew1024.seed10086.subtreePrefetch.vllm.log,154,12,23,0.0031898228754188296
/Users/jiangnanhugo/workspace/power-sharpening/Subtree-Prefetching-Power-Sharpening/case_studies/logs-entropycut/mbpp/2026-09-21/vllm/dataset-mbpp.model-qwen3.5-9b.alpha4.0.steps100.blocks-1.prefetch-budget-20.rank-accept_first.cut-entropy4.0.samples20.maxnew1024.seed10086.subtreePrefetch.vllm.log,154,13,809,0.0656703923215115
/Users/jiangnanhugo/workspace/power-sharpening/Subtree-Prefetching-Power-Sharpening/case_studies/logs-entropycut/mbpp/2026-09-21/vllm/dataset-mbpp.model-qwen3.5-9b.alpha4.0.steps100.blocks-1.prefetch-budget-20.rank-accept_first.cut-entropy4.0.samples20.maxnew1024.seed10086.subtreePrefetch.vllm.log,154,14,29,0.24281196509554887
/Users/jiangnanhugo/workspace/power-sharpening/Subtree-Prefetching-Power-Sharpening/case_studies/logs-entropycut/mbpp/2026-09-21/vllm/dataset-mbpp.model-qwen3.5-9b.alpha4.0.steps100.blocks-1.prefetch-budget-20.rank-accept_first.cut-entropy4.0.samples20.maxnew1024.seed10086.subtreePrefetch.vllm.log,154,15,55,0.03432326430985714
/Users/jiangnanhugo/workspace/power-sharpening/Subtree-Prefetching-Power-Sharpening/case_studies/logs-entropycut/mbpp/2026-09-21/vllm/dataset-mbpp.model-qwen3.5-9b.alpha4.0.steps100.blocks-1.prefetch-budget-20.rank-accept_first.cut-entropy4.0.samples20.maxnew1024.seed10086.subtreePrefetch.vllm.log,154,16,160,0.3437672281352824
/Users/jiangnanhugo/workspace/power-sharpening/Subtree-Prefetching-Power-Sharpening/case_studies/logs-entropycut/mbpp/2026-09-21/vllm/dataset-mbpp.model-qwen3.5-9b.alpha4.0.steps100.blocks-1.prefetch-budget-20.rank-accept_first.cut-entropy4.0.samples20.maxnew1024.seed10086.subtreePrefetch.vllm.log,154,17,55,0.03432326430985714
/Users/jiangnanhugo/workspace/power-sharpening/Subtree-Prefetching-Power-Sharpening/case_studies/logs-entropycut/mbpp/2026-09-21/vllm/dataset-mbpp.model-qwen3.5-9b.alpha4.0.steps100.blocks-1.prefetch-budget-20.rank-accept_first.cut-entropy4.0.samples20.maxnew1024.seed10086.subtreePrefetch.vllm.log,154,18,809,0.0656703923215115
/Users/jiangnanhugo/workspace/power-sharpening/Subtree-Prefetching-Power-Sharpening/case_studies/logs-entropycut/mbpp/2026-09-21/vllm/dataset-mbpp.model-qwen3.5-9b.alpha4.0.steps100.blocks-1.prefetch-budget-20.rank-accept_first.cut-entropy4.0.samples20.maxnew1024.seed10086.subtreePrefetch.vllm.log,154,19,29,0.24281196509554887
/Users/jiangnanhugo/workspace/power-sharpening/Subtree-Prefetching-Power-Sharpening/case_studies/logs-entropycut/mbpp/2026-09-21/vllm/dataset-mbpp.model-qwen3.5-9b.alpha4.0.steps100.blocks-1.prefetch-budget-20.rank-accept_first.cut-entropy4.0.samples20.maxnew1024.seed10086.subtreePrefetch.vllm.log,155,0,94,0.013101025096970236
/Users/jiangnanhugo/workspace/power-sharpening/Subtree-Prefetching-Power-Sharpening/case_studies/logs-entropycut/mbpp/2026-09-21/vllm/dataset-mbpp.model-qwen3.5-9b.alpha4.0.steps100.blocks-1.prefetch-budget-20.rank-accept_first.cut-entropy4.0.samples20.maxnew1024.seed10086.subtreePrefetch.vllm.log,155,1,381,0.016687187343469023
/Users/jiangnanhugo/workspace/power-sharpening/Subtree-Prefetching-Power-Sharpening/case_studies/logs-entropycut/mbpp/2026-09-21/vllm/dataset-mbpp.model-qwen3.5-9b.alpha4.0.steps100.blocks-1.prefetch-budget-20.rank-accept_first.cut-entropy4.0.samples20.maxnew1024.seed10086.subtreePrefetch.vllm.log,155,2,264,0.03924547151876332
/Users/jiangnanhugo/workspace/power-sharpening/Subtree-Prefetching-Power-Sharpening/case_studies/logs-entropycut/mbpp/2026-09-21/vllm/dataset-mbpp.model-qwen3.5-9b.alpha4.0.steps100.blocks-1.prefetch-budget-20.rank-accept_first.cut-entropy4.0.samples20.maxnew1024.seed10086.subtreePrefetch.vllm.log,155,3,160,0.34184308652316364
/Users/jiangnanhugo/workspace/power-sharpening/Subtree-Prefetching-Power-Sharpening/case_studies/logs-entropycut/mbpp/2026-09-21/vllm/dataset-mbpp.model-qwen3.5-9b.alpha4.0.steps100.blocks-1.prefetch-budget-20.rank-accept_first.cut-entropy4.0.samples20.maxnew1024.seed10086.subtreePrefetch.vllm.log,155,4,160,0.34184308652316364
/Users/jiangnanhugo/workspace/power-sharpening/Subtree-Prefetching-Power-Sharpening/case_studies/logs-entropycut/mbpp/2026-09-21/vllm/dataset-mbpp.model-qwen3.5-9b.alpha4.0.steps100.blocks-1.prefetch-budget-20.rank-accept_first.cut-entropy4.0.samples20.maxnew1024.seed10086.subtreePrefetch.vllm.log,155,5,42,0.002751674796366104
/Users/jiangnanhugo/workspace/power-sharpening/Subtree-Prefetching-Power-Sharpening/case_studies/logs-entropycut/mbpp/2026-09-21/vllm/dataset-mbpp.model-qwen3.5-9b.alpha4.0.steps100.blocks-1.prefetch-budget-20.rank-accept_first.cut-entropy4.0.samples20.maxnew1024.seed10086.subtreePrefetch.vllm.log,155,6,29,0.2414528925379495
/Users/jiangnanhugo/workspace/power-sharpening/Subtree-Prefetching-Power-Sharpening/case_studies/logs-entropycut/mbpp/2026-09-21/vllm/dataset-mbpp.model-qwen3.5-9b.alpha4.0.steps100.blocks-1.prefetch-budget-20.rank-accept_first.cut-entropy4.0.samples20.maxnew1024.seed10086.subtreePrefetch.vllm.log,155,7,29,0.2414528925379495
/Users/jiangnanhugo/workspace/power-sharpening/Subtree-Prefetching-Power-Sharpening/case_studies/logs-entropycut/mbpp/2026-09-21/vllm/dataset-mbpp.model-qwen3.5-9b.alpha4.0.steps100.blocks-1.prefetch-budget-20.rank-accept_first.cut-entropy4.0.samples20.maxnew1024.seed10086.subtreePrefetch.vllm.log,155,8,160,0.34184308652316364
/Users/jiangnanhugo/workspace/power-sharpening/Subtree-Prefetching-Power-Sharpening/case_studies/logs-entropycut/mbpp/2026-09-21/vllm/dataset-mbpp.model-qwen3.5-9b.alpha4.0.steps100.blocks-1.prefetch-budget-20.rank-accept_first.cut-entropy4.0.samples20.maxnew1024.seed10086.subtreePrefetch.vllm.log,155,9,160,0.34184308652316364
/Users/jiangnanhugo/workspace/power-sharpening/Subtree-Prefetching-Power-Sharpening/case_studies/logs-entropycut/mbpp/2026-09-21/vllm/dataset-mbpp.model-qwen3.5-9b.alpha4.0.steps100.blocks-1.prefetch-budget-20.rank-accept_first.cut-entropy4.0.samples20.maxnew1024.seed10086.subtreePrefetch.vllm.log,155,10,54,0.004794316486160671
/Users/jiangnanhugo/workspace/power-sharpening/Subtree-Prefetching-Power-Sharpening/case_studies/logs-entropycut/mbpp/2026-09-21/vllm/dataset-mbpp.model-qwen3.5-9b.alpha4.0.steps100.blocks-1.prefetch-budget-20.rank-accept_first.cut-entropy4.0.samples20.maxnew1024.seed10086.subtreePrefetch.vllm.log,155,11,29,0.2414528925379495
/Users/jiangnanhugo/workspace/power-sharpening/Subtree-Prefetching-Power-Sharpening/case_studies/logs-entropycut/mbpp/2026-09-21/vllm/dataset-mbpp.model-qwen3.5-9b.alpha4.0.steps100.blocks-1.prefetch-budget-20.rank-accept_first.cut-entropy4.0.samples20.maxnew1024.seed10086.subtreePrefetch.vllm.log,155,12,29,0.2414528925379495
/Users/jiangnanhugo/workspace/power-sharpening/Subtree-Prefetching-Power-Sharpening/case_studies/logs-entropycut/mbpp/2026-09-21/vllm/dataset-mbpp.model-qwen3.5-9b.alpha4.0.steps100.blocks-1.prefetch-budget-20.rank-accept_first.cut-entropy4.0.samples20.maxnew1024.seed10086.subtreePrefetch.vllm.log,155,13,160,0.34184308652316364
/Users/jiangnanhugo/workspace/power-sharpening/Subtree-Prefetching-Power-Sharpening/case_studies/logs-entropycut/mbpp/2026-09-21/vllm/dataset-mbpp.model-qwen3.5-9b.alpha4.0.steps100.blocks-1.prefetch-budget-20.rank-accept_first.cut-entropy4.0.samples20.maxnew1024.seed10086.subtreePrefetch.vllm.log,155,14,160,0.34184308652316364
/Users/jiangnanhugo/workspace/power-sharpening/Subtree-Prefetching-Power-Sharpening/case_studies/logs-entropycut/mbpp/2026-09-21/vllm/dataset-mbpp.model-qwen3.5-9b.alpha4.0.steps100.blocks-1.prefetch-budget-20.rank-accept_first.cut-entropy4.0.samples20.maxnew1024.seed10086.subtreePrefetch.vllm.log,155,15,29,0.2414528925379495
/Users/jiangnanhugo/workspace/power-sharpening/Subtree-Prefetching-Power-Sharpening/case_studies/logs-entropycut/mbpp/2026-09-21/vllm/dataset-mbpp.model-qwen3.5-9b.alpha4.0.steps100.blocks-1.prefetch-budget-20.rank-accept_first.cut-entropy4.0.samples20.maxnew1024.seed10086.subtreePrefetch.vllm.log,155,16,29,0.2414528925379495
/Users/jiangnanhugo/workspace/power-sharpening/Subtree-Prefetching-Power-Sharpening/case_studies/logs-entropycut/mbpp/2026-09-21/vllm/dataset-mbpp.model-qwen3.5-9b.alpha4.0.steps100.blocks-1.prefetch-budget-20.rank-accept_first.cut-entropy4.0.samples20.maxnew1024.seed10086.subtreePrefetch.vllm.log,155,17,29,0.2414528925379495
/Users/jiangnanhugo/workspace/power-sharpening/Subtree-Prefetching-Power-Sharpening/case_studies/logs-entropycut/mbpp/2026-09-21/vllm/dataset-mbpp.model-qwen3.5-9b.alpha4.0.steps100.blocks-1.prefetch-budget-20.rank-accept_first.cut-entropy4.0.samples20.maxnew1024.seed10086.subtreePrefetch.vllm.log,155,18,29,0.2414528925379495
/Users/jiangnanhugo/workspace/power-sharpening/Subtree-Prefetching-Power-Sharpening/case_studies/logs-entropycut/mbpp/2026-09-21/vllm/dataset-mbpp.model-qwen3.5-9b.alpha4.0.steps100.blocks-1.prefetch-budget-20.rank-accept_first.cut-entropy4.0.samples20.maxnew1024.seed10086.subtreePrefetch.vllm.log,155,19,29,0.2414528925379495
/Users/jiangnanhugo/workspace/power-sharpening/Subtree-Prefetching-Power-Sharpening/case_studies/logs-entropycut/mbpp/2026-09-21/vllm/dataset-mbpp.model-qwen3.5-9b.alpha4.0.steps100.blocks-1.prefetch-budget-20.rank-accept_first.cut-entropy4.0.samples20.maxnew1024.seed10086.subtreePrefetch.vllm.log,156,0,160,0.34184308652316364
/Users/jiangnanhugo/workspace/power-sharpening/Subtree-Prefetching-Power-Sharpening/case_studies/logs-entropycut/mbpp/2026-09-21/vllm/dataset-mbpp.model-qwen3.5-9b.alpha4.0.steps100.blocks-1.prefetch-budget-20.rank-accept_first.cut-entropy4.0.samples20.maxnew1024.seed10086.subtreePrefetch.vllm.log,156,1,160,0.34184308652316364
/Users/jiangnanhugo/workspace/power-sharpening/Subtree-Prefetching-Power-Sharpening/case_studies/logs-entropycut/mbpp/2026-09-21/vllm/dataset-mbpp.model-qwen3.5-9b.alpha4.0.steps100.blocks-1.prefetch-budget-20.rank-accept_first.cut-entropy4.0.samples20.maxnew1024.seed10086.subtreePrefetch.vllm.log,156,2,55,0.034131149367776746
/Users/jiangnanhugo/workspace/power-sharpening/Subtree-Prefetching-Power-Sharpening/case_studies/logs-entropycut/mbpp/2026-09-21/vllm/dataset-mbpp.model-qwen3.5-9b.alpha4.0.steps100.blocks-1.prefetch-budget-20.rank-accept_first.cut-entropy4.0.samples20.maxnew1024.seed10086.subtreePrefetch.vllm.log,156,3,29,0.2414528925379495
/Users/jiangnanhugo/workspace/power-sharpening/Subtree-Prefetching-Power-Sharpening/case_studies/logs-entropycut/mbpp/2026-09-21/vllm/dataset-mbpp.model-qwen3.5-9b.alpha4.0.steps100.blocks-1.prefetch-budget-20.rank-accept_first.cut-entropy4.0.samples20.maxnew1024.seed10086.subtreePrefetch.vllm.log,156,4,55,0.034131149367776746
/Users/jiangnanhugo/workspace/power-sharpening/Subtree-Prefetching-Power-Sharpening/case_studies/logs-entropycut/mbpp/2026-09-21/vllm/dataset-mbpp.model-qwen3.5-9b.alpha4.0.steps100.blocks-1.prefetch-budget-20.rank-accept_first.cut-entropy4.0.samples20.maxnew1024.seed10086.subtreePrefetch.vllm.log,156,5,94,0.013101025096970236
/Users/jiangnanhugo/workspace/power-sharpening/Subtree-Prefetching-Power-Sharpening/case_studies/logs-entropycut/mbpp/2026-09-21/vllm/dataset-mbpp.model-qwen3.5-9b.alpha4.0.steps100.blocks-1.prefetch-budget-20.rank-accept_first.cut-entropy4.0.samples20.maxnew1024.seed10086.subtreePrefetch.vllm.log,156,6,160,0.34184308652316364
/Users/jiangnanhugo/workspace/power-sharpening/Subtree-Prefetching-Power-Sharpening/case_studies/logs-entropycut/mbpp/2026-09-21/vllm/dataset-mbpp.model-qwen3.5-9b.alpha4.0.steps100.blocks-1.prefetch-budget-20.rank-accept_first.cut-entropy4.0.samples20.maxnew1024.seed10086.subtreePrefetch.vllm.log,156,7,29,0.2414528925379495
/Users/jiangnanhugo/workspace/power-sharpening/Subtree-Prefetching-Power-Sharpening/case_studies/logs-entropycut/mbpp/2026-09-21/vllm/dataset-mbpp.model-qwen3.5-9b.alpha4.0.steps100.blocks-1.prefetch-budget-20.rank-accept_first.cut-entropy4.0.samples20.maxnew1024.seed10086.subtreePrefetch.vllm.log,156,8,160,0.34184308652316364
/Users/jiangnanhugo/workspace/power-sharpening/Subtree-Prefetching-Power-Sharpening/case_studies/logs-entropycut/mbpp/2026-09-21/vllm/dataset-mbpp.model-qwen3.5-9b.alpha4.0.steps100.blocks-1.prefetch-budget-20.rank-accept_first.cut-entropy4.0.samples20.maxnew1024.seed10086.subtreePrefetch.vllm.log,156,9,160,0.34184308652316364
/Users/jiangnanhugo/workspace/power-sharpening/Subtree-Prefetching-Power-Sharpening/case_studies/logs-entropycut/mbpp/2026-09-21/vllm/dataset-mbpp.model-qwen3.5-9b.alpha4.0.steps100.blocks-1.prefetch-budget-20.rank-accept_first.cut-entropy4.0.samples20.maxnew1024.seed10086.subtreePrefetch.vllm.log,156,10,29,0.2414528925379495
/Users/jiangnanhugo/workspace/power-sharpening/Subtree-Prefetching-Power-Sharpening/case_studies/logs-entropycut/mbpp/2026-09-21/vllm/dataset-mbpp.model-qwen3.5-9b.alpha4.0.steps100.blocks-1.prefetch-budget-20.rank-accept_first.cut-entropy4.0.samples20.maxnew1024.seed10086.subtreePrefetch.vllm.log,156,11,160,0.34184308652316364
/Users/jiangnanhugo/workspace/power-sharpening/Subtree-Prefetching-Power-Sharpening/case_studies/logs-entropycut/mbpp/2026-09-21/vllm/dataset-mbpp.model-qwen3.5-9b.alpha4.0.steps100.blocks-1.prefetch-budget-20.rank-accept_first.cut-entropy4.0.samples20.maxnew1024.seed10086.subtreePrefetch.vllm.log,156,12,160,0.34184308652316364
/Users/jiangnanhugo/workspace/power-sharpening/Subtree-Prefetching-Power-Sharpening/case_studies/logs-entropycut/mbpp/2026-09-21/vllm/dataset-mbpp.model-qwen3.5-9b.alpha4.0.steps100.blocks-1.prefetch-budget-20.rank-accept_first.cut-entropy4.0.samples20.maxnew1024.seed10086.subtreePrefetch.vllm.log,156,13,2,0.008156115276556334
/Users/jiangnanhugo/workspace/power-sharpening/Subtree-Prefetching-Power-Sharpening/case_studies/logs-entropycut/mbpp/2026-09-21/vllm/dataset-mbpp.model-qwen3.5-9b.alpha4.0.steps100.blocks-1.prefetch-budget-20.rank-accept_first.cut-entropy4.0.samples20.maxnew1024.seed10086.subtreePrefetch.vllm.log,156,14,160,0.34184308652316364
/Users/jiangnanhugo/workspace/power-sharpening/Subtree-Prefetching-Power-Sharpening/case_studies/logs-entropycut/mbpp/2026-09-21/vllm/dataset-mbpp.model-qwen3.5-9b.alpha4.0.steps100.blocks-1.prefetch-budget-20.rank-accept_first.cut-entropy4.0.samples20.maxnew1024.seed10086.subtreePrefetch.vllm.log,156,15,160,0.34184308652316364
/Users/jiangnanhugo/workspace/power-sharpening/Subtree-Prefetching-Power-Sharpening/case_studies/logs-entropycut/mbpp/2026-09-21/vllm/dataset-mbpp.model-qwen3.5-9b.alpha4.0.steps100.blocks-1.prefetch-budget-20.rank-accept_first.cut-entropy4.0.samples20.maxnew1024.seed10086.subtreePrefetch.vllm.log,156,16,29,0.2414528925379495
/Users/jiangnanhugo/workspace/power-sharpening/Subtree-Prefetching-Power-Sharpening/case_studies/logs-entropycut/mbpp/2026-09-21/vllm/dataset-mbpp.model-qwen3.5-9b.alpha4.0.steps100.blocks-1.prefetch-budget-20.rank-accept_first.cut-entropy4.0.samples20.maxnew1024.seed10086.subtreePrefetch.vllm.log,156,17,29,0.2414528925379495
/Users/jiangnanhugo/workspace/power-sharpening/Subtree-Prefetching-Power-Sharpening/case_studies/logs-entropycut/mbpp/2026-09-21/vllm/dataset-mbpp.model-qwen3.5-9b.alpha4.0.steps100.blocks-1.prefetch-budget-20.rank-accept_first.cut-entropy4.0.samples20.maxnew1024.seed10086.subtreePrefetch.vllm.log,156,18,59,0.031312657005247595
/Users/jiangnanhugo/workspace/power-sharpening/Subtree-Prefetching-Power-Sharpening/case_studies/logs-entropycut/mbpp/2026-09-21/vllm/dataset-mbpp.model-qwen3.5-9b.alpha4.0.steps100.blocks-1.prefetch-budget-20.rank-accept_first.cut-entropy4.0.samples20.maxnew1024.seed10086.subtreePrefetch.vllm.log,156,19,160,0.34184308652316364
/Users/jiangnanhugo/workspace/power-sharpening/Subtree-Prefetching-Power-Sharpening/case_studies/logs-entropycut/mbpp/2026-09-21/vllm/dataset-mbpp.model-qwen3.5-9b.alpha4.0.steps100.blocks-1.prefetch-budget-20.rank-accept_first.cut-entropy4.0.samples20.maxnew1024.seed10086.subtreePrefetch.vllm.log,157,0,160,0.34184308652316364
/Users/jiangnanhugo/workspace/power-sharpening/Subtree-Prefetching-Power-Sharpening/case_studies/logs-entropycut/mbpp/2026-09-21/vllm/dataset-mbpp.model-qwen3.5-9b.alpha4.0.steps100.blocks-1.prefetch-budget-20.rank-accept_first.cut-entropy4.0.samples20.maxnew1024.seed10086.subtreePrefetch.vllm.log,157,1,129,0.025489803096117723
/Users/jiangnanhugo/workspace/power-sharpening/Subtree-Prefetching-Power-Sharpening/case_studies/logs-entropycut/mbpp/2026-09-21/vllm/dataset-mbpp.model-qwen3.5-9b.alpha4.0.steps100.blocks-1.prefetch-budget-20.rank-accept_first.cut-entropy4.0.samples20.maxnew1024.seed10086.subtreePrefetch.vllm.log,157,2,59,0.031312657005247595
/Users/jiangnanhugo/workspace/power-sharpening/Subtree-Prefetching-Power-Sharpening/case_studies/logs-entropycut/mbpp/2026-09-21/vllm/dataset-mbpp.model-qwen3.5-9b.alpha4.0.steps100.blocks-1.prefetch-budget-20.rank-accept_first.cut-entropy4.0.samples20.maxnew1024.seed10086.subtreePrefetch.vllm.log,157,3,592,0.02006393970422307
/Users/jiangnanhugo/workspace/power-sharpening/Subtree-Prefetching-Power-Sharpening/case_studies/logs-entropycut/mbpp/2026-09-21/vllm/dataset-mbpp.model-qwen3.5-9b.alpha4.0.steps100.blocks-1.prefetch-budget-20.rank-accept_first.cut-entropy4.0.samples20.maxnew1024.seed10086.subtreePrefetch.vllm.log,157,4,160,0.34184308652316364
/Users/jiangnanhugo/workspace/power-sharpening/Subtree-Prefetching-Power-Sharpening/case_studies/logs-entropycut/mbpp/2026-09-21/vllm/dataset-mbpp.model-qwen3.5-9b.alpha4.0.steps100.blocks-1.prefetch-budget-20.rank-accept_first.cut-entropy4.0.samples20.maxnew1024.seed10086.subtreePrefetch.vllm.log,157,5,29,0.2414528925379495
/Users/jiangnanhugo/workspace/power-sharpening/Subtree-Prefetching-Power-Sharpening/case_studies/logs-entropycut/mbpp/2026-09-21/vllm/dataset-mbpp.model-qwen3.5-9b.alpha4.0.steps100.blocks-1.prefetch-budget-20.rank-accept_first.cut-entropy4.0.samples20.maxnew1024.seed10086.subtreePrefetch.vllm.log,157,6,29,0.2414528925379495
/Users/jiangnanhugo/workspace/power-sharpening/Subtree-Prefetching-Power-Sharpening/case_studies/logs-entropycut/mbpp/2026-09-21/vllm/dataset-mbpp.model-qwen3.5-9b.alpha4.0.steps100.blocks-1.prefetch-budget-20.rank-accept_first.cut-entropy4.0.samples20.maxnew1024.seed10086.subtreePrefetch.vllm.log,157,7,160,0.34184308652316364
/Users/jiangnanhugo/workspace/power-sharpening/Subtree-Prefetching-Power-Sharpening/case_studies/logs-entropycut/mbpp/2026-09-21/vllm/dataset-mbpp.model-qwen3.5-9b.alpha4.0.steps100.blocks-1.prefetch-budget-20.rank-accept_first.cut-entropy4.0.samples20.maxnew1024.seed10086.subtreePrefetch.vllm.log,157,8,29,0.2414528925379495
/Users/jiangnanhugo/workspace/power-sharpening/Subtree-Prefetching-Power-Sharpening/case_studies/logs-entropycut/mbpp/2026-09-21/vllm/dataset-mbpp.model-qwen3.5-9b.alpha4.0.steps100.blocks-1.prefetch-budget-20.rank-accept_first.cut-entropy4.0.samples20.maxnew1024.seed10086.subtreePrefetch.vllm.log,157,9,29,0.2414528925379495
/Users/jiangnanhugo/workspace/power-sharpening/Subtree-Prefetching-Power-Sharpening/case_studies/logs-entropycut/mbpp/2026-09-21/vllm/dataset-mbpp.model-qwen3.5-9b.alpha4.0.steps100.blocks-1.prefetch-budget-20.rank-accept_first.cut-entropy4.0.samples20.maxnew1024.seed10086.subtreePrefetch.vllm.log,157,10,29,0.2414528925379495
/Users/jiangnanhugo/workspace/power-sharpening/Subtree-Prefetching-Power-Sharpening/case_studies/logs-entropycut/mbpp/2026-09-21/vllm/dataset-mbpp.model-qwen3.5-9b.alpha4.0.steps100.blocks-1.prefetch-budget-20.rank-accept_first.cut-entropy4.0.samples20.maxnew1024.seed10086.subtreePrefetch.vllm.log,157,11,42,0.002751674796366104
/Users/jiangnanhugo/workspace/power-sharpening/Subtree-Prefetching-Power-Sharpening/case_studies/logs-entropycut/mbpp/2026-09-21/vllm/dataset-mbpp.model-qwen3.5-9b.alpha4.0.steps100.blocks-1.prefetch-budget-20.rank-accept_first.cut-entropy4.0.samples20.maxnew1024.seed10086.subtreePrefetch.vllm.log,157,12,29,0.2414528925379495
/Users/jiangnanhugo/workspace/power-sharpening/Subtree-Prefetching-Power-Sharpening/case_studies/logs-entropycut/mbpp/2026-09-21/vllm/dataset-mbpp.model-qwen3.5-9b.alpha4.0.steps100.blocks-1.prefetch-budget-20.rank-accept_first.cut-entropy4.0.samples20.maxnew1024.seed10086.subtreePrefetch.vllm.log,157,13,29,0.2414528925379495
/Users/jiangnanhugo/workspace/power-sharpening/Subtree-Prefetching-Power-Sharpening/case_studies/logs-entropycut/mbpp/2026-09-21/vllm/dataset-mbpp.model-qwen3.5-9b.alpha4.0.steps100.blocks-1.prefetch-budget-20.rank-accept_first.cut-entropy4.0.samples20.maxnew1024.seed10086.subtreePrefetch.vllm.log,157,14,160,0.34184308652316364
/Users/jiangnanhugo/workspace/power-sharpening/Subtree-Prefetching-Power-Sharpening/case_studies/logs-entropycut/mbpp/2026-09-21/vllm/dataset-mbpp.model-qwen3.5-9b.alpha4.0.steps100.blocks-1.prefetch-budget-20.rank-accept_first.cut-entropy4.0.samples20.maxnew1024.seed10086.subtreePrefetch.vllm.log,157,15,46,0.0036113603902418368
/Users/jiangnanhugo/workspace/power-sharpening/Subtree-Prefetching-Power-Sharpening/case_studies/logs-entropycut/mbpp/2026-09-21/vllm/dataset-mbpp.model-qwen3.5-9b.alpha4.0.steps100.blocks-1.prefetch-budget-20.rank-accept_first.cut-entropy4.0.samples20.maxnew1024.seed10086.subtreePrefetch.vllm.log,157,16,29,0.2414528925379495
/Users/jiangnanhugo/workspace/power-sharpening/Subtree-Prefetching-Power-Sharpening/case_studies/logs-entropycut/mbpp/2026-09-21/vllm/dataset-mbpp.model-qwen3.5-9b.alpha4.0.steps100.blocks-1.prefetch-budget-20.rank-accept_first.cut-entropy4.0.samples20.maxnew1024.seed10086.subtreePrefetch.vllm.log,157,17,29,0.2414528925379495
/Users/jiangnanhugo/workspace/power-sharpening/Subtree-Prefetching-Power-Sharpening/case_studies/logs-entropycut/mbpp/2026-09-21/vllm/dataset-mbpp.model-qwen3.5-9b.alpha4.0.steps100.blocks-1.prefetch-budget-20.rank-accept_first.cut-entropy4.0.samples20.maxnew1024.seed10086.subtreePrefetch.vllm.log,157,18,160,0.34184308652316364
/Users/jiangnanhugo/workspace/power-sharpening/Subtree-Prefetching-Power-Sharpening/case_studies/logs-entropycut/mbpp/2026-09-21/vllm/dataset-mbpp.model-qwen3.5-9b.alpha4.0.steps100.blocks-1.prefetch-budget-20.rank-accept_first.cut-entropy4.0.samples20.maxnew1024.seed10086.subtreePrefetch.vllm.log,157,19,29,0.2414528925379495
/Users/jiangnanhugo/workspace/power-sharpening/Subtree-Prefetching-Power-Sharpening/case_studies/logs-entropycut/mbpp/2026-09-21/vllm/dataset-mbpp.model-qwen3.5-9b.alpha4.0.steps100.blocks-1.prefetch-budget-20.rank-accept_first.cut-entropy4.0.samples20.maxnew1024.seed10086.subtreePrefetch.vllm.log,158,0,29,0.2414528925379495
/Users/jiangnanhugo/workspace/power-sharpening/Subtree-Prefetching-Power-Sharpening/case_studies/logs-entropycut/mbpp/2026-09-21/vllm/dataset-mbpp.model-qwen3.5-9b.alpha4.0.steps100.blocks-1.prefetch-budget-20.rank-accept_first.cut-entropy4.0.samples20.maxnew1024.seed10086.subtreePrefetch.vllm.log,158,1,160,0.34184308652316364
/Users/jiangnanhugo/workspace/power-sharpening/Subtree-Prefetching-Power-Sharpening/case_studies/logs-entropycut/mbpp/2026-09-21/vllm/dataset-mbpp.model-qwen3.5-9b.alpha4.0.steps100.blocks-1.prefetch-budget-20.rank-accept_first.cut-entropy4.0.samples20.maxnew1024.seed10086.subtreePrefetch.vllm.log,158,2,59,0.031312657005247595
/Users/jiangnanhugo/workspace/power-sharpening/Subtree-Prefetching-Power-Sharpening/case_studies/logs-entropycut/mbpp/2026-09-21/vllm/dataset-mbpp.model-qwen3.5-9b.alpha4.0.steps100.blocks-1.prefetch-budget-20.rank-accept_first.cut-entropy4.0.samples20.maxnew1024.seed10086.subtreePrefetch.vllm.log,158,3,809,0.07058320025284899
/Users/jiangnanhugo/workspace/power-sharpening/Subtree-Prefetching-Power-Sharpening/case_studies/logs-entropycut/mbpp/2026-09-21/vllm/dataset-mbpp.model-qwen3.5-9b.alpha4.0.steps100.blocks-1.prefetch-budget-20.rank-accept_first.cut-entropy4.0.samples20.maxnew1024.seed10086.subtreePrefetch.vllm.log,158,4,29,0.2414528925379495
/Users/jiangnanhugo/workspace/power-sharpening/Subtree-Prefetching-Power-Sharpening/case_studies/logs-entropycut/mbpp/2026-09-21/vllm/dataset-mbpp.model-qwen3.5-9b.alpha4.0.steps100.blocks-1.prefetch-budget-20.rank-accept_first.cut-entropy4.0.samples20.maxnew1024.seed10086.subtreePrefetch.vllm.log,158,5,29,0.2414528925379495
/Users/jiangnanhugo/workspace/power-sharpening/Subtree-Prefetching-Power-Sharpening/case_studies/logs-entropycut/mbpp/2026-09-21/vllm/dataset-mbpp.model-qwen3.5-9b.alpha4.0.steps100.blocks-1.prefetch-budget-20.rank-accept_first.cut-entropy4.0.samples20.maxnew1024.seed10086.subtreePrefetch.vllm.log,158,6,262,0.011606681725681519
/Users/jiangnanhugo/workspace/power-sharpening/Subtree-Prefetching-Power-Sharpening/case_studies/logs-entropycut/mbpp/2026-09-21/vllm/dataset-mbpp.model-qwen3.5-9b.alpha4.0.steps100.blocks-1.prefetch-budget-20.rank-accept_first.cut-entropy4.0.samples20.maxnew1024.seed10086.subtreePrefetch.vllm.log,158,7,160,0.34184308652316364
/Users/jiangnanhugo/workspace/power-sharpening/Subtree-Prefetching-Power-Sharpening/case_studies/logs-entropycut/mbpp/2026-09-21/vllm/dataset-mbpp.model-qwen3.5-9b.alpha4.0.steps100.blocks-1.prefetch-budget-20.rank-accept_first.cut-entropy4.0.samples20.maxnew1024.seed10086.subtreePrefetch.vllm.log,158,8,160,0.34184308652316364
/Users/jiangnanhugo/workspace/power-sharpening/Subtree-Prefetching-Power-Sharpening/case_studies/logs-entropycut/mbpp/2026-09-21/vllm/dataset-mbpp.model-qwen3.5-9b.alpha4.0.steps100.blocks-1.prefetch-budget-20.rank-accept_first.cut-entropy4.0.samples20.maxnew1024.seed10086.subtreePrefetch.vllm.log,158,9,759,0.004672216669295142
/Users/jiangnanhugo/workspace/power-sharpening/Subtree-Prefetching-Power-Sharpening/case_studies/logs-entropycut/mbpp/2026-09-21/vllm/dataset-mbpp.model-qwen3.5-9b.alpha4.0.steps100.blocks-1.prefetch-budget-20.rank-accept_first.cut-entropy4.0.samples20.maxnew1024.seed10086.subtreePrefetch.vllm.log,158,10,29,0.2414528925379495
/Users/jiangnanhugo/workspace/power-sharpening/Subtree-Prefetching-Power-Sharpening/case_studies/logs-entropycut/mbpp/2026-09-21/vllm/dataset-mbpp.model-qwen3.5-9b.alpha4.0.steps100.blocks-1.prefetch-budget-20.rank-accept_first.cut-entropy4.0.samples20.maxnew1024.seed10086.subtreePrefetch.vllm.log,158,11,179,0.0037198083862445253
/Users/jiangnanhugo/workspace/power-sharpening/Subtree-Prefetching-Power-Sharpening/case_studies/logs-entropycut/mbpp/2026-09-21/vllm/dataset-mbpp.model-qwen3.5-9b.alpha4.0.steps100.blocks-1.prefetch-budget-20.rank-accept_first.cut-entropy4.0.samples20.maxnew1024.seed10086.subtreePrefetch.vllm.log,158,12,29,0.2414528925379495
/Users/jiangnanhugo/workspace/power-sharpening/Subtree-Prefetching-Power-Sharpening/case_studies/logs-entropycut/mbpp/2026-09-21/vllm/dataset-mbpp.model-qwen3.5-9b.alpha4.0.steps100.blocks-1.prefetch-budget-20.rank-accept_first.cut-entropy4.0.samples20.maxnew1024.seed10086.subtreePrefetch.vllm.log,158,13,29,0.2414528925379495
/Users/jiangnanhugo/workspace/power-sharpening/Subtree-Prefetching-Power-Sharpening/case_studies/logs-entropycut/mbpp/2026-09-21/vllm/dataset-mbpp.model-qwen3.5-9b.alpha4.0.steps100.blocks-1.prefetch-budget-20.rank-accept_first.cut-entropy4.0.samples20.maxnew1024.seed10086.subtreePrefetch.vllm.log,158,14,29,0.2414528925379495
/Users/jiangnanhugo/workspace/power-sharpening/Subtree-Prefetching-Power-Sharpening/case_studies/logs-entropycut/mbpp/2026-09-21/vllm/dataset-mbpp.model-qwen3.5-9b.alpha4.0.steps100.blocks-1.prefetch-budget-20.rank-accept_first.cut-entropy4.0.samples20.maxnew1024.seed10086.subtreePrefetch.vllm.log,158,15,160,0.34184308652316364
/Users/jiangnanhugo/workspace/power-sharpening/Subtree-Prefetching-Power-Sharpening/case_studies/logs-entropycut/mbpp/2026-09-21/vllm/dataset-mbpp.model-qwen3.5-9b.alpha4.0.steps100.blocks-1.prefetch-budget-20.rank-accept_first.cut-entropy4.0.samples20.maxnew1024.seed10086.subtreePrefetch.vllm.log,158,16,160,0.34184308652316364
/Users/jiangnanhugo/workspace/power-sharpening/Subtree-Prefetching-Power-Sharpening/case_studies/logs-entropycut/mbpp/2026-09-21/vllm/dataset-mbpp.model-qwen3.5-9b.alpha4.0.steps100.blocks-1.prefetch-budget-20.rank-accept_first.cut-entropy4.0.samples20.maxnew1024.seed10086.subtreePrefetch.vllm.log,158,17,29,0.2414528925379495
/Users/jiangnanhugo/workspace/power-sharpening/Subtree-Prefetching-Power-Sharpening/case_studies/logs-entropycut/mbpp/2026-09-21/vllm/dataset-mbpp.model-qwen3.5-9b.alpha4.0.steps100.blocks-1.prefetch-budget-20.rank-accept_first.cut-entropy4.0.samples20.maxnew1024.seed10086.subtreePrefetch.vllm.log,158,18,29,0.2414528925379495
/Users/jiangnanhugo/workspace/power-sharpening/Subtree-Prefetching-Power-Sharpening/case_studies/logs-entropycut/mbpp/2026-09-21/vllm/dataset-mbpp.model-qwen3.5-9b.alpha4.0.steps100.blocks-1.prefetch-budget-20.rank-accept_first.cut-entropy4.0.samples20.maxnew1024.seed10086.subtreePrefetch.vllm.log,158,19,160,0.34184308652316364
/Users/jiangnanhugo/workspace/power-sharpening/Subtree-Prefetching-Power-Sharpening/case_studies/logs-entropycut/mbpp/2026-09-21/vllm/dataset-mbpp.model-qwen3.5-9b.alpha4.0.steps100.blocks-1.prefetch-budget-20.rank-accept_first.cut-entropy4.0.samples20.maxnew1024.seed10086.subtreePrefetch.vllm.log,159,0,129,0.025489803096117723
/Users/jiangnanhugo/workspace/power-sharpening/Subtree-Prefetching-Power-Sharpening/case_studies/logs-entropycut/mbpp/2026-09-21/vllm/dataset-mbpp.model-qwen3.5-9b.alpha4.0.steps100.blocks-1.prefetch-budget-20.rank-accept_first.cut-entropy4.0.samples20.maxnew1024.seed10086.subtreePrefetch.vllm.log,159,1,160,0.34184308652316364
/Users/jiangnanhugo/workspace/power-sharpening/Subtree-Prefetching-Power-Sharpening/case_studies/logs-entropycut/mbpp/2026-09-21/vllm/dataset-mbpp.model-qwen3.5-9b.alpha4.0.steps100.blocks-1.prefetch-budget-20.rank-accept_first.cut-entropy4.0.samples20.maxnew1024.seed10086.subtreePrefetch.vllm.log,159,2,29,0.2414528925379495
/Users/jiangnanhugo/workspace/power-sharpening/Subtree-Prefetching-Power-Sharpening/case_studies/logs-entropycut/mbpp/2026-09-21/vllm/dataset-mbpp.model-qwen3.5-9b.alpha4.0.steps100.blocks-1.prefetch-budget-20.rank-accept_first.cut-entropy4.0.samples20.maxnew1024.seed10086.subtreePrefetch.vllm.log,159,3,226,0.0048264677044218066
/Users/jiangnanhugo/workspace/power-sharpening/Subtree-Prefetching-Power-Sharpening/case_studies/logs-entropycut/mbpp/2026-09-21/vllm/dataset-mbpp.model-qwen3.5-9b.alpha4.0.steps100.blocks-1.prefetch-budget-20.rank-accept_first.cut-entropy4.0.samples20.maxnew1024.seed10086.subtreePrefetch.vllm.log,159,4,29,0.2414528925379495
/Users/jiangnanhugo/workspace/power-sharpening/Subtree-Prefetching-Power-Sharpening/case_studies/logs-entropycut/mbpp/2026-09-21/vllm/dataset-mbpp.model-qwen3.5-9b.alpha4.0.steps100.blocks-1.prefetch-budget-20.rank-accept_first.cut-entropy4.0.samples20.maxnew1024.seed10086.subtreePrefetch.vllm.log,159,5,160,0.34184308652316364
/Users/jiangnanhugo/workspace/power-sharpening/Subtree-Prefetching-Power-Sharpening/case_studies/logs-entropycut/mbpp/2026-09-21/vllm/dataset-mbpp.model-qwen3.5-9b.alpha4.0.steps100.blocks-1.prefetch-budget-20.rank-accept_first.cut-entropy4.0.samples20.maxnew1024.seed10086.subtreePrefetch.vllm.log,159,6,160,0.34184308652316364
/Users/jiangnanhugo/workspace/power-sharpening/Subtree-Prefetching-Power-Sharpening/case_studies/logs-entropycut/mbpp/2026-09-21/vllm/dataset-mbpp.model-qwen3.5-9b.alpha4.0.steps100.blocks-1.prefetch-budget-20.rank-accept_first.cut-entropy4.0.samples20.maxnew1024.seed10086.subtreePrefetch.vllm.log,159,7,29,0.2414528925379495
/Users/jiangnanhugo/workspace/power-sharpening/Subtree-Prefetching-Power-Sharpening/case_studies/logs-entropycut/mbpp/2026-09-21/vllm/dataset-mbpp.model-qwen3.5-9b.alpha4.0.steps100.blocks-1.prefetch-budget-20.rank-accept_first.cut-entropy4.0.samples20.maxnew1024.seed10086.subtreePrefetch.vllm.log,159,8,607,0.0021797611707294524
/Users/jiangnanhugo/workspace/power-sharpening/Subtree-Prefetching-Power-Sharpening/case_studies/logs-entropycut/mbpp/2026-09-21/vllm/dataset-mbpp.model-qwen3.5-9b.alpha4.0.steps100.blocks-1.prefetch-budget-20.rank-accept_first.cut-entropy4.0.samples20.maxnew1024.seed10086.subtreePrefetch.vllm.log,159,9,29,0.2414528925379495
/Users/jiangnanhugo/workspace/power-sharpening/Subtree-Prefetching-Power-Sharpening/case_studies/logs-entropycut/mbpp/2026-09-21/vllm/dataset-mbpp.model-qwen3.5-9b.alpha4.0.steps100.blocks-1.prefetch-budget-20.rank-accept_first.cut-entropy4.0.samples20.maxnew1024.seed10086.subtreePrefetch.vllm.log,159,10,29,0.2414528925379495
/Users/jiangnanhugo/workspace/power-sharpening/Subtree-Prefetching-Power-Sharpening/case_studies/logs-entropycut/mbpp/2026-09-21/vllm/dataset-mbpp.model-qwen3.5-9b.alpha4.0.steps100.blocks-1.prefetch-budget-20.rank-accept_first.cut-entropy4.0.samples20.maxnew1024.seed10086.subtreePrefetch.vllm.log,159,11,160,0.34184308652316364
/Users/jiangnanhugo/workspace/power-sharpening/Subtree-Prefetching-Power-Sharpening/case_studies/logs-entropycut/mbpp/2026-09-21/vllm/dataset-mbpp.model-qwen3.5-9b.alpha4.0.steps100.blocks-1.prefetch-budget-20.rank-accept_first.cut-entropy4.0.samples20.maxnew1024.seed10086.subtreePrefetch.vllm.log,159,12,29,0.2414528925379495
/Users/jiangnanhugo/workspace/power-sharpening/Subtree-Prefetching-Power-Sharpening/case_studies/logs-entropycut/mbpp/2026-09-21/vllm/dataset-mbpp.model-qwen3.5-9b.alpha4.0.steps100.blocks-1.prefetch-budget-20.rank-accept_first.cut-entropy4.0.samples20.maxnew1024.seed10086.subtreePrefetch.vllm.log,159,13,160,0.34184308652316364
/Users/jiangnanhugo/workspace/power-sharpening/Subtree-Prefetching-Power-Sharpening/case_studies/logs-entropycut/mbpp/2026-09-21/vllm/dataset-mbpp.model-qwen3.5-9b.alpha4.0.steps100.blocks-1.prefetch-budget-20.rank-accept_first.cut-entropy4.0.samples20.maxnew1024.seed10086.subtreePrefetch.vllm.log,159,14,29,0.2414528925379495
/Users/jiangnanhugo/workspace/power-sharpening/Subtree-Prefetching-Power-Sharpening/case_studies/logs-entropycut/mbpp/2026-09-21/vllm/dataset-mbpp.model-qwen3.5-9b.alpha4.0.steps100.blocks-1.prefetch-budget-20.rank-accept_first.cut-entropy4.0.samples20.maxnew1024.seed10086.subtreePrefetch.vllm.log,159,15,160,0.34184308652316364
/Users/jiangnanhugo/workspace/power-sharpening/Subtree-Prefetching-Power-Sharpening/case_studies/logs-entropycut/mbpp/2026-09-21/vllm/dataset-mbpp.model-qwen3.5-9b.alpha4.0.steps100.blocks-1.prefetch-budget-20.rank-accept_first.cut-entropy4.0.samples20.maxnew1024.seed10086.subtreePrefetch.vllm.log,159,16,29,0.2414528925379495
/Users/jiangnanhugo/workspace/power-sharpening/Subtree-Prefetching-Power-Sharpening/case_studies/logs-entropycut/mbpp/2026-09-21/vllm/dataset-mbpp.model-qwen3.5-9b.alpha4.0.steps100.blocks-1.prefetch-budget-20.rank-accept_first.cut-entropy4.0.samples20.maxnew1024.seed10086.subtreePrefetch.vllm.log,159,17,160,0.34184308652316364
/Users/jiangnanhugo/workspace/power-sharpening/Subtree-Prefetching-Power-Sharpening/case_studies/logs-entropycut/mbpp/2026-09-21/vllm/dataset-mbpp.model-qwen3.5-9b.alpha4.0.steps100.blocks-1.prefetch-budget-20.rank-accept_first.cut-entropy4.0.samples20.maxnew1024.seed10086.subtreePrefetch.vllm.log,159,18,160,0.34184308652316364
/Users/jiangnanhugo/workspace/power-sharpening/Subtree-Prefetching-Power-Sharpening/case_studies/logs-entropycut/mbpp/2026-09-21/vllm/dataset-mbpp.model-qwen3.5-9b.alpha4.0.steps100.blocks-1.prefetch-budget-20.rank-accept_first.cut-entropy4.0.samples20.maxnew1024.seed10086.subtreePrefetch.vllm.log,159,19,160,0.34184308652316364
/Users/jiangnanhugo/workspace/power-sharpening/Subtree-Prefetching-Power-Sharpening/case_studies/logs-entropycut/mbpp/2026-09-21/vllm/dataset-mbpp.model-qwen3.5-9b.alpha4.0.steps100.blocks-1.prefetch-budget-20.rank-accept_first.cut-entropy4.0.samples20.maxnew1024.seed10086.subtreePrefetch.vllm.log,160,0,29,0.2414528925379495
/Users/jiangnanhugo/workspace/power-sharpening/Subtree-Prefetching-Power-Sharpening/case_studies/logs-entropycut/mbpp/2026-09-21/vllm/dataset-mbpp.model-qwen3.5-9b.alpha4.0.steps100.blocks-1.prefetch-budget-20.rank-accept_first.cut-entropy4.0.samples20.maxnew1024.seed10086.subtreePrefetch.vllm.log,160,1,160,0.34184308652316364
/Users/jiangnanhugo/workspace/power-sharpening/Subtree-Prefetching-Power-Sharpening/case_studies/logs-entropycut/mbpp/2026-09-21/vllm/dataset-mbpp.model-qwen3.5-9b.alpha4.0.steps100.blocks-1.prefetch-budget-20.rank-accept_first.cut-entropy4.0.samples20.maxnew1024.seed10086.subtreePrefetch.vllm.log,160,2,29,0.2414528925379495
/Users/jiangnanhugo/workspace/power-sharpening/Subtree-Prefetching-Power-Sharpening/case_studies/logs-entropycut/mbpp/2026-09-21/vllm/dataset-mbpp.model-qwen3.5-9b.alpha4.0.steps100.blocks-1.prefetch-budget-20.rank-accept_first.cut-entropy4.0.samples20.maxnew1024.seed10086.subtreePrefetch.vllm.log,160,3,29,0.2414528925379495
/Users/jiangnanhugo/workspace/power-sharpening/Subtree-Prefetching-Power-Sharpening/case_studies/logs-entropycut/mbpp/2026-09-21/vllm/dataset-mbpp.model-qwen3.5-9b.alpha4.0.steps100.blocks-1.prefetch-budget-20.rank-accept_first.cut-entropy4.0.samples20.maxnew1024.seed10086.subtreePrefetch.vllm.log,160,4,29,0.2414528925379495
/Users/jiangnanhugo/workspace/power-sharpening/Subtree-Prefetching-Power-Sharpening/case_studies/logs-entropycut/mbpp/2026-09-21/vllm/dataset-mbpp.model-qwen3.5-9b.alpha4.0.steps100.blocks-1.prefetch-budget-20.rank-accept_first.cut-entropy4.0.samples20.maxnew1024.seed10086.subtreePrefetch.vllm.log,160,5,413,0.01253896908274944
/Users/jiangnanhugo/workspace/power-sharpening/Subtree-Prefetching-Power-Sharpening/case_studies/logs-entropycut/mbpp/2026-09-21/vllm/dataset-mbpp.model-qwen3.5-9b.alpha4.0.steps100.blocks-1.prefetch-budget-20.rank-accept_first.cut-entropy4.0.samples20.maxnew1024.seed10086.subtreePrefetch.vllm.log,160,6,65,0.0001944423773884345
/Users/jiangnanhugo/workspace/power-sharpening/Subtree-Prefetching-Power-Sharpening/case_studies/logs-entropycut/mbpp/2026-09-21/vllm/dataset-mbpp.model-qwen3.5-9b.alpha4.0.steps100.blocks-1.prefetch-budget-20.rank-accept_first.cut-entropy4.0.samples20.maxnew1024.seed10086.subtreePrefetch.vllm.log,160,7,809,0.07058320025284899
/Users/jiangnanhugo/workspace/power-sharpening/Subtree-Prefetching-Power-Sharpening/case_studies/logs-entropycut/mbpp/2026-09-21/vllm/dataset-mbpp.model-qwen3.5-9b.alpha4.0.steps100.blocks-1.prefetch-budget-20.rank-accept_first.cut-entropy4.0.samples20.maxnew1024.seed10086.subtreePrefetch.vllm.log,160,8,160,0.34184308652316364
/Users/jiangnanhugo/workspace/power-sharpening/Subtree-Prefetching-Power-Sharpening/case_studies/logs-entropycut/mbpp/2026-09-21/vllm/dataset-mbpp.model-qwen3.5-9b.alpha4.0.steps100.blocks-1.prefetch-budget-20.rank-accept_first.cut-entropy4.0.samples20.maxnew1024.seed10086.subtreePrefetch.vllm.log,160,9,29,0.2414528925379495
/Users/jiangnanhugo/workspace/power-sharpening/Subtree-Prefetching-Power-Sharpening/case_studies/logs-entropycut/mbpp/2026-09-21/vllm/dataset-mbpp.model-qwen3.5-9b.alpha4.0.steps100.blocks-1.prefetch-budget-20.rank-accept_first.cut-entropy4.0.samples20.maxnew1024.seed10086.subtreePrefetch.vllm.log,160,10,29,0.2414528925379495
/Users/jiangnanhugo/workspace/power-sharpening/Subtree-Prefetching-Power-Sharpening/case_studies/logs-entropycut/mbpp/2026-09-21/vllm/dataset-mbpp.model-qwen3.5-9b.alpha4.0.steps100.blocks-1.prefetch-budget-20.rank-accept_first.cut-entropy4.0.samples20.maxnew1024.seed10086.subtreePrefetch.vllm.log,160,11,809,0.07058320025284899
/Users/jiangnanhugo/workspace/power-sharpening/Subtree-Prefetching-Power-Sharpening/case_studies/logs-entropycut/mbpp/2026-09-21/vllm/dataset-mbpp.model-qwen3.5-9b.alpha4.0.steps100.blocks-1.prefetch-budget-20.rank-accept_first.cut-entropy4.0.samples20.maxnew1024.seed10086.subtreePrefetch.vllm.log,160,12,55,0.034131149367776746
/Users/jiangnanhugo/workspace/power-sharpening/Subtree-Prefetching-Power-Sharpening/case_studies/logs-entropycut/mbpp/2026-09-21/vllm/dataset-mbpp.model-qwen3.5-9b.alpha4.0.steps100.blocks-1.prefetch-budget-20.rank-accept_first.cut-entropy4.0.samples20.maxnew1024.seed10086.subtreePrefetch.vllm.log,160,13,29,0.2414528925379495
/Users/jiangnanhugo/workspace/power-sharpening/Subtree-Prefetching-Power-Sharpening/case_studies/logs-entropycut/mbpp/2026-09-21/vllm/dataset-mbpp.model-qwen3.5-9b.alpha4.0.steps100.blocks-1.prefetch-budget-20.rank-accept_first.cut-entropy4.0.samples20.maxnew1024.seed10086.subtreePrefetch.vllm.log,160,14,55,0.034131149367776746
/Users/jiangnanhugo/workspace/power-sharpening/Subtree-Prefetching-Power-Sharpening/case_studies/logs-entropycut/mbpp/2026-09-21/vllm/dataset-mbpp.model-qwen3.5-9b.alpha4.0.steps100.blocks-1.prefetch-budget-20.rank-accept_first.cut-entropy4.0.samples20.maxnew1024.seed10086.subtreePrefetch.vllm.log,160,15,413,0.01253896908274944
/Users/jiangnanhugo/workspace/power-sharpening/Subtree-Prefetching-Power-Sharpening/case_studies/logs-entropycut/mbpp/2026-09-21/vllm/dataset-mbpp.model-qwen3.5-9b.alpha4.0.steps100.blocks-1.prefetch-budget-20.rank-accept_first.cut-entropy4.0.samples20.maxnew1024.seed10086.subtreePrefetch.vllm.log,160,16,809,0.07058320025284899
/Users/jiangnanhugo/workspace/power-sharpening/Subtree-Prefetching-Power-Sharpening/case_studies/logs-entropycut/mbpp/2026-09-21/vllm/dataset-mbpp.model-qwen3.5-9b.alpha4.0.steps100.blocks-1.prefetch-budget-20.rank-accept_first.cut-entropy4.0.samples20.maxnew1024.seed10086.subtreePrefetch.vllm.log,160,17,160,0.34184308652316364
/Users/jiangnanhugo/workspace/power-sharpening/Subtree-Prefetching-Power-Sharpening/case_studies/logs-entropycut/mbpp/2026-09-21/vllm/dataset-mbpp.model-qwen3.5-9b.alpha4.0.steps100.blocks-1.prefetch-budget-20.rank-accept_first.cut-entropy4.0.samples20.maxnew1024.seed10086.subtreePrefetch.vllm.log,160,18,29,0.2414528925379495
/Users/jiangnanhugo/workspace/power-sharpening/Subtree-Prefetching-Power-Sharpening/case_studies/logs-entropycut/mbpp/2026-09-21/vllm/dataset-mbpp.model-qwen3.5-9b.alpha4.0.steps100.blocks-1.prefetch-budget-20.rank-accept_first.cut-entropy4.0.samples20.maxnew1024.seed10086.subtreePrefetch.vllm.log,160,19,809,0.07058320025284899
/Users/jiangnanhugo/workspace/power-sharpening/Subtree-Prefetching-Power-Sharpening/case_studies/logs-entropycut/mbpp/2026-09-21/vllm/dataset-mbpp.model-qwen3.5-9b.alpha4.0.steps100.blocks-1.prefetch-budget-20.rank-accept_first.cut-entropy4.0.samples20.maxnew1024.seed10086.subtreePrefetch.vllm.log,161,0,281,0.018627391456970836
/Users/jiangnanhugo/workspace/power-sharpening/Subtree-Prefetching-Power-Sharpening/case_studies/logs-entropycut/mbpp/2026-09-21/vllm/dataset-mbpp.model-qwen3.5-9b.alpha4.0.steps100.blocks-1.prefetch-budget-20.rank-accept_first.cut-entropy4.0.samples20.maxnew1024.seed10086.subtreePrefetch.vllm.log,161,1,281,0.018627391456970836
/Users/jiangnanhugo/workspace/power-sharpening/Subtree-Prefetching-Power-Sharpening/case_studies/logs-entropycut/mbpp/2026-09-21/vllm/dataset-mbpp.model-qwen3.5-9b.alpha4.0.steps100.blocks-1.prefetch-budget-20.rank-accept_first.cut-entropy4.0.samples20.maxnew1024.seed10086.subtreePrefetch.vllm.log,161,2,264,0.03924547151876332
/Users/jiangnanhugo/workspace/power-sharpening/Subtree-Prefetching-Power-Sharpening/case_studies/logs-entropycut/mbpp/2026-09-21/vllm/dataset-mbpp.model-qwen3.5-9b.alpha4.0.steps100.blocks-1.prefetch-budget-20.rank-accept_first.cut-entropy4.0.samples20.maxnew1024.seed10086.subtreePrefetch.vllm.log,161,3,160,0.34184308652316364
/Users/jiangnanhugo/workspace/power-sharpening/Subtree-Prefetching-Power-Sharpening/case_studies/logs-entropycut/mbpp/2026-09-21/vllm/dataset-mbpp.model-qwen3.5-9b.alpha4.0.steps100.blocks-1.prefetch-budget-20.rank-accept_first.cut-entropy4.0.samples20.maxnew1024.seed10086.subtreePrefetch.vllm.log,161,4,94,0.013101025096970236
/Users/jiangnanhugo/workspace/power-sharpening/Subtree-Prefetching-Power-Sharpening/case_studies/logs-entropycut/mbpp/2026-09-21/vllm/dataset-mbpp.model-qwen3.5-9b.alpha4.0.steps100.blocks-1.prefetch-budget-20.rank-accept_first.cut-entropy4.0.samples20.maxnew1024.seed10086.subtreePrefetch.vllm.log,161,5,160,0.34184308652316364
/Users/jiangnanhugo/workspace/power-sharpening/Subtree-Prefetching-Power-Sharpening/case_studies/logs-entropycut/mbpp/2026-09-21/vllm/dataset-mbpp.model-qwen3.5-9b.alpha4.0.steps100.blocks-1.prefetch-budget-20.rank-accept_first.cut-entropy4.0.samples20.maxnew1024.seed10086.subtreePrefetch.vllm.log,161,6,160,0.34184308652316364
/Users/jiangnanhugo/workspace/power-sharpening/Subtree-Prefetching-Power-Sharpening/case_studies/logs-entropycut/mbpp/2026-09-21/vllm/dataset-mbpp.model-qwen3.5-9b.alpha4.0.steps100.blocks-1.prefetch-budget-20.rank-accept_first.cut-entropy4.0.samples20.maxnew1024.seed10086.subtreePrefetch.vllm.log,161,7,29,0.2414528925379495
/Users/jiangnanhugo/workspace/power-sharpening/Subtree-Prefetching-Power-Sharpening/case_studies/logs-entropycut/mbpp/2026-09-21/vllm/dataset-mbpp.model-qwen3.5-9b.alpha4.0.steps100.blocks-1.prefetch-budget-20.rank-accept_first.cut-entropy4.0.samples20.maxnew1024.seed10086.subtreePrefetch.vllm.log,161,8,129,0.025489803096117723
/Users/jiangnanhugo/workspace/power-sharpening/Subtree-Prefetching-Power-Sharpening/case_studies/logs-entropycut/mbpp/2026-09-21/vllm/dataset-mbpp.model-qwen3.5-9b.alpha4.0.steps100.blocks-1.prefetch-budget-20.rank-accept_first.cut-entropy4.0.samples20.maxnew1024.seed10086.subtreePrefetch.vllm.log,161,9,160,0.34184308652316364
/Users/jiangnanhugo/workspace/power-sharpening/Subtree-Prefetching-Power-Sharpening/case_studies/logs-entropycut/mbpp/2026-09-21/vllm/dataset-mbpp.model-qwen3.5-9b.alpha4.0.steps100.blocks-1.prefetch-budget-20.rank-accept_first.cut-entropy4.0.samples20.maxnew1024.seed10086.subtreePrefetch.vllm.log,161,10,29,0.2414528925379495
/Users/jiangnanhugo/workspace/power-sharpening/Subtree-Prefetching-Power-Sharpening/case_studies/logs-entropycut/mbpp/2026-09-21/vllm/dataset-mbpp.model-qwen3.5-9b.alpha4.0.steps100.blocks-1.prefetch-budget-20.rank-accept_first.cut-entropy4.0.samples20.maxnew1024.seed10086.subtreePrefetch.vllm.log,161,11,29,0.2414528925379495
/Users/jiangnanhugo/workspace/power-sharpening/Subtree-Prefetching-Power-Sharpening/case_studies/logs-entropycut/mbpp/2026-09-21/vllm/dataset-mbpp.model-qwen3.5-9b.alpha4.0.steps100.blocks-1.prefetch-budget-20.rank-accept_first.cut-entropy4.0.samples20.maxnew1024.seed10086.subtreePrefetch.vllm.log,161,12,160,0.34184308652316364
/Users/jiangnanhugo/workspace/power-sharpening/Subtree-Prefetching-Power-Sharpening/case_studies/logs-entropycut/mbpp/2026-09-21/vllm/dataset-mbpp.model-qwen3.5-9b.alpha4.0.steps100.blocks-1.prefetch-budget-20.rank-accept_first.cut-entropy4.0.samples20.maxnew1024.seed10086.subtreePrefetch.vllm.log,161,13,29,0.2414528925379495
/Users/jiangnanhugo/workspace/power-sharpening/Subtree-Prefetching-Power-Sharpening/case_studies/logs-entropycut/mbpp/2026-09-21/vllm/dataset-mbpp.model-qwen3.5-9b.alpha4.0.steps100.blocks-1.prefetch-budget-20.rank-accept_first.cut-entropy4.0.samples20.maxnew1024.seed10086.subtreePrefetch.vllm.log,161,14,160,0.34184308652316364
/Users/jiangnanhugo/workspace/power-sharpening/Subtree-Prefetching-Power-Sharpening/case_studies/logs-entropycut/mbpp/2026-09-21/vllm/dataset-mbpp.model-qwen3.5-9b.alpha4.0.steps100.blocks-1.prefetch-budget-20.rank-accept_first.cut-entropy4.0.samples20.maxnew1024.seed10086.subtreePrefetch.vllm.log,161,15,160,0.34184308652316364
/Users/jiangnanhugo/workspace/power-sharpening/Subtree-Prefetching-Power-Sharpening/case_studies/logs-entropycut/mbpp/2026-09-21/vllm/dataset-mbpp.model-qwen3.5-9b.alpha4.0.steps100.blocks-1.prefetch-budget-20.rank-accept_first.cut-entropy4.0.samples20.maxnew1024.seed10086.subtreePrefetch.vllm.log,161,16,29,0.2414528925379495
/Users/jiangnanhugo/workspace/power-sharpening/Subtree-Prefetching-Power-Sharpening/case_studies/logs-entropycut/mbpp/2026-09-21/vllm/dataset-mbpp.model-qwen3.5-9b.alpha4.0.steps100.blocks-1.prefetch-budget-20.rank-accept_first.cut-entropy4.0.samples20.maxnew1024.seed10086.subtreePrefetch.vllm.log,161,17,160,0.34184308652316364
/Users/jiangnanhugo/workspace/power-sharpening/Subtree-Prefetching-Power-Sharpening/case_studies/logs-entropycut/mbpp/2026-09-21/vllm/dataset-mbpp.model-qwen3.5-9b.alpha4.0.steps100.blocks-1.prefetch-budget-20.rank-accept_first.cut-entropy4.0.samples20.maxnew1024.seed10086.subtreePrefetch.vllm.log,161,18,29,0.2414528925379495
/Users/jiangnanhugo/workspace/power-sharpening/Subtree-Prefetching-Power-Sharpening/case_studies/logs-entropycut/mbpp/2026-09-21/vllm/dataset-mbpp.model-qwen3.5-9b.alpha4.0.steps100.blocks-1.prefetch-budget-20.rank-accept_first.cut-entropy4.0.samples20.maxnew1024.seed10086.subtreePrefetch.vllm.log,161,19,160,0.34184308652316364
/Users/jiangnanhugo/workspace/power-sharpening/Subtree-Prefetching-Power-Sharpening/case_studies/logs-entropycut/mbpp/2026-09-21/vllm/dataset-mbpp.model-qwen3.5-9b.alpha4.0.steps100.blocks-1.prefetch-budget-20.rank-accept_first.cut-entropy4.0.samples20.maxnew1024.seed10086.subtreePrefetch.vllm.log,162,0,29,0.2414528925379495
/Users/jiangnanhugo/workspace/power-sharpening/Subtree-Prefetching-Power-Sharpening/case_studies/logs-entropycut/mbpp/2026-09-21/vllm/dataset-mbpp.model-qwen3.5-9b.alpha4.0.steps100.blocks-1.prefetch-budget-20.rank-accept_first.cut-entropy4.0.samples20.maxnew1024.seed10086.subtreePrefetch.vllm.log,162,1,262,0.011606681725681519
/Users/jiangnanhugo/workspace/power-sharpening/Subtree-Prefetching-Power-Sharpening/case_studies/logs-entropycut/mbpp/2026-09-21/vllm/dataset-mbpp.model-qwen3.5-9b.alpha4.0.steps100.blocks-1.prefetch-budget-20.rank-accept_first.cut-entropy4.0.samples20.maxnew1024.seed10086.subtreePrefetch.vllm.log,162,2,29,0.2414528925379495
/Users/jiangnanhugo/workspace/power-sharpening/Subtree-Prefetching-Power-Sharpening/case_studies/logs-entropycut/mbpp/2026-09-21/vllm/dataset-mbpp.model-qwen3.5-9b.alpha4.0.steps100.blocks-1.prefetch-budget-20.rank-accept_first.cut-entropy4.0.samples20.maxnew1024.seed10086.subtreePrefetch.vllm.log,162,3,160,0.34184308652316364
/Users/jiangnanhugo/workspace/power-sharpening/Subtree-Prefetching-Power-Sharpening/case_studies/logs-entropycut/mbpp/2026-09-21/vllm/dataset-mbpp.model-qwen3.5-9b.alpha4.0.steps100.blocks-1.prefetch-budget-20.rank-accept_first.cut-entropy4.0.samples20.maxnew1024.seed10086.subtreePrefetch.vllm.log,162,4,29,0.2414528925379495
/Users/jiangnanhugo/workspace/power-sharpening/Subtree-Prefetching-Power-Sharpening/case_studies/logs-entropycut/mbpp/2026-09-21/vllm/dataset-mbpp.model-qwen3.5-9b.alpha4.0.steps100.blocks-1.prefetch-budget-20.rank-accept_first.cut-entropy4.0.samples20.maxnew1024.seed10086.subtreePrefetch.vllm.log,162,5,809,0.07058320025284899
/Users/jiangnanhugo/workspace/power-sharpening/Subtree-Prefetching-Power-Sharpening/case_studies/logs-entropycut/mbpp/2026-09-21/vllm/dataset-mbpp.model-qwen3.5-9b.alpha4.0.steps100.blocks-1.prefetch-budget-20.rank-accept_first.cut-entropy4.0.samples20.maxnew1024.seed10086.subtreePrefetch.vllm.log,162,6,46,0.0036113603902418368
/Users/jiangnanhugo/workspace/power-sharpening/Subtree-Prefetching-Power-Sharpening/case_studies/logs-entropycut/mbpp/2026-09-21/vllm/dataset-mbpp.model-qwen3.5-9b.alpha4.0.steps100.blocks-1.prefetch-budget-20.rank-accept_first.cut-entropy4.0.samples20.maxnew1024.seed10086.subtreePrefetch.vllm.log,162,7,160,0.34184308652316364
/Users/jiangnanhugo/workspace/power-sharpening/Subtree-Prefetching-Power-Sharpening/case_studies/logs-entropycut/mbpp/2026-09-21/vllm/dataset-mbpp.model-qwen3.5-9b.alpha4.0.steps100.blocks-1.prefetch-budget-20.rank-accept_first.cut-entropy4.0.samples20.maxnew1024.seed10086.subtreePrefetch.vllm.log,162,8,160,0.34184308652316364
/Users/jiangnanhugo/workspace/power-sharpening/Subtree-Prefetching-Power-Sharpening/case_studies/logs-entropycut/mbpp/2026-09-21/vllm/dataset-mbpp.model-qwen3.5-9b.alpha4.0.steps100.blocks-1.prefetch-budget-20.rank-accept_first.cut-entropy4.0.samples20.maxnew1024.seed10086.subtreePrefetch.vllm.log,162,9,226,0.0048264677044218066
/Users/jiangnanhugo/workspace/power-sharpening/Subtree-Prefetching-Power-Sharpening/case_studies/logs-entropycut/mbpp/2026-09-21/vllm/dataset-mbpp.model-qwen3.5-9b.alpha4.0.steps100.blocks-1.prefetch-budget-20.rank-accept_first.cut-entropy4.0.samples20.maxnew1024.seed10086.subtreePrefetch.vllm.log,162,10,55,0.034131149367776746
/Users/jiangnanhugo/workspace/power-sharpening/Subtree-Prefetching-Power-Sharpening/case_studies/logs-entropycut/mbpp/2026-09-21/vllm/dataset-mbpp.model-qwen3.5-9b.alpha4.0.steps100.blocks-1.prefetch-budget-20.rank-accept_first.cut-entropy4.0.samples20.maxnew1024.seed10086.subtreePrefetch.vllm.log,162,11,29,0.2414528925379495
/Users/jiangnanhugo/workspace/power-sharpening/Subtree-Prefetching-Power-Sharpening/case_studies/logs-entropycut/mbpp/2026-09-21/vllm/dataset-mbpp.model-qwen3.5-9b.alpha4.0.steps100.blocks-1.prefetch-budget-20.rank-accept_first.cut-entropy4.0.samples20.maxnew1024.seed10086.subtreePrefetch.vllm.log,162,12,129,0.025489803096117723
/Users/jiangnanhugo/workspace/power-sharpening/Subtree-Prefetching-Power-Sharpening/case_studies/logs-entropycut/mbpp/2026-09-21/vllm/dataset-mbpp.model-qwen3.5-9b.alpha4.0.steps100.blocks-1.prefetch-budget-20.rank-accept_first.cut-entropy4.0.samples20.maxnew1024.seed10086.subtreePrefetch.vllm.log,162,13,29,0.2414528925379495
/Users/jiangnanhugo/workspace/power-sharpening/Subtree-Prefetching-Power-Sharpening/case_studies/logs-entropycut/mbpp/2026-09-21/vllm/dataset-mbpp.model-qwen3.5-9b.alpha4.0.steps100.blocks-1.prefetch-budget-20.rank-accept_first.cut-entropy4.0.samples20.maxnew1024.seed10086.subtreePrefetch.vllm.log,162,14,29,0.2414528925379495
/Users/jiangnanhugo/workspace/power-sharpening/Subtree-Prefetching-Power-Sharpening/case_studies/logs-entropycut/mbpp/2026-09-21/vllm/dataset-mbpp.model-qwen3.5-9b.alpha4.0.steps100.blocks-1.prefetch-budget-20.rank-accept_first.cut-entropy4.0.samples20.maxnew1024.seed10086.subtreePrefetch.vllm.log,162,15,129,0.025489803096117723
/Users/jiangnanhugo/workspace/power-sharpening/Subtree-Prefetching-Power-Sharpening/case_studies/logs-entropycut/mbpp/2026-09-21/vllm/dataset-mbpp.model-qwen3.5-9b.alpha4.0.steps100.blocks-1.prefetch-budget-20.rank-accept_first.cut-entropy4.0.samples20.maxnew1024.seed10086.subtreePrefetch.vllm.log,162,16,160,0.34184308652316364
/Users/jiangnanhugo/workspace/power-sharpening/Subtree-Prefetching-Power-Sharpening/case_studies/logs-entropycut/mbpp/2026-09-21/vllm/dataset-mbpp.model-qwen3.5-9b.alpha4.0.steps100.blocks-1.prefetch-budget-20.rank-accept_first.cut-entropy4.0.samples20.maxnew1024.seed10086.subtreePrefetch.vllm.log,162,17,29,0.2414528925379495
/Users/jiangnanhugo/workspace/power-sharpening/Subtree-Prefetching-Power-Sharpening/case_studies/logs-entropycut/mbpp/2026-09-21/vllm/dataset-mbpp.model-qwen3.5-9b.alpha4.0.steps100.blocks-1.prefetch-budget-20.rank-accept_first.cut-entropy4.0.samples20.maxnew1024.seed10086.subtreePrefetch.vllm.log,162,18,160,0.34184308652316364
/Users/jiangnanhugo/workspace/power-sharpening/Subtree-Prefetching-Power-Sharpening/case_studies/logs-entropycut/mbpp/2026-09-21/vllm/dataset-mbpp.model-qwen3.5-9b.alpha4.0.steps100.blocks-1.prefetch-budget-20.rank-accept_first.cut-entropy4.0.samples20.maxnew1024.seed10086.subtreePrefetch.vllm.log,162,19,29,0.2414528925379495
/Users/jiangnanhugo/workspace/power-sharpening/Subtree-Prefetching-Power-Sharpening/case_studies/logs-entropycut/mbpp/2026-09-21/vllm/dataset-mbpp.model-qwen3.5-9b.alpha4.0.steps100.blocks-1.prefetch-budget-20.rank-accept_first.cut-entropy4.0.samples20.maxnew1024.seed10086.subtreePrefetch.vllm.log,163,0,300,0.008677751394396471
/Users/jiangnanhugo/workspace/power-sharpening/Subtree-Prefetching-Power-Sharpening/case_studies/logs-entropycut/mbpp/2026-09-21/vllm/dataset-mbpp.model-qwen3.5-9b.alpha4.0.steps100.blocks-1.prefetch-budget-20.rank-accept_first.cut-entropy4.0.samples20.maxnew1024.seed10086.subtreePrefetch.vllm.log,163,1,94,0.020757904506075696
/Users/jiangnanhugo/workspace/power-sharpening/Subtree-Prefetching-Power-Sharpening/case_studies/logs-entropycut/mbpp/2026-09-21/vllm/dataset-mbpp.model-qwen3.5-9b.alpha4.0.steps100.blocks-1.prefetch-budget-20.rank-accept_first.cut-entropy4.0.samples20.maxnew1024.seed10086.subtreePrefetch.vllm.log,163,2,29,0.382569764497101
/Users/jiangnanhugo/workspace/power-sharpening/Subtree-Prefetching-Power-Sharpening/case_studies/logs-entropycut/mbpp/2026-09-21/vllm/dataset-mbpp.model-qwen3.5-9b.alpha4.0.steps100.blocks-1.prefetch-budget-20.rank-accept_first.cut-entropy4.0.samples20.maxnew1024.seed10086.subtreePrefetch.vllm.log,163,3,248,0.21564267228349257
/Users/jiangnanhugo/workspace/power-sharpening/Subtree-Prefetching-Power-Sharpening/case_studies/logs-entropycut/mbpp/2026-09-21/vllm/dataset-mbpp.model-qwen3.5-9b.alpha4.0.steps100.blocks-1.prefetch-budget-20.rank-accept_first.cut-entropy4.0.samples20.maxnew1024.seed10086.subtreePrefetch.vllm.log,163,4,29,0.382569764497101
/Users/jiangnanhugo/workspace/power-sharpening/Subtree-Prefetching-Power-Sharpening/case_studies/logs-entropycut/mbpp/2026-09-21/vllm/dataset-mbpp.model-qwen3.5-9b.alpha4.0.steps100.blocks-1.prefetch-budget-20.rank-accept_first.cut-entropy4.0.samples20.maxnew1024.seed10086.subtreePrefetch.vllm.log,163,5,42,0.004359888041734407
/Users/jiangnanhugo/workspace/power-sharpening/Subtree-Prefetching-Power-Sharpening/case_studies/logs-entropycut/mbpp/2026-09-21/vllm/dataset-mbpp.model-qwen3.5-9b.alpha4.0.steps100.blocks-1.prefetch-budget-20.rank-accept_first.cut-entropy4.0.samples20.maxnew1024.seed10086.subtreePrefetch.vllm.log,163,6,29,0.382569764497101
/Users/jiangnanhugo/workspace/power-sharpening/Subtree-Prefetching-Power-Sharpening/case_studies/logs-entropycut/mbpp/2026-09-21/vllm/dataset-mbpp.model-qwen3.5-9b.alpha4.0.steps100.blocks-1.prefetch-budget-20.rank-accept_first.cut-entropy4.0.samples20.maxnew1024.seed10086.subtreePrefetch.vllm.log,163,7,59,0.049613304236532485
/Users/jiangnanhugo/workspace/power-sharpening/Subtree-Prefetching-Power-Sharpening/case_studies/logs-entropycut/mbpp/2026-09-21/vllm/dataset-mbpp.model-qwen3.5-9b.alpha4.0.steps100.blocks-1.prefetch-budget-20.rank-accept_first.cut-entropy4.0.samples20.maxnew1024.seed10086.subtreePrefetch.vllm.log,163,8,248,0.21564267228349257
/Users/jiangnanhugo/workspace/power-sharpening/Subtree-Prefetching-Power-Sharpening/case_studies/logs-entropycut/mbpp/2026-09-21/vllm/dataset-mbpp.model-qwen3.5-9b.alpha4.0.steps100.blocks-1.prefetch-budget-20.rank-accept_first.cut-entropy4.0.samples20.maxnew1024.seed10086.subtreePrefetch.vllm.log,163,9,55,0.054079061295956334
/Users/jiangnanhugo/workspace/power-sharpening/Subtree-Prefetching-Power-Sharpening/case_studies/logs-entropycut/mbpp/2026-09-21/vllm/dataset-mbpp.model-qwen3.5-9b.alpha4.0.steps100.blocks-1.prefetch-budget-20.rank-accept_first.cut-entropy4.0.samples20.maxnew1024.seed10086.subtreePrefetch.vllm.log,163,10,29,0.382569764497101
/Users/jiangnanhugo/workspace/power-sharpening/Subtree-Prefetching-Power-Sharpening/case_studies/logs-entropycut/mbpp/2026-09-21/vllm/dataset-mbpp.model-qwen3.5-9b.alpha4.0.steps100.blocks-1.prefetch-budget-20.rank-accept_first.cut-entropy4.0.samples20.maxnew1024.seed10086.subtreePrefetch.vllm.log,163,11,29,0.382569764497101
/Users/jiangnanhugo/workspace/power-sharpening/Subtree-Prefetching-Power-Sharpening/case_studies/logs-entropycut/mbpp/2026-09-21/vllm/dataset-mbpp.model-qwen3.5-9b.alpha4.0.steps100.blocks-1.prefetch-budget-20.rank-accept_first.cut-entropy4.0.samples20.maxnew1024.seed10086.subtreePrefetch.vllm.log,163,12,55,0.054079061295956334
/Users/jiangnanhugo/workspace/power-sharpening/Subtree-Prefetching-Power-Sharpening/case_studies/logs-entropycut/mbpp/2026-09-21/vllm/dataset-mbpp.model-qwen3.5-9b.alpha4.0.steps100.blocks-1.prefetch-budget-20.rank-accept_first.cut-entropy4.0.samples20.maxnew1024.seed10086.subtreePrefetch.vllm.log,163,13,29,0.382569764497101
/Users/jiangnanhugo/workspace/power-sharpening/Subtree-Prefetching-Power-Sharpening/case_studies/logs-entropycut/mbpp/2026-09-21/vllm/dataset-mbpp.model-qwen3.5-9b.alpha4.0.steps100.blocks-1.prefetch-budget-20.rank-accept_first.cut-entropy4.0.samples20.maxnew1024.seed10086.subtreePrefetch.vllm.log,163,14,29,0.382569764497101
/Users/jiangnanhugo/workspace/power-sharpening/Subtree-Prefetching-Power-Sharpening/case_studies/logs-entropycut/mbpp/2026-09-21/vllm/dataset-mbpp.model-qwen3.5-9b.alpha4.0.steps100.blocks-1.prefetch-budget-20.rank-accept_first.cut-entropy4.0.samples20.maxnew1024.seed10086.subtreePrefetch.vllm.log,163,15,29,0.382569764497101
/Users/jiangnanhugo/workspace/power-sharpening/Subtree-Prefetching-Power-Sharpening/case_studies/logs-entropycut/mbpp/2026-09-21/vllm/dataset-mbpp.model-qwen3.5-9b.alpha4.0.steps100.blocks-1.prefetch-budget-20.rank-accept_first.cut-entropy4.0.samples20.maxnew1024.seed10086.subtreePrefetch.vllm.log,163,16,29,0.382569764497101
/Users/jiangnanhugo/workspace/power-sharpening/Subtree-Prefetching-Power-Sharpening/case_studies/logs-entropycut/mbpp/2026-09-21/vllm/dataset-mbpp.model-qwen3.5-9b.alpha4.0.steps100.blocks-1.prefetch-budget-20.rank-accept_first.cut-entropy4.0.samples20.maxnew1024.seed10086.subtreePrefetch.vllm.log,163,17,29,0.382569764497101
/Users/jiangnanhugo/workspace/power-sharpening/Subtree-Prefetching-Power-Sharpening/case_studies/logs-entropycut/mbpp/2026-09-21/vllm/dataset-mbpp.model-qwen3.5-9b.alpha4.0.steps100.blocks-1.prefetch-budget-20.rank-accept_first.cut-entropy4.0.samples20.maxnew1024.seed10086.subtreePrefetch.vllm.log,163,18,29,0.382569764497101
/Users/jiangnanhugo/workspace/power-sharpening/Subtree-Prefetching-Power-Sharpening/case_studies/logs-entropycut/mbpp/2026-09-21/vllm/dataset-mbpp.model-qwen3.5-9b.alpha4.0.steps100.blocks-1.prefetch-budget-20.rank-accept_first.cut-entropy4.0.samples20.maxnew1024.seed10086.subtreePrefetch.vllm.log,163,19,59,0.049613304236532485
/Users/jiangnanhugo/workspace/power-sharpening/Subtree-Prefetching-Power-Sharpening/case_studies/logs-entropycut/mbpp/2026-09-21/vllm/dataset-mbpp.model-qwen3.5-9b.alpha4.0.steps100.blocks-1.prefetch-budget-20.rank-accept_first.cut-entropy4.0.samples20.maxnew1024.seed10086.subtreePrefetch.vllm.log,164,0,29,0.382569764497101
/Users/jiangnanhugo/workspace/power-sharpening/Subtree-Prefetching-Power-Sharpening/case_studies/logs-entropycut/mbpp/2026-09-21/vllm/dataset-mbpp.model-qwen3.5-9b.alpha4.0.steps100.blocks-1.prefetch-budget-20.rank-accept_first.cut-entropy4.0.samples20.maxnew1024.seed10086.subtreePrefetch.vllm.log,164,1,248,0.21564267228349257
/Users/jiangnanhugo/workspace/power-sharpening/Subtree-Prefetching-Power-Sharpening/case_studies/logs-entropycut/mbpp/2026-09-21/vllm/dataset-mbpp.model-qwen3.5-9b.alpha4.0.steps100.blocks-1.prefetch-budget-20.rank-accept_first.cut-entropy4.0.samples20.maxnew1024.seed10086.subtreePrefetch.vllm.log,164,2,29,0.382569764497101
/Users/jiangnanhugo/workspace/power-sharpening/Subtree-Prefetching-Power-Sharpening/case_studies/logs-entropycut/mbpp/2026-09-21/vllm/dataset-mbpp.model-qwen3.5-9b.alpha4.0.steps100.blocks-1.prefetch-budget-20.rank-accept_first.cut-entropy4.0.samples20.maxnew1024.seed10086.subtreePrefetch.vllm.log,164,3,168,0.05098964321771091
/Users/jiangnanhugo/workspace/power-sharpening/Subtree-Prefetching-Power-Sharpening/case_studies/logs-entropycut/mbpp/2026-09-21/vllm/dataset-mbpp.model-qwen3.5-9b.alpha4.0.steps100.blocks-1.prefetch-budget-20.rank-accept_first.cut-entropy4.0.samples20.maxnew1024.seed10086.subtreePrefetch.vllm.log,164,4,94,0.020757904506075696
/Users/jiangnanhugo/workspace/power-sharpening/Subtree-Prefetching-Power-Sharpening/case_studies/logs-entropycut/mbpp/2026-09-21/vllm/dataset-mbpp.model-qwen3.5-9b.alpha4.0.steps100.blocks-1.prefetch-budget-20.rank-accept_first.cut-entropy4.0.samples20.maxnew1024.seed10086.subtreePrefetch.vllm.log,164,5,55,0.054079061295956334
/Users/jiangnanhugo/workspace/power-sharpening/Subtree-Prefetching-Power-Sharpening/case_studies/logs-entropycut/mbpp/2026-09-21/vllm/dataset-mbpp.model-qwen3.5-9b.alpha4.0.steps100.blocks-1.prefetch-budget-20.rank-accept_first.cut-entropy4.0.samples20.maxnew1024.seed10086.subtreePrefetch.vllm.log,164,6,29,0.382569764497101
/Users/jiangnanhugo/workspace/power-sharpening/Subtree-Prefetching-Power-Sharpening/case_studies/logs-entropycut/mbpp/2026-09-21/vllm/dataset-mbpp.model-qwen3.5-9b.alpha4.0.steps100.blocks-1.prefetch-budget-20.rank-accept_first.cut-entropy4.0.samples20.maxnew1024.seed10086.subtreePrefetch.vllm.log,164,7,29,0.382569764497101
/Users/jiangnanhugo/workspace/power-sharpening/Subtree-Prefetching-Power-Sharpening/case_studies/logs-entropycut/mbpp/2026-09-21/vllm/dataset-mbpp.model-qwen3.5-9b.alpha4.0.steps100.blocks-1.prefetch-budget-20.rank-accept_first.cut-entropy4.0.samples20.maxnew1024.seed10086.subtreePrefetch.vllm.log,164,8,23,0.005025822289096155
/Users/jiangnanhugo/workspace/power-sharpening/Subtree-Prefetching-Power-Sharpening/case_studies/logs-entropycut/mbpp/2026-09-21/vllm/dataset-mbpp.model-qwen3.5-9b.alpha4.0.steps100.blocks-1.prefetch-budget-20.rank-accept_first.cut-entropy4.0.samples20.maxnew1024.seed10086.subtreePrefetch.vllm.log,164,9,54,0.007596349373809132
/Users/jiangnanhugo/workspace/power-sharpening/Subtree-Prefetching-Power-Sharpening/case_studies/logs-entropycut/mbpp/2026-09-21/vllm/dataset-mbpp.model-qwen3.5-9b.alpha4.0.steps100.blocks-1.prefetch-budget-20.rank-accept_first.cut-entropy4.0.samples20.maxnew1024.seed10086.subtreePrefetch.vllm.log,164,10,29,0.382569764497101
/Users/jiangnanhugo/workspace/power-sharpening/Subtree-Prefetching-Power-Sharpening/case_studies/logs-entropycut/mbpp/2026-09-21/vllm/dataset-mbpp.model-qwen3.5-9b.alpha4.0.steps100.blocks-1.prefetch-budget-20.rank-accept_first.cut-entropy4.0.samples20.maxnew1024.seed10086.subtreePrefetch.vllm.log,164,11,29,0.382569764497101
/Users/jiangnanhugo/workspace/power-sharpening/Subtree-Prefetching-Power-Sharpening/case_studies/logs-entropycut/mbpp/2026-09-21/vllm/dataset-mbpp.model-qwen3.5-9b.alpha4.0.steps100.blocks-1.prefetch-budget-20.rank-accept_first.cut-entropy4.0.samples20.maxnew1024.seed10086.subtreePrefetch.vllm.log,164,12,29,0.382569764497101
/Users/jiangnanhugo/workspace/power-sharpening/Subtree-Prefetching-Power-Sharpening/case_studies/logs-entropycut/mbpp/2026-09-21/vllm/dataset-mbpp.model-qwen3.5-9b.alpha4.0.steps100.blocks-1.prefetch-budget-20.rank-accept_first.cut-entropy4.0.samples20.maxnew1024.seed10086.subtreePrefetch.vllm.log,164,13,29,0.382569764497101
/Users/jiangnanhugo/workspace/power-sharpening/Subtree-Prefetching-Power-Sharpening/case_studies/logs-entropycut/mbpp/2026-09-21/vllm/dataset-mbpp.model-qwen3.5-9b.alpha4.0.steps100.blocks-1.prefetch-budget-20.rank-accept_first.cut-entropy4.0.samples20.maxnew1024.seed10086.subtreePrefetch.vllm.log,164,14,2,0.012922947692883591
/Users/jiangnanhugo/workspace/power-sharpening/Subtree-Prefetching-Power-Sharpening/case_studies/logs-entropycut/mbpp/2026-09-21/vllm/dataset-mbpp.model-qwen3.5-9b.alpha4.0.steps100.blocks-1.prefetch-budget-20.rank-accept_first.cut-entropy4.0.samples20.maxnew1024.seed10086.subtreePrefetch.vllm.log,164,15,29,0.382569764497101
/Users/jiangnanhugo/workspace/power-sharpening/Subtree-Prefetching-Power-Sharpening/case_studies/logs-entropycut/mbpp/2026-09-21/vllm/dataset-mbpp.model-qwen3.5-9b.alpha4.0.steps100.blocks-1.prefetch-budget-20.rank-accept_first.cut-entropy4.0.samples20.maxnew1024.seed10086.subtreePrefetch.vllm.log,164,16,29,0.382569764497101
/Users/jiangnanhugo/workspace/power-sharpening/Subtree-Prefetching-Power-Sharpening/case_studies/logs-entropycut/mbpp/2026-09-21/vllm/dataset-mbpp.model-qwen3.5-9b.alpha4.0.steps100.blocks-1.prefetch-budget-20.rank-accept_first.cut-entropy4.0.samples20.maxnew1024.seed10086.subtreePrefetch.vllm.log,164,17,29,0.382569764497101
/Users/jiangnanhugo/workspace/power-sharpening/Subtree-Prefetching-Power-Sharpening/case_studies/logs-entropycut/mbpp/2026-09-21/vllm/dataset-mbpp.model-qwen3.5-9b.alpha4.0.steps100.blocks-1.prefetch-budget-20.rank-accept_first.cut-entropy4.0.samples20.maxnew1024.seed10086.subtreePrefetch.vllm.log,164,18,29,0.382569764497101
/Users/jiangnanhugo/workspace/power-sharpening/Subtree-Prefetching-Power-Sharpening/case_studies/logs-entropycut/mbpp/2026-09-21/vllm/dataset-mbpp.model-qwen3.5-9b.alpha4.0.steps100.blocks-1.prefetch-budget-20.rank-accept_first.cut-entropy4.0.samples20.maxnew1024.seed10086.subtreePrefetch.vllm.log,164,19,29,0.382569764497101
/Users/jiangnanhugo/workspace/power-sharpening/Subtree-Prefetching-Power-Sharpening/case_studies/logs-entropycut/mbpp/2026-09-21/vllm/dataset-mbpp.model-qwen3.5-9b.alpha4.0.steps100.blocks-1.prefetch-budget-20.rank-accept_first.cut-entropy4.0.samples20.maxnew1024.seed10086.subtreePrefetch.vllm.log,165,0,413,0.012354861193360068
/Users/jiangnanhugo/workspace/power-sharpening/Subtree-Prefetching-Power-Sharpening/case_studies/logs-entropycut/mbpp/2026-09-21/vllm/dataset-mbpp.model-qwen3.5-9b.alpha4.0.steps100.blocks-1.prefetch-budget-20.rank-accept_first.cut-entropy4.0.samples20.maxnew1024.seed10086.subtreePrefetch.vllm.log,165,1,29,0.382569764497101
/Users/jiangnanhugo/workspace/power-sharpening/Subtree-Prefetching-Power-Sharpening/case_studies/logs-entropycut/mbpp/2026-09-21/vllm/dataset-mbpp.model-qwen3.5-9b.alpha4.0.steps100.blocks-1.prefetch-budget-20.rank-accept_first.cut-entropy4.0.samples20.maxnew1024.seed10086.subtreePrefetch.vllm.log,165,2,29,0.382569764497101
/Users/jiangnanhugo/workspace/power-sharpening/Subtree-Prefetching-Power-Sharpening/case_studies/logs-entropycut/mbpp/2026-09-21/vllm/dataset-mbpp.model-qwen3.5-9b.alpha4.0.steps100.blocks-1.prefetch-budget-20.rank-accept_first.cut-entropy4.0.samples20.maxnew1024.seed10086.subtreePrefetch.vllm.log,165,3,29,0.382569764497101
/Users/jiangnanhugo/workspace/power-sharpening/Subtree-Prefetching-Power-Sharpening/case_studies/logs-entropycut/mbpp/2026-09-21/vllm/dataset-mbpp.model-qwen3.5-9b.alpha4.0.steps100.blocks-1.prefetch-budget-20.rank-accept_first.cut-entropy4.0.samples20.maxnew1024.seed10086.subtreePrefetch.vllm.log,165,4,29,0.382569764497101
/Users/jiangnanhugo/workspace/power-sharpening/Subtree-Prefetching-Power-Sharpening/case_studies/logs-entropycut/mbpp/2026-09-21/vllm/dataset-mbpp.model-qwen3.5-9b.alpha4.0.steps100.blocks-1.prefetch-budget-20.rank-accept_first.cut-entropy4.0.samples20.maxnew1024.seed10086.subtreePrefetch.vllm.log,165,5,29,0.382569764497101
/Users/jiangnanhugo/workspace/power-sharpening/Subtree-Prefetching-Power-Sharpening/case_studies/logs-entropycut/mbpp/2026-09-21/vllm/dataset-mbpp.model-qwen3.5-9b.alpha4.0.steps100.blocks-1.prefetch-budget-20.rank-accept_first.cut-entropy4.0.samples20.maxnew1024.seed10086.subtreePrefetch.vllm.log,165,6,29,0.382569764497101
/Users/jiangnanhugo/workspace/power-sharpening/Subtree-Prefetching-Power-Sharpening/case_studies/logs-entropycut/mbpp/2026-09-21/vllm/dataset-mbpp.model-qwen3.5-9b.alpha4.0.steps100.blocks-1.prefetch-budget-20.rank-accept_first.cut-entropy4.0.samples20.maxnew1024.seed10086.subtreePrefetch.vllm.log,165,7,29,0.382569764497101
/Users/jiangnanhugo/workspace/power-sharpening/Subtree-Prefetching-Power-Sharpening/case_studies/logs-entropycut/mbpp/2026-09-21/vllm/dataset-mbpp.model-qwen3.5-9b.alpha4.0.steps100.blocks-1.prefetch-budget-20.rank-accept_first.cut-entropy4.0.samples20.maxnew1024.seed10086.subtreePrefetch.vllm.log,165,8,29,0.382569764497101
/Users/jiangnanhugo/workspace/power-sharpening/Subtree-Prefetching-Power-Sharpening/case_studies/logs-entropycut/mbpp/2026-09-21/vllm/dataset-mbpp.model-qwen3.5-9b.alpha4.0.steps100.blocks-1.prefetch-budget-20.rank-accept_first.cut-entropy4.0.samples20.maxnew1024.seed10086.subtreePrefetch.vllm.log,165,9,29,0.382569764497101
/Users/jiangnanhugo/workspace/power-sharpening/Subtree-Prefetching-Power-Sharpening/case_studies/logs-entropycut/mbpp/2026-09-21/vllm/dataset-mbpp.model-qwen3.5-9b.alpha4.0.steps100.blocks-1.prefetch-budget-20.rank-accept_first.cut-entropy4.0.samples20.maxnew1024.seed10086.subtreePrefetch.vllm.log,165,10,212,0.0030593996194181526
/Users/jiangnanhugo/workspace/power-sharpening/Subtree-Prefetching-Power-Sharpening/case_studies/logs-entropycut/mbpp/2026-09-21/vllm/dataset-mbpp.model-qwen3.5-9b.alpha4.0.steps100.blocks-1.prefetch-budget-20.rank-accept_first.cut-entropy4.0.samples20.maxnew1024.seed10086.subtreePrefetch.vllm.log,165,11,29,0.382569764497101
/Users/jiangnanhugo/workspace/power-sharpening/Subtree-Prefetching-Power-Sharpening/case_studies/logs-entropycut/mbpp/2026-09-21/vllm/dataset-mbpp.model-qwen3.5-9b.alpha4.0.steps100.blocks-1.prefetch-budget-20.rank-accept_first.cut-entropy4.0.samples20.maxnew1024.seed10086.subtreePrefetch.vllm.log,165,12,29,0.382569764497101
/Users/jiangnanhugo/workspace/power-sharpening/Subtree-Prefetching-Power-Sharpening/case_studies/logs-entropycut/mbpp/2026-09-21/vllm/dataset-mbpp.model-qwen3.5-9b.alpha4.0.steps100.blocks-1.prefetch-budget-20.rank-accept_first.cut-entropy4.0.samples20.maxnew1024.seed10086.subtreePrefetch.vllm.log,165,13,29,0.382569764497101
/Users/jiangnanhugo/workspace/power-sharpening/Subtree-Prefetching-Power-Sharpening/case_studies/logs-entropycut/mbpp/2026-09-21/vllm/dataset-mbpp.model-qwen3.5-9b.alpha4.0.steps100.blocks-1.prefetch-budget-20.rank-accept_first.cut-entropy4.0.samples20.maxnew1024.seed10086.subtreePrefetch.vllm.log,165,14,29,0.382569764497101
/Users/jiangnanhugo/workspace/power-sharpening/Subtree-Prefetching-Power-Sharpening/case_studies/logs-entropycut/mbpp/2026-09-21/vllm/dataset-mbpp.model-qwen3.5-9b.alpha4.0.steps100.blocks-1.prefetch-budget-20.rank-accept_first.cut-entropy4.0.samples20.maxnew1024.seed10086.subtreePrefetch.vllm.log,166,0,546,0.023209880153713138
/Users/jiangnanhugo/workspace/power-sharpening/Subtree-Prefetching-Power-Sharpening/case_studies/logs-entropycut/mbpp/2026-09-21/vllm/dataset-mbpp.model-qwen3.5-9b.alpha4.0.steps100.blocks-1.prefetch-budget-20.rank-accept_first.cut-entropy4.0.samples20.maxnew1024.seed10086.subtreePrefetch.vllm.log,166,1,303,0.01904313267455589
/Users/jiangnanhugo/workspace/power-sharpening/Subtree-Prefetching-Power-Sharpening/case_studies/logs-entropycut/mbpp/2026-09-21/vllm/dataset-mbpp.model-qwen3.5-9b.alpha4.0.steps100.blocks-1.prefetch-budget-20.rank-accept_first.cut-entropy4.0.samples20.maxnew1024.seed10086.subtreePrefetch.vllm.log,166,2,152,0.006789339818205672
/Users/jiangnanhugo/workspace/power-sharpening/Subtree-Prefetching-Power-Sharpening/case_studies/logs-entropycut/mbpp/2026-09-21/vllm/dataset-mbpp.model-qwen3.5-9b.alpha4.0.steps100.blocks-1.prefetch-budget-20.rank-accept_first.cut-entropy4.0.samples20.maxnew1024.seed10086.subtreePrefetch.vllm.log,166,3,727,0.09427123145108088
/Users/jiangnanhugo/workspace/power-sharpening/Subtree-Prefetching-Power-Sharpening/case_studies/logs-entropycut/mbpp/2026-09-21/vllm/dataset-mbpp.model-qwen3.5-9b.alpha4.0.steps100.blocks-1.prefetch-budget-20.rank-accept_first.cut-entropy4.0.samples20.maxnew1024.seed10086.subtreePrefetch.vllm.log,166,4,130,0.07701222032638069
/Users/jiangnanhugo/workspace/power-sharpening/Subtree-Prefetching-Power-Sharpening/case_studies/logs-entropycut/mbpp/2026-09-21/vllm/dataset-mbpp.model-qwen3.5-9b.alpha4.0.steps100.blocks-1.prefetch-budget-20.rank-accept_first.cut-entropy4.0.samples20.maxnew1024.seed10086.subtreePrefetch.vllm.log,166,5,130,0.07701222032638069
/Users/jiangnanhugo/workspace/power-sharpening/Subtree-Prefetching-Power-Sharpening/case_studies/logs-entropycut/mbpp/2026-09-21/vllm/dataset-mbpp.model-qwen3.5-9b.alpha4.0.steps100.blocks-1.prefetch-budget-20.rank-accept_first.cut-entropy4.0.samples20.maxnew1024.seed10086.subtreePrefetch.vllm.log,166,6,562,0.0036560980155270068
/Users/jiangnanhugo/workspace/power-sharpening/Subtree-Prefetching-Power-Sharpening/case_studies/logs-entropycut/mbpp/2026-09-21/vllm/dataset-mbpp.model-qwen3.5-9b.alpha4.0.steps100.blocks-1.prefetch-budget-20.rank-accept_first.cut-entropy4.0.samples20.maxnew1024.seed10086.subtreePrefetch.vllm.log,166,7,610,0.10815585858591822
/Users/jiangnanhugo/workspace/power-sharpening/Subtree-Prefetching-Power-Sharpening/case_studies/logs-entropycut/mbpp/2026-09-21/vllm/dataset-mbpp.model-qwen3.5-9b.alpha4.0.steps100.blocks-1.prefetch-budget-20.rank-accept_first.cut-entropy4.0.samples20.maxnew1024.seed10086.subtreePrefetch.vllm.log,166,8,289,0.040885011322734366
/Users/jiangnanhugo/workspace/power-sharpening/Subtree-Prefetching-Power-Sharpening/case_studies/logs-entropycut/mbpp/2026-09-21/vllm/dataset-mbpp.model-qwen3.5-9b.alpha4.0.steps100.blocks-1.prefetch-budget-20.rank-accept_first.cut-entropy4.0.samples20.maxnew1024.seed10086.subtreePrefetch.vllm.log,166,9,130,0.07701222032638069
/Users/jiangnanhugo/workspace/power-sharpening/Subtree-Prefetching-Power-Sharpening/case_studies/logs-entropycut/mbpp/2026-09-21/vllm/dataset-mbpp.model-qwen3.5-9b.alpha4.0.steps100.blocks-1.prefetch-budget-20.rank-accept_first.cut-entropy4.0.samples20.maxnew1024.seed10086.subtreePrefetch.vllm.log,166,10,40,0.02638164532260101
/Users/jiangnanhugo/workspace/power-sharpening/Subtree-Prefetching-Power-Sharpening/case_studies/logs-entropycut/mbpp/2026-09-21/vllm/dataset-mbpp.model-qwen3.5-9b.alpha4.0.steps100.blocks-1.prefetch-budget-20.rank-accept_first.cut-entropy4.0.samples20.maxnew1024.seed10086.subtreePrefetch.vllm.log,166,11,410,0.03006087734496258
/Users/jiangnanhugo/workspace/power-sharpening/Subtree-Prefetching-Power-Sharpening/case_studies/logs-entropycut/mbpp/2026-09-21/vllm/dataset-mbpp.model-qwen3.5-9b.alpha4.0.steps100.blocks-1.prefetch-budget-20.rank-accept_first.cut-entropy4.0.samples20.maxnew1024.seed10086.subtreePrefetch.vllm.log,166,12,239,0.0035124886561739895
/Users/jiangnanhugo/workspace/power-sharpening/Subtree-Prefetching-Power-Sharpening/case_studies/logs-entropycut/mbpp/2026-09-21/vllm/dataset-mbpp.model-qwen3.5-9b.alpha4.0.steps100.blocks-1.prefetch-budget-20.rank-accept_first.cut-entropy4.0.samples20.maxnew1024.seed10086.subtreePrefetch.vllm.log,166,13,130,0.07701222032638069
/Users/jiangnanhugo/workspace/power-sharpening/Subtree-Prefetching-Power-Sharpening/case_studies/logs-entropycut/mbpp/2026-09-21/vllm/dataset-mbpp.model-qwen3.5-9b.alpha4.0.steps100.blocks-1.prefetch-budget-20.rank-accept_first.cut-entropy4.0.samples20.maxnew1024.seed10086.subtreePrefetch.vllm.log,166,14,40,0.02638164532260101
/Users/jiangnanhugo/workspace/power-sharpening/Subtree-Prefetching-Power-Sharpening/case_studies/logs-entropycut/mbpp/2026-09-21/vllm/dataset-mbpp.model-qwen3.5-9b.alpha4.0.steps100.blocks-1.prefetch-budget-20.rank-accept_first.cut-entropy4.0.samples20.maxnew1024.seed10086.subtreePrefetch.vllm.log,166,15,130,0.07701222032638069
/Users/jiangnanhugo/workspace/power-sharpening/Subtree-Prefetching-Power-Sharpening/case_studies/logs-entropycut/mbpp/2026-09-21/vllm/dataset-mbpp.model-qwen3.5-9b.alpha4.0.steps100.blocks-1.prefetch-budget-20.rank-accept_first.cut-entropy4.0.samples20.maxnew1024.seed10086.subtreePrefetch.vllm.log,166,16,124,0.003951186492514075
/Users/jiangnanhugo/workspace/power-sharpening/Subtree-Prefetching-Power-Sharpening/case_studies/logs-entropycut/mbpp/2026-09-21/vllm/dataset-mbpp.model-qwen3.5-9b.alpha4.0.steps100.blocks-1.prefetch-budget-20.rank-accept_first.cut-entropy4.0.samples20.maxnew1024.seed10086.subtreePrefetch.vllm.log,166,17,8,0.033385082770328374
/Users/jiangnanhugo/workspace/power-sharpening/Subtree-Prefetching-Power-Sharpening/case_studies/logs-entropycut/mbpp/2026-09-21/vllm/dataset-mbpp.model-qwen3.5-9b.alpha4.0.steps100.blocks-1.prefetch-budget-20.rank-accept_first.cut-entropy4.0.samples20.maxnew1024.seed10086.subtreePrefetch.vllm.log,166,18,130,0.07701222032638069
/Users/jiangnanhugo/workspace/power-sharpening/Subtree-Prefetching-Power-Sharpening/case_studies/logs-entropycut/mbpp/2026-09-21/vllm/dataset-mbpp.model-qwen3.5-9b.alpha4.0.steps100.blocks-1.prefetch-budget-20.rank-accept_first.cut-entropy4.0.samples20.maxnew1024.seed10086.subtreePrefetch.vllm.log,166,19,546,0.023209880153713138
/Users/jiangnanhugo/workspace/power-sharpening/Subtree-Prefetching-Power-Sharpening/case_studies/logs-entropycut/mbpp/2026-09-21/vllm/dataset-mbpp.model-qwen3.5-9b.alpha4.0.steps100.blocks-1.prefetch-budget-20.rank-accept_first.cut-entropy4.0.samples20.maxnew1024.seed10086.subtreePrefetch.vllm.log,167,0,130,0.09522376200567655
/Users/jiangnanhugo/workspace/power-sharpening/Subtree-Prefetching-Power-Sharpening/case_studies/logs-entropycut/mbpp/2026-09-21/vllm/dataset-mbpp.model-qwen3.5-9b.alpha4.0.steps100.blocks-1.prefetch-budget-20.rank-accept_first.cut-entropy4.0.samples20.maxnew1024.seed10086.subtreePrefetch.vllm.log,167,1,130,0.09522376200567655
/Users/jiangnanhugo/workspace/power-sharpening/Subtree-Prefetching-Power-Sharpening/case_studies/logs-entropycut/mbpp/2026-09-21/vllm/dataset-mbpp.model-qwen3.5-9b.alpha4.0.steps100.blocks-1.prefetch-budget-20.rank-accept_first.cut-entropy4.0.samples20.maxnew1024.seed10086.subtreePrefetch.vllm.log,167,2,253,0.022063571429760256
/Users/jiangnanhugo/workspace/power-sharpening/Subtree-Prefetching-Power-Sharpening/case_studies/logs-entropycut/mbpp/2026-09-21/vllm/dataset-mbpp.model-qwen3.5-9b.alpha4.0.steps100.blocks-1.prefetch-budget-20.rank-accept_first.cut-entropy4.0.samples20.maxnew1024.seed10086.subtreePrefetch.vllm.log,167,3,130,0.09522376200567655
/Users/jiangnanhugo/workspace/power-sharpening/Subtree-Prefetching-Power-Sharpening/case_studies/logs-entropycut/mbpp/2026-09-21/vllm/dataset-mbpp.model-qwen3.5-9b.alpha4.0.steps100.blocks-1.prefetch-budget-20.rank-accept_first.cut-entropy4.0.samples20.maxnew1024.seed10086.subtreePrefetch.vllm.log,167,4,130,0.09522376200567655
/Users/jiangnanhugo/workspace/power-sharpening/Subtree-Prefetching-Power-Sharpening/case_studies/logs-entropycut/mbpp/2026-09-21/vllm/dataset-mbpp.model-qwen3.5-9b.alpha4.0.steps100.blocks-1.prefetch-budget-20.rank-accept_first.cut-entropy4.0.samples20.maxnew1024.seed10086.subtreePrefetch.vllm.log,167,5,130,0.09522376200567655
/Users/jiangnanhugo/workspace/power-sharpening/Subtree-Prefetching-Power-Sharpening/case_studies/logs-entropycut/mbpp/2026-09-21/vllm/dataset-mbpp.model-qwen3.5-9b.alpha4.0.steps100.blocks-1.prefetch-budget-20.rank-accept_first.cut-entropy4.0.samples20.maxnew1024.seed10086.subtreePrefetch.vllm.log,167,6,8,0.04127985354517263
/Users/jiangnanhugo/workspace/power-sharpening/Subtree-Prefetching-Power-Sharpening/case_studies/logs-entropycut/mbpp/2026-09-21/vllm/dataset-mbpp.model-qwen3.5-9b.alpha4.0.steps100.blocks-1.prefetch-budget-20.rank-accept_first.cut-entropy4.0.samples20.maxnew1024.seed10086.subtreePrefetch.vllm.log,167,7,303,0.023546376483619746
/Users/jiangnanhugo/workspace/power-sharpening/Subtree-Prefetching-Power-Sharpening/case_studies/logs-entropycut/mbpp/2026-09-21/vllm/dataset-mbpp.model-qwen3.5-9b.alpha4.0.steps100.blocks-1.prefetch-budget-20.rank-accept_first.cut-entropy4.0.samples20.maxnew1024.seed10086.subtreePrefetch.vllm.log,167,8,8,0.04127985354517263
/Users/jiangnanhugo/workspace/power-sharpening/Subtree-Prefetching-Power-Sharpening/case_studies/logs-entropycut/mbpp/2026-09-21/vllm/dataset-mbpp.model-qwen3.5-9b.alpha4.0.steps100.blocks-1.prefetch-budget-20.rank-accept_first.cut-entropy4.0.samples20.maxnew1024.seed10086.subtreePrefetch.vllm.log,167,9,130,0.09522376200567655
/Users/jiangnanhugo/workspace/power-sharpening/Subtree-Prefetching-Power-Sharpening/case_studies/logs-entropycut/mbpp/2026-09-21/vllm/dataset-mbpp.model-qwen3.5-9b.alpha4.0.steps100.blocks-1.prefetch-budget-20.rank-accept_first.cut-entropy4.0.samples20.maxnew1024.seed10086.subtreePrefetch.vllm.log,167,10,40,0.03262027123579741
/Users/jiangnanhugo/workspace/power-sharpening/Subtree-Prefetching-Power-Sharpening/case_studies/logs-entropycut/mbpp/2026-09-21/vllm/dataset-mbpp.model-qwen3.5-9b.alpha4.0.steps100.blocks-1.prefetch-budget-20.rank-accept_first.cut-entropy4.0.samples20.maxnew1024.seed10086.subtreePrefetch.vllm.log,167,11,40,0.03262027123579741
/Users/jiangnanhugo/workspace/power-sharpening/Subtree-Prefetching-Power-Sharpening/case_studies/logs-entropycut/mbpp/2026-09-21/vllm/dataset-mbpp.model-qwen3.5-9b.alpha4.0.steps100.blocks-1.prefetch-budget-20.rank-accept_first.cut-entropy4.0.samples20.maxnew1024.seed10086.subtreePrefetch.vllm.log,167,12,8,0.04127985354517263
/Users/jiangnanhugo/workspace/power-sharpening/Subtree-Prefetching-Power-Sharpening/case_studies/logs-entropycut/mbpp/2026-09-21/vllm/dataset-mbpp.model-qwen3.5-9b.alpha4.0.steps100.blocks-1.prefetch-budget-20.rank-accept_first.cut-entropy4.0.samples20.maxnew1024.seed10086.subtreePrefetch.vllm.log,167,13,727,0.11593693230481335
/Users/jiangnanhugo/workspace/power-sharpening/Subtree-Prefetching-Power-Sharpening/case_studies/logs-entropycut/mbpp/2026-09-21/vllm/dataset-mbpp.model-qwen3.5-9b.alpha4.0.steps100.blocks-1.prefetch-budget-20.rank-accept_first.cut-entropy4.0.samples20.maxnew1024.seed10086.subtreePrefetch.vllm.log,167,14,98,0.0003198095509604334
/Users/jiangnanhugo/workspace/power-sharpening/Subtree-Prefetching-Power-Sharpening/case_studies/logs-entropycut/mbpp/2026-09-21/vllm/dataset-mbpp.model-qwen3.5-9b.alpha4.0.steps100.blocks-1.prefetch-budget-20.rank-accept_first.cut-entropy4.0.samples20.maxnew1024.seed10086.subtreePrefetch.vllm.log,167,15,374,0.00029393625559020716
/Users/jiangnanhugo/workspace/power-sharpening/Subtree-Prefetching-Power-Sharpening/case_studies/logs-entropycut/mbpp/2026-09-21/vllm/dataset-mbpp.model-qwen3.5-9b.alpha4.0.steps100.blocks-1.prefetch-budget-20.rank-accept_first.cut-entropy4.0.samples20.maxnew1024.seed10086.subtreePrefetch.vllm.log,167,16,130,0.09522376200567655
/Users/jiangnanhugo/workspace/power-sharpening/Subtree-Prefetching-Power-Sharpening/case_studies/logs-entropycut/mbpp/2026-09-21/vllm/dataset-mbpp.model-qwen3.5-9b.alpha4.0.steps100.blocks-1.prefetch-budget-20.rank-accept_first.cut-entropy4.0.samples20.maxnew1024.seed10086.subtreePrefetch.vllm.log,167,17,130,0.09522376200567655
/Users/jiangnanhugo/workspace/power-sharpening/Subtree-Prefetching-Power-Sharpening/case_studies/logs-entropycut/mbpp/2026-09-21/vllm/dataset-mbpp.model-qwen3.5-9b.alpha4.0.steps100.blocks-1.prefetch-budget-20.rank-accept_first.cut-entropy4.0.samples20.maxnew1024.seed10086.subtreePrefetch.vllm.log,167,18,130,0.09522376200567655
/Users/jiangnanhugo/workspace/power-sharpening/Subtree-Prefetching-Power-Sharpening/case_studies/logs-entropycut/mbpp/2026-09-21/vllm/dataset-mbpp.model-qwen3.5-9b.alpha4.0.steps100.blocks-1.prefetch-budget-20.rank-accept_first.cut-entropy4.0.samples20.maxnew1024.seed10086.subtreePrefetch.vllm.log,167,19,500,0.058233468656748215
/Users/jiangnanhugo/workspace/power-sharpening/Subtree-Prefetching-Power-Sharpening/case_studies/logs-entropycut/mbpp/2026-09-21/vllm/dataset-mbpp.model-qwen3.5-9b.alpha4.0.steps100.blocks-1.prefetch-budget-20.rank-accept_first.cut-entropy4.0.samples20.maxnew1024.seed10086.subtreePrefetch.vllm.log,168,0,750,0.014713216369549151
/Users/jiangnanhugo/workspace/power-sharpening/Subtree-Prefetching-Power-Sharpening/case_studies/logs-entropycut/mbpp/2026-09-21/vllm/dataset-mbpp.model-qwen3.5-9b.alpha4.0.steps100.blocks-1.prefetch-budget-20.rank-accept_first.cut-entropy4.0.samples20.maxnew1024.seed10086.subtreePrefetch.vllm.log,168,1,130,0.12716124784680288
/Users/jiangnanhugo/workspace/power-sharpening/Subtree-Prefetching-Power-Sharpening/case_studies/logs-entropycut/mbpp/2026-09-21/vllm/dataset-mbpp.model-qwen3.5-9b.alpha4.0.steps100.blocks-1.prefetch-budget-20.rank-accept_first.cut-entropy4.0.samples20.maxnew1024.seed10086.subtreePrefetch.vllm.log,168,2,130,0.12716124784680288
/Users/jiangnanhugo/workspace/power-sharpening/Subtree-Prefetching-Power-Sharpening/case_studies/logs-entropycut/mbpp/2026-09-21/vllm/dataset-mbpp.model-qwen3.5-9b.alpha4.0.steps100.blocks-1.prefetch-budget-20.rank-accept_first.cut-entropy4.0.samples20.maxnew1024.seed10086.subtreePrefetch.vllm.log,168,3,410,0.053140075959732136
/Users/jiangnanhugo/workspace/power-sharpening/Subtree-Prefetching-Power-Sharpening/case_studies/logs-entropycut/mbpp/2026-09-21/vllm/dataset-mbpp.model-qwen3.5-9b.alpha4.0.steps100.blocks-1.prefetch-budget-20.rank-accept_first.cut-entropy4.0.samples20.maxnew1024.seed10086.subtreePrefetch.vllm.log,168,4,130,0.12716124784680288
/Users/jiangnanhugo/workspace/power-sharpening/Subtree-Prefetching-Power-Sharpening/case_studies/logs-entropycut/mbpp/2026-09-21/vllm/dataset-mbpp.model-qwen3.5-9b.alpha4.0.steps100.blocks-1.prefetch-budget-20.rank-accept_first.cut-entropy4.0.samples20.maxnew1024.seed10086.subtreePrefetch.vllm.log,168,5,8,0.055124871956061784
/Users/jiangnanhugo/workspace/power-sharpening/Subtree-Prefetching-Power-Sharpening/case_studies/logs-entropycut/mbpp/2026-09-21/vllm/dataset-mbpp.model-qwen3.5-9b.alpha4.0.steps100.blocks-1.prefetch-budget-20.rank-accept_first.cut-entropy4.0.samples20.maxnew1024.seed10086.subtreePrefetch.vllm.log,168,6,546,0.04176509375363028
/Users/jiangnanhugo/workspace/power-sharpening/Subtree-Prefetching-Power-Sharpening/case_studies/logs-entropycut/mbpp/2026-09-21/vllm/dataset-mbpp.model-qwen3.5-9b.alpha4.0.steps100.blocks-1.prefetch-budget-20.rank-accept_first.cut-entropy4.0.samples20.maxnew1024.seed10086.subtreePrefetch.vllm.log,168,7,253,0.028588615408393102
/Users/jiangnanhugo/workspace/power-sharpening/Subtree-Prefetching-Power-Sharpening/case_studies/logs-entropycut/mbpp/2026-09-21/vllm/dataset-mbpp.model-qwen3.5-9b.alpha4.0.steps100.blocks-1.prefetch-budget-20.rank-accept_first.cut-entropy4.0.samples20.maxnew1024.seed10086.subtreePrefetch.vllm.log,168,8,130,0.12716124784680288
/Users/jiangnanhugo/workspace/power-sharpening/Subtree-Prefetching-Power-Sharpening/case_studies/logs-entropycut/mbpp/2026-09-21/vllm/dataset-mbpp.model-qwen3.5-9b.alpha4.0.steps100.blocks-1.prefetch-budget-20.rank-accept_first.cut-entropy4.0.samples20.maxnew1024.seed10086.subtreePrefetch.vllm.log,168,9,130,0.12716124784680288
/Users/jiangnanhugo/workspace/power-sharpening/Subtree-Prefetching-Power-Sharpening/case_studies/logs-entropycut/mbpp/2026-09-21/vllm/dataset-mbpp.model-qwen3.5-9b.alpha4.0.steps100.blocks-1.prefetch-budget-20.rank-accept_first.cut-entropy4.0.samples20.maxnew1024.seed10086.subtreePrefetch.vllm.log,168,10,610,0.16096166323120828
/Users/jiangnanhugo/workspace/power-sharpening/Subtree-Prefetching-Power-Sharpening/case_studies/logs-entropycut/mbpp/2026-09-21/vllm/dataset-mbpp.model-qwen3.5-9b.alpha4.0.steps100.blocks-1.prefetch-budget-20.rank-accept_first.cut-entropy4.0.samples20.maxnew1024.seed10086.subtreePrefetch.vllm.log,168,11,130,0.12716124784680288
/Users/jiangnanhugo/workspace/power-sharpening/Subtree-Prefetching-Power-Sharpening/case_studies/logs-entropycut/mbpp/2026-09-21/vllm/dataset-mbpp.model-qwen3.5-9b.alpha4.0.steps100.blocks-1.prefetch-budget-20.rank-accept_first.cut-entropy4.0.samples20.maxnew1024.seed10086.subtreePrefetch.vllm.log,168,12,130,0.12716124784680288
/Users/jiangnanhugo/workspace/power-sharpening/Subtree-Prefetching-Power-Sharpening/case_studies/logs-entropycut/mbpp/2026-09-21/vllm/dataset-mbpp.model-qwen3.5-9b.alpha4.0.steps100.blocks-1.prefetch-budget-20.rank-accept_first.cut-entropy4.0.samples20.maxnew1024.seed10086.subtreePrefetch.vllm.log,168,13,253,0.028588615408393102
/Users/jiangnanhugo/workspace/power-sharpening/Subtree-Prefetching-Power-Sharpening/case_studies/logs-entropycut/mbpp/2026-09-21/vllm/dataset-mbpp.model-qwen3.5-9b.alpha4.0.steps100.blocks-1.prefetch-budget-20.rank-accept_first.cut-entropy4.0.samples20.maxnew1024.seed10086.subtreePrefetch.vllm.log,168,14,8,0.055124871956061784
/Users/jiangnanhugo/workspace/power-sharpening/Subtree-Prefetching-Power-Sharpening/case_studies/logs-entropycut/mbpp/2026-09-21/vllm/dataset-mbpp.model-qwen3.5-9b.alpha4.0.steps100.blocks-1.prefetch-budget-20.rank-accept_first.cut-entropy4.0.samples20.maxnew1024.seed10086.subtreePrefetch.vllm.log,168,15,562,0.0022084053297380555
/Users/jiangnanhugo/workspace/power-sharpening/Subtree-Prefetching-Power-Sharpening/case_studies/logs-entropycut/mbpp/2026-09-21/vllm/dataset-mbpp.model-qwen3.5-9b.alpha4.0.steps100.blocks-1.prefetch-budget-20.rank-accept_first.cut-entropy4.0.samples20.maxnew1024.seed10086.subtreePrefetch.vllm.log,168,16,8,0.055124871956061784
/Users/jiangnanhugo/workspace/power-sharpening/Subtree-Prefetching-Power-Sharpening/case_studies/logs-entropycut/mbpp/2026-09-21/vllm/dataset-mbpp.model-qwen3.5-9b.alpha4.0.steps100.blocks-1.prefetch-budget-20.rank-accept_first.cut-entropy4.0.samples20.maxnew1024.seed10086.subtreePrefetch.vllm.log,168,17,40,0.04356091702402908
/Users/jiangnanhugo/workspace/power-sharpening/Subtree-Prefetching-Power-Sharpening/case_studies/logs-entropycut/mbpp/2026-09-21/vllm/dataset-mbpp.model-qwen3.5-9b.alpha4.0.steps100.blocks-1.prefetch-budget-20.rank-accept_first.cut-entropy4.0.samples20.maxnew1024.seed10086.subtreePrefetch.vllm.log,168,18,542,0.01615566075898757
/Users/jiangnanhugo/workspace/power-sharpening/Subtree-Prefetching-Power-Sharpening/case_studies/logs-entropycut/mbpp/2026-09-21/vllm/dataset-mbpp.model-qwen3.5-9b.alpha4.0.steps100.blocks-1.prefetch-budget-20.rank-accept_first.cut-entropy4.0.samples20.maxnew1024.seed10086.subtreePrefetch.vllm.log,168,19,130,0.12716124784680288
/Users/jiangnanhugo/workspace/power-sharpening/Subtree-Prefetching-Power-Sharpening/case_studies/logs-entropycut/mbpp/2026-09-21/vllm/dataset-mbpp.model-qwen3.5-9b.alpha4.0.steps100.blocks-1.prefetch-budget-20.rank-accept_first.cut-entropy4.0.samples20.maxnew1024.seed10086.subtreePrefetch.vllm.log,169,0,410,0.0533898470139129
/Users/jiangnanhugo/workspace/power-sharpening/Subtree-Prefetching-Power-Sharpening/case_studies/logs-entropycut/mbpp/2026-09-21/vllm/dataset-mbpp.model-qwen3.5-9b.alpha4.0.steps100.blocks-1.prefetch-budget-20.rank-accept_first.cut-entropy4.0.samples20.maxnew1024.seed10086.subtreePrefetch.vllm.log,169,1,130,0.12775893609530492
/Users/jiangnanhugo/workspace/power-sharpening/Subtree-Prefetching-Power-Sharpening/case_studies/logs-entropycut/mbpp/2026-09-21/vllm/dataset-mbpp.model-qwen3.5-9b.alpha4.0.steps100.blocks-1.prefetch-budget-20.rank-accept_first.cut-entropy4.0.samples20.maxnew1024.seed10086.subtreePrefetch.vllm.log,169,2,500,0.0819751173698045
/Users/jiangnanhugo/workspace/power-sharpening/Subtree-Prefetching-Power-Sharpening/case_studies/logs-entropycut/mbpp/2026-09-21/vllm/dataset-mbpp.model-qwen3.5-9b.alpha4.0.steps100.blocks-1.prefetch-budget-20.rank-accept_first.cut-entropy4.0.samples20.maxnew1024.seed10086.subtreePrefetch.vllm.log,169,3,303,0.03277035153480412
/Users/jiangnanhugo/workspace/power-sharpening/Subtree-Prefetching-Power-Sharpening/case_studies/logs-entropycut/mbpp/2026-09-21/vllm/dataset-mbpp.model-qwen3.5-9b.alpha4.0.steps100.blocks-1.prefetch-budget-20.rank-accept_first.cut-entropy4.0.samples20.maxnew1024.seed10086.subtreePrefetch.vllm.log,169,4,212,0.018600207688142946
/Users/jiangnanhugo/workspace/power-sharpening/Subtree-Prefetching-Power-Sharpening/case_studies/logs-entropycut/mbpp/2026-09-21/vllm/dataset-mbpp.model-qwen3.5-9b.alpha4.0.steps100.blocks-1.prefetch-budget-20.rank-accept_first.cut-entropy4.0.samples20.maxnew1024.seed10086.subtreePrefetch.vllm.log,169,5,303,0.03277035153480412
/Users/jiangnanhugo/workspace/power-sharpening/Subtree-Prefetching-Power-Sharpening/case_studies/logs-entropycut/mbpp/2026-09-21/vllm/dataset-mbpp.model-qwen3.5-9b.alpha4.0.steps100.blocks-1.prefetch-budget-20.rank-accept_first.cut-entropy4.0.samples20.maxnew1024.seed10086.subtreePrefetch.vllm.log,169,6,610,0.16171822150821213
/Users/jiangnanhugo/workspace/power-sharpening/Subtree-Prefetching-Power-Sharpening/case_studies/logs-entropycut/mbpp/2026-09-21/vllm/dataset-mbpp.model-qwen3.5-9b.alpha4.0.steps100.blocks-1.prefetch-budget-20.rank-accept_first.cut-entropy4.0.samples20.maxnew1024.seed10086.subtreePrefetch.vllm.log,169,7,300,0.010675687781343155
/Users/jiangnanhugo/workspace/power-sharpening/Subtree-Prefetching-Power-Sharpening/case_studies/logs-entropycut/mbpp/2026-09-21/vllm/dataset-mbpp.model-qwen3.5-9b.alpha4.0.steps100.blocks-1.prefetch-budget-20.rank-accept_first.cut-entropy4.0.samples20.maxnew1024.seed10086.subtreePrefetch.vllm.log,169,8,239,0.005827020852765823
/Users/jiangnanhugo/workspace/power-sharpening/Subtree-Prefetching-Power-Sharpening/case_studies/logs-entropycut/mbpp/2026-09-21/vllm/dataset-mbpp.model-qwen3.5-9b.alpha4.0.steps100.blocks-1.prefetch-budget-20.rank-accept_first.cut-entropy4.0.samples20.maxnew1024.seed10086.subtreePrefetch.vllm.log,169,9,113,0.001057794732692991
/Users/jiangnanhugo/workspace/power-sharpening/Subtree-Prefetching-Power-Sharpening/case_studies/logs-entropycut/mbpp/2026-09-21/vllm/dataset-mbpp.model-qwen3.5-9b.alpha4.0.steps100.blocks-1.prefetch-budget-20.rank-accept_first.cut-entropy4.0.samples20.maxnew1024.seed10086.subtreePrefetch.vllm.log,169,10,500,0.0819751173698045
/Users/jiangnanhugo/workspace/power-sharpening/Subtree-Prefetching-Power-Sharpening/case_studies/logs-entropycut/mbpp/2026-09-21/vllm/dataset-mbpp.model-qwen3.5-9b.alpha4.0.steps100.blocks-1.prefetch-budget-20.rank-accept_first.cut-entropy4.0.samples20.maxnew1024.seed10086.subtreePrefetch.vllm.log,169,11,130,0.12775893609530492
/Users/jiangnanhugo/workspace/power-sharpening/Subtree-Prefetching-Power-Sharpening/case_studies/logs-entropycut/mbpp/2026-09-21/vllm/dataset-mbpp.model-qwen3.5-9b.alpha4.0.steps100.blocks-1.prefetch-budget-20.rank-accept_first.cut-entropy4.0.samples20.maxnew1024.seed10086.subtreePrefetch.vllm.log,169,12,212,0.018600207688142946
/Users/jiangnanhugo/workspace/power-sharpening/Subtree-Prefetching-Power-Sharpening/case_studies/logs-entropycut/mbpp/2026-09-21/vllm/dataset-mbpp.model-qwen3.5-9b.alpha4.0.steps100.blocks-1.prefetch-budget-20.rank-accept_first.cut-entropy4.0.samples20.maxnew1024.seed10086.subtreePrefetch.vllm.log,169,13,610,0.16171822150821213
/Users/jiangnanhugo/workspace/power-sharpening/Subtree-Prefetching-Power-Sharpening/case_studies/logs-entropycut/mbpp/2026-09-21/vllm/dataset-mbpp.model-qwen3.5-9b.alpha4.0.steps100.blocks-1.prefetch-budget-20.rank-accept_first.cut-entropy4.0.samples20.maxnew1024.seed10086.subtreePrefetch.vllm.log,169,14,130,0.12775893609530492
/Users/jiangnanhugo/workspace/power-sharpening/Subtree-Prefetching-Power-Sharpening/case_studies/logs-entropycut/mbpp/2026-09-21/vllm/dataset-mbpp.model-qwen3.5-9b.alpha4.0.steps100.blocks-1.prefetch-budget-20.rank-accept_first.cut-entropy4.0.samples20.maxnew1024.seed10086.subtreePrefetch.vllm.log,169,15,124,0.0065547958552341305
/Users/jiangnanhugo/workspace/power-sharpening/Subtree-Prefetching-Power-Sharpening/case_studies/logs-entropycut/mbpp/2026-09-21/vllm/dataset-mbpp.model-qwen3.5-9b.alpha4.0.steps100.blocks-1.prefetch-budget-20.rank-accept_first.cut-entropy4.0.samples20.maxnew1024.seed10086.subtreePrefetch.vllm.log,169,16,152,0.011263132374152813
/Users/jiangnanhugo/workspace/power-sharpening/Subtree-Prefetching-Power-Sharpening/case_studies/logs-entropycut/mbpp/2026-09-21/vllm/dataset-mbpp.model-qwen3.5-9b.alpha4.0.steps100.blocks-1.prefetch-budget-20.rank-accept_first.cut-entropy4.0.samples20.maxnew1024.seed10086.subtreePrefetch.vllm.log,169,17,8,0.05538397202566799
/Users/jiangnanhugo/workspace/power-sharpening/Subtree-Prefetching-Power-Sharpening/case_studies/logs-entropycut/mbpp/2026-09-21/vllm/dataset-mbpp.model-qwen3.5-9b.alpha4.0.steps100.blocks-1.prefetch-budget-20.rank-accept_first.cut-entropy4.0.samples20.maxnew1024.seed10086.subtreePrefetch.vllm.log,169,18,1001,0.0338061539061971
/Users/jiangnanhugo/workspace/power-sharpening/Subtree-Prefetching-Power-Sharpening/case_studies/logs-entropycut/mbpp/2026-09-21/vllm/dataset-mbpp.model-qwen3.5-9b.alpha4.0.steps100.blocks-1.prefetch-budget-20.rank-accept_first.cut-entropy4.0.samples20.maxnew1024.seed10086.subtreePrefetch.vllm.log,169,19,130,0.12775893609530492
/Users/jiangnanhugo/workspace/power-sharpening/Subtree-Prefetching-Power-Sharpening/case_studies/logs-entropycut/mbpp/2026-09-21/vllm/dataset-mbpp.model-qwen3.5-9b.alpha4.0.steps100.blocks-1.prefetch-budget-20.rank-accept_first.cut-entropy4.0.samples20.maxnew1024.seed10086.subtreePrefetch.vllm.log,170,0,610,0.1530267415034483
/Users/jiangnanhugo/workspace/power-sharpening/Subtree-Prefetching-Power-Sharpening/case_studies/logs-entropycut/mbpp/2026-09-21/vllm/dataset-mbpp.model-qwen3.5-9b.alpha4.0.steps100.blocks-1.prefetch-budget-20.rank-accept_first.cut-entropy4.0.samples20.maxnew1024.seed10086.subtreePrefetch.vllm.log,170,1,152,0.010192024537379442
/Users/jiangnanhugo/workspace/power-sharpening/Subtree-Prefetching-Power-Sharpening/case_studies/logs-entropycut/mbpp/2026-09-21/vllm/dataset-mbpp.model-qwen3.5-9b.alpha4.0.steps100.blocks-1.prefetch-budget-20.rank-accept_first.cut-entropy4.0.samples20.maxnew1024.seed10086.subtreePrefetch.vllm.log,170,2,969,0.006717167089298826
/Users/jiangnanhugo/workspace/power-sharpening/Subtree-Prefetching-Power-Sharpening/case_studies/logs-entropycut/mbpp/2026-09-21/vllm/dataset-mbpp.model-qwen3.5-9b.alpha4.0.steps100.blocks-1.prefetch-budget-20.rank-accept_first.cut-entropy4.0.samples20.maxnew1024.seed10086.subtreePrefetch.vllm.log,170,3,130,0.11560924335232121
/Users/jiangnanhugo/workspace/power-sharpening/Subtree-Prefetching-Power-Sharpening/case_studies/logs-entropycut/mbpp/2026-09-21/vllm/dataset-mbpp.model-qwen3.5-9b.alpha4.0.steps100.blocks-1.prefetch-budget-20.rank-accept_first.cut-entropy4.0.samples20.maxnew1024.seed10086.subtreePrefetch.vllm.log,170,4,776,0.03127964442593801
/Users/jiangnanhugo/workspace/power-sharpening/Subtree-Prefetching-Power-Sharpening/case_studies/logs-entropycut/mbpp/2026-09-21/vllm/dataset-mbpp.model-qwen3.5-9b.alpha4.0.steps100.blocks-1.prefetch-budget-20.rank-accept_first.cut-entropy4.0.samples20.maxnew1024.seed10086.subtreePrefetch.vllm.log,170,5,8,0.05011703521824259
/Users/jiangnanhugo/workspace/power-sharpening/Subtree-Prefetching-Power-Sharpening/case_studies/logs-entropycut/mbpp/2026-09-21/vllm/dataset-mbpp.model-qwen3.5-9b.alpha4.0.steps100.blocks-1.prefetch-budget-20.rank-accept_first.cut-entropy4.0.samples20.maxnew1024.seed10086.subtreePrefetch.vllm.log,170,6,130,0.11560924335232121
/Users/jiangnanhugo/workspace/power-sharpening/Subtree-Prefetching-Power-Sharpening/case_studies/logs-entropycut/mbpp/2026-09-21/vllm/dataset-mbpp.model-qwen3.5-9b.alpha4.0.steps100.blocks-1.prefetch-budget-20.rank-accept_first.cut-entropy4.0.samples20.maxnew1024.seed10086.subtreePrefetch.vllm.log,170,7,410,0.04831254865311522
/Users/jiangnanhugo/workspace/power-sharpening/Subtree-Prefetching-Power-Sharpening/case_studies/logs-entropycut/mbpp/2026-09-21/vllm/dataset-mbpp.model-qwen3.5-9b.alpha4.0.steps100.blocks-1.prefetch-budget-20.rank-accept_first.cut-entropy4.0.samples20.maxnew1024.seed10086.subtreePrefetch.vllm.log,170,8,244,0.0002478922954587974
/Users/jiangnanhugo/workspace/power-sharpening/Subtree-Prefetching-Power-Sharpening/case_studies/logs-entropycut/mbpp/2026-09-21/vllm/dataset-mbpp.model-qwen3.5-9b.alpha4.0.steps100.blocks-1.prefetch-budget-20.rank-accept_first.cut-entropy4.0.samples20.maxnew1024.seed10086.subtreePrefetch.vllm.log,170,9,130,0.11560924335232121
/Users/jiangnanhugo/workspace/power-sharpening/Subtree-Prefetching-Power-Sharpening/case_studies/logs-entropycut/mbpp/2026-09-21/vllm/dataset-mbpp.model-qwen3.5-9b.alpha4.0.steps100.blocks-1.prefetch-budget-20.rank-accept_first.cut-entropy4.0.samples20.maxnew1024.seed10086.subtreePrefetch.vllm.log,170,10,500,0.07356125388162464
/Users/jiangnanhugo/workspace/power-sharpening/Subtree-Prefetching-Power-Sharpening/case_studies/logs-entropycut/mbpp/2026-09-21/vllm/dataset-mbpp.model-qwen3.5-9b.alpha4.0.steps100.blocks-1.prefetch-budget-20.rank-accept_first.cut-entropy4.0.samples20.maxnew1024.seed10086.subtreePrefetch.vllm.log,170,11,130,0.11560924335232121
/Users/jiangnanhugo/workspace/power-sharpening/Subtree-Prefetching-Power-Sharpening/case_studies/logs-entropycut/mbpp/2026-09-21/vllm/dataset-mbpp.model-qwen3.5-9b.alpha4.0.steps100.blocks-1.prefetch-budget-20.rank-accept_first.cut-entropy4.0.samples20.maxnew1024.seed10086.subtreePrefetch.vllm.log,170,12,500,0.07356125388162464
/Users/jiangnanhugo/workspace/power-sharpening/Subtree-Prefetching-Power-Sharpening/case_studies/logs-entropycut/mbpp/2026-09-21/vllm/dataset-mbpp.model-qwen3.5-9b.alpha4.0.steps100.blocks-1.prefetch-budget-20.rank-accept_first.cut-entropy4.0.samples20.maxnew1024.seed10086.subtreePrefetch.vllm.log,170,13,130,0.11560924335232121
/Users/jiangnanhugo/workspace/power-sharpening/Subtree-Prefetching-Power-Sharpening/case_studies/logs-entropycut/mbpp/2026-09-21/vllm/dataset-mbpp.model-qwen3.5-9b.alpha4.0.steps100.blocks-1.prefetch-budget-20.rank-accept_first.cut-entropy4.0.samples20.maxnew1024.seed10086.subtreePrefetch.vllm.log,170,14,289,0.06704496168723997
/Users/jiangnanhugo/workspace/power-sharpening/Subtree-Prefetching-Power-Sharpening/case_studies/logs-entropycut/mbpp/2026-09-21/vllm/dataset-mbpp.model-qwen3.5-9b.alpha4.0.steps100.blocks-1.prefetch-budget-20.rank-accept_first.cut-entropy4.0.samples20.maxnew1024.seed10086.subtreePrefetch.vllm.log,170,15,59,0.006749041783478819
/Users/jiangnanhugo/workspace/power-sharpening/Subtree-Prefetching-Power-Sharpening/case_studies/logs-entropycut/mbpp/2026-09-21/vllm/dataset-mbpp.model-qwen3.5-9b.alpha4.0.steps100.blocks-1.prefetch-budget-20.rank-accept_first.cut-entropy4.0.samples20.maxnew1024.seed10086.subtreePrefetch.vllm.log,170,16,500,0.07356125388162464
/Users/jiangnanhugo/workspace/power-sharpening/Subtree-Prefetching-Power-Sharpening/case_studies/logs-entropycut/mbpp/2026-09-21/vllm/dataset-mbpp.model-qwen3.5-9b.alpha4.0.steps100.blocks-1.prefetch-budget-20.rank-accept_first.cut-entropy4.0.samples20.maxnew1024.seed10086.subtreePrefetch.vllm.log,170,17,8,0.05011703521824259
/Users/jiangnanhugo/workspace/power-sharpening/Subtree-Prefetching-Power-Sharpening/case_studies/logs-entropycut/mbpp/2026-09-21/vllm/dataset-mbpp.model-qwen3.5-9b.alpha4.0.steps100.blocks-1.prefetch-budget-20.rank-accept_first.cut-entropy4.0.samples20.maxnew1024.seed10086.subtreePrefetch.vllm.log,170,18,289,0.06704496168723997
/Users/jiangnanhugo/workspace/power-sharpening/Subtree-Prefetching-Power-Sharpening/case_studies/logs-entropycut/mbpp/2026-09-21/vllm/dataset-mbpp.model-qwen3.5-9b.alpha4.0.steps100.blocks-1.prefetch-budget-20.rank-accept_first.cut-entropy4.0.samples20.maxnew1024.seed10086.subtreePrefetch.vllm.log,170,19,500,0.07356125388162464
/Users/jiangnanhugo/workspace/power-sharpening/Subtree-Prefetching-Power-Sharpening/case_studies/logs-entropycut/mbpp/2026-09-21/vllm/dataset-mbpp.model-qwen3.5-9b.alpha4.0.steps100.blocks-1.prefetch-budget-20.rank-accept_first.cut-entropy4.0.samples20.maxnew1024.seed10086.subtreePrefetch.vllm.log,171,0,562,0.015199937667141148
/Users/jiangnanhugo/workspace/power-sharpening/Subtree-Prefetching-Power-Sharpening/case_studies/logs-entropycut/mbpp/2026-09-21/vllm/dataset-mbpp.model-qwen3.5-9b.alpha4.0.steps100.blocks-1.prefetch-budget-20.rank-accept_first.cut-entropy4.0.samples20.maxnew1024.seed10086.subtreePrefetch.vllm.log,171,1,59,0.009106176500773262
/Users/jiangnanhugo/workspace/power-sharpening/Subtree-Prefetching-Power-Sharpening/case_studies/logs-entropycut/mbpp/2026-09-21/vllm/dataset-mbpp.model-qwen3.5-9b.alpha4.0.steps100.blocks-1.prefetch-budget-20.rank-accept_first.cut-entropy4.0.samples20.maxnew1024.seed10086.subtreePrefetch.vllm.log,171,2,303,0.04039341022402267
/Users/jiangnanhugo/workspace/power-sharpening/Subtree-Prefetching-Power-Sharpening/case_studies/logs-entropycut/mbpp/2026-09-21/vllm/dataset-mbpp.model-qwen3.5-9b.alpha4.0.steps100.blocks-1.prefetch-budget-20.rank-accept_first.cut-entropy4.0.samples20.maxnew1024.seed10086.subtreePrefetch.vllm.log,171,3,289,0.09249232147701639
/Users/jiangnanhugo/workspace/power-sharpening/Subtree-Prefetching-Power-Sharpening/case_studies/logs-entropycut/mbpp/2026-09-21/vllm/dataset-mbpp.model-qwen3.5-9b.alpha4.0.steps100.blocks-1.prefetch-budget-20.rank-accept_first.cut-entropy4.0.samples20.maxnew1024.seed10086.subtreePrefetch.vllm.log,171,4,402,0.0005425264360341822
/Users/jiangnanhugo/workspace/power-sharpening/Subtree-Prefetching-Power-Sharpening/case_studies/logs-entropycut/mbpp/2026-09-21/vllm/dataset-mbpp.model-qwen3.5-9b.alpha4.0.steps100.blocks-1.prefetch-budget-20.rank-accept_first.cut-entropy4.0.samples20.maxnew1024.seed10086.subtreePrefetch.vllm.log,171,5,40,0.053435359849131635
/Users/jiangnanhugo/workspace/power-sharpening/Subtree-Prefetching-Power-Sharpening/case_studies/logs-entropycut/mbpp/2026-09-21/vllm/dataset-mbpp.model-qwen3.5-9b.alpha4.0.steps100.blocks-1.prefetch-budget-20.rank-accept_first.cut-entropy4.0.samples20.maxnew1024.seed10086.subtreePrefetch.vllm.log,171,6,130,0.15598631759313789
/Users/jiangnanhugo/workspace/power-sharpening/Subtree-Prefetching-Power-Sharpening/case_studies/logs-entropycut/mbpp/2026-09-21/vllm/dataset-mbpp.model-qwen3.5-9b.alpha4.0.steps100.blocks-1.prefetch-budget-20.rank-accept_first.cut-entropy4.0.samples20.maxnew1024.seed10086.subtreePrefetch.vllm.log,171,7,137,0.003382039146871993
/Users/jiangnanhugo/workspace/power-sharpening/Subtree-Prefetching-Power-Sharpening/case_studies/logs-entropycut/mbpp/2026-09-21/vllm/dataset-mbpp.model-qwen3.5-9b.alpha4.0.steps100.blocks-1.prefetch-budget-20.rank-accept_first.cut-entropy4.0.samples20.maxnew1024.seed10086.subtreePrefetch.vllm.log,171,8,130,0.15598631759313789
/Users/jiangnanhugo/workspace/power-sharpening/Subtree-Prefetching-Power-Sharpening/case_studies/logs-entropycut/mbpp/2026-09-21/vllm/dataset-mbpp.model-qwen3.5-9b.alpha4.0.steps100.blocks-1.prefetch-budget-20.rank-accept_first.cut-entropy4.0.samples20.maxnew1024.seed10086.subtreePrefetch.vllm.log,171,9,40,0.053435359849131635
/Users/jiangnanhugo/workspace/power-sharpening/Subtree-Prefetching-Power-Sharpening/case_studies/logs-entropycut/mbpp/2026-09-21/vllm/dataset-mbpp.model-qwen3.5-9b.alpha4.0.steps100.blocks-1.prefetch-budget-20.rank-accept_first.cut-entropy4.0.samples20.maxnew1024.seed10086.subtreePrefetch.vllm.log,171,10,289,0.09249232147701639
/Users/jiangnanhugo/workspace/power-sharpening/Subtree-Prefetching-Power-Sharpening/case_studies/logs-entropycut/mbpp/2026-09-21/vllm/dataset-mbpp.model-qwen3.5-9b.alpha4.0.steps100.blocks-1.prefetch-budget-20.rank-accept_first.cut-entropy4.0.samples20.maxnew1024.seed10086.subtreePrefetch.vllm.log,171,11,40,0.053435359849131635
/Users/jiangnanhugo/workspace/power-sharpening/Subtree-Prefetching-Power-Sharpening/case_studies/logs-entropycut/mbpp/2026-09-21/vllm/dataset-mbpp.model-qwen3.5-9b.alpha4.0.steps100.blocks-1.prefetch-budget-20.rank-accept_first.cut-entropy4.0.samples20.maxnew1024.seed10086.subtreePrefetch.vllm.log,171,12,40,0.053435359849131635
/Users/jiangnanhugo/workspace/power-sharpening/Subtree-Prefetching-Power-Sharpening/case_studies/logs-entropycut/mbpp/2026-09-21/vllm/dataset-mbpp.model-qwen3.5-9b.alpha4.0.steps100.blocks-1.prefetch-budget-20.rank-accept_first.cut-entropy4.0.samples20.maxnew1024.seed10086.subtreePrefetch.vllm.log,171,13,212,0.02753402473745705
/Users/jiangnanhugo/workspace/power-sharpening/Subtree-Prefetching-Power-Sharpening/case_studies/logs-entropycut/mbpp/2026-09-21/vllm/dataset-mbpp.model-qwen3.5-9b.alpha4.0.steps100.blocks-1.prefetch-budget-20.rank-accept_first.cut-entropy4.0.samples20.maxnew1024.seed10086.subtreePrefetch.vllm.log,171,14,8,0.06762064646124426
/Users/jiangnanhugo/workspace/power-sharpening/Subtree-Prefetching-Power-Sharpening/case_studies/logs-entropycut/mbpp/2026-09-21/vllm/dataset-mbpp.model-qwen3.5-9b.alpha4.0.steps100.blocks-1.prefetch-budget-20.rank-accept_first.cut-entropy4.0.samples20.maxnew1024.seed10086.subtreePrefetch.vllm.log,171,15,130,0.15598631759313789
/Users/jiangnanhugo/workspace/power-sharpening/Subtree-Prefetching-Power-Sharpening/case_studies/logs-entropycut/mbpp/2026-09-21/vllm/dataset-mbpp.model-qwen3.5-9b.alpha4.0.steps100.blocks-1.prefetch-budget-20.rank-accept_first.cut-entropy4.0.samples20.maxnew1024.seed10086.subtreePrefetch.vllm.log,171,16,26,0.0005491454236652834
/Users/jiangnanhugo/workspace/power-sharpening/Subtree-Prefetching-Power-Sharpening/case_studies/logs-entropycut/mbpp/2026-09-21/vllm/dataset-mbpp.model-qwen3.5-9b.alpha4.0.steps100.blocks-1.prefetch-budget-20.rank-accept_first.cut-entropy4.0.samples20.maxnew1024.seed10086.subtreePrefetch.vllm.log,171,17,447,0.008931661798189758
/Users/jiangnanhugo/workspace/power-sharpening/Subtree-Prefetching-Power-Sharpening/case_studies/logs-entropycut/mbpp/2026-09-21/vllm/dataset-mbpp.model-qwen3.5-9b.alpha4.0.steps100.blocks-1.prefetch-budget-20.rank-accept_first.cut-entropy4.0.samples20.maxnew1024.seed10086.subtreePrefetch.vllm.log,171,18,239,0.00752256123230465
/Users/jiangnanhugo/workspace/power-sharpening/Subtree-Prefetching-Power-Sharpening/case_studies/logs-entropycut/mbpp/2026-09-21/vllm/dataset-mbpp.model-qwen3.5-9b.alpha4.0.steps100.blocks-1.prefetch-budget-20.rank-accept_first.cut-entropy4.0.samples20.maxnew1024.seed10086.subtreePrefetch.vllm.log,171,19,8,0.06762064646124426
/Users/jiangnanhugo/workspace/power-sharpening/Subtree-Prefetching-Power-Sharpening/case_studies/logs-entropycut/mbpp/2026-09-21/vllm/dataset-mbpp.model-qwen3.5-9b.alpha4.0.steps100.blocks-1.prefetch-budget-20.rank-accept_first.cut-entropy4.0.samples20.maxnew1024.seed10086.subtreePrefetch.vllm.log,172,0,522,0.16925489188724593
/Users/jiangnanhugo/workspace/power-sharpening/Subtree-Prefetching-Power-Sharpening/case_studies/logs-entropycut/mbpp/2026-09-21/vllm/dataset-mbpp.model-qwen3.5-9b.alpha4.0.steps100.blocks-1.prefetch-budget-20.rank-accept_first.cut-entropy4.0.samples20.maxnew1024.seed10086.subtreePrefetch.vllm.log,172,1,289,0.09785461730217648
/Users/jiangnanhugo/workspace/power-sharpening/Subtree-Prefetching-Power-Sharpening/case_studies/logs-entropycut/mbpp/2026-09-21/vllm/dataset-mbpp.model-qwen3.5-9b.alpha4.0.steps100.blocks-1.prefetch-budget-20.rank-accept_first.cut-entropy4.0.samples20.maxnew1024.seed10086.subtreePrefetch.vllm.log,172,2,347,0.010245083075806417
/Users/jiangnanhugo/workspace/power-sharpening/Subtree-Prefetching-Power-Sharpening/case_studies/logs-entropycut/mbpp/2026-09-21/vllm/dataset-mbpp.model-qwen3.5-9b.alpha4.0.steps100.blocks-1.prefetch-budget-20.rank-accept_first.cut-entropy4.0.samples20.maxnew1024.seed10086.subtreePrefetch.vllm.log,172,3,404,0.13897091688010582
/Users/jiangnanhugo/workspace/power-sharpening/Subtree-Prefetching-Power-Sharpening/case_studies/logs-entropycut/mbpp/2026-09-21/vllm/dataset-mbpp.model-qwen3.5-9b.alpha4.0.steps100.blocks-1.prefetch-budget-20.rank-accept_first.cut-entropy4.0.samples20.maxnew1024.seed10086.subtreePrefetch.vllm.log,172,4,253,0.034675728148027114
/Users/jiangnanhugo/workspace/power-sharpening/Subtree-Prefetching-Power-Sharpening/case_studies/logs-entropycut/mbpp/2026-09-21/vllm/dataset-mbpp.model-qwen3.5-9b.alpha4.0.steps100.blocks-1.prefetch-budget-20.rank-accept_first.cut-entropy4.0.samples20.maxnew1024.seed10086.subtreePrefetch.vllm.log,172,5,40,0.05449580197153868
/Users/jiangnanhugo/workspace/power-sharpening/Subtree-Prefetching-Power-Sharpening/case_studies/logs-entropycut/mbpp/2026-09-21/vllm/dataset-mbpp.model-qwen3.5-9b.alpha4.0.steps100.blocks-1.prefetch-budget-20.rank-accept_first.cut-entropy4.0.samples20.maxnew1024.seed10086.subtreePrefetch.vllm.log,172,6,404,0.13897091688010582
/Users/jiangnanhugo/workspace/power-sharpening/Subtree-Prefetching-Power-Sharpening/case_studies/logs-entropycut/mbpp/2026-09-21/vllm/dataset-mbpp.model-qwen3.5-9b.alpha4.0.steps100.blocks-1.prefetch-budget-20.rank-accept_first.cut-entropy4.0.samples20.maxnew1024.seed10086.subtreePrefetch.vllm.log,172,7,8,0.06896260021722825
/Users/jiangnanhugo/workspace/power-sharpening/Subtree-Prefetching-Power-Sharpening/case_studies/logs-entropycut/mbpp/2026-09-21/vllm/dataset-mbpp.model-qwen3.5-9b.alpha4.0.steps100.blocks-1.prefetch-budget-20.rank-accept_first.cut-entropy4.0.samples20.maxnew1024.seed10086.subtreePrefetch.vllm.log,172,8,130,0.15908191687724405
/Users/jiangnanhugo/workspace/power-sharpening/Subtree-Prefetching-Power-Sharpening/case_studies/logs-entropycut/mbpp/2026-09-21/vllm/dataset-mbpp.model-qwen3.5-9b.alpha4.0.steps100.blocks-1.prefetch-budget-20.rank-accept_first.cut-entropy4.0.samples20.maxnew1024.seed10086.subtreePrefetch.vllm.log,172,9,479,0.04344160043242472
/Users/jiangnanhugo/workspace/power-sharpening/Subtree-Prefetching-Power-Sharpening/case_studies/logs-entropycut/mbpp/2026-09-21/vllm/dataset-mbpp.model-qwen3.5-9b.alpha4.0.steps100.blocks-1.prefetch-budget-20.rank-accept_first.cut-entropy4.0.samples20.maxnew1024.seed10086.subtreePrefetch.vllm.log,172,10,479,0.04344160043242472
/Users/jiangnanhugo/workspace/power-sharpening/Subtree-Prefetching-Power-Sharpening/case_studies/logs-entropycut/mbpp/2026-09-21/vllm/dataset-mbpp.model-qwen3.5-9b.alpha4.0.steps100.blocks-1.prefetch-budget-20.rank-accept_first.cut-entropy4.0.samples20.maxnew1024.seed10086.subtreePrefetch.vllm.log,172,11,59,0.009286891539705484
/Users/jiangnanhugo/workspace/power-sharpening/Subtree-Prefetching-Power-Sharpening/case_studies/logs-entropycut/mbpp/2026-09-21/vllm/dataset-mbpp.model-qwen3.5-9b.alpha4.0.steps100.blocks-1.prefetch-budget-20.rank-accept_first.cut-entropy4.0.samples20.maxnew1024.seed10086.subtreePrefetch.vllm.log,172,12,289,0.09785461730217648
/Users/jiangnanhugo/workspace/power-sharpening/Subtree-Prefetching-Power-Sharpening/case_studies/logs-entropycut/mbpp/2026-09-21/vllm/dataset-mbpp.model-qwen3.5-9b.alpha4.0.steps100.blocks-1.prefetch-budget-20.rank-accept_first.cut-entropy4.0.samples20.maxnew1024.seed10086.subtreePrefetch.vllm.log,172,13,130,0.15908191687724405
/Users/jiangnanhugo/workspace/power-sharpening/Subtree-Prefetching-Power-Sharpening/case_studies/logs-entropycut/mbpp/2026-09-21/vllm/dataset-mbpp.model-qwen3.5-9b.alpha4.0.steps100.blocks-1.prefetch-budget-20.rank-accept_first.cut-entropy4.0.samples20.maxnew1024.seed10086.subtreePrefetch.vllm.log,172,14,59,0.009286891539705484
/Users/jiangnanhugo/workspace/power-sharpening/Subtree-Prefetching-Power-Sharpening/case_studies/logs-entropycut/mbpp/2026-09-21/vllm/dataset-mbpp.model-qwen3.5-9b.alpha4.0.steps100.blocks-1.prefetch-budget-20.rank-accept_first.cut-entropy4.0.samples20.maxnew1024.seed10086.subtreePrefetch.vllm.log,172,15,479,0.04344160043242472
/Users/jiangnanhugo/workspace/power-sharpening/Subtree-Prefetching-Power-Sharpening/case_studies/logs-entropycut/mbpp/2026-09-21/vllm/dataset-mbpp.model-qwen3.5-9b.alpha4.0.steps100.blocks-1.prefetch-budget-20.rank-accept_first.cut-entropy4.0.samples20.maxnew1024.seed10086.subtreePrefetch.vllm.log,172,16,212,0.02808044642739111
/Users/jiangnanhugo/workspace/power-sharpening/Subtree-Prefetching-Power-Sharpening/case_studies/logs-entropycut/mbpp/2026-09-21/vllm/dataset-mbpp.model-qwen3.5-9b.alpha4.0.steps100.blocks-1.prefetch-budget-20.rank-accept_first.cut-entropy4.0.samples20.maxnew1024.seed10086.subtreePrefetch.vllm.log,172,17,23,0.0012220826251362316
/Users/jiangnanhugo/workspace/power-sharpening/Subtree-Prefetching-Power-Sharpening/case_studies/logs-entropycut/mbpp/2026-09-21/vllm/dataset-mbpp.model-qwen3.5-9b.alpha4.0.steps100.blocks-1.prefetch-budget-20.rank-accept_first.cut-entropy4.0.samples20.maxnew1024.seed10086.subtreePrefetch.vllm.log,172,18,404,0.13897091688010582
/Users/jiangnanhugo/workspace/power-sharpening/Subtree-Prefetching-Power-Sharpening/case_studies/logs-entropycut/mbpp/2026-09-21/vllm/dataset-mbpp.model-qwen3.5-9b.alpha4.0.steps100.blocks-1.prefetch-budget-20.rank-accept_first.cut-entropy4.0.samples20.maxnew1024.seed10086.subtreePrefetch.vllm.log,172,19,289,0.09785461730217648
/Users/jiangnanhugo/workspace/power-sharpening/Subtree-Prefetching-Power-Sharpening/case_studies/logs-entropycut/mbpp/2026-09-21/vllm/dataset-mbpp.model-qwen3.5-9b.alpha4.0.steps100.blocks-1.prefetch-budget-20.rank-accept_first.cut-entropy4.0.samples20.maxnew1024.seed10086.subtreePrefetch.vllm.log,173,0,522,0.16925415372779892
/Users/jiangnanhugo/workspace/power-sharpening/Subtree-Prefetching-Power-Sharpening/case_studies/logs-entropycut/mbpp/2026-09-21/vllm/dataset-mbpp.model-qwen3.5-9b.alpha4.0.steps100.blocks-1.prefetch-budget-20.rank-accept_first.cut-entropy4.0.samples20.maxnew1024.seed10086.subtreePrefetch.vllm.log,173,1,522,0.16925415372779892
/Users/jiangnanhugo/workspace/power-sharpening/Subtree-Prefetching-Power-Sharpening/case_studies/logs-entropycut/mbpp/2026-09-21/vllm/dataset-mbpp.model-qwen3.5-9b.alpha4.0.steps100.blocks-1.prefetch-budget-20.rank-accept_first.cut-entropy4.0.samples20.maxnew1024.seed10086.subtreePrefetch.vllm.log,173,2,8,0.06896229945549383
/Users/jiangnanhugo/workspace/power-sharpening/Subtree-Prefetching-Power-Sharpening/case_studies/logs-entropycut/mbpp/2026-09-21/vllm/dataset-mbpp.model-qwen3.5-9b.alpha4.0.steps100.blocks-1.prefetch-budget-20.rank-accept_first.cut-entropy4.0.samples20.maxnew1024.seed10086.subtreePrefetch.vllm.log,173,3,46,0.0033943704606325116
/Users/jiangnanhugo/workspace/power-sharpening/Subtree-Prefetching-Power-Sharpening/case_studies/logs-entropycut/mbpp/2026-09-21/vllm/dataset-mbpp.model-qwen3.5-9b.alpha4.0.steps100.blocks-1.prefetch-budget-20.rank-accept_first.cut-entropy4.0.samples20.maxnew1024.seed10086.subtreePrefetch.vllm.log,173,4,281,0.004085151316852143
/Users/jiangnanhugo/workspace/power-sharpening/Subtree-Prefetching-Power-Sharpening/case_studies/logs-entropycut/mbpp/2026-09-21/vllm/dataset-mbpp.model-qwen3.5-9b.alpha4.0.steps100.blocks-1.prefetch-budget-20.rank-accept_first.cut-entropy4.0.samples20.maxnew1024.seed10086.subtreePrefetch.vllm.log,173,5,178,0.009519651878470608
/Users/jiangnanhugo/workspace/power-sharpening/Subtree-Prefetching-Power-Sharpening/case_studies/logs-entropycut/mbpp/2026-09-21/vllm/dataset-mbpp.model-qwen3.5-9b.alpha4.0.steps100.blocks-1.prefetch-budget-20.rank-accept_first.cut-entropy4.0.samples20.maxnew1024.seed10086.subtreePrefetch.vllm.log,173,6,40,0.05449556430283321
/Users/jiangnanhugo/workspace/power-sharpening/Subtree-Prefetching-Power-Sharpening/case_studies/logs-entropycut/mbpp/2026-09-21/vllm/dataset-mbpp.model-qwen3.5-9b.alpha4.0.steps100.blocks-1.prefetch-budget-20.rank-accept_first.cut-entropy4.0.samples20.maxnew1024.seed10086.subtreePrefetch.vllm.log,173,7,178,0.009519651878470608
/Users/jiangnanhugo/workspace/power-sharpening/Subtree-Prefetching-Power-Sharpening/case_studies/logs-entropycut/mbpp/2026-09-21/vllm/dataset-mbpp.model-qwen3.5-9b.alpha4.0.steps100.blocks-1.prefetch-budget-20.rank-accept_first.cut-entropy4.0.samples20.maxnew1024.seed10086.subtreePrefetch.vllm.log,173,8,40,0.05449556430283321
/Users/jiangnanhugo/workspace/power-sharpening/Subtree-Prefetching-Power-Sharpening/case_studies/logs-entropycut/mbpp/2026-09-21/vllm/dataset-mbpp.model-qwen3.5-9b.alpha4.0.steps100.blocks-1.prefetch-budget-20.rank-accept_first.cut-entropy4.0.samples20.maxnew1024.seed10086.subtreePrefetch.vllm.log,173,9,522,0.16925415372779892
/Users/jiangnanhugo/workspace/power-sharpening/Subtree-Prefetching-Power-Sharpening/case_studies/logs-entropycut/mbpp/2026-09-21/vllm/dataset-mbpp.model-qwen3.5-9b.alpha4.0.steps100.blocks-1.prefetch-budget-20.rank-accept_first.cut-entropy4.0.samples20.maxnew1024.seed10086.subtreePrefetch.vllm.log,173,10,40,0.05449556430283321
/Users/jiangnanhugo/workspace/power-sharpening/Subtree-Prefetching-Power-Sharpening/case_studies/logs-entropycut/mbpp/2026-09-21/vllm/dataset-mbpp.model-qwen3.5-9b.alpha4.0.steps100.blocks-1.prefetch-budget-20.rank-accept_first.cut-entropy4.0.samples20.maxnew1024.seed10086.subtreePrefetch.vllm.log,173,11,130,0.1590812230844769
/Users/jiangnanhugo/workspace/power-sharpening/Subtree-Prefetching-Power-Sharpening/case_studies/logs-entropycut/mbpp/2026-09-21/vllm/dataset-mbpp.model-qwen3.5-9b.alpha4.0.steps100.blocks-1.prefetch-budget-20.rank-accept_first.cut-entropy4.0.samples20.maxnew1024.seed10086.subtreePrefetch.vllm.log,173,12,347,0.010245038394646695
/Users/jiangnanhugo/workspace/power-sharpening/Subtree-Prefetching-Power-Sharpening/case_studies/logs-entropycut/mbpp/2026-09-21/vllm/dataset-mbpp.model-qwen3.5-9b.alpha4.0.steps100.blocks-1.prefetch-budget-20.rank-accept_first.cut-entropy4.0.samples20.maxnew1024.seed10086.subtreePrefetch.vllm.log,173,13,40,0.05449556430283321
/Users/jiangnanhugo/workspace/power-sharpening/Subtree-Prefetching-Power-Sharpening/case_studies/logs-entropycut/mbpp/2026-09-21/vllm/dataset-mbpp.model-qwen3.5-9b.alpha4.0.steps100.blocks-1.prefetch-budget-20.rank-accept_first.cut-entropy4.0.samples20.maxnew1024.seed10086.subtreePrefetch.vllm.log,173,14,8,0.06896229945549383
/Users/jiangnanhugo/workspace/power-sharpening/Subtree-Prefetching-Power-Sharpening/case_studies/logs-entropycut/mbpp/2026-09-21/vllm/dataset-mbpp.model-qwen3.5-9b.alpha4.0.steps100.blocks-1.prefetch-budget-20.rank-accept_first.cut-entropy4.0.samples20.maxnew1024.seed10086.subtreePrefetch.vllm.log,173,15,479,0.04344141097363038
/Users/jiangnanhugo/workspace/power-sharpening/Subtree-Prefetching-Power-Sharpening/case_studies/logs-entropycut/mbpp/2026-09-21/vllm/dataset-mbpp.model-qwen3.5-9b.alpha4.0.steps100.blocks-1.prefetch-budget-20.rank-accept_first.cut-entropy4.0.samples20.maxnew1024.seed10086.subtreePrefetch.vllm.log,173,16,479,0.04344141097363038
/Users/jiangnanhugo/workspace/power-sharpening/Subtree-Prefetching-Power-Sharpening/case_studies/logs-entropycut/mbpp/2026-09-21/vllm/dataset-mbpp.model-qwen3.5-9b.alpha4.0.steps100.blocks-1.prefetch-budget-20.rank-accept_first.cut-entropy4.0.samples20.maxnew1024.seed10086.subtreePrefetch.vllm.log,173,17,130,0.1590812230844769
/Users/jiangnanhugo/workspace/power-sharpening/Subtree-Prefetching-Power-Sharpening/case_studies/logs-entropycut/mbpp/2026-09-21/vllm/dataset-mbpp.model-qwen3.5-9b.alpha4.0.steps100.blocks-1.prefetch-budget-20.rank-accept_first.cut-entropy4.0.samples20.maxnew1024.seed10086.subtreePrefetch.vllm.log,173,18,130,0.1590812230844769
/Users/jiangnanhugo/workspace/power-sharpening/Subtree-Prefetching-Power-Sharpening/case_studies/logs-entropycut/mbpp/2026-09-21/vllm/dataset-mbpp.model-qwen3.5-9b.alpha4.0.steps100.blocks-1.prefetch-budget-20.rank-accept_first.cut-entropy4.0.samples20.maxnew1024.seed10086.subtreePrefetch.vllm.log,173,19,300,0.013763654301584417
/Users/jiangnanhugo/workspace/power-sharpening/Subtree-Prefetching-Power-Sharpening/case_studies/logs-entropycut/mbpp/2026-09-21/vllm/dataset-mbpp.model-qwen3.5-9b.alpha4.0.steps100.blocks-1.prefetch-budget-20.rank-accept_first.cut-entropy4.0.samples20.maxnew1024.seed10086.subtreePrefetch.vllm.log,174,0,240,0.0047399773908714605
/Users/jiangnanhugo/workspace/power-sharpening/Subtree-Prefetching-Power-Sharpening/case_studies/logs-entropycut/mbpp/2026-09-21/vllm/dataset-mbpp.model-qwen3.5-9b.alpha4.0.steps100.blocks-1.prefetch-budget-20.rank-accept_first.cut-entropy4.0.samples20.maxnew1024.seed10086.subtreePrefetch.vllm.log,174,1,155,0.045865410747280136
/Users/jiangnanhugo/workspace/power-sharpening/Subtree-Prefetching-Power-Sharpening/case_studies/logs-entropycut/mbpp/2026-09-21/vllm/dataset-mbpp.model-qwen3.5-9b.alpha4.0.steps100.blocks-1.prefetch-budget-20.rank-accept_first.cut-entropy4.0.samples20.maxnew1024.seed10086.subtreePrefetch.vllm.log,174,2,675,3.3899555213858574e-05
/Users/jiangnanhugo/workspace/power-sharpening/Subtree-Prefetching-Power-Sharpening/case_studies/logs-entropycut/mbpp/2026-09-21/vllm/dataset-mbpp.model-qwen3.5-9b.alpha4.0.steps100.blocks-1.prefetch-budget-20.rank-accept_first.cut-entropy4.0.samples20.maxnew1024.seed10086.subtreePrefetch.vllm.log,174,3,458,0.023067607714789475
/Users/jiangnanhugo/workspace/power-sharpening/Subtree-Prefetching-Power-Sharpening/case_studies/logs-entropycut/mbpp/2026-09-21/vllm/dataset-mbpp.model-qwen3.5-9b.alpha4.0.steps100.blocks-1.prefetch-budget-20.rank-accept_first.cut-entropy4.0.samples20.maxnew1024.seed10086.subtreePrefetch.vllm.log,174,4,240,0.0047399773908714605
/Users/jiangnanhugo/workspace/power-sharpening/Subtree-Prefetching-Power-Sharpening/case_studies/logs-entropycut/mbpp/2026-09-21/vllm/dataset-mbpp.model-qwen3.5-9b.alpha4.0.steps100.blocks-1.prefetch-budget-20.rank-accept_first.cut-entropy4.0.samples20.maxnew1024.seed10086.subtreePrefetch.vllm.log,174,5,40,0.056818758282149745
/Users/jiangnanhugo/workspace/power-sharpening/Subtree-Prefetching-Power-Sharpening/case_studies/logs-entropycut/mbpp/2026-09-21/vllm/dataset-mbpp.model-qwen3.5-9b.alpha4.0.steps100.blocks-1.prefetch-budget-20.rank-accept_first.cut-entropy4.0.samples20.maxnew1024.seed10086.subtreePrefetch.vllm.log,174,6,155,0.045865410747280136
/Users/jiangnanhugo/workspace/power-sharpening/Subtree-Prefetching-Power-Sharpening/case_studies/logs-entropycut/mbpp/2026-09-21/vllm/dataset-mbpp.model-qwen3.5-9b.alpha4.0.steps100.blocks-1.prefetch-budget-20.rank-accept_first.cut-entropy4.0.samples20.maxnew1024.seed10086.subtreePrefetch.vllm.log,174,7,182,0.04205272840674914
/Users/jiangnanhugo/workspace/power-sharpening/Subtree-Prefetching-Power-Sharpening/case_studies/logs-entropycut/mbpp/2026-09-21/vllm/dataset-mbpp.model-qwen3.5-9b.alpha4.0.steps100.blocks-1.prefetch-budget-20.rank-accept_first.cut-entropy4.0.samples20.maxnew1024.seed10086.subtreePrefetch.vllm.log,174,8,534,0.10099705871937059
/Users/jiangnanhugo/workspace/power-sharpening/Subtree-Prefetching-Power-Sharpening/case_studies/logs-entropycut/mbpp/2026-09-21/vllm/dataset-mbpp.model-qwen3.5-9b.alpha4.0.steps100.blocks-1.prefetch-budget-20.rank-accept_first.cut-entropy4.0.samples20.maxnew1024.seed10086.subtreePrefetch.vllm.log,174,9,40,0.056818758282149745
/Users/jiangnanhugo/workspace/power-sharpening/Subtree-Prefetching-Power-Sharpening/case_studies/logs-entropycut/mbpp/2026-09-21/vllm/dataset-mbpp.model-qwen3.5-9b.alpha4.0.steps100.blocks-1.prefetch-budget-20.rank-accept_first.cut-entropy4.0.samples20.maxnew1024.seed10086.subtreePrefetch.vllm.log,174,10,8,0.09955615475419474
/Users/jiangnanhugo/workspace/power-sharpening/Subtree-Prefetching-Power-Sharpening/case_studies/logs-entropycut/mbpp/2026-09-21/vllm/dataset-mbpp.model-qwen3.5-9b.alpha4.0.steps100.blocks-1.prefetch-budget-20.rank-accept_first.cut-entropy4.0.samples20.maxnew1024.seed10086.subtreePrefetch.vllm.log,174,11,431,0.19916591919412127
/Users/jiangnanhugo/workspace/power-sharpening/Subtree-Prefetching-Power-Sharpening/case_studies/logs-entropycut/mbpp/2026-09-21/vllm/dataset-mbpp.model-qwen3.5-9b.alpha4.0.steps100.blocks-1.prefetch-budget-20.rank-accept_first.cut-entropy4.0.samples20.maxnew1024.seed10086.subtreePrefetch.vllm.log,174,12,458,0.023067607714789475
/Users/jiangnanhugo/workspace/power-sharpening/Subtree-Prefetching-Power-Sharpening/case_studies/logs-entropycut/mbpp/2026-09-21/vllm/dataset-mbpp.model-qwen3.5-9b.alpha4.0.steps100.blocks-1.prefetch-budget-20.rank-accept_first.cut-entropy4.0.samples20.maxnew1024.seed10086.subtreePrefetch.vllm.log,174,13,239,0.02295476819680579
/Users/jiangnanhugo/workspace/power-sharpening/Subtree-Prefetching-Power-Sharpening/case_studies/logs-entropycut/mbpp/2026-09-21/vllm/dataset-mbpp.model-qwen3.5-9b.alpha4.0.steps100.blocks-1.prefetch-budget-20.rank-accept_first.cut-entropy4.0.samples20.maxnew1024.seed10086.subtreePrefetch.vllm.log,174,14,339,0.05799317524486084
/Users/jiangnanhugo/workspace/power-sharpening/Subtree-Prefetching-Power-Sharpening/case_studies/logs-entropycut/mbpp/2026-09-21/vllm/dataset-mbpp.model-qwen3.5-9b.alpha4.0.steps100.blocks-1.prefetch-budget-20.rank-accept_first.cut-entropy4.0.samples20.maxnew1024.seed10086.subtreePrefetch.vllm.log,174,15,768,0.055557991618884375
/Users/jiangnanhugo/workspace/power-sharpening/Subtree-Prefetching-Power-Sharpening/case_studies/logs-entropycut/mbpp/2026-09-21/vllm/dataset-mbpp.model-qwen3.5-9b.alpha4.0.steps100.blocks-1.prefetch-budget-20.rank-accept_first.cut-entropy4.0.samples20.maxnew1024.seed10086.subtreePrefetch.vllm.log,174,16,431,0.19916591919412127
/Users/jiangnanhugo/workspace/power-sharpening/Subtree-Prefetching-Power-Sharpening/case_studies/logs-entropycut/mbpp/2026-09-21/vllm/dataset-mbpp.model-qwen3.5-9b.alpha4.0.steps100.blocks-1.prefetch-budget-20.rank-accept_first.cut-entropy4.0.samples20.maxnew1024.seed10086.subtreePrefetch.vllm.log,174,17,155,0.045865410747280136
/Users/jiangnanhugo/workspace/power-sharpening/Subtree-Prefetching-Power-Sharpening/case_studies/logs-entropycut/mbpp/2026-09-21/vllm/dataset-mbpp.model-qwen3.5-9b.alpha4.0.steps100.blocks-1.prefetch-budget-20.rank-accept_first.cut-entropy4.0.samples20.maxnew1024.seed10086.subtreePrefetch.vllm.log,174,18,466,0.013550426886295012
/Users/jiangnanhugo/workspace/power-sharpening/Subtree-Prefetching-Power-Sharpening/case_studies/logs-entropycut/mbpp/2026-09-21/vllm/dataset-mbpp.model-qwen3.5-9b.alpha4.0.steps100.blocks-1.prefetch-budget-20.rank-accept_first.cut-entropy4.0.samples20.maxnew1024.seed10086.subtreePrefetch.vllm.log,174,19,353,0.002739913294884304
/Users/jiangnanhugo/workspace/power-sharpening/Subtree-Prefetching-Power-Sharpening/case_studies/logs-entropycut/mbpp/2026-09-21/vllm/dataset-mbpp.model-qwen3.5-9b.alpha4.0.steps100.blocks-1.prefetch-budget-20.rank-accept_first.cut-entropy4.0.samples20.maxnew1024.seed10086.subtreePrefetch.vllm.log,175,0,8,0.20200121143858132
/Users/jiangnanhugo/workspace/power-sharpening/Subtree-Prefetching-Power-Sharpening/case_studies/logs-entropycut/mbpp/2026-09-21/vllm/dataset-mbpp.model-qwen3.5-9b.alpha4.0.steps100.blocks-1.prefetch-budget-20.rank-accept_first.cut-entropy4.0.samples20.maxnew1024.seed10086.subtreePrefetch.vllm.log,175,1,8,0.20200121143858132
/Users/jiangnanhugo/workspace/power-sharpening/Subtree-Prefetching-Power-Sharpening/case_studies/logs-entropycut/mbpp/2026-09-21/vllm/dataset-mbpp.model-qwen3.5-9b.alpha4.0.steps100.blocks-1.prefetch-budget-20.rank-accept_first.cut-entropy4.0.samples20.maxnew1024.seed10086.subtreePrefetch.vllm.log,175,2,155,0.09306173542915332
/Users/jiangnanhugo/workspace/power-sharpening/Subtree-Prefetching-Power-Sharpening/case_studies/logs-entropycut/mbpp/2026-09-21/vllm/dataset-mbpp.model-qwen3.5-9b.alpha4.0.steps100.blocks-1.prefetch-budget-20.rank-accept_first.cut-entropy4.0.samples20.maxnew1024.seed10086.subtreePrefetch.vllm.log,175,3,8,0.20200121143858132
/Users/jiangnanhugo/workspace/power-sharpening/Subtree-Prefetching-Power-Sharpening/case_studies/logs-entropycut/mbpp/2026-09-21/vllm/dataset-mbpp.model-qwen3.5-9b.alpha4.0.steps100.blocks-1.prefetch-budget-20.rank-accept_first.cut-entropy4.0.samples20.maxnew1024.seed10086.subtreePrefetch.vllm.log,175,4,8,0.20200121143858132
/Users/jiangnanhugo/workspace/power-sharpening/Subtree-Prefetching-Power-Sharpening/case_studies/logs-entropycut/mbpp/2026-09-21/vllm/dataset-mbpp.model-qwen3.5-9b.alpha4.0.steps100.blocks-1.prefetch-budget-20.rank-accept_first.cut-entropy4.0.samples20.maxnew1024.seed10086.subtreePrefetch.vllm.log,175,5,155,0.09306173542915332
/Users/jiangnanhugo/workspace/power-sharpening/Subtree-Prefetching-Power-Sharpening/case_studies/logs-entropycut/mbpp/2026-09-21/vllm/dataset-mbpp.model-qwen3.5-9b.alpha4.0.steps100.blocks-1.prefetch-budget-20.rank-accept_first.cut-entropy4.0.samples20.maxnew1024.seed10086.subtreePrefetch.vllm.log,175,6,8,0.20200121143858132
/Users/jiangnanhugo/workspace/power-sharpening/Subtree-Prefetching-Power-Sharpening/case_studies/logs-entropycut/mbpp/2026-09-21/vllm/dataset-mbpp.model-qwen3.5-9b.alpha4.0.steps100.blocks-1.prefetch-budget-20.rank-accept_first.cut-entropy4.0.samples20.maxnew1024.seed10086.subtreePrefetch.vllm.log,175,7,8,0.20200121143858132
/Users/jiangnanhugo/workspace/power-sharpening/Subtree-Prefetching-Power-Sharpening/case_studies/logs-entropycut/mbpp/2026-09-21/vllm/dataset-mbpp.model-qwen3.5-9b.alpha4.0.steps100.blocks-1.prefetch-budget-20.rank-accept_first.cut-entropy4.0.samples20.maxnew1024.seed10086.subtreePrefetch.vllm.log,175,8,492,0.12239801379737894
/Users/jiangnanhugo/workspace/power-sharpening/Subtree-Prefetching-Power-Sharpening/case_studies/logs-entropycut/mbpp/2026-09-21/vllm/dataset-mbpp.model-qwen3.5-9b.alpha4.0.steps100.blocks-1.prefetch-budget-20.rank-accept_first.cut-entropy4.0.samples20.maxnew1024.seed10086.subtreePrefetch.vllm.log,175,9,8,0.20200121143858132
/Users/jiangnanhugo/workspace/power-sharpening/Subtree-Prefetching-Power-Sharpening/case_studies/logs-entropycut/mbpp/2026-09-21/vllm/dataset-mbpp.model-qwen3.5-9b.alpha4.0.steps100.blocks-1.prefetch-budget-20.rank-accept_first.cut-entropy4.0.samples20.maxnew1024.seed10086.subtreePrefetch.vllm.log,175,10,26,0.0015074182496579663
/Users/jiangnanhugo/workspace/power-sharpening/Subtree-Prefetching-Power-Sharpening/case_studies/logs-entropycut/mbpp/2026-09-21/vllm/dataset-mbpp.model-qwen3.5-9b.alpha4.0.steps100.blocks-1.prefetch-budget-20.rank-accept_first.cut-entropy4.0.samples20.maxnew1024.seed10086.subtreePrefetch.vllm.log,175,11,8,0.20200121143858132
/Users/jiangnanhugo/workspace/power-sharpening/Subtree-Prefetching-Power-Sharpening/case_studies/logs-entropycut/mbpp/2026-09-21/vllm/dataset-mbpp.model-qwen3.5-9b.alpha4.0.steps100.blocks-1.prefetch-budget-20.rank-accept_first.cut-entropy4.0.samples20.maxnew1024.seed10086.subtreePrefetch.vllm.log,175,12,239,0.04418032230831192
/Users/jiangnanhugo/workspace/power-sharpening/Subtree-Prefetching-Power-Sharpening/case_studies/logs-entropycut/mbpp/2026-09-21/vllm/dataset-mbpp.model-qwen3.5-9b.alpha4.0.steps100.blocks-1.prefetch-budget-20.rank-accept_first.cut-entropy4.0.samples20.maxnew1024.seed10086.subtreePrefetch.vllm.log,175,13,239,0.04418032230831192
/Users/jiangnanhugo/workspace/power-sharpening/Subtree-Prefetching-Power-Sharpening/case_studies/logs-entropycut/mbpp/2026-09-21/vllm/dataset-mbpp.model-qwen3.5-9b.alpha4.0.steps100.blocks-1.prefetch-budget-20.rank-accept_first.cut-entropy4.0.samples20.maxnew1024.seed10086.subtreePrefetch.vllm.log,175,14,155,0.09306173542915332
/Users/jiangnanhugo/workspace/power-sharpening/Subtree-Prefetching-Power-Sharpening/case_studies/logs-entropycut/mbpp/2026-09-21/vllm/dataset-mbpp.model-qwen3.5-9b.alpha4.0.steps100.blocks-1.prefetch-budget-20.rank-accept_first.cut-entropy4.0.samples20.maxnew1024.seed10086.subtreePrefetch.vllm.log,175,15,155,0.09306173542915332
/Users/jiangnanhugo/workspace/power-sharpening/Subtree-Prefetching-Power-Sharpening/case_studies/logs-entropycut/mbpp/2026-09-21/vllm/dataset-mbpp.model-qwen3.5-9b.alpha4.0.steps100.blocks-1.prefetch-budget-20.rank-accept_first.cut-entropy4.0.samples20.maxnew1024.seed10086.subtreePrefetch.vllm.log,175,16,8,0.20200121143858132
/Users/jiangnanhugo/workspace/power-sharpening/Subtree-Prefetching-Power-Sharpening/case_studies/logs-entropycut/mbpp/2026-09-21/vllm/dataset-mbpp.model-qwen3.5-9b.alpha4.0.steps100.blocks-1.prefetch-budget-20.rank-accept_first.cut-entropy4.0.samples20.maxnew1024.seed10086.subtreePrefetch.vllm.log,175,17,8,0.20200121143858132
/Users/jiangnanhugo/workspace/power-sharpening/Subtree-Prefetching-Power-Sharpening/case_studies/logs-entropycut/mbpp/2026-09-21/vllm/dataset-mbpp.model-qwen3.5-9b.alpha4.0.steps100.blocks-1.prefetch-budget-20.rank-accept_first.cut-entropy4.0.samples20.maxnew1024.seed10086.subtreePrefetch.vllm.log,175,18,302,0.03844565751601351
/Users/jiangnanhugo/workspace/power-sharpening/Subtree-Prefetching-Power-Sharpening/case_studies/logs-entropycut/mbpp/2026-09-21/vllm/dataset-mbpp.model-qwen3.5-9b.alpha4.0.steps100.blocks-1.prefetch-budget-20.rank-accept_first.cut-entropy4.0.samples20.maxnew1024.seed10086.subtreePrefetch.vllm.log,175,19,8,0.20200121143858132
/Users/jiangnanhugo/workspace/power-sharpening/Subtree-Prefetching-Power-Sharpening/case_studies/logs-entropycut/mbpp/2026-09-21/vllm/dataset-mbpp.model-qwen3.5-9b.alpha4.0.steps100.blocks-1.prefetch-budget-20.rank-accept_first.cut-entropy4.0.samples20.maxnew1024.seed10086.subtreePrefetch.vllm.log,176,0,95,0.016469610373824675
/Users/jiangnanhugo/workspace/power-sharpening/Subtree-Prefetching-Power-Sharpening/case_studies/logs-entropycut/mbpp/2026-09-21/vllm/dataset-mbpp.model-qwen3.5-9b.alpha4.0.steps100.blocks-1.prefetch-budget-20.rank-accept_first.cut-entropy4.0.samples20.maxnew1024.seed10086.subtreePrefetch.vllm.log,176,1,8,0.18708127187103127
/Users/jiangnanhugo/workspace/power-sharpening/Subtree-Prefetching-Power-Sharpening/case_studies/logs-entropycut/mbpp/2026-09-21/vllm/dataset-mbpp.model-qwen3.5-9b.alpha4.0.steps100.blocks-1.prefetch-budget-20.rank-accept_first.cut-entropy4.0.samples20.maxnew1024.seed10086.subtreePrefetch.vllm.log,176,2,339,0.10154824605391288
/Users/jiangnanhugo/workspace/power-sharpening/Subtree-Prefetching-Power-Sharpening/case_studies/logs-entropycut/mbpp/2026-09-21/vllm/dataset-mbpp.model-qwen3.5-9b.alpha4.0.steps100.blocks-1.prefetch-budget-20.rank-accept_first.cut-entropy4.0.samples20.maxnew1024.seed10086.subtreePrefetch.vllm.log,176,3,302,0.03584346053420945
/Users/jiangnanhugo/workspace/power-sharpening/Subtree-Prefetching-Power-Sharpening/case_studies/logs-entropycut/mbpp/2026-09-21/vllm/dataset-mbpp.model-qwen3.5-9b.alpha4.0.steps100.blocks-1.prefetch-budget-20.rank-accept_first.cut-entropy4.0.samples20.maxnew1024.seed10086.subtreePrefetch.vllm.log,176,4,155,0.08618813571771561
/Users/jiangnanhugo/workspace/power-sharpening/Subtree-Prefetching-Power-Sharpening/case_studies/logs-entropycut/mbpp/2026-09-21/vllm/dataset-mbpp.model-qwen3.5-9b.alpha4.0.steps100.blocks-1.prefetch-budget-20.rank-accept_first.cut-entropy4.0.samples20.maxnew1024.seed10086.subtreePrefetch.vllm.log,176,5,8,0.18708127187103127
/Users/jiangnanhugo/workspace/power-sharpening/Subtree-Prefetching-Power-Sharpening/case_studies/logs-entropycut/mbpp/2026-09-21/vllm/dataset-mbpp.model-qwen3.5-9b.alpha4.0.steps100.blocks-1.prefetch-budget-20.rank-accept_first.cut-entropy4.0.samples20.maxnew1024.seed10086.subtreePrefetch.vllm.log,176,6,339,0.10154824605391288
/Users/jiangnanhugo/workspace/power-sharpening/Subtree-Prefetching-Power-Sharpening/case_studies/logs-entropycut/mbpp/2026-09-21/vllm/dataset-mbpp.model-qwen3.5-9b.alpha4.0.steps100.blocks-1.prefetch-budget-20.rank-accept_first.cut-entropy4.0.samples20.maxnew1024.seed10086.subtreePrefetch.vllm.log,176,7,8,0.18708127187103127
/Users/jiangnanhugo/workspace/power-sharpening/Subtree-Prefetching-Power-Sharpening/case_studies/logs-entropycut/mbpp/2026-09-21/vllm/dataset-mbpp.model-qwen3.5-9b.alpha4.0.steps100.blocks-1.prefetch-budget-20.rank-accept_first.cut-entropy4.0.samples20.maxnew1024.seed10086.subtreePrefetch.vllm.log,176,8,155,0.08618813571771561
/Users/jiangnanhugo/workspace/power-sharpening/Subtree-Prefetching-Power-Sharpening/case_studies/logs-entropycut/mbpp/2026-09-21/vllm/dataset-mbpp.model-qwen3.5-9b.alpha4.0.steps100.blocks-1.prefetch-budget-20.rank-accept_first.cut-entropy4.0.samples20.maxnew1024.seed10086.subtreePrefetch.vllm.log,176,9,8,0.18708127187103127
/Users/jiangnanhugo/workspace/power-sharpening/Subtree-Prefetching-Power-Sharpening/case_studies/logs-entropycut/mbpp/2026-09-21/vllm/dataset-mbpp.model-qwen3.5-9b.alpha4.0.steps100.blocks-1.prefetch-budget-20.rank-accept_first.cut-entropy4.0.samples20.maxnew1024.seed10086.subtreePrefetch.vllm.log,176,10,40,0.10677115434803781
/Users/jiangnanhugo/workspace/power-sharpening/Subtree-Prefetching-Power-Sharpening/case_studies/logs-entropycut/mbpp/2026-09-21/vllm/dataset-mbpp.model-qwen3.5-9b.alpha4.0.steps100.blocks-1.prefetch-budget-20.rank-accept_first.cut-entropy4.0.samples20.maxnew1024.seed10086.subtreePrefetch.vllm.log,176,11,8,0.18708127187103127
/Users/jiangnanhugo/workspace/power-sharpening/Subtree-Prefetching-Power-Sharpening/case_studies/logs-entropycut/mbpp/2026-09-21/vllm/dataset-mbpp.model-qwen3.5-9b.alpha4.0.steps100.blocks-1.prefetch-budget-20.rank-accept_first.cut-entropy4.0.samples20.maxnew1024.seed10086.subtreePrefetch.vllm.log,176,12,8,0.18708127187103127
/Users/jiangnanhugo/workspace/power-sharpening/Subtree-Prefetching-Power-Sharpening/case_studies/logs-entropycut/mbpp/2026-09-21/vllm/dataset-mbpp.model-qwen3.5-9b.alpha4.0.steps100.blocks-1.prefetch-budget-20.rank-accept_first.cut-entropy4.0.samples20.maxnew1024.seed10086.subtreePrefetch.vllm.log,176,13,155,0.08618813571771561
/Users/jiangnanhugo/workspace/power-sharpening/Subtree-Prefetching-Power-Sharpening/case_studies/logs-entropycut/mbpp/2026-09-21/vllm/dataset-mbpp.model-qwen3.5-9b.alpha4.0.steps100.blocks-1.prefetch-budget-20.rank-accept_first.cut-entropy4.0.samples20.maxnew1024.seed10086.subtreePrefetch.vllm.log,176,14,40,0.10677115434803781
/Users/jiangnanhugo/workspace/power-sharpening/Subtree-Prefetching-Power-Sharpening/case_studies/logs-entropycut/mbpp/2026-09-21/vllm/dataset-mbpp.model-qwen3.5-9b.alpha4.0.steps100.blocks-1.prefetch-budget-20.rank-accept_first.cut-entropy4.0.samples20.maxnew1024.seed10086.subtreePrefetch.vllm.log,176,15,8,0.18708127187103127
/Users/jiangnanhugo/workspace/power-sharpening/Subtree-Prefetching-Power-Sharpening/case_studies/logs-entropycut/mbpp/2026-09-21/vllm/dataset-mbpp.model-qwen3.5-9b.alpha4.0.steps100.blocks-1.prefetch-budget-20.rank-accept_first.cut-entropy4.0.samples20.maxnew1024.seed10086.subtreePrefetch.vllm.log,176,16,8,0.18708127187103127
/Users/jiangnanhugo/workspace/power-sharpening/Subtree-Prefetching-Power-Sharpening/case_studies/logs-entropycut/mbpp/2026-09-21/vllm/dataset-mbpp.model-qwen3.5-9b.alpha4.0.steps100.blocks-1.prefetch-budget-20.rank-accept_first.cut-entropy4.0.samples20.maxnew1024.seed10086.subtreePrefetch.vllm.log,176,17,8,0.18708127187103127
/Users/jiangnanhugo/workspace/power-sharpening/Subtree-Prefetching-Power-Sharpening/case_studies/logs-entropycut/mbpp/2026-09-21/vllm/dataset-mbpp.model-qwen3.5-9b.alpha4.0.steps100.blocks-1.prefetch-budget-20.rank-accept_first.cut-entropy4.0.samples20.maxnew1024.seed10086.subtreePrefetch.vllm.log,176,18,8,0.18708127187103127
/Users/jiangnanhugo/workspace/power-sharpening/Subtree-Prefetching-Power-Sharpening/case_studies/logs-entropycut/mbpp/2026-09-21/vllm/dataset-mbpp.model-qwen3.5-9b.alpha4.0.steps100.blocks-1.prefetch-budget-20.rank-accept_first.cut-entropy4.0.samples20.maxnew1024.seed10086.subtreePrefetch.vllm.log,176,19,8,0.18708127187103127
/Users/jiangnanhugo/workspace/power-sharpening/Subtree-Prefetching-Power-Sharpening/case_studies/logs-entropycut/mbpp/2026-09-21/vllm/dataset-mbpp.model-qwen3.5-9b.alpha4.0.steps100.blocks-1.prefetch-budget-20.rank-accept_first.cut-entropy4.0.samples20.maxnew1024.seed10086.subtreePrefetch.vllm.log,177,0,686,0.12342945321444879
/Users/jiangnanhugo/workspace/power-sharpening/Subtree-Prefetching-Power-Sharpening/case_studies/logs-entropycut/mbpp/2026-09-21/vllm/dataset-mbpp.model-qwen3.5-9b.alpha4.0.steps100.blocks-1.prefetch-budget-20.rank-accept_first.cut-entropy4.0.samples20.maxnew1024.seed10086.subtreePrefetch.vllm.log,177,1,40,0.10677115434803781
/Users/jiangnanhugo/workspace/power-sharpening/Subtree-Prefetching-Power-Sharpening/case_studies/logs-entropycut/mbpp/2026-09-21/vllm/dataset-mbpp.model-qwen3.5-9b.alpha4.0.steps100.blocks-1.prefetch-budget-20.rank-accept_first.cut-entropy4.0.samples20.maxnew1024.seed10086.subtreePrefetch.vllm.log,177,2,239,0.03927723662135071
/Users/jiangnanhugo/workspace/power-sharpening/Subtree-Prefetching-Power-Sharpening/case_studies/logs-entropycut/mbpp/2026-09-21/vllm/dataset-mbpp.model-qwen3.5-9b.alpha4.0.steps100.blocks-1.prefetch-budget-20.rank-accept_first.cut-entropy4.0.samples20.maxnew1024.seed10086.subtreePrefetch.vllm.log,177,3,60,0.004484887564225137
/Users/jiangnanhugo/workspace/power-sharpening/Subtree-Prefetching-Power-Sharpening/case_studies/logs-entropycut/mbpp/2026-09-21/vllm/dataset-mbpp.model-qwen3.5-9b.alpha4.0.steps100.blocks-1.prefetch-budget-20.rank-accept_first.cut-entropy4.0.samples20.maxnew1024.seed10086.subtreePrefetch.vllm.log,177,4,8,0.18708127187103127
/Users/jiangnanhugo/workspace/power-sharpening/Subtree-Prefetching-Power-Sharpening/case_studies/logs-entropycut/mbpp/2026-09-21/vllm/dataset-mbpp.model-qwen3.5-9b.alpha4.0.steps100.blocks-1.prefetch-budget-20.rank-accept_first.cut-entropy4.0.samples20.maxnew1024.seed10086.subtreePrefetch.vllm.log,177,5,155,0.08618813571771561
/Users/jiangnanhugo/workspace/power-sharpening/Subtree-Prefetching-Power-Sharpening/case_studies/logs-entropycut/mbpp/2026-09-21/vllm/dataset-mbpp.model-qwen3.5-9b.alpha4.0.steps100.blocks-1.prefetch-budget-20.rank-accept_first.cut-entropy4.0.samples20.maxnew1024.seed10086.subtreePrefetch.vllm.log,177,6,40,0.10677115434803781
/Users/jiangnanhugo/workspace/power-sharpening/Subtree-Prefetching-Power-Sharpening/case_studies/logs-entropycut/mbpp/2026-09-21/vllm/dataset-mbpp.model-qwen3.5-9b.alpha4.0.steps100.blocks-1.prefetch-budget-20.rank-accept_first.cut-entropy4.0.samples20.maxnew1024.seed10086.subtreePrefetch.vllm.log,177,7,8,0.18708127187103127
/Users/jiangnanhugo/workspace/power-sharpening/Subtree-Prefetching-Power-Sharpening/case_studies/logs-entropycut/mbpp/2026-09-21/vllm/dataset-mbpp.model-qwen3.5-9b.alpha4.0.steps100.blocks-1.prefetch-budget-20.rank-accept_first.cut-entropy4.0.samples20.maxnew1024.seed10086.subtreePrefetch.vllm.log,177,8,8,0.18708127187103127
/Users/jiangnanhugo/workspace/power-sharpening/Subtree-Prefetching-Power-Sharpening/case_studies/logs-entropycut/mbpp/2026-09-21/vllm/dataset-mbpp.model-qwen3.5-9b.alpha4.0.steps100.blocks-1.prefetch-budget-20.rank-accept_first.cut-entropy4.0.samples20.maxnew1024.seed10086.subtreePrefetch.vllm.log,177,9,8,0.18708127187103127
/Users/jiangnanhugo/workspace/power-sharpening/Subtree-Prefetching-Power-Sharpening/case_studies/logs-entropycut/mbpp/2026-09-21/vllm/dataset-mbpp.model-qwen3.5-9b.alpha4.0.steps100.blocks-1.prefetch-budget-20.rank-accept_first.cut-entropy4.0.samples20.maxnew1024.seed10086.subtreePrefetch.vllm.log,177,10,215,0.001891622393435331
/Users/jiangnanhugo/workspace/power-sharpening/Subtree-Prefetching-Power-Sharpening/case_studies/logs-entropycut/mbpp/2026-09-21/vllm/dataset-mbpp.model-qwen3.5-9b.alpha4.0.steps100.blocks-1.prefetch-budget-20.rank-accept_first.cut-entropy4.0.samples20.maxnew1024.seed10086.subtreePrefetch.vllm.log,177,11,8,0.18708127187103127
/Users/jiangnanhugo/workspace/power-sharpening/Subtree-Prefetching-Power-Sharpening/case_studies/logs-entropycut/mbpp/2026-09-21/vllm/dataset-mbpp.model-qwen3.5-9b.alpha4.0.steps100.blocks-1.prefetch-budget-20.rank-accept_first.cut-entropy4.0.samples20.maxnew1024.seed10086.subtreePrefetch.vllm.log,177,12,8,0.18708127187103127
/Users/jiangnanhugo/workspace/power-sharpening/Subtree-Prefetching-Power-Sharpening/case_studies/logs-entropycut/mbpp/2026-09-21/vllm/dataset-mbpp.model-qwen3.5-9b.alpha4.0.steps100.blocks-1.prefetch-budget-20.rank-accept_first.cut-entropy4.0.samples20.maxnew1024.seed10086.subtreePrefetch.vllm.log,177,13,8,0.18708127187103127
/Users/jiangnanhugo/workspace/power-sharpening/Subtree-Prefetching-Power-Sharpening/case_studies/logs-entropycut/mbpp/2026-09-21/vllm/dataset-mbpp.model-qwen3.5-9b.alpha4.0.steps100.blocks-1.prefetch-budget-20.rank-accept_first.cut-entropy4.0.samples20.maxnew1024.seed10086.subtreePrefetch.vllm.log,177,14,40,0.10677115434803781
/Users/jiangnanhugo/workspace/power-sharpening/Subtree-Prefetching-Power-Sharpening/case_studies/logs-entropycut/mbpp/2026-09-21/vllm/dataset-mbpp.model-qwen3.5-9b.alpha4.0.steps100.blocks-1.prefetch-budget-20.rank-accept_first.cut-entropy4.0.samples20.maxnew1024.seed10086.subtreePrefetch.vllm.log,177,15,40,0.10677115434803781
/Users/jiangnanhugo/workspace/power-sharpening/Subtree-Prefetching-Power-Sharpening/case_studies/logs-entropycut/mbpp/2026-09-21/vllm/dataset-mbpp.model-qwen3.5-9b.alpha4.0.steps100.blocks-1.prefetch-budget-20.rank-accept_first.cut-entropy4.0.samples20.maxnew1024.seed10086.subtreePrefetch.vllm.log,177,16,8,0.18708127187103127
/Users/jiangnanhugo/workspace/power-sharpening/Subtree-Prefetching-Power-Sharpening/case_studies/logs-entropycut/mbpp/2026-09-21/vllm/dataset-mbpp.model-qwen3.5-9b.alpha4.0.steps100.blocks-1.prefetch-budget-20.rank-accept_first.cut-entropy4.0.samples20.maxnew1024.seed10086.subtreePrefetch.vllm.log,177,17,8,0.18708127187103127
/Users/jiangnanhugo/workspace/power-sharpening/Subtree-Prefetching-Power-Sharpening/case_studies/logs-entropycut/mbpp/2026-09-21/vllm/dataset-mbpp.model-qwen3.5-9b.alpha4.0.steps100.blocks-1.prefetch-budget-20.rank-accept_first.cut-entropy4.0.samples20.maxnew1024.seed10086.subtreePrefetch.vllm.log,177,18,8,0.18708127187103127
/Users/jiangnanhugo/workspace/power-sharpening/Subtree-Prefetching-Power-Sharpening/case_studies/logs-entropycut/mbpp/2026-09-21/vllm/dataset-mbpp.model-qwen3.5-9b.alpha4.0.steps100.blocks-1.prefetch-budget-20.rank-accept_first.cut-entropy4.0.samples20.maxnew1024.seed10086.subtreePrefetch.vllm.log,177,19,8,0.18708127187103127
/Users/jiangnanhugo/workspace/power-sharpening/Subtree-Prefetching-Power-Sharpening/case_studies/logs-entropycut/mbpp/2026-09-21/vllm/dataset-mbpp.model-qwen3.5-9b.alpha4.0.steps100.blocks-1.prefetch-budget-20.rank-accept_first.cut-entropy4.0.samples20.maxnew1024.seed10086.subtreePrefetch.vllm.log,178,0,8,0.18708127083152387
/Users/jiangnanhugo/workspace/power-sharpening/Subtree-Prefetching-Power-Sharpening/case_studies/logs-entropycut/mbpp/2026-09-21/vllm/dataset-mbpp.model-qwen3.5-9b.alpha4.0.steps100.blocks-1.prefetch-budget-20.rank-accept_first.cut-entropy4.0.samples20.maxnew1024.seed10086.subtreePrefetch.vllm.log,178,1,438,0.04735659522453979
/Users/jiangnanhugo/workspace/power-sharpening/Subtree-Prefetching-Power-Sharpening/case_studies/logs-entropycut/mbpp/2026-09-21/vllm/dataset-mbpp.model-qwen3.5-9b.alpha4.0.steps100.blocks-1.prefetch-budget-20.rank-accept_first.cut-entropy4.0.samples20.maxnew1024.seed10086.subtreePrefetch.vllm.log,178,2,155,0.0861881352388157
/Users/jiangnanhugo/workspace/power-sharpening/Subtree-Prefetching-Power-Sharpening/case_studies/logs-entropycut/mbpp/2026-09-21/vllm/dataset-mbpp.model-qwen3.5-9b.alpha4.0.steps100.blocks-1.prefetch-budget-20.rank-accept_first.cut-entropy4.0.samples20.maxnew1024.seed10086.subtreePrefetch.vllm.log,178,3,155,0.0861881352388157
/Users/jiangnanhugo/workspace/power-sharpening/Subtree-Prefetching-Power-Sharpening/case_studies/logs-entropycut/mbpp/2026-09-21/vllm/dataset-mbpp.model-qwen3.5-9b.alpha4.0.steps100.blocks-1.prefetch-budget-20.rank-accept_first.cut-entropy4.0.samples20.maxnew1024.seed10086.subtreePrefetch.vllm.log,178,4,20,0.006526184594450466
/Users/jiangnanhugo/workspace/power-sharpening/Subtree-Prefetching-Power-Sharpening/case_studies/logs-entropycut/mbpp/2026-09-21/vllm/dataset-mbpp.model-qwen3.5-9b.alpha4.0.steps100.blocks-1.prefetch-budget-20.rank-accept_first.cut-entropy4.0.samples20.maxnew1024.seed10086.subtreePrefetch.vllm.log,178,5,8,0.18708127083152387
/Users/jiangnanhugo/workspace/power-sharpening/Subtree-Prefetching-Power-Sharpening/case_studies/logs-entropycut/mbpp/2026-09-21/vllm/dataset-mbpp.model-qwen3.5-9b.alpha4.0.steps100.blocks-1.prefetch-budget-20.rank-accept_first.cut-entropy4.0.samples20.maxnew1024.seed10086.subtreePrefetch.vllm.log,178,6,8,0.18708127083152387
/Users/jiangnanhugo/workspace/power-sharpening/Subtree-Prefetching-Power-Sharpening/case_studies/logs-entropycut/mbpp/2026-09-21/vllm/dataset-mbpp.model-qwen3.5-9b.alpha4.0.steps100.blocks-1.prefetch-budget-20.rank-accept_first.cut-entropy4.0.samples20.maxnew1024.seed10086.subtreePrefetch.vllm.log,178,7,8,0.18708127083152387
/Users/jiangnanhugo/workspace/power-sharpening/Subtree-Prefetching-Power-Sharpening/case_studies/logs-entropycut/mbpp/2026-09-21/vllm/dataset-mbpp.model-qwen3.5-9b.alpha4.0.steps100.blocks-1.prefetch-budget-20.rank-accept_first.cut-entropy4.0.samples20.maxnew1024.seed10086.subtreePrefetch.vllm.log,178,8,8,0.18708127083152387
/Users/jiangnanhugo/workspace/power-sharpening/Subtree-Prefetching-Power-Sharpening/case_studies/logs-entropycut/mbpp/2026-09-21/vllm/dataset-mbpp.model-qwen3.5-9b.alpha4.0.steps100.blocks-1.prefetch-budget-20.rank-accept_first.cut-entropy4.0.samples20.maxnew1024.seed10086.subtreePrefetch.vllm.log,178,9,8,0.18708127083152387
/Users/jiangnanhugo/workspace/power-sharpening/Subtree-Prefetching-Power-Sharpening/case_studies/logs-entropycut/mbpp/2026-09-21/vllm/dataset-mbpp.model-qwen3.5-9b.alpha4.0.steps100.blocks-1.prefetch-budget-20.rank-accept_first.cut-entropy4.0.samples20.maxnew1024.seed10086.subtreePrefetch.vllm.log,178,10,8,0.18708127083152387
/Users/jiangnanhugo/workspace/power-sharpening/Subtree-Prefetching-Power-Sharpening/case_studies/logs-entropycut/mbpp/2026-09-21/vllm/dataset-mbpp.model-qwen3.5-9b.alpha4.0.steps100.blocks-1.prefetch-budget-20.rank-accept_first.cut-entropy4.0.samples20.maxnew1024.seed10086.subtreePrefetch.vllm.log,178,11,302,0.03584346033504712
/Users/jiangnanhugo/workspace/power-sharpening/Subtree-Prefetching-Power-Sharpening/case_studies/logs-entropycut/mbpp/2026-09-21/vllm/dataset-mbpp.model-qwen3.5-9b.alpha4.0.steps100.blocks-1.prefetch-budget-20.rank-accept_first.cut-entropy4.0.samples20.maxnew1024.seed10086.subtreePrefetch.vllm.log,178,12,8,0.18708127083152387
/Users/jiangnanhugo/workspace/power-sharpening/Subtree-Prefetching-Power-Sharpening/case_studies/logs-entropycut/mbpp/2026-09-21/vllm/dataset-mbpp.model-qwen3.5-9b.alpha4.0.steps100.blocks-1.prefetch-budget-20.rank-accept_first.cut-entropy4.0.samples20.maxnew1024.seed10086.subtreePrefetch.vllm.log,178,13,8,0.18708127083152387
/Users/jiangnanhugo/workspace/power-sharpening/Subtree-Prefetching-Power-Sharpening/case_studies/logs-entropycut/mbpp/2026-09-21/vllm/dataset-mbpp.model-qwen3.5-9b.alpha4.0.steps100.blocks-1.prefetch-budget-20.rank-accept_first.cut-entropy4.0.samples20.maxnew1024.seed10086.subtreePrefetch.vllm.log,178,14,8,0.18708127083152387
/Users/jiangnanhugo/workspace/power-sharpening/Subtree-Prefetching-Power-Sharpening/case_studies/logs-entropycut/mbpp/2026-09-21/vllm/dataset-mbpp.model-qwen3.5-9b.alpha4.0.steps100.blocks-1.prefetch-budget-20.rank-accept_first.cut-entropy4.0.samples20.maxnew1024.seed10086.subtreePrefetch.vllm.log,178,15,8,0.18708127083152387
/Users/jiangnanhugo/workspace/power-sharpening/Subtree-Prefetching-Power-Sharpening/case_studies/logs-entropycut/mbpp/2026-09-21/vllm/dataset-mbpp.model-qwen3.5-9b.alpha4.0.steps100.blocks-1.prefetch-budget-20.rank-accept_first.cut-entropy4.0.samples20.maxnew1024.seed10086.subtreePrefetch.vllm.log,178,16,8,0.18708127083152387
/Users/jiangnanhugo/workspace/power-sharpening/Subtree-Prefetching-Power-Sharpening/case_studies/logs-entropycut/mbpp/2026-09-21/vllm/dataset-mbpp.model-qwen3.5-9b.alpha4.0.steps100.blocks-1.prefetch-budget-20.rank-accept_first.cut-entropy4.0.samples20.maxnew1024.seed10086.subtreePrefetch.vllm.log,178,17,8,0.18708127083152387
/Users/jiangnanhugo/workspace/power-sharpening/Subtree-Prefetching-Power-Sharpening/case_studies/logs-entropycut/mbpp/2026-09-21/vllm/dataset-mbpp.model-qwen3.5-9b.alpha4.0.steps100.blocks-1.prefetch-budget-20.rank-accept_first.cut-entropy4.0.samples20.maxnew1024.seed10086.subtreePrefetch.vllm.log,178,18,8,0.18708127083152387
/Users/jiangnanhugo/workspace/power-sharpening/Subtree-Prefetching-Power-Sharpening/case_studies/logs-entropycut/mbpp/2026-09-21/vllm/dataset-mbpp.model-qwen3.5-9b.alpha4.0.steps100.blocks-1.prefetch-budget-20.rank-accept_first.cut-entropy4.0.samples20.maxnew1024.seed10086.subtreePrefetch.vllm.log,178,19,8,0.18708127083152387
/Users/jiangnanhugo/workspace/power-sharpening/Subtree-Prefetching-Power-Sharpening/case_studies/logs-entropycut/mbpp/2026-09-21/vllm/dataset-mbpp.model-qwen3.5-9b.alpha4.0.steps100.blocks-1.prefetch-budget-20.rank-accept_first.cut-entropy4.0.samples20.maxnew1024.seed10086.subtreePrefetch.vllm.log,179,0,182,0.08362744261399807
/Users/jiangnanhugo/workspace/power-sharpening/Subtree-Prefetching-Power-Sharpening/case_studies/logs-entropycut/mbpp/2026-09-21/vllm/dataset-mbpp.model-qwen3.5-9b.alpha4.0.steps100.blocks-1.prefetch-budget-20.rank-accept_first.cut-entropy4.0.samples20.maxnew1024.seed10086.subtreePrefetch.vllm.log,179,1,637,0.08297959031138716
/Users/jiangnanhugo/workspace/power-sharpening/Subtree-Prefetching-Power-Sharpening/case_studies/logs-entropycut/mbpp/2026-09-21/vllm/dataset-mbpp.model-qwen3.5-9b.alpha4.0.steps100.blocks-1.prefetch-budget-20.rank-accept_first.cut-entropy4.0.samples20.maxnew1024.seed10086.subtreePrefetch.vllm.log,179,2,239,0.04156553387475577
/Users/jiangnanhugo/workspace/power-sharpening/Subtree-Prefetching-Power-Sharpening/case_studies/logs-entropycut/mbpp/2026-09-21/vllm/dataset-mbpp.model-qwen3.5-9b.alpha4.0.steps100.blocks-1.prefetch-budget-20.rank-accept_first.cut-entropy4.0.samples20.maxnew1024.seed10086.subtreePrefetch.vllm.log,179,3,8,0.1979806527188503
/Users/jiangnanhugo/workspace/power-sharpening/Subtree-Prefetching-Power-Sharpening/case_studies/logs-entropycut/mbpp/2026-09-21/vllm/dataset-mbpp.model-qwen3.5-9b.alpha4.0.steps100.blocks-1.prefetch-budget-20.rank-accept_first.cut-entropy4.0.samples20.maxnew1024.seed10086.subtreePrefetch.vllm.log,179,4,302,0.03799310418335027
/Users/jiangnanhugo/workspace/power-sharpening/Subtree-Prefetching-Power-Sharpening/case_studies/logs-entropycut/mbpp/2026-09-21/vllm/dataset-mbpp.model-qwen3.5-9b.alpha4.0.steps100.blocks-1.prefetch-budget-20.rank-accept_first.cut-entropy4.0.samples20.maxnew1024.seed10086.subtreePrefetch.vllm.log,179,5,40,0.11299165660976491
/Users/jiangnanhugo/workspace/power-sharpening/Subtree-Prefetching-Power-Sharpening/case_studies/logs-entropycut/mbpp/2026-09-21/vllm/dataset-mbpp.model-qwen3.5-9b.alpha4.0.steps100.blocks-1.prefetch-budget-20.rank-accept_first.cut-entropy4.0.samples20.maxnew1024.seed10086.subtreePrefetch.vllm.log,179,6,442,0.01669159942708778
/Users/jiangnanhugo/workspace/power-sharpening/Subtree-Prefetching-Power-Sharpening/case_studies/logs-entropycut/mbpp/2026-09-21/vllm/dataset-mbpp.model-qwen3.5-9b.alpha4.0.steps100.blocks-1.prefetch-budget-20.rank-accept_first.cut-entropy4.0.samples20.maxnew1024.seed10086.subtreePrefetch.vllm.log,179,7,8,0.1979806527188503
/Users/jiangnanhugo/workspace/power-sharpening/Subtree-Prefetching-Power-Sharpening/case_studies/logs-entropycut/mbpp/2026-09-21/vllm/dataset-mbpp.model-qwen3.5-9b.alpha4.0.steps100.blocks-1.prefetch-budget-20.rank-accept_first.cut-entropy4.0.samples20.maxnew1024.seed10086.subtreePrefetch.vllm.log,179,8,182,0.08362744261399807
/Users/jiangnanhugo/workspace/power-sharpening/Subtree-Prefetching-Power-Sharpening/case_studies/logs-entropycut/mbpp/2026-09-21/vllm/dataset-mbpp.model-qwen3.5-9b.alpha4.0.steps100.blocks-1.prefetch-budget-20.rank-accept_first.cut-entropy4.0.samples20.maxnew1024.seed10086.subtreePrefetch.vllm.log,179,9,8,0.1979806527188503
/Users/jiangnanhugo/workspace/power-sharpening/Subtree-Prefetching-Power-Sharpening/case_studies/logs-entropycut/mbpp/2026-09-21/vllm/dataset-mbpp.model-qwen3.5-9b.alpha4.0.steps100.blocks-1.prefetch-budget-20.rank-accept_first.cut-entropy4.0.samples20.maxnew1024.seed10086.subtreePrefetch.vllm.log,179,10,222,0.0051937253369181285
/Users/jiangnanhugo/workspace/power-sharpening/Subtree-Prefetching-Power-Sharpening/case_studies/logs-entropycut/mbpp/2026-09-21/vllm/dataset-mbpp.model-qwen3.5-9b.alpha4.0.steps100.blocks-1.prefetch-budget-20.rank-accept_first.cut-entropy4.0.samples20.maxnew1024.seed10086.subtreePrefetch.vllm.log,179,11,8,0.1979806527188503
/Users/jiangnanhugo/workspace/power-sharpening/Subtree-Prefetching-Power-Sharpening/case_studies/logs-entropycut/mbpp/2026-09-21/vllm/dataset-mbpp.model-qwen3.5-9b.alpha4.0.steps100.blocks-1.prefetch-budget-20.rank-accept_first.cut-entropy4.0.samples20.maxnew1024.seed10086.subtreePrefetch.vllm.log,179,12,239,0.04156553387475577
/Users/jiangnanhugo/workspace/power-sharpening/Subtree-Prefetching-Power-Sharpening/case_studies/logs-entropycut/mbpp/2026-09-21/vllm/dataset-mbpp.model-qwen3.5-9b.alpha4.0.steps100.blocks-1.prefetch-budget-20.rank-accept_first.cut-entropy4.0.samples20.maxnew1024.seed10086.subtreePrefetch.vllm.log,179,13,155,0.091209468459127
/Users/jiangnanhugo/workspace/power-sharpening/Subtree-Prefetching-Power-Sharpening/case_studies/logs-entropycut/mbpp/2026-09-21/vllm/dataset-mbpp.model-qwen3.5-9b.alpha4.0.steps100.blocks-1.prefetch-budget-20.rank-accept_first.cut-entropy4.0.samples20.maxnew1024.seed10086.subtreePrefetch.vllm.log,179,14,302,0.03799310418335027
/Users/jiangnanhugo/workspace/power-sharpening/Subtree-Prefetching-Power-Sharpening/case_studies/logs-entropycut/mbpp/2026-09-21/vllm/dataset-mbpp.model-qwen3.5-9b.alpha4.0.steps100.blocks-1.prefetch-budget-20.rank-accept_first.cut-entropy4.0.samples20.maxnew1024.seed10086.subtreePrefetch.vllm.log,179,15,8,0.1979806527188503
/Users/jiangnanhugo/workspace/power-sharpening/Subtree-Prefetching-Power-Sharpening/case_studies/logs-entropycut/mbpp/2026-09-21/vllm/dataset-mbpp.model-qwen3.5-9b.alpha4.0.steps100.blocks-1.prefetch-budget-20.rank-accept_first.cut-entropy4.0.samples20.maxnew1024.seed10086.subtreePrefetch.vllm.log,179,16,8,0.1979806527188503
/Users/jiangnanhugo/workspace/power-sharpening/Subtree-Prefetching-Power-Sharpening/case_studies/logs-entropycut/mbpp/2026-09-21/vllm/dataset-mbpp.model-qwen3.5-9b.alpha4.0.steps100.blocks-1.prefetch-budget-20.rank-accept_first.cut-entropy4.0.samples20.maxnew1024.seed10086.subtreePrefetch.vllm.log,179,17,8,0.1979806527188503
/Users/jiangnanhugo/workspace/power-sharpening/Subtree-Prefetching-Power-Sharpening/case_studies/logs-entropycut/mbpp/2026-09-21/vllm/dataset-mbpp.model-qwen3.5-9b.alpha4.0.steps100.blocks-1.prefetch-budget-20.rank-accept_first.cut-entropy4.0.samples20.maxnew1024.seed10086.subtreePrefetch.vllm.log,179,18,40,0.11299165660976491
/Users/jiangnanhugo/workspace/power-sharpening/Subtree-Prefetching-Power-Sharpening/case_studies/logs-entropycut/mbpp/2026-09-21/vllm/dataset-mbpp.model-qwen3.5-9b.alpha4.0.steps100.blocks-1.prefetch-budget-20.rank-accept_first.cut-entropy4.0.samples20.maxnew1024.seed10086.subtreePrefetch.vllm.log,179,19,40,0.11299165660976491
/Users/jiangnanhugo/workspace/power-sharpening/Subtree-Prefetching-Power-Sharpening/case_studies/logs-entropycut/mbpp/2026-09-21/vllm/dataset-mbpp.model-qwen3.5-9b.alpha4.0.steps100.blocks-1.prefetch-budget-20.rank-accept_first.cut-entropy4.0.samples20.maxnew1024.seed10086.subtreePrefetch.vllm.log,180,0,46,0.00720258790810613
/Users/jiangnanhugo/workspace/power-sharpening/Subtree-Prefetching-Power-Sharpening/case_studies/logs-entropycut/mbpp/2026-09-21/vllm/dataset-mbpp.model-qwen3.5-9b.alpha4.0.steps100.blocks-1.prefetch-budget-20.rank-accept_first.cut-entropy4.0.samples20.maxnew1024.seed10086.subtreePrefetch.vllm.log,180,1,8,0.1979806527188503
/Users/jiangnanhugo/workspace/power-sharpening/Subtree-Prefetching-Power-Sharpening/case_studies/logs-entropycut/mbpp/2026-09-21/vllm/dataset-mbpp.model-qwen3.5-9b.alpha4.0.steps100.blocks-1.prefetch-budget-20.rank-accept_first.cut-entropy4.0.samples20.maxnew1024.seed10086.subtreePrefetch.vllm.log,180,2,155,0.091209468459127
/Users/jiangnanhugo/workspace/power-sharpening/Subtree-Prefetching-Power-Sharpening/case_studies/logs-entropycut/mbpp/2026-09-21/vllm/dataset-mbpp.model-qwen3.5-9b.alpha4.0.steps100.blocks-1.prefetch-budget-20.rank-accept_first.cut-entropy4.0.samples20.maxnew1024.seed10086.subtreePrefetch.vllm.log,180,3,155,0.091209468459127
/Users/jiangnanhugo/workspace/power-sharpening/Subtree-Prefetching-Power-Sharpening/case_studies/logs-entropycut/mbpp/2026-09-21/vllm/dataset-mbpp.model-qwen3.5-9b.alpha4.0.steps100.blocks-1.prefetch-budget-20.rank-accept_first.cut-entropy4.0.samples20.maxnew1024.seed10086.subtreePrefetch.vllm.log,180,4,302,0.03799310418335027
/Users/jiangnanhugo/workspace/power-sharpening/Subtree-Prefetching-Power-Sharpening/case_studies/logs-entropycut/mbpp/2026-09-21/vllm/dataset-mbpp.model-qwen3.5-9b.alpha4.0.steps100.blocks-1.prefetch-budget-20.rank-accept_first.cut-entropy4.0.samples20.maxnew1024.seed10086.subtreePrefetch.vllm.log,180,5,8,0.1979806527188503
/Users/jiangnanhugo/workspace/power-sharpening/Subtree-Prefetching-Power-Sharpening/case_studies/logs-entropycut/mbpp/2026-09-21/vllm/dataset-mbpp.model-qwen3.5-9b.alpha4.0.steps100.blocks-1.prefetch-budget-20.rank-accept_first.cut-entropy4.0.samples20.maxnew1024.seed10086.subtreePrefetch.vllm.log,180,6,8,0.1979806527188503
/Users/jiangnanhugo/workspace/power-sharpening/Subtree-Prefetching-Power-Sharpening/case_studies/logs-entropycut/mbpp/2026-09-21/vllm/dataset-mbpp.model-qwen3.5-9b.alpha4.0.steps100.blocks-1.prefetch-budget-20.rank-accept_first.cut-entropy4.0.samples20.maxnew1024.seed10086.subtreePrefetch.vllm.log,180,7,239,0.04156553387475577
/Users/jiangnanhugo/workspace/power-sharpening/Subtree-Prefetching-Power-Sharpening/case_studies/logs-entropycut/mbpp/2026-09-21/vllm/dataset-mbpp.model-qwen3.5-9b.alpha4.0.steps100.blocks-1.prefetch-budget-20.rank-accept_first.cut-entropy4.0.samples20.maxnew1024.seed10086.subtreePrefetch.vllm.log,180,8,8,0.1979806527188503
/Users/jiangnanhugo/workspace/power-sharpening/Subtree-Prefetching-Power-Sharpening/case_studies/logs-entropycut/mbpp/2026-09-21/vllm/dataset-mbpp.model-qwen3.5-9b.alpha4.0.steps100.blocks-1.prefetch-budget-20.rank-accept_first.cut-entropy4.0.samples20.maxnew1024.seed10086.subtreePrefetch.vllm.log,180,9,40,0.11299165660976491
/Users/jiangnanhugo/workspace/power-sharpening/Subtree-Prefetching-Power-Sharpening/case_studies/logs-entropycut/mbpp/2026-09-21/vllm/dataset-mbpp.model-qwen3.5-9b.alpha4.0.steps100.blocks-1.prefetch-budget-20.rank-accept_first.cut-entropy4.0.samples20.maxnew1024.seed10086.subtreePrefetch.vllm.log,180,10,95,0.017429132158577425
/Users/jiangnanhugo/workspace/power-sharpening/Subtree-Prefetching-Power-Sharpening/case_studies/logs-entropycut/mbpp/2026-09-21/vllm/dataset-mbpp.model-qwen3.5-9b.alpha4.0.steps100.blocks-1.prefetch-budget-20.rank-accept_first.cut-entropy4.0.samples20.maxnew1024.seed10086.subtreePrefetch.vllm.log,180,11,637,0.08297959031138716
/Users/jiangnanhugo/workspace/power-sharpening/Subtree-Prefetching-Power-Sharpening/case_studies/logs-entropycut/mbpp/2026-09-21/vllm/dataset-mbpp.model-qwen3.5-9b.alpha4.0.steps100.blocks-1.prefetch-budget-20.rank-accept_first.cut-entropy4.0.samples20.maxnew1024.seed10086.subtreePrefetch.vllm.log,180,12,8,0.1979806527188503
/Users/jiangnanhugo/workspace/power-sharpening/Subtree-Prefetching-Power-Sharpening/case_studies/logs-entropycut/mbpp/2026-09-21/vllm/dataset-mbpp.model-qwen3.5-9b.alpha4.0.steps100.blocks-1.prefetch-budget-20.rank-accept_first.cut-entropy4.0.samples20.maxnew1024.seed10086.subtreePrefetch.vllm.log,180,13,40,0.11299165660976491
/Users/jiangnanhugo/workspace/power-sharpening/Subtree-Prefetching-Power-Sharpening/case_studies/logs-entropycut/mbpp/2026-09-21/vllm/dataset-mbpp.model-qwen3.5-9b.alpha4.0.steps100.blocks-1.prefetch-budget-20.rank-accept_first.cut-entropy4.0.samples20.maxnew1024.seed10086.subtreePrefetch.vllm.log,180,14,40,0.11299165660976491
/Users/jiangnanhugo/workspace/power-sharpening/Subtree-Prefetching-Power-Sharpening/case_studies/logs-entropycut/mbpp/2026-09-21/vllm/dataset-mbpp.model-qwen3.5-9b.alpha4.0.steps100.blocks-1.prefetch-budget-20.rank-accept_first.cut-entropy4.0.samples20.maxnew1024.seed10086.subtreePrefetch.vllm.log,180,15,40,0.11299165660976491
/Users/jiangnanhugo/workspace/power-sharpening/Subtree-Prefetching-Power-Sharpening/case_studies/logs-entropycut/mbpp/2026-09-21/vllm/dataset-mbpp.model-qwen3.5-9b.alpha4.0.steps100.blocks-1.prefetch-budget-20.rank-accept_first.cut-entropy4.0.samples20.maxnew1024.seed10086.subtreePrefetch.vllm.log,180,16,8,0.1979806527188503
/Users/jiangnanhugo/workspace/power-sharpening/Subtree-Prefetching-Power-Sharpening/case_studies/logs-entropycut/mbpp/2026-09-21/vllm/dataset-mbpp.model-qwen3.5-9b.alpha4.0.steps100.blocks-1.prefetch-budget-20.rank-accept_first.cut-entropy4.0.samples20.maxnew1024.seed10086.subtreePrefetch.vllm.log,180,17,8,0.1979806527188503
/Users/jiangnanhugo/workspace/power-sharpening/Subtree-Prefetching-Power-Sharpening/case_studies/logs-entropycut/mbpp/2026-09-21/vllm/dataset-mbpp.model-qwen3.5-9b.alpha4.0.steps100.blocks-1.prefetch-budget-20.rank-accept_first.cut-entropy4.0.samples20.maxnew1024.seed10086.subtreePrefetch.vllm.log,180,18,8,0.1979806527188503
/Users/jiangnanhugo/workspace/power-sharpening/Subtree-Prefetching-Power-Sharpening/case_studies/logs-entropycut/mbpp/2026-09-21/vllm/dataset-mbpp.model-qwen3.5-9b.alpha4.0.steps100.blocks-1.prefetch-budget-20.rank-accept_first.cut-entropy4.0.samples20.maxnew1024.seed10086.subtreePrefetch.vllm.log,180,19,40,0.11299165660976491
/Users/jiangnanhugo/workspace/power-sharpening/Subtree-Prefetching-Power-Sharpening/case_studies/logs-entropycut/mbpp/2026-09-21/vllm/dataset-mbpp.model-qwen3.5-9b.alpha4.0.steps100.blocks-1.prefetch-budget-20.rank-accept_first.cut-entropy4.0.samples20.maxnew1024.seed10086.subtreePrefetch.vllm.log,181,0,296,0.020445119653436677
/Users/jiangnanhugo/workspace/power-sharpening/Subtree-Prefetching-Power-Sharpening/case_studies/logs-entropycut/mbpp/2026-09-21/vllm/dataset-mbpp.model-qwen3.5-9b.alpha4.0.steps100.blocks-1.prefetch-budget-20.rank-accept_first.cut-entropy4.0.samples20.maxnew1024.seed10086.subtreePrefetch.vllm.log,181,1,438,0.038470035195263236
/Users/jiangnanhugo/workspace/power-sharpening/Subtree-Prefetching-Power-Sharpening/case_studies/logs-entropycut/mbpp/2026-09-21/vllm/dataset-mbpp.model-qwen3.5-9b.alpha4.0.steps100.blocks-1.prefetch-budget-20.rank-accept_first.cut-entropy4.0.samples20.maxnew1024.seed10086.subtreePrefetch.vllm.log,181,2,155,0.08888596544998817
/Users/jiangnanhugo/workspace/power-sharpening/Subtree-Prefetching-Power-Sharpening/case_studies/logs-entropycut/mbpp/2026-09-21/vllm/dataset-mbpp.model-qwen3.5-9b.alpha4.0.steps100.blocks-1.prefetch-budget-20.rank-accept_first.cut-entropy4.0.samples20.maxnew1024.seed10086.subtreePrefetch.vllm.log,181,3,8,0.19293722192032897
/Users/jiangnanhugo/workspace/power-sharpening/Subtree-Prefetching-Power-Sharpening/case_studies/logs-entropycut/mbpp/2026-09-21/vllm/dataset-mbpp.model-qwen3.5-9b.alpha4.0.steps100.blocks-1.prefetch-budget-20.rank-accept_first.cut-entropy4.0.samples20.maxnew1024.seed10086.subtreePrefetch.vllm.log,181,4,155,0.08888596544998817
/Users/jiangnanhugo/workspace/power-sharpening/Subtree-Prefetching-Power-Sharpening/case_studies/logs-entropycut/mbpp/2026-09-21/vllm/dataset-mbpp.model-qwen3.5-9b.alpha4.0.steps100.blocks-1.prefetch-budget-20.rank-accept_first.cut-entropy4.0.samples20.maxnew1024.seed10086.subtreePrefetch.vllm.log,181,5,155,0.08888596544998817
/Users/jiangnanhugo/workspace/power-sharpening/Subtree-Prefetching-Power-Sharpening/case_studies/logs-entropycut/mbpp/2026-09-21/vllm/dataset-mbpp.model-qwen3.5-9b.alpha4.0.steps100.blocks-1.prefetch-budget-20.rank-accept_first.cut-entropy4.0.samples20.maxnew1024.seed10086.subtreePrefetch.vllm.log,181,6,339,0.10253543557496367
/Users/jiangnanhugo/workspace/power-sharpening/Subtree-Prefetching-Power-Sharpening/case_studies/logs-entropycut/mbpp/2026-09-21/vllm/dataset-mbpp.model-qwen3.5-9b.alpha4.0.steps100.blocks-1.prefetch-budget-20.rank-accept_first.cut-entropy4.0.samples20.maxnew1024.seed10086.subtreePrefetch.vllm.log,181,7,339,0.10253543557496367
/Users/jiangnanhugo/workspace/power-sharpening/Subtree-Prefetching-Power-Sharpening/case_studies/logs-entropycut/mbpp/2026-09-21/vllm/dataset-mbpp.model-qwen3.5-9b.alpha4.0.steps100.blocks-1.prefetch-budget-20.rank-accept_first.cut-entropy4.0.samples20.maxnew1024.seed10086.subtreePrefetch.vllm.log,181,8,95,0.016985136138194076
/Users/jiangnanhugo/workspace/power-sharpening/Subtree-Prefetching-Power-Sharpening/case_studies/logs-entropycut/mbpp/2026-09-21/vllm/dataset-mbpp.model-qwen3.5-9b.alpha4.0.steps100.blocks-1.prefetch-budget-20.rank-accept_first.cut-entropy4.0.samples20.maxnew1024.seed10086.subtreePrefetch.vllm.log,181,9,8,0.19293722192032897
/Users/jiangnanhugo/workspace/power-sharpening/Subtree-Prefetching-Power-Sharpening/case_studies/logs-entropycut/mbpp/2026-09-21/vllm/dataset-mbpp.model-qwen3.5-9b.alpha4.0.steps100.blocks-1.prefetch-budget-20.rank-accept_first.cut-entropy4.0.samples20.maxnew1024.seed10086.subtreePrefetch.vllm.log,181,10,339,0.10253543557496367
/Users/jiangnanhugo/workspace/power-sharpening/Subtree-Prefetching-Power-Sharpening/case_studies/logs-entropycut/mbpp/2026-09-21/vllm/dataset-mbpp.model-qwen3.5-9b.alpha4.0.steps100.blocks-1.prefetch-budget-20.rank-accept_first.cut-entropy4.0.samples20.maxnew1024.seed10086.subtreePrefetch.vllm.log,181,11,239,0.040506678421851385
/Users/jiangnanhugo/workspace/power-sharpening/Subtree-Prefetching-Power-Sharpening/case_studies/logs-entropycut/mbpp/2026-09-21/vllm/dataset-mbpp.model-qwen3.5-9b.alpha4.0.steps100.blocks-1.prefetch-budget-20.rank-accept_first.cut-entropy4.0.samples20.maxnew1024.seed10086.subtreePrefetch.vllm.log,181,12,8,0.19293722192032897
/Users/jiangnanhugo/workspace/power-sharpening/Subtree-Prefetching-Power-Sharpening/case_studies/logs-entropycut/mbpp/2026-09-21/vllm/dataset-mbpp.model-qwen3.5-9b.alpha4.0.steps100.blocks-1.prefetch-budget-20.rank-accept_first.cut-entropy4.0.samples20.maxnew1024.seed10086.subtreePrefetch.vllm.log,181,13,42,0.005234353303327451
/Users/jiangnanhugo/workspace/power-sharpening/Subtree-Prefetching-Power-Sharpening/case_studies/logs-entropycut/mbpp/2026-09-21/vllm/dataset-mbpp.model-qwen3.5-9b.alpha4.0.steps100.blocks-1.prefetch-budget-20.rank-accept_first.cut-entropy4.0.samples20.maxnew1024.seed10086.subtreePrefetch.vllm.log,181,14,8,0.19293722192032897
/Users/jiangnanhugo/workspace/power-sharpening/Subtree-Prefetching-Power-Sharpening/case_studies/logs-entropycut/mbpp/2026-09-21/vllm/dataset-mbpp.model-qwen3.5-9b.alpha4.0.steps100.blocks-1.prefetch-budget-20.rank-accept_first.cut-entropy4.0.samples20.maxnew1024.seed10086.subtreePrefetch.vllm.log,181,15,438,0.038470035195263236
/Users/jiangnanhugo/workspace/power-sharpening/Subtree-Prefetching-Power-Sharpening/case_studies/logs-entropycut/mbpp/2026-09-21/vllm/dataset-mbpp.model-qwen3.5-9b.alpha4.0.steps100.blocks-1.prefetch-budget-20.rank-accept_first.cut-entropy4.0.samples20.maxnew1024.seed10086.subtreePrefetch.vllm.log,181,16,8,0.19293722192032897
/Users/jiangnanhugo/workspace/power-sharpening/Subtree-Prefetching-Power-Sharpening/case_studies/logs-entropycut/mbpp/2026-09-21/vllm/dataset-mbpp.model-qwen3.5-9b.alpha4.0.steps100.blocks-1.prefetch-budget-20.rank-accept_first.cut-entropy4.0.samples20.maxnew1024.seed10086.subtreePrefetch.vllm.log,181,17,8,0.19293722192032897
/Users/jiangnanhugo/workspace/power-sharpening/Subtree-Prefetching-Power-Sharpening/case_studies/logs-entropycut/mbpp/2026-09-21/vllm/dataset-mbpp.model-qwen3.5-9b.alpha4.0.steps100.blocks-1.prefetch-budget-20.rank-accept_first.cut-entropy4.0.samples20.maxnew1024.seed10086.subtreePrefetch.vllm.log,181,18,95,0.016985136138194076
/Users/jiangnanhugo/workspace/power-sharpening/Subtree-Prefetching-Power-Sharpening/case_studies/logs-entropycut/mbpp/2026-09-21/vllm/dataset-mbpp.model-qwen3.5-9b.alpha4.0.steps100.blocks-1.prefetch-budget-20.rank-accept_first.cut-entropy4.0.samples20.maxnew1024.seed10086.subtreePrefetch.vllm.log,181,19,339,0.10253543557496367
/Users/jiangnanhugo/workspace/power-sharpening/Subtree-Prefetching-Power-Sharpening/case_studies/logs-entropycut/mbpp/2026-09-21/vllm/dataset-mbpp.model-qwen3.5-9b.alpha4.0.steps100.blocks-1.prefetch-budget-20.rank-accept_first.cut-entropy4.0.samples20.maxnew1024.seed10086.subtreePrefetch.vllm.log,182,0,312,0.007805132163521944
/Users/jiangnanhugo/workspace/power-sharpening/Subtree-Prefetching-Power-Sharpening/case_studies/logs-entropycut/mbpp/2026-09-21/vllm/dataset-mbpp.model-qwen3.5-9b.alpha4.0.steps100.blocks-1.prefetch-budget-20.rank-accept_first.cut-entropy4.0.samples20.maxnew1024.seed10086.subtreePrefetch.vllm.log,182,1,40,0.11011326625648686
/Users/jiangnanhugo/workspace/power-sharpening/Subtree-Prefetching-Power-Sharpening/case_studies/logs-entropycut/mbpp/2026-09-21/vllm/dataset-mbpp.model-qwen3.5-9b.alpha4.0.steps100.blocks-1.prefetch-budget-20.rank-accept_first.cut-entropy4.0.samples20.maxnew1024.seed10086.subtreePrefetch.vllm.log,182,2,8,0.19293722192032897
/Users/jiangnanhugo/workspace/power-sharpening/Subtree-Prefetching-Power-Sharpening/case_studies/logs-entropycut/mbpp/2026-09-21/vllm/dataset-mbpp.model-qwen3.5-9b.alpha4.0.steps100.blocks-1.prefetch-budget-20.rank-accept_first.cut-entropy4.0.samples20.maxnew1024.seed10086.subtreePrefetch.vllm.log,182,3,438,0.038470035195263236
/Users/jiangnanhugo/workspace/power-sharpening/Subtree-Prefetching-Power-Sharpening/case_studies/logs-entropycut/mbpp/2026-09-21/vllm/dataset-mbpp.model-qwen3.5-9b.alpha4.0.steps100.blocks-1.prefetch-budget-20.rank-accept_first.cut-entropy4.0.samples20.maxnew1024.seed10086.subtreePrefetch.vllm.log,182,4,40,0.11011326625648686
/Users/jiangnanhugo/workspace/power-sharpening/Subtree-Prefetching-Power-Sharpening/case_studies/logs-entropycut/mbpp/2026-09-21/vllm/dataset-mbpp.model-qwen3.5-9b.alpha4.0.steps100.blocks-1.prefetch-budget-20.rank-accept_first.cut-entropy4.0.samples20.maxnew1024.seed10086.subtreePrefetch.vllm.log,182,5,40,0.11011326625648686
/Users/jiangnanhugo/workspace/power-sharpening/Subtree-Prefetching-Power-Sharpening/case_studies/logs-entropycut/mbpp/2026-09-21/vllm/dataset-mbpp.model-qwen3.5-9b.alpha4.0.steps100.blocks-1.prefetch-budget-20.rank-accept_first.cut-entropy4.0.samples20.maxnew1024.seed10086.subtreePrefetch.vllm.log,182,6,302,0.03702525409730248
/Users/jiangnanhugo/workspace/power-sharpening/Subtree-Prefetching-Power-Sharpening/case_studies/logs-entropycut/mbpp/2026-09-21/vllm/dataset-mbpp.model-qwen3.5-9b.alpha4.0.steps100.blocks-1.prefetch-budget-20.rank-accept_first.cut-entropy4.0.samples20.maxnew1024.seed10086.subtreePrefetch.vllm.log,182,7,8,0.19293722192032897
/Users/jiangnanhugo/workspace/power-sharpening/Subtree-Prefetching-Power-Sharpening/case_studies/logs-entropycut/mbpp/2026-09-21/vllm/dataset-mbpp.model-qwen3.5-9b.alpha4.0.steps100.blocks-1.prefetch-budget-20.rank-accept_first.cut-entropy4.0.samples20.maxnew1024.seed10086.subtreePrefetch.vllm.log,182,8,182,0.0814970868752484
/Users/jiangnanhugo/workspace/power-sharpening/Subtree-Prefetching-Power-Sharpening/case_studies/logs-entropycut/mbpp/2026-09-21/vllm/dataset-mbpp.model-qwen3.5-9b.alpha4.0.steps100.blocks-1.prefetch-budget-20.rank-accept_first.cut-entropy4.0.samples20.maxnew1024.seed10086.subtreePrefetch.vllm.log,182,9,8,0.19293722192032897
/Users/jiangnanhugo/workspace/power-sharpening/Subtree-Prefetching-Power-Sharpening/case_studies/logs-entropycut/mbpp/2026-09-21/vllm/dataset-mbpp.model-qwen3.5-9b.alpha4.0.steps100.blocks-1.prefetch-budget-20.rank-accept_first.cut-entropy4.0.samples20.maxnew1024.seed10086.subtreePrefetch.vllm.log,182,10,40,0.11011326625648686
/Users/jiangnanhugo/workspace/power-sharpening/Subtree-Prefetching-Power-Sharpening/case_studies/logs-entropycut/mbpp/2026-09-21/vllm/dataset-mbpp.model-qwen3.5-9b.alpha4.0.steps100.blocks-1.prefetch-budget-20.rank-accept_first.cut-entropy4.0.samples20.maxnew1024.seed10086.subtreePrefetch.vllm.log,182,11,637,0.10683237513564152
/Users/jiangnanhugo/workspace/power-sharpening/Subtree-Prefetching-Power-Sharpening/case_studies/logs-entropycut/mbpp/2026-09-21/vllm/dataset-mbpp.model-qwen3.5-9b.alpha4.0.steps100.blocks-1.prefetch-budget-20.rank-accept_first.cut-entropy4.0.samples20.maxnew1024.seed10086.subtreePrefetch.vllm.log,182,12,8,0.19293722192032897
/Users/jiangnanhugo/workspace/power-sharpening/Subtree-Prefetching-Power-Sharpening/case_studies/logs-entropycut/mbpp/2026-09-21/vllm/dataset-mbpp.model-qwen3.5-9b.alpha4.0.steps100.blocks-1.prefetch-budget-20.rank-accept_first.cut-entropy4.0.samples20.maxnew1024.seed10086.subtreePrefetch.vllm.log,182,13,155,0.08888596544998817
/Users/jiangnanhugo/workspace/power-sharpening/Subtree-Prefetching-Power-Sharpening/case_studies/logs-entropycut/mbpp/2026-09-21/vllm/dataset-mbpp.model-qwen3.5-9b.alpha4.0.steps100.blocks-1.prefetch-budget-20.rank-accept_first.cut-entropy4.0.samples20.maxnew1024.seed10086.subtreePrefetch.vllm.log,182,14,155,0.08888596544998817
/Users/jiangnanhugo/workspace/power-sharpening/Subtree-Prefetching-Power-Sharpening/case_studies/logs-entropycut/mbpp/2026-09-21/vllm/dataset-mbpp.model-qwen3.5-9b.alpha4.0.steps100.blocks-1.prefetch-budget-20.rank-accept_first.cut-entropy4.0.samples20.maxnew1024.seed10086.subtreePrefetch.vllm.log,182,15,40,0.11011326625648686
/Users/jiangnanhugo/workspace/power-sharpening/Subtree-Prefetching-Power-Sharpening/case_studies/logs-entropycut/mbpp/2026-09-21/vllm/dataset-mbpp.model-qwen3.5-9b.alpha4.0.steps100.blocks-1.prefetch-budget-20.rank-accept_first.cut-entropy4.0.samples20.maxnew1024.seed10086.subtreePrefetch.vllm.log,182,16,40,0.11011326625648686
/Users/jiangnanhugo/workspace/power-sharpening/Subtree-Prefetching-Power-Sharpening/case_studies/logs-entropycut/mbpp/2026-09-21/vllm/dataset-mbpp.model-qwen3.5-9b.alpha4.0.steps100.blocks-1.prefetch-budget-20.rank-accept_first.cut-entropy4.0.samples20.maxnew1024.seed10086.subtreePrefetch.vllm.log,182,17,40,0.11011326625648686
/Users/jiangnanhugo/workspace/power-sharpening/Subtree-Prefetching-Power-Sharpening/case_studies/logs-entropycut/mbpp/2026-09-21/vllm/dataset-mbpp.model-qwen3.5-9b.alpha4.0.steps100.blocks-1.prefetch-budget-20.rank-accept_first.cut-entropy4.0.samples20.maxnew1024.seed10086.subtreePrefetch.vllm.log,182,18,155,0.08888596544998817
/Users/jiangnanhugo/workspace/power-sharpening/Subtree-Prefetching-Power-Sharpening/case_studies/logs-entropycut/mbpp/2026-09-21/vllm/dataset-mbpp.model-qwen3.5-9b.alpha4.0.steps100.blocks-1.prefetch-budget-20.rank-accept_first.cut-entropy4.0.samples20.maxnew1024.seed10086.subtreePrefetch.vllm.log,182,19,8,0.19293722192032897
/Users/jiangnanhugo/workspace/power-sharpening/Subtree-Prefetching-Power-Sharpening/case_studies/logs-entropycut/mbpp/2026-09-21/vllm/dataset-mbpp.model-qwen3.5-9b.alpha4.0.steps100.blocks-1.prefetch-budget-20.rank-accept_first.cut-entropy4.0.samples20.maxnew1024.seed10086.subtreePrefetch.vllm.log,183,0,8,0.19352090630873348
/Users/jiangnanhugo/workspace/power-sharpening/Subtree-Prefetching-Power-Sharpening/case_studies/logs-entropycut/mbpp/2026-09-21/vllm/dataset-mbpp.model-qwen3.5-9b.alpha4.0.steps100.blocks-1.prefetch-budget-20.rank-accept_first.cut-entropy4.0.samples20.maxnew1024.seed10086.subtreePrefetch.vllm.log,183,1,339,0.10284563146359357
/Users/jiangnanhugo/workspace/power-sharpening/Subtree-Prefetching-Power-Sharpening/case_studies/logs-entropycut/mbpp/2026-09-21/vllm/dataset-mbpp.model-qwen3.5-9b.alpha4.0.steps100.blocks-1.prefetch-budget-20.rank-accept_first.cut-entropy4.0.samples20.maxnew1024.seed10086.subtreePrefetch.vllm.log,183,2,40,0.11044638701893196
/Users/jiangnanhugo/workspace/power-sharpening/Subtree-Prefetching-Power-Sharpening/case_studies/logs-entropycut/mbpp/2026-09-21/vllm/dataset-mbpp.model-qwen3.5-9b.alpha4.0.steps100.blocks-1.prefetch-budget-20.rank-accept_first.cut-entropy4.0.samples20.maxnew1024.seed10086.subtreePrefetch.vllm.log,183,3,339,0.10284563146359357
/Users/jiangnanhugo/workspace/power-sharpening/Subtree-Prefetching-Power-Sharpening/case_studies/logs-entropycut/mbpp/2026-09-21/vllm/dataset-mbpp.model-qwen3.5-9b.alpha4.0.steps100.blocks-1.prefetch-budget-20.rank-accept_first.cut-entropy4.0.samples20.maxnew1024.seed10086.subtreePrefetch.vllm.log,183,4,8,0.19352090630873348
/Users/jiangnanhugo/workspace/power-sharpening/Subtree-Prefetching-Power-Sharpening/case_studies/logs-entropycut/mbpp/2026-09-21/vllm/dataset-mbpp.model-qwen3.5-9b.alpha4.0.steps100.blocks-1.prefetch-budget-20.rank-accept_first.cut-entropy4.0.samples20.maxnew1024.seed10086.subtreePrefetch.vllm.log,183,5,339,0.10284563146359357
/Users/jiangnanhugo/workspace/power-sharpening/Subtree-Prefetching-Power-Sharpening/case_studies/logs-entropycut/mbpp/2026-09-21/vllm/dataset-mbpp.model-qwen3.5-9b.alpha4.0.steps100.blocks-1.prefetch-budget-20.rank-accept_first.cut-entropy4.0.samples20.maxnew1024.seed10086.subtreePrefetch.vllm.log,183,6,8,0.19352090630873348
/Users/jiangnanhugo/workspace/power-sharpening/Subtree-Prefetching-Power-Sharpening/case_studies/logs-entropycut/mbpp/2026-09-21/vllm/dataset-mbpp.model-qwen3.5-9b.alpha4.0.steps100.blocks-1.prefetch-budget-20.rank-accept_first.cut-entropy4.0.samples20.maxnew1024.seed10086.subtreePrefetch.vllm.log,183,7,8,0.19352090630873348
/Users/jiangnanhugo/workspace/power-sharpening/Subtree-Prefetching-Power-Sharpening/case_studies/logs-entropycut/mbpp/2026-09-21/vllm/dataset-mbpp.model-qwen3.5-9b.alpha4.0.steps100.blocks-1.prefetch-budget-20.rank-accept_first.cut-entropy4.0.samples20.maxnew1024.seed10086.subtreePrefetch.vllm.log,183,8,8,0.19352090630873348
/Users/jiangnanhugo/workspace/power-sharpening/Subtree-Prefetching-Power-Sharpening/case_studies/logs-entropycut/mbpp/2026-09-21/vllm/dataset-mbpp.model-qwen3.5-9b.alpha4.0.steps100.blocks-1.prefetch-budget-20.rank-accept_first.cut-entropy4.0.samples20.maxnew1024.seed10086.subtreePrefetch.vllm.log,183,9,637,0.10456988634846248
/Users/jiangnanhugo/workspace/power-sharpening/Subtree-Prefetching-Power-Sharpening/case_studies/logs-entropycut/mbpp/2026-09-21/vllm/dataset-mbpp.model-qwen3.5-9b.alpha4.0.steps100.blocks-1.prefetch-budget-20.rank-accept_first.cut-entropy4.0.samples20.maxnew1024.seed10086.subtreePrefetch.vllm.log,183,10,8,0.19352090630873348
/Users/jiangnanhugo/workspace/power-sharpening/Subtree-Prefetching-Power-Sharpening/case_studies/logs-entropycut/mbpp/2026-09-21/vllm/dataset-mbpp.model-qwen3.5-9b.alpha4.0.steps100.blocks-1.prefetch-budget-20.rank-accept_first.cut-entropy4.0.samples20.maxnew1024.seed10086.subtreePrefetch.vllm.log,183,11,182,0.08174363638413046
/Users/jiangnanhugo/workspace/power-sharpening/Subtree-Prefetching-Power-Sharpening/case_studies/logs-entropycut/mbpp/2026-09-21/vllm/dataset-mbpp.model-qwen3.5-9b.alpha4.0.steps100.blocks-1.prefetch-budget-20.rank-accept_first.cut-entropy4.0.samples20.maxnew1024.seed10086.subtreePrefetch.vllm.log,183,12,239,0.04062922147282741
/Users/jiangnanhugo/workspace/power-sharpening/Subtree-Prefetching-Power-Sharpening/case_studies/logs-entropycut/mbpp/2026-09-21/vllm/dataset-mbpp.model-qwen3.5-9b.alpha4.0.steps100.blocks-1.prefetch-budget-20.rank-accept_first.cut-entropy4.0.samples20.maxnew1024.seed10086.subtreePrefetch.vllm.log,183,13,8,0.19352090630873348
/Users/jiangnanhugo/workspace/power-sharpening/Subtree-Prefetching-Power-Sharpening/case_studies/logs-entropycut/mbpp/2026-09-21/vllm/dataset-mbpp.model-qwen3.5-9b.alpha4.0.steps100.blocks-1.prefetch-budget-20.rank-accept_first.cut-entropy4.0.samples20.maxnew1024.seed10086.subtreePrefetch.vllm.log,183,14,182,0.08174363638413046
/Users/jiangnanhugo/workspace/power-sharpening/Subtree-Prefetching-Power-Sharpening/case_studies/logs-entropycut/mbpp/2026-09-21/vllm/dataset-mbpp.model-qwen3.5-9b.alpha4.0.steps100.blocks-1.prefetch-budget-20.rank-accept_first.cut-entropy4.0.samples20.maxnew1024.seed10086.subtreePrefetch.vllm.log,183,15,8,0.19352090630873348
/Users/jiangnanhugo/workspace/power-sharpening/Subtree-Prefetching-Power-Sharpening/case_studies/logs-entropycut/mbpp/2026-09-21/vllm/dataset-mbpp.model-qwen3.5-9b.alpha4.0.steps100.blocks-1.prefetch-budget-20.rank-accept_first.cut-entropy4.0.samples20.maxnew1024.seed10086.subtreePrefetch.vllm.log,183,16,339,0.10284563146359357
/Users/jiangnanhugo/workspace/power-sharpening/Subtree-Prefetching-Power-Sharpening/case_studies/logs-entropycut/mbpp/2026-09-21/vllm/dataset-mbpp.model-qwen3.5-9b.alpha4.0.steps100.blocks-1.prefetch-budget-20.rank-accept_first.cut-entropy4.0.samples20.maxnew1024.seed10086.subtreePrefetch.vllm.log,183,17,296,0.020506971363759844
/Users/jiangnanhugo/workspace/power-sharpening/Subtree-Prefetching-Power-Sharpening/case_studies/logs-entropycut/mbpp/2026-09-21/vllm/dataset-mbpp.model-qwen3.5-9b.alpha4.0.steps100.blocks-1.prefetch-budget-20.rank-accept_first.cut-entropy4.0.samples20.maxnew1024.seed10086.subtreePrefetch.vllm.log,183,18,8,0.19352090630873348
/Users/jiangnanhugo/workspace/power-sharpening/Subtree-Prefetching-Power-Sharpening/case_studies/logs-entropycut/mbpp/2026-09-21/vllm/dataset-mbpp.model-qwen3.5-9b.alpha4.0.steps100.blocks-1.prefetch-budget-20.rank-accept_first.cut-entropy4.0.samples20.maxnew1024.seed10086.subtreePrefetch.vllm.log,183,19,637,0.10456988634846248
/Users/jiangnanhugo/workspace/power-sharpening/Subtree-Prefetching-Power-Sharpening/case_studies/logs-entropycut/mbpp/2026-09-21/vllm/dataset-mbpp.model-qwen3.5-9b.alpha4.0.steps100.blocks-1.prefetch-budget-20.rank-accept_first.cut-entropy4.0.samples20.maxnew1024.seed10086.subtreePrefetch.vllm.log,184,0,46,0.007040414658876973
/Users/jiangnanhugo/workspace/power-sharpening/Subtree-Prefetching-Power-Sharpening/case_studies/logs-entropycut/mbpp/2026-09-21/vllm/dataset-mbpp.model-qwen3.5-9b.alpha4.0.steps100.blocks-1.prefetch-budget-20.rank-accept_first.cut-entropy4.0.samples20.maxnew1024.seed10086.subtreePrefetch.vllm.log,184,1,8,0.19352292639248495
/Users/jiangnanhugo/workspace/power-sharpening/Subtree-Prefetching-Power-Sharpening/case_studies/logs-entropycut/mbpp/2026-09-21/vllm/dataset-mbpp.model-qwen3.5-9b.alpha4.0.steps100.blocks-1.prefetch-budget-20.rank-accept_first.cut-entropy4.0.samples20.maxnew1024.seed10086.subtreePrefetch.vllm.log,184,2,182,0.08174448967174054
/Users/jiangnanhugo/workspace/power-sharpening/Subtree-Prefetching-Power-Sharpening/case_studies/logs-entropycut/mbpp/2026-09-21/vllm/dataset-mbpp.model-qwen3.5-9b.alpha4.0.steps100.blocks-1.prefetch-budget-20.rank-accept_first.cut-entropy4.0.samples20.maxnew1024.seed10086.subtreePrefetch.vllm.log,184,3,8,0.19352292639248495
/Users/jiangnanhugo/workspace/power-sharpening/Subtree-Prefetching-Power-Sharpening/case_studies/logs-entropycut/mbpp/2026-09-21/vllm/dataset-mbpp.model-qwen3.5-9b.alpha4.0.steps100.blocks-1.prefetch-budget-20.rank-accept_first.cut-entropy4.0.samples20.maxnew1024.seed10086.subtreePrefetch.vllm.log,184,4,8,0.19352292639248495
/Users/jiangnanhugo/workspace/power-sharpening/Subtree-Prefetching-Power-Sharpening/case_studies/logs-entropycut/mbpp/2026-09-21/vllm/dataset-mbpp.model-qwen3.5-9b.alpha4.0.steps100.blocks-1.prefetch-budget-20.rank-accept_first.cut-entropy4.0.samples20.maxnew1024.seed10086.subtreePrefetch.vllm.log,184,5,239,0.04062964558426683
/Users/jiangnanhugo/workspace/power-sharpening/Subtree-Prefetching-Power-Sharpening/case_studies/logs-entropycut/mbpp/2026-09-21/vllm/dataset-mbpp.model-qwen3.5-9b.alpha4.0.steps100.blocks-1.prefetch-budget-20.rank-accept_first.cut-entropy4.0.samples20.maxnew1024.seed10086.subtreePrefetch.vllm.log,184,6,8,0.19352292639248495
/Users/jiangnanhugo/workspace/power-sharpening/Subtree-Prefetching-Power-Sharpening/case_studies/logs-entropycut/mbpp/2026-09-21/vllm/dataset-mbpp.model-qwen3.5-9b.alpha4.0.steps100.blocks-1.prefetch-budget-20.rank-accept_first.cut-entropy4.0.samples20.maxnew1024.seed10086.subtreePrefetch.vllm.log,184,7,8,0.19352292639248495
/Users/jiangnanhugo/workspace/power-sharpening/Subtree-Prefetching-Power-Sharpening/case_studies/logs-entropycut/mbpp/2026-09-21/vllm/dataset-mbpp.model-qwen3.5-9b.alpha4.0.steps100.blocks-1.prefetch-budget-20.rank-accept_first.cut-entropy4.0.samples20.maxnew1024.seed10086.subtreePrefetch.vllm.log,184,8,8,0.19352292639248495
/Users/jiangnanhugo/workspace/power-sharpening/Subtree-Prefetching-Power-Sharpening/case_studies/logs-entropycut/mbpp/2026-09-21/vllm/dataset-mbpp.model-qwen3.5-9b.alpha4.0.steps100.blocks-1.prefetch-budget-20.rank-accept_first.cut-entropy4.0.samples20.maxnew1024.seed10086.subtreePrefetch.vllm.log,184,9,8,0.19352292639248495
/Users/jiangnanhugo/workspace/power-sharpening/Subtree-Prefetching-Power-Sharpening/case_studies/logs-entropycut/mbpp/2026-09-21/vllm/dataset-mbpp.model-qwen3.5-9b.alpha4.0.steps100.blocks-1.prefetch-budget-20.rank-accept_first.cut-entropy4.0.samples20.maxnew1024.seed10086.subtreePrefetch.vllm.log,184,10,8,0.19352292639248495
/Users/jiangnanhugo/workspace/power-sharpening/Subtree-Prefetching-Power-Sharpening/case_studies/logs-entropycut/mbpp/2026-09-21/vllm/dataset-mbpp.model-qwen3.5-9b.alpha4.0.steps100.blocks-1.prefetch-budget-20.rank-accept_first.cut-entropy4.0.samples20.maxnew1024.seed10086.subtreePrefetch.vllm.log,184,11,8,0.19352292639248495
/Users/jiangnanhugo/workspace/power-sharpening/Subtree-Prefetching-Power-Sharpening/case_studies/logs-entropycut/mbpp/2026-09-21/vllm/dataset-mbpp.model-qwen3.5-9b.alpha4.0.steps100.blocks-1.prefetch-budget-20.rank-accept_first.cut-entropy4.0.samples20.maxnew1024.seed10086.subtreePrefetch.vllm.log,184,12,40,0.11044753992254366
/Users/jiangnanhugo/workspace/power-sharpening/Subtree-Prefetching-Power-Sharpening/case_studies/logs-entropycut/mbpp/2026-09-21/vllm/dataset-mbpp.model-qwen3.5-9b.alpha4.0.steps100.blocks-1.prefetch-budget-20.rank-accept_first.cut-entropy4.0.samples20.maxnew1024.seed10086.subtreePrefetch.vllm.log,184,13,8,0.19352292639248495
/Users/jiangnanhugo/workspace/power-sharpening/Subtree-Prefetching-Power-Sharpening/case_studies/logs-entropycut/mbpp/2026-09-21/vllm/dataset-mbpp.model-qwen3.5-9b.alpha4.0.steps100.blocks-1.prefetch-budget-20.rank-accept_first.cut-entropy4.0.samples20.maxnew1024.seed10086.subtreePrefetch.vllm.log,184,14,8,0.19352292639248495
/Users/jiangnanhugo/workspace/power-sharpening/Subtree-Prefetching-Power-Sharpening/case_studies/logs-entropycut/mbpp/2026-09-21/vllm/dataset-mbpp.model-qwen3.5-9b.alpha4.0.steps100.blocks-1.prefetch-budget-20.rank-accept_first.cut-entropy4.0.samples20.maxnew1024.seed10086.subtreePrefetch.vllm.log,184,15,46,0.007040414658876973
/Users/jiangnanhugo/workspace/power-sharpening/Subtree-Prefetching-Power-Sharpening/case_studies/logs-entropycut/mbpp/2026-09-21/vllm/dataset-mbpp.model-qwen3.5-9b.alpha4.0.steps100.blocks-1.prefetch-budget-20.rank-accept_first.cut-entropy4.0.samples20.maxnew1024.seed10086.subtreePrefetch.vllm.log,184,16,8,0.19352292639248495
/Users/jiangnanhugo/workspace/power-sharpening/Subtree-Prefetching-Power-Sharpening/case_studies/logs-entropycut/mbpp/2026-09-21/vllm/dataset-mbpp.model-qwen3.5-9b.alpha4.0.steps100.blocks-1.prefetch-budget-20.rank-accept_first.cut-entropy4.0.samples20.maxnew1024.seed10086.subtreePrefetch.vllm.log,184,17,8,0.19352292639248495
/Users/jiangnanhugo/workspace/power-sharpening/Subtree-Prefetching-Power-Sharpening/case_studies/logs-entropycut/mbpp/2026-09-21/vllm/dataset-mbpp.model-qwen3.5-9b.alpha4.0.steps100.blocks-1.prefetch-budget-20.rank-accept_first.cut-entropy4.0.samples20.maxnew1024.seed10086.subtreePrefetch.vllm.log,184,18,8,0.19352292639248495
/Users/jiangnanhugo/workspace/power-sharpening/Subtree-Prefetching-Power-Sharpening/case_studies/logs-entropycut/mbpp/2026-09-21/vllm/dataset-mbpp.model-qwen3.5-9b.alpha4.0.steps100.blocks-1.prefetch-budget-20.rank-accept_first.cut-entropy4.0.samples20.maxnew1024.seed10086.subtreePrefetch.vllm.log,184,19,8,0.19352292639248495
/Users/jiangnanhugo/workspace/power-sharpening/Subtree-Prefetching-Power-Sharpening/case_studies/logs-entropycut/mbpp/2026-09-21/vllm/dataset-mbpp.model-qwen3.5-9b.alpha4.0.steps100.blocks-1.prefetch-budget-20.rank-accept_first.cut-entropy4.0.samples20.maxnew1024.seed10086.subtreePrefetch.vllm.log,185,0,339,0.102846705026099
/Users/jiangnanhugo/workspace/power-sharpening/Subtree-Prefetching-Power-Sharpening/case_studies/logs-entropycut/mbpp/2026-09-21/vllm/dataset-mbpp.model-qwen3.5-9b.alpha4.0.steps100.blocks-1.prefetch-budget-20.rank-accept_first.cut-entropy4.0.samples20.maxnew1024.seed10086.subtreePrefetch.vllm.log,185,1,8,0.19352292639248495
/Users/jiangnanhugo/workspace/power-sharpening/Subtree-Prefetching-Power-Sharpening/case_studies/logs-entropycut/mbpp/2026-09-21/vllm/dataset-mbpp.model-qwen3.5-9b.alpha4.0.steps100.blocks-1.prefetch-budget-20.rank-accept_first.cut-entropy4.0.samples20.maxnew1024.seed10086.subtreePrefetch.vllm.log,185,2,8,0.19352292639248495
/Users/jiangnanhugo/workspace/power-sharpening/Subtree-Prefetching-Power-Sharpening/case_studies/logs-entropycut/mbpp/2026-09-21/vllm/dataset-mbpp.model-qwen3.5-9b.alpha4.0.steps100.blocks-1.prefetch-budget-20.rank-accept_first.cut-entropy4.0.samples20.maxnew1024.seed10086.subtreePrefetch.vllm.log,185,3,8,0.19352292639248495
/Users/jiangnanhugo/workspace/power-sharpening/Subtree-Prefetching-Power-Sharpening/case_studies/logs-entropycut/mbpp/2026-09-21/vllm/dataset-mbpp.model-qwen3.5-9b.alpha4.0.steps100.blocks-1.prefetch-budget-20.rank-accept_first.cut-entropy4.0.samples20.maxnew1024.seed10086.subtreePrefetch.vllm.log,185,4,339,0.102846705026099
/Users/jiangnanhugo/workspace/power-sharpening/Subtree-Prefetching-Power-Sharpening/case_studies/logs-entropycut/mbpp/2026-09-21/vllm/dataset-mbpp.model-qwen3.5-9b.alpha4.0.steps100.blocks-1.prefetch-budget-20.rank-accept_first.cut-entropy4.0.samples20.maxnew1024.seed10086.subtreePrefetch.vllm.log,185,5,26,0.0014441497102602517
/Users/jiangnanhugo/workspace/power-sharpening/Subtree-Prefetching-Power-Sharpening/case_studies/logs-entropycut/mbpp/2026-09-21/vllm/dataset-mbpp.model-qwen3.5-9b.alpha4.0.steps100.blocks-1.prefetch-budget-20.rank-accept_first.cut-entropy4.0.samples20.maxnew1024.seed10086.subtreePrefetch.vllm.log,185,6,8,0.19352292639248495
/Users/jiangnanhugo/workspace/power-sharpening/Subtree-Prefetching-Power-Sharpening/case_studies/logs-entropycut/mbpp/2026-09-21/vllm/dataset-mbpp.model-qwen3.5-9b.alpha4.0.steps100.blocks-1.prefetch-budget-20.rank-accept_first.cut-entropy4.0.samples20.maxnew1024.seed10086.subtreePrefetch.vllm.log,185,7,23,0.0027767213514625186
/Users/jiangnanhugo/workspace/power-sharpening/Subtree-Prefetching-Power-Sharpening/case_studies/logs-entropycut/mbpp/2026-09-21/vllm/dataset-mbpp.model-qwen3.5-9b.alpha4.0.steps100.blocks-1.prefetch-budget-20.rank-accept_first.cut-entropy4.0.samples20.maxnew1024.seed10086.subtreePrefetch.vllm.log,185,8,40,0.11044753992254366
/Users/jiangnanhugo/workspace/power-sharpening/Subtree-Prefetching-Power-Sharpening/case_studies/logs-entropycut/mbpp/2026-09-21/vllm/dataset-mbpp.model-qwen3.5-9b.alpha4.0.steps100.blocks-1.prefetch-budget-20.rank-accept_first.cut-entropy4.0.samples20.maxnew1024.seed10086.subtreePrefetch.vllm.log,185,9,8,0.19352292639248495
/Users/jiangnanhugo/workspace/power-sharpening/Subtree-Prefetching-Power-Sharpening/case_studies/logs-entropycut/mbpp/2026-09-21/vllm/dataset-mbpp.model-qwen3.5-9b.alpha4.0.steps100.blocks-1.prefetch-budget-20.rank-accept_first.cut-entropy4.0.samples20.maxnew1024.seed10086.subtreePrefetch.vllm.log,185,10,40,0.11044753992254366
/Users/jiangnanhugo/workspace/power-sharpening/Subtree-Prefetching-Power-Sharpening/case_studies/logs-entropycut/mbpp/2026-09-21/vllm/dataset-mbpp.model-qwen3.5-9b.alpha4.0.steps100.blocks-1.prefetch-budget-20.rank-accept_first.cut-entropy4.0.samples20.maxnew1024.seed10086.subtreePrefetch.vllm.log,185,11,8,0.19352292639248495
/Users/jiangnanhugo/workspace/power-sharpening/Subtree-Prefetching-Power-Sharpening/case_studies/logs-entropycut/mbpp/2026-09-21/vllm/dataset-mbpp.model-qwen3.5-9b.alpha4.0.steps100.blocks-1.prefetch-budget-20.rank-accept_first.cut-entropy4.0.samples20.maxnew1024.seed10086.subtreePrefetch.vllm.log,185,12,8,0.19352292639248495
/Users/jiangnanhugo/workspace/power-sharpening/Subtree-Prefetching-Power-Sharpening/case_studies/logs-entropycut/mbpp/2026-09-21/vllm/dataset-mbpp.model-qwen3.5-9b.alpha4.0.steps100.blocks-1.prefetch-budget-20.rank-accept_first.cut-entropy4.0.samples20.maxnew1024.seed10086.subtreePrefetch.vllm.log,185,13,355,0.0008992335520695045
/Users/jiangnanhugo/workspace/power-sharpening/Subtree-Prefetching-Power-Sharpening/case_studies/logs-entropycut/mbpp/2026-09-21/vllm/dataset-mbpp.model-qwen3.5-9b.alpha4.0.steps100.blocks-1.prefetch-budget-20.rank-accept_first.cut-entropy4.0.samples20.maxnew1024.seed10086.subtreePrefetch.vllm.log,185,14,53,0.006225961812836122
/Users/jiangnanhugo/workspace/power-sharpening/Subtree-Prefetching-Power-Sharpening/case_studies/logs-entropycut/mbpp/2026-09-21/vllm/dataset-mbpp.model-qwen3.5-9b.alpha4.0.steps100.blocks-1.prefetch-budget-20.rank-accept_first.cut-entropy4.0.samples20.maxnew1024.seed10086.subtreePrefetch.vllm.log,185,15,8,0.19352292639248495
/Users/jiangnanhugo/workspace/power-sharpening/Subtree-Prefetching-Power-Sharpening/case_studies/logs-entropycut/mbpp/2026-09-21/vllm/dataset-mbpp.model-qwen3.5-9b.alpha4.0.steps100.blocks-1.prefetch-budget-20.rank-accept_first.cut-entropy4.0.samples20.maxnew1024.seed10086.subtreePrefetch.vllm.log,185,16,8,0.19352292639248495
/Users/jiangnanhugo/workspace/power-sharpening/Subtree-Prefetching-Power-Sharpening/case_studies/logs-entropycut/mbpp/2026-09-21/vllm/dataset-mbpp.model-qwen3.5-9b.alpha4.0.steps100.blocks-1.prefetch-budget-20.rank-accept_first.cut-entropy4.0.samples20.maxnew1024.seed10086.subtreePrefetch.vllm.log,185,17,8,0.19352292639248495
/Users/jiangnanhugo/workspace/power-sharpening/Subtree-Prefetching-Power-Sharpening/case_studies/logs-entropycut/mbpp/2026-09-21/vllm/dataset-mbpp.model-qwen3.5-9b.alpha4.0.steps100.blocks-1.prefetch-budget-20.rank-accept_first.cut-entropy4.0.samples20.maxnew1024.seed10086.subtreePrefetch.vllm.log,185,18,40,0.11044753992254366
/Users/jiangnanhugo/workspace/power-sharpening/Subtree-Prefetching-Power-Sharpening/case_studies/logs-entropycut/mbpp/2026-09-21/vllm/dataset-mbpp.model-qwen3.5-9b.alpha4.0.steps100.blocks-1.prefetch-budget-20.rank-accept_first.cut-entropy4.0.samples20.maxnew1024.seed10086.subtreePrefetch.vllm.log,185,19,8,0.19352292639248495
/Users/jiangnanhugo/workspace/power-sharpening/Subtree-Prefetching-Power-Sharpening/case_studies/logs-entropycut/mbpp/2026-09-21/vllm/dataset-mbpp.model-qwen3.5-9b.alpha4.0.steps100.blocks-1.prefetch-budget-20.rank-accept_first.cut-entropy4.0.samples20.maxnew1024.seed10086.subtreePrefetch.vllm.log,186,0,8,0.19352292639248495
/Users/jiangnanhugo/workspace/power-sharpening/Subtree-Prefetching-Power-Sharpening/case_studies/logs-entropycut/mbpp/2026-09-21/vllm/dataset-mbpp.model-qwen3.5-9b.alpha4.0.steps100.blocks-1.prefetch-budget-20.rank-accept_first.cut-entropy4.0.samples20.maxnew1024.seed10086.subtreePrefetch.vllm.log,186,1,339,0.102846705026099
/Users/jiangnanhugo/workspace/power-sharpening/Subtree-Prefetching-Power-Sharpening/case_studies/logs-entropycut/mbpp/2026-09-21/vllm/dataset-mbpp.model-qwen3.5-9b.alpha4.0.steps100.blocks-1.prefetch-budget-20.rank-accept_first.cut-entropy4.0.samples20.maxnew1024.seed10086.subtreePrefetch.vllm.log,186,2,302,0.03713765261062022
/Users/jiangnanhugo/workspace/power-sharpening/Subtree-Prefetching-Power-Sharpening/case_studies/logs-entropycut/mbpp/2026-09-21/vllm/dataset-mbpp.model-qwen3.5-9b.alpha4.0.steps100.blocks-1.prefetch-budget-20.rank-accept_first.cut-entropy4.0.samples20.maxnew1024.seed10086.subtreePrefetch.vllm.log,186,3,155,0.08915579885464586
/Users/jiangnanhugo/workspace/power-sharpening/Subtree-Prefetching-Power-Sharpening/case_studies/logs-entropycut/mbpp/2026-09-21/vllm/dataset-mbpp.model-qwen3.5-9b.alpha4.0.steps100.blocks-1.prefetch-budget-20.rank-accept_first.cut-entropy4.0.samples20.maxnew1024.seed10086.subtreePrefetch.vllm.log,186,4,23,0.0027767213514625186
/Users/jiangnanhugo/workspace/power-sharpening/Subtree-Prefetching-Power-Sharpening/case_studies/logs-entropycut/mbpp/2026-09-21/vllm/dataset-mbpp.model-qwen3.5-9b.alpha4.0.steps100.blocks-1.prefetch-budget-20.rank-accept_first.cut-entropy4.0.samples20.maxnew1024.seed10086.subtreePrefetch.vllm.log,186,5,40,0.11044753992254366
/Users/jiangnanhugo/workspace/power-sharpening/Subtree-Prefetching-Power-Sharpening/case_studies/logs-entropycut/mbpp/2026-09-21/vllm/dataset-mbpp.model-qwen3.5-9b.alpha4.0.steps100.blocks-1.prefetch-budget-20.rank-accept_first.cut-entropy4.0.samples20.maxnew1024.seed10086.subtreePrefetch.vllm.log,186,6,8,0.19352292639248495
/Users/jiangnanhugo/workspace/power-sharpening/Subtree-Prefetching-Power-Sharpening/case_studies/logs-entropycut/mbpp/2026-09-21/vllm/dataset-mbpp.model-qwen3.5-9b.alpha4.0.steps100.blocks-1.prefetch-budget-20.rank-accept_first.cut-entropy4.0.samples20.maxnew1024.seed10086.subtreePrefetch.vllm.log,186,7,296,0.020507185427451637
/Users/jiangnanhugo/workspace/power-sharpening/Subtree-Prefetching-Power-Sharpening/case_studies/logs-entropycut/mbpp/2026-09-21/vllm/dataset-mbpp.model-qwen3.5-9b.alpha4.0.steps100.blocks-1.prefetch-budget-20.rank-accept_first.cut-entropy4.0.samples20.maxnew1024.seed10086.subtreePrefetch.vllm.log,186,8,8,0.19352292639248495
/Users/jiangnanhugo/workspace/power-sharpening/Subtree-Prefetching-Power-Sharpening/case_studies/logs-entropycut/mbpp/2026-09-21/vllm/dataset-mbpp.model-qwen3.5-9b.alpha4.0.steps100.blocks-1.prefetch-budget-20.rank-accept_first.cut-entropy4.0.samples20.maxnew1024.seed10086.subtreePrefetch.vllm.log,186,9,8,0.19352292639248495
/Users/jiangnanhugo/workspace/power-sharpening/Subtree-Prefetching-Power-Sharpening/case_studies/logs-entropycut/mbpp/2026-09-21/vllm/dataset-mbpp.model-qwen3.5-9b.alpha4.0.steps100.blocks-1.prefetch-budget-20.rank-accept_first.cut-entropy4.0.samples20.maxnew1024.seed10086.subtreePrefetch.vllm.log,186,10,8,0.19352292639248495
/Users/jiangnanhugo/workspace/power-sharpening/Subtree-Prefetching-Power-Sharpening/case_studies/logs-entropycut/mbpp/2026-09-21/vllm/dataset-mbpp.model-qwen3.5-9b.alpha4.0.steps100.blocks-1.prefetch-budget-20.rank-accept_first.cut-entropy4.0.samples20.maxnew1024.seed10086.subtreePrefetch.vllm.log,186,11,296,0.020507185427451637
/Users/jiangnanhugo/workspace/power-sharpening/Subtree-Prefetching-Power-Sharpening/case_studies/logs-entropycut/mbpp/2026-09-21/vllm/dataset-mbpp.model-qwen3.5-9b.alpha4.0.steps100.blocks-1.prefetch-budget-20.rank-accept_first.cut-entropy4.0.samples20.maxnew1024.seed10086.subtreePrefetch.vllm.log,186,12,8,0.19352292639248495
/Users/jiangnanhugo/workspace/power-sharpening/Subtree-Prefetching-Power-Sharpening/case_studies/logs-entropycut/mbpp/2026-09-21/vllm/dataset-mbpp.model-qwen3.5-9b.alpha4.0.steps100.blocks-1.prefetch-budget-20.rank-accept_first.cut-entropy4.0.samples20.maxnew1024.seed10086.subtreePrefetch.vllm.log,186,13,8,0.19352292639248495
/Users/jiangnanhugo/workspace/power-sharpening/Subtree-Prefetching-Power-Sharpening/case_studies/logs-entropycut/mbpp/2026-09-21/vllm/dataset-mbpp.model-qwen3.5-9b.alpha4.0.steps100.blocks-1.prefetch-budget-20.rank-accept_first.cut-entropy4.0.samples20.maxnew1024.seed10086.subtreePrefetch.vllm.log,186,14,296,0.020507185427451637
/Users/jiangnanhugo/workspace/power-sharpening/Subtree-Prefetching-Power-Sharpening/case_studies/logs-entropycut/mbpp/2026-09-21/vllm/dataset-mbpp.model-qwen3.5-9b.alpha4.0.steps100.blocks-1.prefetch-budget-20.rank-accept_first.cut-entropy4.0.samples20.maxnew1024.seed10086.subtreePrefetch.vllm.log,186,15,8,0.19352292639248495
/Users/jiangnanhugo/workspace/power-sharpening/Subtree-Prefetching-Power-Sharpening/case_studies/logs-entropycut/mbpp/2026-09-21/vllm/dataset-mbpp.model-qwen3.5-9b.alpha4.0.steps100.blocks-1.prefetch-budget-20.rank-accept_first.cut-entropy4.0.samples20.maxnew1024.seed10086.subtreePrefetch.vllm.log,186,16,182,0.08174448967174054
/Users/jiangnanhugo/workspace/power-sharpening/Subtree-Prefetching-Power-Sharpening/case_studies/logs-entropycut/mbpp/2026-09-21/vllm/dataset-mbpp.model-qwen3.5-9b.alpha4.0.steps100.blocks-1.prefetch-budget-20.rank-accept_first.cut-entropy4.0.samples20.maxnew1024.seed10086.subtreePrefetch.vllm.log,186,17,8,0.19352292639248495
/Users/jiangnanhugo/workspace/power-sharpening/Subtree-Prefetching-Power-Sharpening/case_studies/logs-entropycut/mbpp/2026-09-21/vllm/dataset-mbpp.model-qwen3.5-9b.alpha4.0.steps100.blocks-1.prefetch-budget-20.rank-accept_first.cut-entropy4.0.samples20.maxnew1024.seed10086.subtreePrefetch.vllm.log,186,18,40,0.11044753992254366
/Users/jiangnanhugo/workspace/power-sharpening/Subtree-Prefetching-Power-Sharpening/case_studies/logs-entropycut/mbpp/2026-09-21/vllm/dataset-mbpp.model-qwen3.5-9b.alpha4.0.steps100.blocks-1.prefetch-budget-20.rank-accept_first.cut-entropy4.0.samples20.maxnew1024.seed10086.subtreePrefetch.vllm.log,186,19,8,0.19352292639248495
/Users/jiangnanhugo/workspace/power-sharpening/Subtree-Prefetching-Power-Sharpening/case_studies/logs-entropycut/mbpp/2026-09-21/vllm/dataset-mbpp.model-qwen3.5-9b.alpha4.0.steps100.blocks-1.prefetch-budget-20.rank-accept_first.cut-entropy4.0.samples20.maxnew1024.seed10086.subtreePrefetch.vllm.log,187,0,339,0.102846705026099
/Users/jiangnanhugo/workspace/power-sharpening/Subtree-Prefetching-Power-Sharpening/case_studies/logs-entropycut/mbpp/2026-09-21/vllm/dataset-mbpp.model-qwen3.5-9b.alpha4.0.steps100.blocks-1.prefetch-budget-20.rank-accept_first.cut-entropy4.0.samples20.maxnew1024.seed10086.subtreePrefetch.vllm.log,187,1,95,0.017036698351525964
/Users/jiangnanhugo/workspace/power-sharpening/Subtree-Prefetching-Power-Sharpening/case_studies/logs-entropycut/mbpp/2026-09-21/vllm/dataset-mbpp.model-qwen3.5-9b.alpha4.0.steps100.blocks-1.prefetch-budget-20.rank-accept_first.cut-entropy4.0.samples20.maxnew1024.seed10086.subtreePrefetch.vllm.log,187,2,8,0.19352292639248495
/Users/jiangnanhugo/workspace/power-sharpening/Subtree-Prefetching-Power-Sharpening/case_studies/logs-entropycut/mbpp/2026-09-21/vllm/dataset-mbpp.model-qwen3.5-9b.alpha4.0.steps100.blocks-1.prefetch-budget-20.rank-accept_first.cut-entropy4.0.samples20.maxnew1024.seed10086.subtreePrefetch.vllm.log,187,3,355,0.0008992335520695045
/Users/jiangnanhugo/workspace/power-sharpening/Subtree-Prefetching-Power-Sharpening/case_studies/logs-entropycut/mbpp/2026-09-21/vllm/dataset-mbpp.model-qwen3.5-9b.alpha4.0.steps100.blocks-1.prefetch-budget-20.rank-accept_first.cut-entropy4.0.samples20.maxnew1024.seed10086.subtreePrefetch.vllm.log,187,4,8,0.19352292639248495
/Users/jiangnanhugo/workspace/power-sharpening/Subtree-Prefetching-Power-Sharpening/case_studies/logs-entropycut/mbpp/2026-09-21/vllm/dataset-mbpp.model-qwen3.5-9b.alpha4.0.steps100.blocks-1.prefetch-budget-20.rank-accept_first.cut-entropy4.0.samples20.maxnew1024.seed10086.subtreePrefetch.vllm.log,187,5,8,0.19352292639248495
/Users/jiangnanhugo/workspace/power-sharpening/Subtree-Prefetching-Power-Sharpening/case_studies/logs-entropycut/mbpp/2026-09-21/vllm/dataset-mbpp.model-qwen3.5-9b.alpha4.0.steps100.blocks-1.prefetch-budget-20.rank-accept_first.cut-entropy4.0.samples20.maxnew1024.seed10086.subtreePrefetch.vllm.log,187,6,8,0.19352292639248495
/Users/jiangnanhugo/workspace/power-sharpening/Subtree-Prefetching-Power-Sharpening/case_studies/logs-entropycut/mbpp/2026-09-21/vllm/dataset-mbpp.model-qwen3.5-9b.alpha4.0.steps100.blocks-1.prefetch-budget-20.rank-accept_first.cut-entropy4.0.samples20.maxnew1024.seed10086.subtreePrefetch.vllm.log,187,7,8,0.19352292639248495
/Users/jiangnanhugo/workspace/power-sharpening/Subtree-Prefetching-Power-Sharpening/case_studies/logs-entropycut/mbpp/2026-09-21/vllm/dataset-mbpp.model-qwen3.5-9b.alpha4.0.steps100.blocks-1.prefetch-budget-20.rank-accept_first.cut-entropy4.0.samples20.maxnew1024.seed10086.subtreePrefetch.vllm.log,187,8,40,0.11044753992254366
/Users/jiangnanhugo/workspace/power-sharpening/Subtree-Prefetching-Power-Sharpening/case_studies/logs-entropycut/mbpp/2026-09-21/vllm/dataset-mbpp.model-qwen3.5-9b.alpha4.0.steps100.blocks-1.prefetch-budget-20.rank-accept_first.cut-entropy4.0.samples20.maxnew1024.seed10086.subtreePrefetch.vllm.log,187,9,155,0.08915579885464586
/Users/jiangnanhugo/workspace/power-sharpening/Subtree-Prefetching-Power-Sharpening/case_studies/logs-entropycut/mbpp/2026-09-21/vllm/dataset-mbpp.model-qwen3.5-9b.alpha4.0.steps100.blocks-1.prefetch-budget-20.rank-accept_first.cut-entropy4.0.samples20.maxnew1024.seed10086.subtreePrefetch.vllm.log,187,10,8,0.19352292639248495
/Users/jiangnanhugo/workspace/power-sharpening/Subtree-Prefetching-Power-Sharpening/case_studies/logs-entropycut/mbpp/2026-09-21/vllm/dataset-mbpp.model-qwen3.5-9b.alpha4.0.steps100.blocks-1.prefetch-budget-20.rank-accept_first.cut-entropy4.0.samples20.maxnew1024.seed10086.subtreePrefetch.vllm.log,187,11,302,0.03713765261062022
/Users/jiangnanhugo/workspace/power-sharpening/Subtree-Prefetching-Power-Sharpening/case_studies/logs-entropycut/mbpp/2026-09-21/vllm/dataset-mbpp.model-qwen3.5-9b.alpha4.0.steps100.blocks-1.prefetch-budget-20.rank-accept_first.cut-entropy4.0.samples20.maxnew1024.seed10086.subtreePrefetch.vllm.log,187,12,8,0.19352292639248495
/Users/jiangnanhugo/workspace/power-sharpening/Subtree-Prefetching-Power-Sharpening/case_studies/logs-entropycut/mbpp/2026-09-21/vllm/dataset-mbpp.model-qwen3.5-9b.alpha4.0.steps100.blocks-1.prefetch-budget-20.rank-accept_first.cut-entropy4.0.samples20.maxnew1024.seed10086.subtreePrefetch.vllm.log,187,13,8,0.19352292639248495
/Users/jiangnanhugo/workspace/power-sharpening/Subtree-Prefetching-Power-Sharpening/case_studies/logs-entropycut/mbpp/2026-09-21/vllm/dataset-mbpp.model-qwen3.5-9b.alpha4.0.steps100.blocks-1.prefetch-budget-20.rank-accept_first.cut-entropy4.0.samples20.maxnew1024.seed10086.subtreePrefetch.vllm.log,187,14,8,0.19352292639248495
/Users/jiangnanhugo/workspace/power-sharpening/Subtree-Prefetching-Power-Sharpening/case_studies/logs-entropycut/mbpp/2026-09-21/vllm/dataset-mbpp.model-qwen3.5-9b.alpha4.0.steps100.blocks-1.prefetch-budget-20.rank-accept_first.cut-entropy4.0.samples20.maxnew1024.seed10086.subtreePrefetch.vllm.log,187,15,339,0.102846705026099
/Users/jiangnanhugo/workspace/power-sharpening/Subtree-Prefetching-Power-Sharpening/case_studies/logs-entropycut/mbpp/2026-09-21/vllm/dataset-mbpp.model-qwen3.5-9b.alpha4.0.steps100.blocks-1.prefetch-budget-20.rank-accept_first.cut-entropy4.0.samples20.maxnew1024.seed10086.subtreePrefetch.vllm.log,187,16,95,0.017036698351525964
/Users/jiangnanhugo/workspace/power-sharpening/Subtree-Prefetching-Power-Sharpening/case_studies/logs-entropycut/mbpp/2026-09-21/vllm/dataset-mbpp.model-qwen3.5-9b.alpha4.0.steps100.blocks-1.prefetch-budget-20.rank-accept_first.cut-entropy4.0.samples20.maxnew1024.seed10086.subtreePrefetch.vllm.log,187,17,279,0.006596764548120139
/Users/jiangnanhugo/workspace/power-sharpening/Subtree-Prefetching-Power-Sharpening/case_studies/logs-entropycut/mbpp/2026-09-21/vllm/dataset-mbpp.model-qwen3.5-9b.alpha4.0.steps100.blocks-1.prefetch-budget-20.rank-accept_first.cut-entropy4.0.samples20.maxnew1024.seed10086.subtreePrefetch.vllm.log,187,18,8,0.19352292639248495
/Users/jiangnanhugo/workspace/power-sharpening/Subtree-Prefetching-Power-Sharpening/case_studies/logs-entropycut/mbpp/2026-09-21/vllm/dataset-mbpp.model-qwen3.5-9b.alpha4.0.steps100.blocks-1.prefetch-budget-20.rank-accept_first.cut-entropy4.0.samples20.maxnew1024.seed10086.subtreePrefetch.vllm.log,187,19,155,0.08915579885464586
/Users/jiangnanhugo/workspace/power-sharpening/Subtree-Prefetching-Power-Sharpening/case_studies/logs-entropycut/mbpp/2026-09-21/vllm/dataset-mbpp.model-qwen3.5-9b.alpha4.0.steps100.blocks-1.prefetch-budget-20.rank-accept_first.cut-entropy4.0.samples20.maxnew1024.seed10086.subtreePrefetch.vllm.log,188,0,8,0.19352292639248495
/Users/jiangnanhugo/workspace/power-sharpening/Subtree-Prefetching-Power-Sharpening/case_studies/logs-entropycut/mbpp/2026-09-21/vllm/dataset-mbpp.model-qwen3.5-9b.alpha4.0.steps100.blocks-1.prefetch-budget-20.rank-accept_first.cut-entropy4.0.samples20.maxnew1024.seed10086.subtreePrefetch.vllm.log,188,1,8,0.19352292639248495
/Users/jiangnanhugo/workspace/power-sharpening/Subtree-Prefetching-Power-Sharpening/case_studies/logs-entropycut/mbpp/2026-09-21/vllm/dataset-mbpp.model-qwen3.5-9b.alpha4.0.steps100.blocks-1.prefetch-budget-20.rank-accept_first.cut-entropy4.0.samples20.maxnew1024.seed10086.subtreePrefetch.vllm.log,188,2,637,0.10457097790974304
/Users/jiangnanhugo/workspace/power-sharpening/Subtree-Prefetching-Power-Sharpening/case_studies/logs-entropycut/mbpp/2026-09-21/vllm/dataset-mbpp.model-qwen3.5-9b.alpha4.0.steps100.blocks-1.prefetch-budget-20.rank-accept_first.cut-entropy4.0.samples20.maxnew1024.seed10086.subtreePrefetch.vllm.log,188,3,8,0.19352292639248495
/Users/jiangnanhugo/workspace/power-sharpening/Subtree-Prefetching-Power-Sharpening/case_studies/logs-entropycut/mbpp/2026-09-21/vllm/dataset-mbpp.model-qwen3.5-9b.alpha4.0.steps100.blocks-1.prefetch-budget-20.rank-accept_first.cut-entropy4.0.samples20.maxnew1024.seed10086.subtreePrefetch.vllm.log,188,4,449,0.008665378775672016
/Users/jiangnanhugo/workspace/power-sharpening/Subtree-Prefetching-Power-Sharpening/case_studies/logs-entropycut/mbpp/2026-09-21/vllm/dataset-mbpp.model-qwen3.5-9b.alpha4.0.steps100.blocks-1.prefetch-budget-20.rank-accept_first.cut-entropy4.0.samples20.maxnew1024.seed10086.subtreePrefetch.vllm.log,188,5,8,0.19352292639248495
/Users/jiangnanhugo/workspace/power-sharpening/Subtree-Prefetching-Power-Sharpening/case_studies/logs-entropycut/mbpp/2026-09-21/vllm/dataset-mbpp.model-qwen3.5-9b.alpha4.0.steps100.blocks-1.prefetch-budget-20.rank-accept_first.cut-entropy4.0.samples20.maxnew1024.seed10086.subtreePrefetch.vllm.log,188,6,302,0.03713765261062022
/Users/jiangnanhugo/workspace/power-sharpening/Subtree-Prefetching-Power-Sharpening/case_studies/logs-entropycut/mbpp/2026-09-21/vllm/dataset-mbpp.model-qwen3.5-9b.alpha4.0.steps100.blocks-1.prefetch-budget-20.rank-accept_first.cut-entropy4.0.samples20.maxnew1024.seed10086.subtreePrefetch.vllm.log,188,7,8,0.19352292639248495
/Users/jiangnanhugo/workspace/power-sharpening/Subtree-Prefetching-Power-Sharpening/case_studies/logs-entropycut/mbpp/2026-09-21/vllm/dataset-mbpp.model-qwen3.5-9b.alpha4.0.steps100.blocks-1.prefetch-budget-20.rank-accept_first.cut-entropy4.0.samples20.maxnew1024.seed10086.subtreePrefetch.vllm.log,188,8,637,0.10457097790974304
/Users/jiangnanhugo/workspace/power-sharpening/Subtree-Prefetching-Power-Sharpening/case_studies/logs-entropycut/mbpp/2026-09-21/vllm/dataset-mbpp.model-qwen3.5-9b.alpha4.0.steps100.blocks-1.prefetch-budget-20.rank-accept_first.cut-entropy4.0.samples20.maxnew1024.seed10086.subtreePrefetch.vllm.log,188,9,155,0.08915579885464586
/Users/jiangnanhugo/workspace/power-sharpening/Subtree-Prefetching-Power-Sharpening/case_studies/logs-entropycut/mbpp/2026-09-21/vllm/dataset-mbpp.model-qwen3.5-9b.alpha4.0.steps100.blocks-1.prefetch-budget-20.rank-accept_first.cut-entropy4.0.samples20.maxnew1024.seed10086.subtreePrefetch.vllm.log,188,10,8,0.19352292639248495
/Users/jiangnanhugo/workspace/power-sharpening/Subtree-Prefetching-Power-Sharpening/case_studies/logs-entropycut/mbpp/2026-09-21/vllm/dataset-mbpp.model-qwen3.5-9b.alpha4.0.steps100.blocks-1.prefetch-budget-20.rank-accept_first.cut-entropy4.0.samples20.maxnew1024.seed10086.subtreePrefetch.vllm.log,188,11,637,0.10457097790974304
/Users/jiangnanhugo/workspace/power-sharpening/Subtree-Prefetching-Power-Sharpening/case_studies/logs-entropycut/mbpp/2026-09-21/vllm/dataset-mbpp.model-qwen3.5-9b.alpha4.0.steps100.blocks-1.prefetch-budget-20.rank-accept_first.cut-entropy4.0.samples20.maxnew1024.seed10086.subtreePrefetch.vllm.log,188,12,182,0.08174448967174054
/Users/jiangnanhugo/workspace/power-sharpening/Subtree-Prefetching-Power-Sharpening/case_studies/logs-entropycut/mbpp/2026-09-21/vllm/dataset-mbpp.model-qwen3.5-9b.alpha4.0.steps100.blocks-1.prefetch-budget-20.rank-accept_first.cut-entropy4.0.samples20.maxnew1024.seed10086.subtreePrefetch.vllm.log,188,13,8,0.19352292639248495
/Users/jiangnanhugo/workspace/power-sharpening/Subtree-Prefetching-Power-Sharpening/case_studies/logs-entropycut/mbpp/2026-09-21/vllm/dataset-mbpp.model-qwen3.5-9b.alpha4.0.steps100.blocks-1.prefetch-budget-20.rank-accept_first.cut-entropy4.0.samples20.maxnew1024.seed10086.subtreePrefetch.vllm.log,188,14,8,0.19352292639248495
/Users/jiangnanhugo/workspace/power-sharpening/Subtree-Prefetching-Power-Sharpening/case_studies/logs-entropycut/mbpp/2026-09-21/vllm/dataset-mbpp.model-qwen3.5-9b.alpha4.0.steps100.blocks-1.prefetch-budget-20.rank-accept_first.cut-entropy4.0.samples20.maxnew1024.seed10086.subtreePrefetch.vllm.log,188,15,8,0.19352292639248495
/Users/jiangnanhugo/workspace/power-sharpening/Subtree-Prefetching-Power-Sharpening/case_studies/logs-entropycut/mbpp/2026-09-21/vllm/dataset-mbpp.model-qwen3.5-9b.alpha4.0.steps100.blocks-1.prefetch-budget-20.rank-accept_first.cut-entropy4.0.samples20.maxnew1024.seed10086.subtreePrefetch.vllm.log,188,16,339,0.102846705026099
/Users/jiangnanhugo/workspace/power-sharpening/Subtree-Prefetching-Power-Sharpening/case_studies/logs-entropycut/mbpp/2026-09-21/vllm/dataset-mbpp.model-qwen3.5-9b.alpha4.0.steps100.blocks-1.prefetch-budget-20.rank-accept_first.cut-entropy4.0.samples20.maxnew1024.seed10086.subtreePrefetch.vllm.log,188,17,182,0.08174448967174054
/Users/jiangnanhugo/workspace/power-sharpening/Subtree-Prefetching-Power-Sharpening/case_studies/logs-entropycut/mbpp/2026-09-21/vllm/dataset-mbpp.model-qwen3.5-9b.alpha4.0.steps100.blocks-1.prefetch-budget-20.rank-accept_first.cut-entropy4.0.samples20.maxnew1024.seed10086.subtreePrefetch.vllm.log,188,18,155,0.08915579885464586
/Users/jiangnanhugo/workspace/power-sharpening/Subtree-Prefetching-Power-Sharpening/case_studies/logs-entropycut/mbpp/2026-09-21/vllm/dataset-mbpp.model-qwen3.5-9b.alpha4.0.steps100.blocks-1.prefetch-budget-20.rank-accept_first.cut-entropy4.0.samples20.maxnew1024.seed10086.subtreePrefetch.vllm.log,188,19,8,0.19352292639248495
/Users/jiangnanhugo/workspace/power-sharpening/Subtree-Prefetching-Power-Sharpening/case_studies/logs-entropycut/mbpp/2026-09-21/vllm/dataset-mbpp.model-qwen3.5-9b.alpha4.0.steps100.blocks-1.prefetch-budget-20.rank-accept_first.cut-entropy4.0.samples20.maxnew1024.seed10086.subtreePrefetch.vllm.log,189,0,46,0.007040414658876973
/Users/jiangnanhugo/workspace/power-sharpening/Subtree-Prefetching-Power-Sharpening/case_studies/logs-entropycut/mbpp/2026-09-21/vllm/dataset-mbpp.model-qwen3.5-9b.alpha4.0.steps100.blocks-1.prefetch-budget-20.rank-accept_first.cut-entropy4.0.samples20.maxnew1024.seed10086.subtreePrefetch.vllm.log,189,1,8,0.19352292639248495
/Users/jiangnanhugo/workspace/power-sharpening/Subtree-Prefetching-Power-Sharpening/case_studies/logs-entropycut/mbpp/2026-09-21/vllm/dataset-mbpp.model-qwen3.5-9b.alpha4.0.steps100.blocks-1.prefetch-budget-20.rank-accept_first.cut-entropy4.0.samples20.maxnew1024.seed10086.subtreePrefetch.vllm.log,189,2,40,0.11044753992254366
/Users/jiangnanhugo/workspace/power-sharpening/Subtree-Prefetching-Power-Sharpening/case_studies/logs-entropycut/mbpp/2026-09-21/vllm/dataset-mbpp.model-qwen3.5-9b.alpha4.0.steps100.blocks-1.prefetch-budget-20.rank-accept_first.cut-entropy4.0.samples20.maxnew1024.seed10086.subtreePrefetch.vllm.log,189,3,8,0.19352292639248495
/Users/jiangnanhugo/workspace/power-sharpening/Subtree-Prefetching-Power-Sharpening/case_studies/logs-entropycut/mbpp/2026-09-21/vllm/dataset-mbpp.model-qwen3.5-9b.alpha4.0.steps100.blocks-1.prefetch-budget-20.rank-accept_first.cut-entropy4.0.samples20.maxnew1024.seed10086.subtreePrefetch.vllm.log,189,4,40,0.11044753992254366
/Users/jiangnanhugo/workspace/power-sharpening/Subtree-Prefetching-Power-Sharpening/case_studies/logs-entropycut/mbpp/2026-09-21/vllm/dataset-mbpp.model-qwen3.5-9b.alpha4.0.steps100.blocks-1.prefetch-budget-20.rank-accept_first.cut-entropy4.0.samples20.maxnew1024.seed10086.subtreePrefetch.vllm.log,189,5,182,0.08174448967174054
/Users/jiangnanhugo/workspace/power-sharpening/Subtree-Prefetching-Power-Sharpening/case_studies/logs-entropycut/mbpp/2026-09-21/vllm/dataset-mbpp.model-qwen3.5-9b.alpha4.0.steps100.blocks-1.prefetch-budget-20.rank-accept_first.cut-entropy4.0.samples20.maxnew1024.seed10086.subtreePrefetch.vllm.log,189,6,8,0.19352292639248495
/Users/jiangnanhugo/workspace/power-sharpening/Subtree-Prefetching-Power-Sharpening/case_studies/logs-entropycut/mbpp/2026-09-21/vllm/dataset-mbpp.model-qwen3.5-9b.alpha4.0.steps100.blocks-1.prefetch-budget-20.rank-accept_first.cut-entropy4.0.samples20.maxnew1024.seed10086.subtreePrefetch.vllm.log,189,7,296,0.020507185427451637
/Users/jiangnanhugo/workspace/power-sharpening/Subtree-Prefetching-Power-Sharpening/case_studies/logs-entropycut/mbpp/2026-09-21/vllm/dataset-mbpp.model-qwen3.5-9b.alpha4.0.steps100.blocks-1.prefetch-budget-20.rank-accept_first.cut-entropy4.0.samples20.maxnew1024.seed10086.subtreePrefetch.vllm.log,189,8,8,0.19352292639248495
/Users/jiangnanhugo/workspace/power-sharpening/Subtree-Prefetching-Power-Sharpening/case_studies/logs-entropycut/mbpp/2026-09-21/vllm/dataset-mbpp.model-qwen3.5-9b.alpha4.0.steps100.blocks-1.prefetch-budget-20.rank-accept_first.cut-entropy4.0.samples20.maxnew1024.seed10086.subtreePrefetch.vllm.log,189,9,8,0.19352292639248495
/Users/jiangnanhugo/workspace/power-sharpening/Subtree-Prefetching-Power-Sharpening/case_studies/logs-entropycut/mbpp/2026-09-21/vllm/dataset-mbpp.model-qwen3.5-9b.alpha4.0.steps100.blocks-1.prefetch-budget-20.rank-accept_first.cut-entropy4.0.samples20.maxnew1024.seed10086.subtreePrefetch.vllm.log,189,10,8,0.19352292639248495
/Users/jiangnanhugo/workspace/power-sharpening/Subtree-Prefetching-Power-Sharpening/case_studies/logs-entropycut/mbpp/2026-09-21/vllm/dataset-mbpp.model-qwen3.5-9b.alpha4.0.steps100.blocks-1.prefetch-budget-20.rank-accept_first.cut-entropy4.0.samples20.maxnew1024.seed10086.subtreePrefetch.vllm.log,189,11,8,0.19352292639248495
/Users/jiangnanhugo/workspace/power-sharpening/Subtree-Prefetching-Power-Sharpening/case_studies/logs-entropycut/mbpp/2026-09-21/vllm/dataset-mbpp.model-qwen3.5-9b.alpha4.0.steps100.blocks-1.prefetch-budget-20.rank-accept_first.cut-entropy4.0.samples20.maxnew1024.seed10086.subtreePrefetch.vllm.log,189,12,8,0.19352292639248495
/Users/jiangnanhugo/workspace/power-sharpening/Subtree-Prefetching-Power-Sharpening/case_studies/logs-entropycut/mbpp/2026-09-21/vllm/dataset-mbpp.model-qwen3.5-9b.alpha4.0.steps100.blocks-1.prefetch-budget-20.rank-accept_first.cut-entropy4.0.samples20.maxnew1024.seed10086.subtreePrefetch.vllm.log,189,13,8,0.19352292639248495
/Users/jiangnanhugo/workspace/power-sharpening/Subtree-Prefetching-Power-Sharpening/case_studies/logs-entropycut/mbpp/2026-09-21/vllm/dataset-mbpp.model-qwen3.5-9b.alpha4.0.steps100.blocks-1.prefetch-budget-20.rank-accept_first.cut-entropy4.0.samples20.maxnew1024.seed10086.subtreePrefetch.vllm.log,189,14,8,0.19352292639248495
/Users/jiangnanhugo/workspace/power-sharpening/Subtree-Prefetching-Power-Sharpening/case_studies/logs-entropycut/mbpp/2026-09-21/vllm/dataset-mbpp.model-qwen3.5-9b.alpha4.0.steps100.blocks-1.prefetch-budget-20.rank-accept_first.cut-entropy4.0.samples20.maxnew1024.seed10086.subtreePrefetch.vllm.log,189,15,66,0.005524879489225202
/Users/jiangnanhugo/workspace/power-sharpening/Subtree-Prefetching-Power-Sharpening/case_studies/logs-entropycut/mbpp/2026-09-21/vllm/dataset-mbpp.model-qwen3.5-9b.alpha4.0.steps100.blocks-1.prefetch-budget-20.rank-accept_first.cut-entropy4.0.samples20.maxnew1024.seed10086.subtreePrefetch.vllm.log,189,16,95,0.017036698351525964
/Users/jiangnanhugo/workspace/power-sharpening/Subtree-Prefetching-Power-Sharpening/case_studies/logs-entropycut/mbpp/2026-09-21/vllm/dataset-mbpp.model-qwen3.5-9b.alpha4.0.steps100.blocks-1.prefetch-budget-20.rank-accept_first.cut-entropy4.0.samples20.maxnew1024.seed10086.subtreePrefetch.vllm.log,190,0,276,0.09864277868976838
/Users/jiangnanhugo/workspace/power-sharpening/Subtree-Prefetching-Power-Sharpening/case_studies/logs-entropycut/mbpp/2026-09-21/vllm/dataset-mbpp.model-qwen3.5-9b.alpha4.0.steps100.blocks-1.prefetch-budget-20.rank-accept_first.cut-entropy4.0.samples20.maxnew1024.seed10086.subtreePrefetch.vllm.log,190,1,505,0.015890388914789576
/Users/jiangnanhugo/workspace/power-sharpening/Subtree-Prefetching-Power-Sharpening/case_studies/logs-entropycut/mbpp/2026-09-21/vllm/dataset-mbpp.model-qwen3.5-9b.alpha4.0.steps100.blocks-1.prefetch-budget-20.rank-accept_first.cut-entropy4.0.samples20.maxnew1024.seed10086.subtreePrefetch.vllm.log,190,2,121,0.03301515982853879
/Users/jiangnanhugo/workspace/power-sharpening/Subtree-Prefetching-Power-Sharpening/case_studies/logs-entropycut/mbpp/2026-09-21/vllm/dataset-mbpp.model-qwen3.5-9b.alpha4.0.steps100.blocks-1.prefetch-budget-20.rank-accept_first.cut-entropy4.0.samples20.maxnew1024.seed10086.subtreePrefetch.vllm.log,190,3,121,0.03301515982853879
/Users/jiangnanhugo/workspace/power-sharpening/Subtree-Prefetching-Power-Sharpening/case_studies/logs-entropycut/mbpp/2026-09-21/vllm/dataset-mbpp.model-qwen3.5-9b.alpha4.0.steps100.blocks-1.prefetch-budget-20.rank-accept_first.cut-entropy4.0.samples20.maxnew1024.seed10086.subtreePrefetch.vllm.log,190,4,100,0.0050513328103516915
/Users/jiangnanhugo/workspace/power-sharpening/Subtree-Prefetching-Power-Sharpening/case_studies/logs-entropycut/mbpp/2026-09-21/vllm/dataset-mbpp.model-qwen3.5-9b.alpha4.0.steps100.blocks-1.prefetch-budget-20.rank-accept_first.cut-entropy4.0.samples20.maxnew1024.seed10086.subtreePrefetch.vllm.log,190,5,58,0.035717535061224374
/Users/jiangnanhugo/workspace/power-sharpening/Subtree-Prefetching-Power-Sharpening/case_studies/logs-entropycut/mbpp/2026-09-21/vllm/dataset-mbpp.model-qwen3.5-9b.alpha4.0.steps100.blocks-1.prefetch-budget-20.rank-accept_first.cut-entropy4.0.samples20.maxnew1024.seed10086.subtreePrefetch.vllm.log,190,6,43,0.1605222699080118
/Users/jiangnanhugo/workspace/power-sharpening/Subtree-Prefetching-Power-Sharpening/case_studies/logs-entropycut/mbpp/2026-09-21/vllm/dataset-mbpp.model-qwen3.5-9b.alpha4.0.steps100.blocks-1.prefetch-budget-20.rank-accept_first.cut-entropy4.0.samples20.maxnew1024.seed10086.subtreePrefetch.vllm.log,190,7,58,0.035717535061224374
/Users/jiangnanhugo/workspace/power-sharpening/Subtree-Prefetching-Power-Sharpening/case_studies/logs-entropycut/mbpp/2026-09-21/vllm/dataset-mbpp.model-qwen3.5-9b.alpha4.0.steps100.blocks-1.prefetch-budget-20.rank-accept_first.cut-entropy4.0.samples20.maxnew1024.seed10086.subtreePrefetch.vllm.log,190,8,43,0.1605222699080118
/Users/jiangnanhugo/workspace/power-sharpening/Subtree-Prefetching-Power-Sharpening/case_studies/logs-entropycut/mbpp/2026-09-21/vllm/dataset-mbpp.model-qwen3.5-9b.alpha4.0.steps100.blocks-1.prefetch-budget-20.rank-accept_first.cut-entropy4.0.samples20.maxnew1024.seed10086.subtreePrefetch.vllm.log,190,9,123,0.14216788934147684
/Users/jiangnanhugo/workspace/power-sharpening/Subtree-Prefetching-Power-Sharpening/case_studies/logs-entropycut/mbpp/2026-09-21/vllm/dataset-mbpp.model-qwen3.5-9b.alpha4.0.steps100.blocks-1.prefetch-budget-20.rank-accept_first.cut-entropy4.0.samples20.maxnew1024.seed10086.subtreePrefetch.vllm.log,190,10,128,0.009061722332577637
/Users/jiangnanhugo/workspace/power-sharpening/Subtree-Prefetching-Power-Sharpening/case_studies/logs-entropycut/mbpp/2026-09-21/vllm/dataset-mbpp.model-qwen3.5-9b.alpha4.0.steps100.blocks-1.prefetch-budget-20.rank-accept_first.cut-entropy4.0.samples20.maxnew1024.seed10086.subtreePrefetch.vllm.log,190,11,47,0.03400658763616575
/Users/jiangnanhugo/workspace/power-sharpening/Subtree-Prefetching-Power-Sharpening/case_studies/logs-entropycut/mbpp/2026-09-21/vllm/dataset-mbpp.model-qwen3.5-9b.alpha4.0.steps100.blocks-1.prefetch-budget-20.rank-accept_first.cut-entropy4.0.samples20.maxnew1024.seed10086.subtreePrefetch.vllm.log,190,12,43,0.1605222699080118
/Users/jiangnanhugo/workspace/power-sharpening/Subtree-Prefetching-Power-Sharpening/case_studies/logs-entropycut/mbpp/2026-09-21/vllm/dataset-mbpp.model-qwen3.5-9b.alpha4.0.steps100.blocks-1.prefetch-budget-20.rank-accept_first.cut-entropy4.0.samples20.maxnew1024.seed10086.subtreePrefetch.vllm.log,190,13,43,0.1605222699080118
/Users/jiangnanhugo/workspace/power-sharpening/Subtree-Prefetching-Power-Sharpening/case_studies/logs-entropycut/mbpp/2026-09-21/vllm/dataset-mbpp.model-qwen3.5-9b.alpha4.0.steps100.blocks-1.prefetch-budget-20.rank-accept_first.cut-entropy4.0.samples20.maxnew1024.seed10086.subtreePrefetch.vllm.log,190,14,43,0.1605222699080118
/Users/jiangnanhugo/workspace/power-sharpening/Subtree-Prefetching-Power-Sharpening/case_studies/logs-entropycut/mbpp/2026-09-21/vllm/dataset-mbpp.model-qwen3.5-9b.alpha4.0.steps100.blocks-1.prefetch-budget-20.rank-accept_first.cut-entropy4.0.samples20.maxnew1024.seed10086.subtreePrefetch.vllm.log,190,15,275,0.012742279315787869
/Users/jiangnanhugo/workspace/power-sharpening/Subtree-Prefetching-Power-Sharpening/case_studies/logs-entropycut/mbpp/2026-09-21/vllm/dataset-mbpp.model-qwen3.5-9b.alpha4.0.steps100.blocks-1.prefetch-budget-20.rank-accept_first.cut-entropy4.0.samples20.maxnew1024.seed10086.subtreePrefetch.vllm.log,190,16,123,0.14216788934147684
/Users/jiangnanhugo/workspace/power-sharpening/Subtree-Prefetching-Power-Sharpening/case_studies/logs-entropycut/mbpp/2026-09-21/vllm/dataset-mbpp.model-qwen3.5-9b.alpha4.0.steps100.blocks-1.prefetch-budget-20.rank-accept_first.cut-entropy4.0.samples20.maxnew1024.seed10086.subtreePrefetch.vllm.log,190,17,105,0.022365917452502146
/Users/jiangnanhugo/workspace/power-sharpening/Subtree-Prefetching-Power-Sharpening/case_studies/logs-entropycut/mbpp/2026-09-21/vllm/dataset-mbpp.model-qwen3.5-9b.alpha4.0.steps100.blocks-1.prefetch-budget-20.rank-accept_first.cut-entropy4.0.samples20.maxnew1024.seed10086.subtreePrefetch.vllm.log,190,18,47,0.03400658763616575
/Users/jiangnanhugo/workspace/power-sharpening/Subtree-Prefetching-Power-Sharpening/case_studies/logs-entropycut/mbpp/2026-09-21/vllm/dataset-mbpp.model-qwen3.5-9b.alpha4.0.steps100.blocks-1.prefetch-budget-20.rank-accept_first.cut-entropy4.0.samples20.maxnew1024.seed10086.subtreePrefetch.vllm.log,190,19,43,0.1605222699080118
/Users/jiangnanhugo/workspace/power-sharpening/Subtree-Prefetching-Power-Sharpening/case_studies/logs-entropycut/mbpp/2026-09-21/vllm/dataset-mbpp.model-qwen3.5-9b.alpha4.0.steps100.blocks-1.prefetch-budget-20.rank-accept_first.cut-entropy4.0.samples20.maxnew1024.seed10086.subtreePrefetch.vllm.log,191,0,304,0.08833656077087085
/Users/jiangnanhugo/workspace/power-sharpening/Subtree-Prefetching-Power-Sharpening/case_studies/logs-entropycut/mbpp/2026-09-21/vllm/dataset-mbpp.model-qwen3.5-9b.alpha4.0.steps100.blocks-1.prefetch-budget-20.rank-accept_first.cut-entropy4.0.samples20.maxnew1024.seed10086.subtreePrefetch.vllm.log,191,1,380,0.08334652468752374
/Users/jiangnanhugo/workspace/power-sharpening/Subtree-Prefetching-Power-Sharpening/case_studies/logs-entropycut/mbpp/2026-09-21/vllm/dataset-mbpp.model-qwen3.5-9b.alpha4.0.steps100.blocks-1.prefetch-budget-20.rank-accept_first.cut-entropy4.0.samples20.maxnew1024.seed10086.subtreePrefetch.vllm.log,191,2,47,0.015225417209922314
/Users/jiangnanhugo/workspace/power-sharpening/Subtree-Prefetching-Power-Sharpening/case_studies/logs-entropycut/mbpp/2026-09-21/vllm/dataset-mbpp.model-qwen3.5-9b.alpha4.0.steps100.blocks-1.prefetch-budget-20.rank-accept_first.cut-entropy4.0.samples20.maxnew1024.seed10086.subtreePrefetch.vllm.log,191,3,121,0.014781535507761002
/Users/jiangnanhugo/workspace/power-sharpening/Subtree-Prefetching-Power-Sharpening/case_studies/logs-entropycut/mbpp/2026-09-21/vllm/dataset-mbpp.model-qwen3.5-9b.alpha4.0.steps100.blocks-1.prefetch-budget-20.rank-accept_first.cut-entropy4.0.samples20.maxnew1024.seed10086.subtreePrefetch.vllm.log,191,4,356,0.04350946760742383
/Users/jiangnanhugo/workspace/power-sharpening/Subtree-Prefetching-Power-Sharpening/case_studies/logs-entropycut/mbpp/2026-09-21/vllm/dataset-mbpp.model-qwen3.5-9b.alpha4.0.steps100.blocks-1.prefetch-budget-20.rank-accept_first.cut-entropy4.0.samples20.maxnew1024.seed10086.subtreePrefetch.vllm.log,191,5,58,0.015991441976931163
/Users/jiangnanhugo/workspace/power-sharpening/Subtree-Prefetching-Power-Sharpening/case_studies/logs-entropycut/mbpp/2026-09-21/vllm/dataset-mbpp.model-qwen3.5-9b.alpha4.0.steps100.blocks-1.prefetch-budget-20.rank-accept_first.cut-entropy4.0.samples20.maxnew1024.seed10086.subtreePrefetch.vllm.log,191,6,304,0.08833656077087085
/Users/jiangnanhugo/workspace/power-sharpening/Subtree-Prefetching-Power-Sharpening/case_studies/logs-entropycut/mbpp/2026-09-21/vllm/dataset-mbpp.model-qwen3.5-9b.alpha4.0.steps100.blocks-1.prefetch-budget-20.rank-accept_first.cut-entropy4.0.samples20.maxnew1024.seed10086.subtreePrefetch.vllm.log,191,7,553,0.011040681017176075
/Users/jiangnanhugo/workspace/power-sharpening/Subtree-Prefetching-Power-Sharpening/case_studies/logs-entropycut/mbpp/2026-09-21/vllm/dataset-mbpp.model-qwen3.5-9b.alpha4.0.steps100.blocks-1.prefetch-budget-20.rank-accept_first.cut-entropy4.0.samples20.maxnew1024.seed10086.subtreePrefetch.vllm.log,191,8,304,0.08833656077087085
/Users/jiangnanhugo/workspace/power-sharpening/Subtree-Prefetching-Power-Sharpening/case_studies/logs-entropycut/mbpp/2026-09-21/vllm/dataset-mbpp.model-qwen3.5-9b.alpha4.0.steps100.blocks-1.prefetch-budget-20.rank-accept_first.cut-entropy4.0.samples20.maxnew1024.seed10086.subtreePrefetch.vllm.log,191,9,245,0.0008428580997157073
/Users/jiangnanhugo/workspace/power-sharpening/Subtree-Prefetching-Power-Sharpening/case_studies/logs-entropycut/mbpp/2026-09-21/vllm/dataset-mbpp.model-qwen3.5-9b.alpha4.0.steps100.blocks-1.prefetch-budget-20.rank-accept_first.cut-entropy4.0.samples20.maxnew1024.seed10086.subtreePrefetch.vllm.log,191,10,43,0.07186897306432599
/Users/jiangnanhugo/workspace/power-sharpening/Subtree-Prefetching-Power-Sharpening/case_studies/logs-entropycut/mbpp/2026-09-21/vllm/dataset-mbpp.model-qwen3.5-9b.alpha4.0.steps100.blocks-1.prefetch-budget-20.rank-accept_first.cut-entropy4.0.samples20.maxnew1024.seed10086.subtreePrefetch.vllm.log,191,11,356,0.04350946760742383
/Users/jiangnanhugo/workspace/power-sharpening/Subtree-Prefetching-Power-Sharpening/case_studies/logs-entropycut/mbpp/2026-09-21/vllm/dataset-mbpp.model-qwen3.5-9b.alpha4.0.steps100.blocks-1.prefetch-budget-20.rank-accept_first.cut-entropy4.0.samples20.maxnew1024.seed10086.subtreePrefetch.vllm.log,191,12,5,0.006461120544120532
/Users/jiangnanhugo/workspace/power-sharpening/Subtree-Prefetching-Power-Sharpening/case_studies/logs-entropycut/mbpp/2026-09-21/vllm/dataset-mbpp.model-qwen3.5-9b.alpha4.0.steps100.blocks-1.prefetch-budget-20.rank-accept_first.cut-entropy4.0.samples20.maxnew1024.seed10086.subtreePrefetch.vllm.log,191,13,123,0.06365135638531558
/Users/jiangnanhugo/workspace/power-sharpening/Subtree-Prefetching-Power-Sharpening/case_studies/logs-entropycut/mbpp/2026-09-21/vllm/dataset-mbpp.model-qwen3.5-9b.alpha4.0.steps100.blocks-1.prefetch-budget-20.rank-accept_first.cut-entropy4.0.samples20.maxnew1024.seed10086.subtreePrefetch.vllm.log,191,14,304,0.08833656077087085
/Users/jiangnanhugo/workspace/power-sharpening/Subtree-Prefetching-Power-Sharpening/case_studies/logs-entropycut/mbpp/2026-09-21/vllm/dataset-mbpp.model-qwen3.5-9b.alpha4.0.steps100.blocks-1.prefetch-budget-20.rank-accept_first.cut-entropy4.0.samples20.maxnew1024.seed10086.subtreePrefetch.vllm.log,191,15,121,0.014781535507761002
/Users/jiangnanhugo/workspace/power-sharpening/Subtree-Prefetching-Power-Sharpening/case_studies/logs-entropycut/mbpp/2026-09-21/vllm/dataset-mbpp.model-qwen3.5-9b.alpha4.0.steps100.blocks-1.prefetch-budget-20.rank-accept_first.cut-entropy4.0.samples20.maxnew1024.seed10086.subtreePrefetch.vllm.log,191,16,474,0.25358169337774494
/Users/jiangnanhugo/workspace/power-sharpening/Subtree-Prefetching-Power-Sharpening/case_studies/logs-entropycut/mbpp/2026-09-21/vllm/dataset-mbpp.model-qwen3.5-9b.alpha4.0.steps100.blocks-1.prefetch-budget-20.rank-accept_first.cut-entropy4.0.samples20.maxnew1024.seed10086.subtreePrefetch.vllm.log,191,17,58,0.015991441976931163
/Users/jiangnanhugo/workspace/power-sharpening/Subtree-Prefetching-Power-Sharpening/case_studies/logs-entropycut/mbpp/2026-09-21/vllm/dataset-mbpp.model-qwen3.5-9b.alpha4.0.steps100.blocks-1.prefetch-budget-20.rank-accept_first.cut-entropy4.0.samples20.maxnew1024.seed10086.subtreePrefetch.vllm.log,191,18,164,0.0038217395482282395
/Users/jiangnanhugo/workspace/power-sharpening/Subtree-Prefetching-Power-Sharpening/case_studies/logs-entropycut/mbpp/2026-09-21/vllm/dataset-mbpp.model-qwen3.5-9b.alpha4.0.steps100.blocks-1.prefetch-budget-20.rank-accept_first.cut-entropy4.0.samples20.maxnew1024.seed10086.subtreePrefetch.vllm.log,191,19,276,0.04365016278262723
/Users/jiangnanhugo/workspace/power-sharpening/Subtree-Prefetching-Power-Sharpening/case_studies/logs-entropycut/mbpp/2026-09-21/vllm/dataset-mbpp.model-qwen3.5-9b.alpha4.0.steps100.blocks-1.prefetch-budget-20.rank-accept_first.cut-entropy4.0.samples20.maxnew1024.seed10086.subtreePrefetch.vllm.log,192,0,380,0.09813982194796703
/Users/jiangnanhugo/workspace/power-sharpening/Subtree-Prefetching-Power-Sharpening/case_studies/logs-entropycut/mbpp/2026-09-21/vllm/dataset-mbpp.model-qwen3.5-9b.alpha4.0.steps100.blocks-1.prefetch-budget-20.rank-accept_first.cut-entropy4.0.samples20.maxnew1024.seed10086.subtreePrefetch.vllm.log,192,1,123,0.0679157722617902
/Users/jiangnanhugo/workspace/power-sharpening/Subtree-Prefetching-Power-Sharpening/case_studies/logs-entropycut/mbpp/2026-09-21/vllm/dataset-mbpp.model-qwen3.5-9b.alpha4.0.steps100.blocks-1.prefetch-budget-20.rank-accept_first.cut-entropy4.0.samples20.maxnew1024.seed10086.subtreePrefetch.vllm.log,192,2,121,0.01577184613549354
/Users/jiangnanhugo/workspace/power-sharpening/Subtree-Prefetching-Power-Sharpening/case_studies/logs-entropycut/mbpp/2026-09-21/vllm/dataset-mbpp.model-qwen3.5-9b.alpha4.0.steps100.blocks-1.prefetch-budget-20.rank-accept_first.cut-entropy4.0.samples20.maxnew1024.seed10086.subtreePrefetch.vllm.log,192,3,123,0.0679157722617902
/Users/jiangnanhugo/workspace/power-sharpening/Subtree-Prefetching-Power-Sharpening/case_studies/logs-entropycut/mbpp/2026-09-21/vllm/dataset-mbpp.model-qwen3.5-9b.alpha4.0.steps100.blocks-1.prefetch-budget-20.rank-accept_first.cut-entropy4.0.samples20.maxnew1024.seed10086.subtreePrefetch.vllm.log,192,4,43,0.07668394020982022
/Users/jiangnanhugo/workspace/power-sharpening/Subtree-Prefetching-Power-Sharpening/case_studies/logs-entropycut/mbpp/2026-09-21/vllm/dataset-mbpp.model-qwen3.5-9b.alpha4.0.steps100.blocks-1.prefetch-budget-20.rank-accept_first.cut-entropy4.0.samples20.maxnew1024.seed10086.subtreePrefetch.vllm.log,192,5,260,0.008929567686506466
/Users/jiangnanhugo/workspace/power-sharpening/Subtree-Prefetching-Power-Sharpening/case_studies/logs-entropycut/mbpp/2026-09-21/vllm/dataset-mbpp.model-qwen3.5-9b.alpha4.0.steps100.blocks-1.prefetch-budget-20.rank-accept_first.cut-entropy4.0.samples20.maxnew1024.seed10086.subtreePrefetch.vllm.log,192,6,123,0.0679157722617902
/Users/jiangnanhugo/workspace/power-sharpening/Subtree-Prefetching-Power-Sharpening/case_studies/logs-entropycut/mbpp/2026-09-21/vllm/dataset-mbpp.model-qwen3.5-9b.alpha4.0.steps100.blocks-1.prefetch-budget-20.rank-accept_first.cut-entropy4.0.samples20.maxnew1024.seed10086.subtreePrefetch.vllm.log,192,7,304,0.10679766534028777
/Users/jiangnanhugo/workspace/power-sharpening/Subtree-Prefetching-Power-Sharpening/case_studies/logs-entropycut/mbpp/2026-09-21/vllm/dataset-mbpp.model-qwen3.5-9b.alpha4.0.steps100.blocks-1.prefetch-budget-20.rank-accept_first.cut-entropy4.0.samples20.maxnew1024.seed10086.subtreePrefetch.vllm.log,192,8,123,0.0679157722617902
/Users/jiangnanhugo/workspace/power-sharpening/Subtree-Prefetching-Power-Sharpening/case_studies/logs-entropycut/mbpp/2026-09-21/vllm/dataset-mbpp.model-qwen3.5-9b.alpha4.0.steps100.blocks-1.prefetch-budget-20.rank-accept_first.cut-entropy4.0.samples20.maxnew1024.seed10086.subtreePrefetch.vllm.log,192,9,121,0.01577184613549354
/Users/jiangnanhugo/workspace/power-sharpening/Subtree-Prefetching-Power-Sharpening/case_studies/logs-entropycut/mbpp/2026-09-21/vllm/dataset-mbpp.model-qwen3.5-9b.alpha4.0.steps100.blocks-1.prefetch-budget-20.rank-accept_first.cut-entropy4.0.samples20.maxnew1024.seed10086.subtreePrefetch.vllm.log,192,10,43,0.07668394020982022
/Users/jiangnanhugo/workspace/power-sharpening/Subtree-Prefetching-Power-Sharpening/case_studies/logs-entropycut/mbpp/2026-09-21/vllm/dataset-mbpp.model-qwen3.5-9b.alpha4.0.steps100.blocks-1.prefetch-budget-20.rank-accept_first.cut-entropy4.0.samples20.maxnew1024.seed10086.subtreePrefetch.vllm.log,192,11,474,0.29280761680290984
/Users/jiangnanhugo/workspace/power-sharpening/Subtree-Prefetching-Power-Sharpening/case_studies/logs-entropycut/mbpp/2026-09-21/vllm/dataset-mbpp.model-qwen3.5-9b.alpha4.0.steps100.blocks-1.prefetch-budget-20.rank-accept_first.cut-entropy4.0.samples20.maxnew1024.seed10086.subtreePrefetch.vllm.log,192,12,43,0.07668394020982022
/Users/jiangnanhugo/workspace/power-sharpening/Subtree-Prefetching-Power-Sharpening/case_studies/logs-entropycut/mbpp/2026-09-21/vllm/dataset-mbpp.model-qwen3.5-9b.alpha4.0.steps100.blocks-1.prefetch-budget-20.rank-accept_first.cut-entropy4.0.samples20.maxnew1024.seed10086.subtreePrefetch.vllm.log,192,13,123,0.0679157722617902
/Users/jiangnanhugo/workspace/power-sharpening/Subtree-Prefetching-Power-Sharpening/case_studies/logs-entropycut/mbpp/2026-09-21/vllm/dataset-mbpp.model-qwen3.5-9b.alpha4.0.steps100.blocks-1.prefetch-budget-20.rank-accept_first.cut-entropy4.0.samples20.maxnew1024.seed10086.subtreePrefetch.vllm.log,192,14,43,0.07668394020982022
/Users/jiangnanhugo/workspace/power-sharpening/Subtree-Prefetching-Power-Sharpening/case_studies/logs-entropycut/mbpp/2026-09-21/vllm/dataset-mbpp.model-qwen3.5-9b.alpha4.0.steps100.blocks-1.prefetch-budget-20.rank-accept_first.cut-entropy4.0.samples20.maxnew1024.seed10086.subtreePrefetch.vllm.log,192,15,474,0.29280761680290984
/Users/jiangnanhugo/workspace/power-sharpening/Subtree-Prefetching-Power-Sharpening/case_studies/logs-entropycut/mbpp/2026-09-21/vllm/dataset-mbpp.model-qwen3.5-9b.alpha4.0.steps100.blocks-1.prefetch-budget-20.rank-accept_first.cut-entropy4.0.samples20.maxnew1024.seed10086.subtreePrefetch.vllm.log,192,16,425,0.06351829323225831
/Users/jiangnanhugo/workspace/power-sharpening/Subtree-Prefetching-Power-Sharpening/case_studies/logs-entropycut/mbpp/2026-09-21/vllm/dataset-mbpp.model-qwen3.5-9b.alpha4.0.steps100.blocks-1.prefetch-budget-20.rank-accept_first.cut-entropy4.0.samples20.maxnew1024.seed10086.subtreePrefetch.vllm.log,192,17,43,0.07668394020982022
/Users/jiangnanhugo/workspace/power-sharpening/Subtree-Prefetching-Power-Sharpening/case_studies/logs-entropycut/mbpp/2026-09-21/vllm/dataset-mbpp.model-qwen3.5-9b.alpha4.0.steps100.blocks-1.prefetch-budget-20.rank-accept_first.cut-entropy4.0.samples20.maxnew1024.seed10086.subtreePrefetch.vllm.log,192,18,68,0.013642977883052389
/Users/jiangnanhugo/workspace/power-sharpening/Subtree-Prefetching-Power-Sharpening/case_studies/logs-entropycut/mbpp/2026-09-21/vllm/dataset-mbpp.model-qwen3.5-9b.alpha4.0.steps100.blocks-1.prefetch-budget-20.rank-accept_first.cut-entropy4.0.samples20.maxnew1024.seed10086.subtreePrefetch.vllm.log,192,19,123,0.0679157722617902
/Users/jiangnanhugo/workspace/power-sharpening/Subtree-Prefetching-Power-Sharpening/case_studies/logs-entropycut/mbpp/2026-09-21/vllm/dataset-mbpp.model-qwen3.5-9b.alpha4.0.steps100.blocks-1.prefetch-budget-20.rank-accept_first.cut-entropy4.0.samples20.maxnew1024.seed10086.subtreePrefetch.vllm.log,193,0,537,0.11445987039265529
/Users/jiangnanhugo/workspace/power-sharpening/Subtree-Prefetching-Power-Sharpening/case_studies/logs-entropycut/mbpp/2026-09-21/vllm/dataset-mbpp.model-qwen3.5-9b.alpha4.0.steps100.blocks-1.prefetch-budget-20.rank-accept_first.cut-entropy4.0.samples20.maxnew1024.seed10086.subtreePrefetch.vllm.log,193,1,43,0.08412292068372755
/Users/jiangnanhugo/workspace/power-sharpening/Subtree-Prefetching-Power-Sharpening/case_studies/logs-entropycut/mbpp/2026-09-21/vllm/dataset-mbpp.model-qwen3.5-9b.alpha4.0.steps100.blocks-1.prefetch-budget-20.rank-accept_first.cut-entropy4.0.samples20.maxnew1024.seed10086.subtreePrefetch.vllm.log,193,2,537,0.11445987039265529
/Users/jiangnanhugo/workspace/power-sharpening/Subtree-Prefetching-Power-Sharpening/case_studies/logs-entropycut/mbpp/2026-09-21/vllm/dataset-mbpp.model-qwen3.5-9b.alpha4.0.steps100.blocks-1.prefetch-budget-20.rank-accept_first.cut-entropy4.0.samples20.maxnew1024.seed10086.subtreePrefetch.vllm.log,193,3,43,0.08412292068372755
/Users/jiangnanhugo/workspace/power-sharpening/Subtree-Prefetching-Power-Sharpening/case_studies/logs-entropycut/mbpp/2026-09-21/vllm/dataset-mbpp.model-qwen3.5-9b.alpha4.0.steps100.blocks-1.prefetch-budget-20.rank-accept_first.cut-entropy4.0.samples20.maxnew1024.seed10086.subtreePrefetch.vllm.log,193,4,891,0.21398687076624434
/Users/jiangnanhugo/workspace/power-sharpening/Subtree-Prefetching-Power-Sharpening/case_studies/logs-entropycut/mbpp/2026-09-21/vllm/dataset-mbpp.model-qwen3.5-9b.alpha4.0.steps100.blocks-1.prefetch-budget-20.rank-accept_first.cut-entropy4.0.samples20.maxnew1024.seed10086.subtreePrefetch.vllm.log,193,5,537,0.11445987039265529
/Users/jiangnanhugo/workspace/power-sharpening/Subtree-Prefetching-Power-Sharpening/case_studies/logs-entropycut/mbpp/2026-09-21/vllm/dataset-mbpp.model-qwen3.5-9b.alpha4.0.steps100.blocks-1.prefetch-budget-20.rank-accept_first.cut-entropy4.0.samples20.maxnew1024.seed10086.subtreePrefetch.vllm.log,193,6,5,0.0075627674625957375
/Users/jiangnanhugo/workspace/power-sharpening/Subtree-Prefetching-Power-Sharpening/case_studies/logs-entropycut/mbpp/2026-09-21/vllm/dataset-mbpp.model-qwen3.5-9b.alpha4.0.steps100.blocks-1.prefetch-budget-20.rank-accept_first.cut-entropy4.0.samples20.maxnew1024.seed10086.subtreePrefetch.vllm.log,193,7,276,0.08196223119266173
/Users/jiangnanhugo/workspace/power-sharpening/Subtree-Prefetching-Power-Sharpening/case_studies/logs-entropycut/mbpp/2026-09-21/vllm/dataset-mbpp.model-qwen3.5-9b.alpha4.0.steps100.blocks-1.prefetch-budget-20.rank-accept_first.cut-entropy4.0.samples20.maxnew1024.seed10086.subtreePrefetch.vllm.log,193,8,43,0.08412292068372755
/Users/jiangnanhugo/workspace/power-sharpening/Subtree-Prefetching-Power-Sharpening/case_studies/logs-entropycut/mbpp/2026-09-21/vllm/dataset-mbpp.model-qwen3.5-9b.alpha4.0.steps100.blocks-1.prefetch-budget-20.rank-accept_first.cut-entropy4.0.samples20.maxnew1024.seed10086.subtreePrefetch.vllm.log,193,9,43,0.08412292068372755
/Users/jiangnanhugo/workspace/power-sharpening/Subtree-Prefetching-Power-Sharpening/case_studies/logs-entropycut/mbpp/2026-09-21/vllm/dataset-mbpp.model-qwen3.5-9b.alpha4.0.steps100.blocks-1.prefetch-budget-20.rank-accept_first.cut-entropy4.0.samples20.maxnew1024.seed10086.subtreePrefetch.vllm.log,193,10,276,0.08196223119266173
/Users/jiangnanhugo/workspace/power-sharpening/Subtree-Prefetching-Power-Sharpening/case_studies/logs-entropycut/mbpp/2026-09-21/vllm/dataset-mbpp.model-qwen3.5-9b.alpha4.0.steps100.blocks-1.prefetch-budget-20.rank-accept_first.cut-entropy4.0.samples20.maxnew1024.seed10086.subtreePrefetch.vllm.log,193,11,891,0.21398687076624434
/Users/jiangnanhugo/workspace/power-sharpening/Subtree-Prefetching-Power-Sharpening/case_studies/logs-entropycut/mbpp/2026-09-21/vllm/dataset-mbpp.model-qwen3.5-9b.alpha4.0.steps100.blocks-1.prefetch-budget-20.rank-accept_first.cut-entropy4.0.samples20.maxnew1024.seed10086.subtreePrefetch.vllm.log,193,12,43,0.08412292068372755
/Users/jiangnanhugo/workspace/power-sharpening/Subtree-Prefetching-Power-Sharpening/case_studies/logs-entropycut/mbpp/2026-09-21/vllm/dataset-mbpp.model-qwen3.5-9b.alpha4.0.steps100.blocks-1.prefetch-budget-20.rank-accept_first.cut-entropy4.0.samples20.maxnew1024.seed10086.subtreePrefetch.vllm.log,193,13,43,0.08412292068372755
/Users/jiangnanhugo/workspace/power-sharpening/Subtree-Prefetching-Power-Sharpening/case_studies/logs-entropycut/mbpp/2026-09-21/vllm/dataset-mbpp.model-qwen3.5-9b.alpha4.0.steps100.blocks-1.prefetch-budget-20.rank-accept_first.cut-entropy4.0.samples20.maxnew1024.seed10086.subtreePrefetch.vllm.log,193,14,58,0.01871804685228707
/Users/jiangnanhugo/workspace/power-sharpening/Subtree-Prefetching-Power-Sharpening/case_studies/logs-entropycut/mbpp/2026-09-21/vllm/dataset-mbpp.model-qwen3.5-9b.alpha4.0.steps100.blocks-1.prefetch-budget-20.rank-accept_first.cut-entropy4.0.samples20.maxnew1024.seed10086.subtreePrefetch.vllm.log,193,15,276,0.08196223119266173
/Users/jiangnanhugo/workspace/power-sharpening/Subtree-Prefetching-Power-Sharpening/case_studies/logs-entropycut/mbpp/2026-09-21/vllm/dataset-mbpp.model-qwen3.5-9b.alpha4.0.steps100.blocks-1.prefetch-budget-20.rank-accept_first.cut-entropy4.0.samples20.maxnew1024.seed10086.subtreePrefetch.vllm.log,193,16,703,0.0017863314426026537
/Users/jiangnanhugo/workspace/power-sharpening/Subtree-Prefetching-Power-Sharpening/case_studies/logs-entropycut/mbpp/2026-09-21/vllm/dataset-mbpp.model-qwen3.5-9b.alpha4.0.steps100.blocks-1.prefetch-budget-20.rank-accept_first.cut-entropy4.0.samples20.maxnew1024.seed10086.subtreePrefetch.vllm.log,193,17,31,0.006255956787026099
/Users/jiangnanhugo/workspace/power-sharpening/Subtree-Prefetching-Power-Sharpening/case_studies/logs-entropycut/mbpp/2026-09-21/vllm/dataset-mbpp.model-qwen3.5-9b.alpha4.0.steps100.blocks-1.prefetch-budget-20.rank-accept_first.cut-entropy4.0.samples20.maxnew1024.seed10086.subtreePrefetch.vllm.log,193,18,245,0.0004128363633910542
/Users/jiangnanhugo/workspace/power-sharpening/Subtree-Prefetching-Power-Sharpening/case_studies/logs-entropycut/mbpp/2026-09-21/vllm/dataset-mbpp.model-qwen3.5-9b.alpha4.0.steps100.blocks-1.prefetch-budget-20.rank-accept_first.cut-entropy4.0.samples20.maxnew1024.seed10086.subtreePrefetch.vllm.log,193,19,43,0.08412292068372755
/Users/jiangnanhugo/workspace/power-sharpening/Subtree-Prefetching-Power-Sharpening/case_studies/logs-entropycut/mbpp/2026-09-21/vllm/dataset-mbpp.model-qwen3.5-9b.alpha4.0.steps100.blocks-1.prefetch-budget-20.rank-accept_first.cut-entropy4.0.samples20.maxnew1024.seed10086.subtreePrefetch.vllm.log,194,0,121,0.02339761377897944
/Users/jiangnanhugo/workspace/power-sharpening/Subtree-Prefetching-Power-Sharpening/case_studies/logs-entropycut/mbpp/2026-09-21/vllm/dataset-mbpp.model-qwen3.5-9b.alpha4.0.steps100.blocks-1.prefetch-budget-20.rank-accept_first.cut-entropy4.0.samples20.maxnew1024.seed10086.subtreePrefetch.vllm.log,194,1,569,0.13350240574769656
/Users/jiangnanhugo/workspace/power-sharpening/Subtree-Prefetching-Power-Sharpening/case_studies/logs-entropycut/mbpp/2026-09-21/vllm/dataset-mbpp.model-qwen3.5-9b.alpha4.0.steps100.blocks-1.prefetch-budget-20.rank-accept_first.cut-entropy4.0.samples20.maxnew1024.seed10086.subtreePrefetch.vllm.log,194,2,569,0.13350240574769656
/Users/jiangnanhugo/workspace/power-sharpening/Subtree-Prefetching-Power-Sharpening/case_studies/logs-entropycut/mbpp/2026-09-21/vllm/dataset-mbpp.model-qwen3.5-9b.alpha4.0.steps100.blocks-1.prefetch-budget-20.rank-accept_first.cut-entropy4.0.samples20.maxnew1024.seed10086.subtreePrefetch.vllm.log,194,3,68,0.020239426923170996
/Users/jiangnanhugo/workspace/power-sharpening/Subtree-Prefetching-Power-Sharpening/case_studies/logs-entropycut/mbpp/2026-09-21/vllm/dataset-mbpp.model-qwen3.5-9b.alpha4.0.steps100.blocks-1.prefetch-budget-20.rank-accept_first.cut-entropy4.0.samples20.maxnew1024.seed10086.subtreePrefetch.vllm.log,194,4,537,0.15168039806533418
/Users/jiangnanhugo/workspace/power-sharpening/Subtree-Prefetching-Power-Sharpening/case_studies/logs-entropycut/mbpp/2026-09-21/vllm/dataset-mbpp.model-qwen3.5-9b.alpha4.0.steps100.blocks-1.prefetch-budget-20.rank-accept_first.cut-entropy4.0.samples20.maxnew1024.seed10086.subtreePrefetch.vllm.log,194,5,43,0.11376101444725258
/Users/jiangnanhugo/workspace/power-sharpening/Subtree-Prefetching-Power-Sharpening/case_studies/logs-entropycut/mbpp/2026-09-21/vllm/dataset-mbpp.model-qwen3.5-9b.alpha4.0.steps100.blocks-1.prefetch-budget-20.rank-accept_first.cut-entropy4.0.samples20.maxnew1024.seed10086.subtreePrefetch.vllm.log,194,6,537,0.15168039806533418
/Users/jiangnanhugo/workspace/power-sharpening/Subtree-Prefetching-Power-Sharpening/case_studies/logs-entropycut/mbpp/2026-09-21/vllm/dataset-mbpp.model-qwen3.5-9b.alpha4.0.steps100.blocks-1.prefetch-budget-20.rank-accept_first.cut-entropy4.0.samples20.maxnew1024.seed10086.subtreePrefetch.vllm.log,194,7,537,0.15168039806533418
/Users/jiangnanhugo/workspace/power-sharpening/Subtree-Prefetching-Power-Sharpening/case_studies/logs-entropycut/mbpp/2026-09-21/vllm/dataset-mbpp.model-qwen3.5-9b.alpha4.0.steps100.blocks-1.prefetch-budget-20.rank-accept_first.cut-entropy4.0.samples20.maxnew1024.seed10086.subtreePrefetch.vllm.log,194,8,304,0.047887405774852926
/Users/jiangnanhugo/workspace/power-sharpening/Subtree-Prefetching-Power-Sharpening/case_studies/logs-entropycut/mbpp/2026-09-21/vllm/dataset-mbpp.model-qwen3.5-9b.alpha4.0.steps100.blocks-1.prefetch-budget-20.rank-accept_first.cut-entropy4.0.samples20.maxnew1024.seed10086.subtreePrefetch.vllm.log,194,9,123,0.10767600154235829
/Users/jiangnanhugo/workspace/power-sharpening/Subtree-Prefetching-Power-Sharpening/case_studies/logs-entropycut/mbpp/2026-09-21/vllm/dataset-mbpp.model-qwen3.5-9b.alpha4.0.steps100.blocks-1.prefetch-budget-20.rank-accept_first.cut-entropy4.0.samples20.maxnew1024.seed10086.subtreePrefetch.vllm.log,194,10,276,0.11083907324013145
/Users/jiangnanhugo/workspace/power-sharpening/Subtree-Prefetching-Power-Sharpening/case_studies/logs-entropycut/mbpp/2026-09-21/vllm/dataset-mbpp.model-qwen3.5-9b.alpha4.0.steps100.blocks-1.prefetch-budget-20.rank-accept_first.cut-entropy4.0.samples20.maxnew1024.seed10086.subtreePrefetch.vllm.log,194,11,68,0.020239426923170996
/Users/jiangnanhugo/workspace/power-sharpening/Subtree-Prefetching-Power-Sharpening/case_studies/logs-entropycut/mbpp/2026-09-21/vllm/dataset-mbpp.model-qwen3.5-9b.alpha4.0.steps100.blocks-1.prefetch-budget-20.rank-accept_first.cut-entropy4.0.samples20.maxnew1024.seed10086.subtreePrefetch.vllm.log,194,12,276,0.11083907324013145
/Users/jiangnanhugo/workspace/power-sharpening/Subtree-Prefetching-Power-Sharpening/case_studies/logs-entropycut/mbpp/2026-09-21/vllm/dataset-mbpp.model-qwen3.5-9b.alpha4.0.steps100.blocks-1.prefetch-budget-20.rank-accept_first.cut-entropy4.0.samples20.maxnew1024.seed10086.subtreePrefetch.vllm.log,194,13,43,0.11376101444725258
/Users/jiangnanhugo/workspace/power-sharpening/Subtree-Prefetching-Power-Sharpening/case_studies/logs-entropycut/mbpp/2026-09-21/vllm/dataset-mbpp.model-qwen3.5-9b.alpha4.0.steps100.blocks-1.prefetch-budget-20.rank-accept_first.cut-entropy4.0.samples20.maxnew1024.seed10086.subtreePrefetch.vllm.log,194,14,260,0.014020835822137133
/Users/jiangnanhugo/workspace/power-sharpening/Subtree-Prefetching-Power-Sharpening/case_studies/logs-entropycut/mbpp/2026-09-21/vllm/dataset-mbpp.model-qwen3.5-9b.alpha4.0.steps100.blocks-1.prefetch-budget-20.rank-accept_first.cut-entropy4.0.samples20.maxnew1024.seed10086.subtreePrefetch.vllm.log,194,15,123,0.10767600154235829
/Users/jiangnanhugo/workspace/power-sharpening/Subtree-Prefetching-Power-Sharpening/case_studies/logs-entropycut/mbpp/2026-09-21/vllm/dataset-mbpp.model-qwen3.5-9b.alpha4.0.steps100.blocks-1.prefetch-budget-20.rank-accept_first.cut-entropy4.0.samples20.maxnew1024.seed10086.subtreePrefetch.vllm.log,194,16,444,0.0015770401363094098
/Users/jiangnanhugo/workspace/power-sharpening/Subtree-Prefetching-Power-Sharpening/case_studies/logs-entropycut/mbpp/2026-09-21/vllm/dataset-mbpp.model-qwen3.5-9b.alpha4.0.steps100.blocks-1.prefetch-budget-20.rank-accept_first.cut-entropy4.0.samples20.maxnew1024.seed10086.subtreePrefetch.vllm.log,194,17,58,0.025312768280990994
/Users/jiangnanhugo/workspace/power-sharpening/Subtree-Prefetching-Power-Sharpening/case_studies/logs-entropycut/mbpp/2026-09-21/vllm/dataset-mbpp.model-qwen3.5-9b.alpha4.0.steps100.blocks-1.prefetch-budget-20.rank-accept_first.cut-entropy4.0.samples20.maxnew1024.seed10086.subtreePrefetch.vllm.log,194,18,123,0.10767600154235829
/Users/jiangnanhugo/workspace/power-sharpening/Subtree-Prefetching-Power-Sharpening/case_studies/logs-entropycut/mbpp/2026-09-21/vllm/dataset-mbpp.model-qwen3.5-9b.alpha4.0.steps100.blocks-1.prefetch-budget-20.rank-accept_first.cut-entropy4.0.samples20.maxnew1024.seed10086.subtreePrefetch.vllm.log,194,19,276,0.11083907324013145
/Users/jiangnanhugo/workspace/power-sharpening/Subtree-Prefetching-Power-Sharpening/case_studies/logs-entropycut/mbpp/2026-09-21/vllm/dataset-mbpp.model-qwen3.5-9b.alpha4.0.steps100.blocks-1.prefetch-budget-20.rank-accept_first.cut-entropy4.0.samples20.maxnew1024.seed10086.subtreePrefetch.vllm.log,195,0,537,0.15168039806533418
/Users/jiangnanhugo/workspace/power-sharpening/Subtree-Prefetching-Power-Sharpening/case_studies/logs-entropycut/mbpp/2026-09-21/vllm/dataset-mbpp.model-qwen3.5-9b.alpha4.0.steps100.blocks-1.prefetch-budget-20.rank-accept_first.cut-entropy4.0.samples20.maxnew1024.seed10086.subtreePrefetch.vllm.log,195,1,276,0.11083907324013145
/Users/jiangnanhugo/workspace/power-sharpening/Subtree-Prefetching-Power-Sharpening/case_studies/logs-entropycut/mbpp/2026-09-21/vllm/dataset-mbpp.model-qwen3.5-9b.alpha4.0.steps100.blocks-1.prefetch-budget-20.rank-accept_first.cut-entropy4.0.samples20.maxnew1024.seed10086.subtreePrefetch.vllm.log,195,2,123,0.10767600154235829
/Users/jiangnanhugo/workspace/power-sharpening/Subtree-Prefetching-Power-Sharpening/case_studies/logs-entropycut/mbpp/2026-09-21/vllm/dataset-mbpp.model-qwen3.5-9b.alpha4.0.steps100.blocks-1.prefetch-budget-20.rank-accept_first.cut-entropy4.0.samples20.maxnew1024.seed10086.subtreePrefetch.vllm.log,195,3,444,0.0015770401363094098
/Users/jiangnanhugo/workspace/power-sharpening/Subtree-Prefetching-Power-Sharpening/case_studies/logs-entropycut/mbpp/2026-09-21/vllm/dataset-mbpp.model-qwen3.5-9b.alpha4.0.steps100.blocks-1.prefetch-budget-20.rank-accept_first.cut-entropy4.0.samples20.maxnew1024.seed10086.subtreePrefetch.vllm.log,195,4,31,0.008460048517644128
/Users/jiangnanhugo/workspace/power-sharpening/Subtree-Prefetching-Power-Sharpening/case_studies/logs-entropycut/mbpp/2026-09-21/vllm/dataset-mbpp.model-qwen3.5-9b.alpha4.0.steps100.blocks-1.prefetch-budget-20.rank-accept_first.cut-entropy4.0.samples20.maxnew1024.seed10086.subtreePrefetch.vllm.log,195,5,123,0.10767600154235829
/Users/jiangnanhugo/workspace/power-sharpening/Subtree-Prefetching-Power-Sharpening/case_studies/logs-entropycut/mbpp/2026-09-21/vllm/dataset-mbpp.model-qwen3.5-9b.alpha4.0.steps100.blocks-1.prefetch-budget-20.rank-accept_first.cut-entropy4.0.samples20.maxnew1024.seed10086.subtreePrefetch.vllm.log,195,6,276,0.11083907324013145
/Users/jiangnanhugo/workspace/power-sharpening/Subtree-Prefetching-Power-Sharpening/case_studies/logs-entropycut/mbpp/2026-09-21/vllm/dataset-mbpp.model-qwen3.5-9b.alpha4.0.steps100.blocks-1.prefetch-budget-20.rank-accept_first.cut-entropy4.0.samples20.maxnew1024.seed10086.subtreePrefetch.vllm.log,195,7,105,0.015850569892253707
/Users/jiangnanhugo/workspace/power-sharpening/Subtree-Prefetching-Power-Sharpening/case_studies/logs-entropycut/mbpp/2026-09-21/vllm/dataset-mbpp.model-qwen3.5-9b.alpha4.0.steps100.blocks-1.prefetch-budget-20.rank-accept_first.cut-entropy4.0.samples20.maxnew1024.seed10086.subtreePrefetch.vllm.log,195,8,68,0.020239426923170996
/Users/jiangnanhugo/workspace/power-sharpening/Subtree-Prefetching-Power-Sharpening/case_studies/logs-entropycut/mbpp/2026-09-21/vllm/dataset-mbpp.model-qwen3.5-9b.alpha4.0.steps100.blocks-1.prefetch-budget-20.rank-accept_first.cut-entropy4.0.samples20.maxnew1024.seed10086.subtreePrefetch.vllm.log,195,9,276,0.11083907324013145
/Users/jiangnanhugo/workspace/power-sharpening/Subtree-Prefetching-Power-Sharpening/case_studies/logs-entropycut/mbpp/2026-09-21/vllm/dataset-mbpp.model-qwen3.5-9b.alpha4.0.steps100.blocks-1.prefetch-budget-20.rank-accept_first.cut-entropy4.0.samples20.maxnew1024.seed10086.subtreePrefetch.vllm.log,195,10,58,0.025312768280990994
/Users/jiangnanhugo/workspace/power-sharpening/Subtree-Prefetching-Power-Sharpening/case_studies/logs-entropycut/mbpp/2026-09-21/vllm/dataset-mbpp.model-qwen3.5-9b.alpha4.0.steps100.blocks-1.prefetch-budget-20.rank-accept_first.cut-entropy4.0.samples20.maxnew1024.seed10086.subtreePrefetch.vllm.log,195,11,276,0.11083907324013145
/Users/jiangnanhugo/workspace/power-sharpening/Subtree-Prefetching-Power-Sharpening/case_studies/logs-entropycut/mbpp/2026-09-21/vllm/dataset-mbpp.model-qwen3.5-9b.alpha4.0.steps100.blocks-1.prefetch-budget-20.rank-accept_first.cut-entropy4.0.samples20.maxnew1024.seed10086.subtreePrefetch.vllm.log,195,12,123,0.10767600154235829
/Users/jiangnanhugo/workspace/power-sharpening/Subtree-Prefetching-Power-Sharpening/case_studies/logs-entropycut/mbpp/2026-09-21/vllm/dataset-mbpp.model-qwen3.5-9b.alpha4.0.steps100.blocks-1.prefetch-budget-20.rank-accept_first.cut-entropy4.0.samples20.maxnew1024.seed10086.subtreePrefetch.vllm.log,195,13,43,0.11376101444725258
/Users/jiangnanhugo/workspace/power-sharpening/Subtree-Prefetching-Power-Sharpening/case_studies/logs-entropycut/mbpp/2026-09-21/vllm/dataset-mbpp.model-qwen3.5-9b.alpha4.0.steps100.blocks-1.prefetch-budget-20.rank-accept_first.cut-entropy4.0.samples20.maxnew1024.seed10086.subtreePrefetch.vllm.log,195,14,43,0.11376101444725258
/Users/jiangnanhugo/workspace/power-sharpening/Subtree-Prefetching-Power-Sharpening/case_studies/logs-entropycut/mbpp/2026-09-21/vllm/dataset-mbpp.model-qwen3.5-9b.alpha4.0.steps100.blocks-1.prefetch-budget-20.rank-accept_first.cut-entropy4.0.samples20.maxnew1024.seed10086.subtreePrefetch.vllm.log,195,15,43,0.11376101444725258
/Users/jiangnanhugo/workspace/power-sharpening/Subtree-Prefetching-Power-Sharpening/case_studies/logs-entropycut/mbpp/2026-09-21/vllm/dataset-mbpp.model-qwen3.5-9b.alpha4.0.steps100.blocks-1.prefetch-budget-20.rank-accept_first.cut-entropy4.0.samples20.maxnew1024.seed10086.subtreePrefetch.vllm.log,195,16,43,0.11376101444725258
/Users/jiangnanhugo/workspace/power-sharpening/Subtree-Prefetching-Power-Sharpening/case_studies/logs-entropycut/mbpp/2026-09-21/vllm/dataset-mbpp.model-qwen3.5-9b.alpha4.0.steps100.blocks-1.prefetch-budget-20.rank-accept_first.cut-entropy4.0.samples20.maxnew1024.seed10086.subtreePrefetch.vllm.log,195,17,43,0.11376101444725258
/Users/jiangnanhugo/workspace/power-sharpening/Subtree-Prefetching-Power-Sharpening/case_studies/logs-entropycut/mbpp/2026-09-21/vllm/dataset-mbpp.model-qwen3.5-9b.alpha4.0.steps100.blocks-1.prefetch-budget-20.rank-accept_first.cut-entropy4.0.samples20.maxnew1024.seed10086.subtreePrefetch.vllm.log,195,18,624,0.023676022458999847
/Users/jiangnanhugo/workspace/power-sharpening/Subtree-Prefetching-Power-Sharpening/case_studies/logs-entropycut/mbpp/2026-09-21/vllm/dataset-mbpp.model-qwen3.5-9b.alpha4.0.steps100.blocks-1.prefetch-budget-20.rank-accept_first.cut-entropy4.0.samples20.maxnew1024.seed10086.subtreePrefetch.vllm.log,195,19,61,0.004670675854188622
/Users/jiangnanhugo/workspace/power-sharpening/Subtree-Prefetching-Power-Sharpening/case_studies/logs-entropycut/mbpp/2026-09-21/vllm/dataset-mbpp.model-qwen3.5-9b.alpha4.0.steps100.blocks-1.prefetch-budget-20.rank-accept_first.cut-entropy4.0.samples20.maxnew1024.seed10086.subtreePrefetch.vllm.log,196,0,569,0.1290613004360888
/Users/jiangnanhugo/workspace/power-sharpening/Subtree-Prefetching-Power-Sharpening/case_studies/logs-entropycut/mbpp/2026-09-21/vllm/dataset-mbpp.model-qwen3.5-9b.alpha4.0.steps100.blocks-1.prefetch-budget-20.rank-accept_first.cut-entropy4.0.samples20.maxnew1024.seed10086.subtreePrefetch.vllm.log,196,1,43,0.10872160151938777
/Users/jiangnanhugo/workspace/power-sharpening/Subtree-Prefetching-Power-Sharpening/case_studies/logs-entropycut/mbpp/2026-09-21/vllm/dataset-mbpp.model-qwen3.5-9b.alpha4.0.steps100.blocks-1.prefetch-budget-20.rank-accept_first.cut-entropy4.0.samples20.maxnew1024.seed10086.subtreePrefetch.vllm.log,196,2,779,0.06279942919023941
/Users/jiangnanhugo/workspace/power-sharpening/Subtree-Prefetching-Power-Sharpening/case_studies/logs-entropycut/mbpp/2026-09-21/vllm/dataset-mbpp.model-qwen3.5-9b.alpha4.0.steps100.blocks-1.prefetch-budget-20.rank-accept_first.cut-entropy4.0.samples20.maxnew1024.seed10086.subtreePrefetch.vllm.log,196,3,569,0.1290613004360888
/Users/jiangnanhugo/workspace/power-sharpening/Subtree-Prefetching-Power-Sharpening/case_studies/logs-entropycut/mbpp/2026-09-21/vllm/dataset-mbpp.model-qwen3.5-9b.alpha4.0.steps100.blocks-1.prefetch-budget-20.rank-accept_first.cut-entropy4.0.samples20.maxnew1024.seed10086.subtreePrefetch.vllm.log,196,4,123,0.10290614398764258
/Users/jiangnanhugo/workspace/power-sharpening/Subtree-Prefetching-Power-Sharpening/case_studies/logs-entropycut/mbpp/2026-09-21/vllm/dataset-mbpp.model-qwen3.5-9b.alpha4.0.steps100.blocks-1.prefetch-budget-20.rank-accept_first.cut-entropy4.0.samples20.maxnew1024.seed10086.subtreePrefetch.vllm.log,196,5,569,0.1290613004360888
/Users/jiangnanhugo/workspace/power-sharpening/Subtree-Prefetching-Power-Sharpening/case_studies/logs-entropycut/mbpp/2026-09-21/vllm/dataset-mbpp.model-qwen3.5-9b.alpha4.0.steps100.blocks-1.prefetch-budget-20.rank-accept_first.cut-entropy4.0.samples20.maxnew1024.seed10086.subtreePrefetch.vllm.log,196,6,303,0.0029522245029800546
/Users/jiangnanhugo/workspace/power-sharpening/Subtree-Prefetching-Power-Sharpening/case_studies/logs-entropycut/mbpp/2026-09-21/vllm/dataset-mbpp.model-qwen3.5-9b.alpha4.0.steps100.blocks-1.prefetch-budget-20.rank-accept_first.cut-entropy4.0.samples20.maxnew1024.seed10086.subtreePrefetch.vllm.log,196,7,123,0.10290614398764258
/Users/jiangnanhugo/workspace/power-sharpening/Subtree-Prefetching-Power-Sharpening/case_studies/logs-entropycut/mbpp/2026-09-21/vllm/dataset-mbpp.model-qwen3.5-9b.alpha4.0.steps100.blocks-1.prefetch-budget-20.rank-accept_first.cut-entropy4.0.samples20.maxnew1024.seed10086.subtreePrefetch.vllm.log,196,8,43,0.10872160151938777
/Users/jiangnanhugo/workspace/power-sharpening/Subtree-Prefetching-Power-Sharpening/case_studies/logs-entropycut/mbpp/2026-09-21/vllm/dataset-mbpp.model-qwen3.5-9b.alpha4.0.steps100.blocks-1.prefetch-budget-20.rank-accept_first.cut-entropy4.0.samples20.maxnew1024.seed10086.subtreePrefetch.vllm.log,196,9,537,0.14536155657857364
/Users/jiangnanhugo/workspace/power-sharpening/Subtree-Prefetching-Power-Sharpening/case_studies/logs-entropycut/mbpp/2026-09-21/vllm/dataset-mbpp.model-qwen3.5-9b.alpha4.0.steps100.blocks-1.prefetch-budget-20.rank-accept_first.cut-entropy4.0.samples20.maxnew1024.seed10086.subtreePrefetch.vllm.log,196,10,47,0.023032633865270418
/Users/jiangnanhugo/workspace/power-sharpening/Subtree-Prefetching-Power-Sharpening/case_studies/logs-entropycut/mbpp/2026-09-21/vllm/dataset-mbpp.model-qwen3.5-9b.alpha4.0.steps100.blocks-1.prefetch-budget-20.rank-accept_first.cut-entropy4.0.samples20.maxnew1024.seed10086.subtreePrefetch.vllm.log,196,11,276,0.10592909717044846
/Users/jiangnanhugo/workspace/power-sharpening/Subtree-Prefetching-Power-Sharpening/case_studies/logs-entropycut/mbpp/2026-09-21/vllm/dataset-mbpp.model-qwen3.5-9b.alpha4.0.steps100.blocks-1.prefetch-budget-20.rank-accept_first.cut-entropy4.0.samples20.maxnew1024.seed10086.subtreePrefetch.vllm.log,196,12,276,0.10592909717044846
/Users/jiangnanhugo/workspace/power-sharpening/Subtree-Prefetching-Power-Sharpening/case_studies/logs-entropycut/mbpp/2026-09-21/vllm/dataset-mbpp.model-qwen3.5-9b.alpha4.0.steps100.blocks-1.prefetch-budget-20.rank-accept_first.cut-entropy4.0.samples20.maxnew1024.seed10086.subtreePrefetch.vllm.log,196,13,58,0.02419145715050333
/Users/jiangnanhugo/workspace/power-sharpening/Subtree-Prefetching-Power-Sharpening/case_studies/logs-entropycut/mbpp/2026-09-21/vllm/dataset-mbpp.model-qwen3.5-9b.alpha4.0.steps100.blocks-1.prefetch-budget-20.rank-accept_first.cut-entropy4.0.samples20.maxnew1024.seed10086.subtreePrefetch.vllm.log,196,14,43,0.10872160151938777
/Users/jiangnanhugo/workspace/power-sharpening/Subtree-Prefetching-Power-Sharpening/case_studies/logs-entropycut/mbpp/2026-09-21/vllm/dataset-mbpp.model-qwen3.5-9b.alpha4.0.steps100.blocks-1.prefetch-budget-20.rank-accept_first.cut-entropy4.0.samples20.maxnew1024.seed10086.subtreePrefetch.vllm.log,196,15,123,0.10290614398764258
/Users/jiangnanhugo/workspace/power-sharpening/Subtree-Prefetching-Power-Sharpening/case_studies/logs-entropycut/mbpp/2026-09-21/vllm/dataset-mbpp.model-qwen3.5-9b.alpha4.0.steps100.blocks-1.prefetch-budget-20.rank-accept_first.cut-entropy4.0.samples20.maxnew1024.seed10086.subtreePrefetch.vllm.log,196,16,31,0.008085283242586326
/Users/jiangnanhugo/workspace/power-sharpening/Subtree-Prefetching-Power-Sharpening/case_studies/logs-entropycut/mbpp/2026-09-21/vllm/dataset-mbpp.model-qwen3.5-9b.alpha4.0.steps100.blocks-1.prefetch-budget-20.rank-accept_first.cut-entropy4.0.samples20.maxnew1024.seed10086.subtreePrefetch.vllm.log,196,17,276,0.10592909717044846
/Users/jiangnanhugo/workspace/power-sharpening/Subtree-Prefetching-Power-Sharpening/case_studies/logs-entropycut/mbpp/2026-09-21/vllm/dataset-mbpp.model-qwen3.5-9b.alpha4.0.steps100.blocks-1.prefetch-budget-20.rank-accept_first.cut-entropy4.0.samples20.maxnew1024.seed10086.subtreePrefetch.vllm.log,196,18,105,0.015148417514155103
/Users/jiangnanhugo/workspace/power-sharpening/Subtree-Prefetching-Power-Sharpening/case_studies/logs-entropycut/mbpp/2026-09-21/vllm/dataset-mbpp.model-qwen3.5-9b.alpha4.0.steps100.blocks-1.prefetch-budget-20.rank-accept_first.cut-entropy4.0.samples20.maxnew1024.seed10086.subtreePrefetch.vllm.log,196,19,121,0.022361140625747778
/Users/jiangnanhugo/workspace/power-sharpening/Subtree-Prefetching-Power-Sharpening/case_studies/logs-entropycut/mbpp/2026-09-21/vllm/dataset-mbpp.model-qwen3.5-9b.alpha4.0.steps100.blocks-1.prefetch-budget-20.rank-accept_first.cut-entropy4.0.samples20.maxnew1024.seed10086.subtreePrefetch.vllm.log,197,0,537,0.14746574632420206
/Users/jiangnanhugo/workspace/power-sharpening/Subtree-Prefetching-Power-Sharpening/case_studies/logs-entropycut/mbpp/2026-09-21/vllm/dataset-mbpp.model-qwen3.5-9b.alpha4.0.steps100.blocks-1.prefetch-budget-20.rank-accept_first.cut-entropy4.0.samples20.maxnew1024.seed10086.subtreePrefetch.vllm.log,197,1,260,0.013593706132375196
/Users/jiangnanhugo/workspace/power-sharpening/Subtree-Prefetching-Power-Sharpening/case_studies/logs-entropycut/mbpp/2026-09-21/vllm/dataset-mbpp.model-qwen3.5-9b.alpha4.0.steps100.blocks-1.prefetch-budget-20.rank-accept_first.cut-entropy4.0.samples20.maxnew1024.seed10086.subtreePrefetch.vllm.log,197,2,43,0.11029540744462728
/Users/jiangnanhugo/workspace/power-sharpening/Subtree-Prefetching-Power-Sharpening/case_studies/logs-entropycut/mbpp/2026-09-21/vllm/dataset-mbpp.model-qwen3.5-9b.alpha4.0.steps100.blocks-1.prefetch-budget-20.rank-accept_first.cut-entropy4.0.samples20.maxnew1024.seed10086.subtreePrefetch.vllm.log,197,3,43,0.11029540744462728
/Users/jiangnanhugo/workspace/power-sharpening/Subtree-Prefetching-Power-Sharpening/case_studies/logs-entropycut/mbpp/2026-09-21/vllm/dataset-mbpp.model-qwen3.5-9b.alpha4.0.steps100.blocks-1.prefetch-budget-20.rank-accept_first.cut-entropy4.0.samples20.maxnew1024.seed10086.subtreePrefetch.vllm.log,197,4,43,0.11029540744462728
/Users/jiangnanhugo/workspace/power-sharpening/Subtree-Prefetching-Power-Sharpening/case_studies/logs-entropycut/mbpp/2026-09-21/vllm/dataset-mbpp.model-qwen3.5-9b.alpha4.0.steps100.blocks-1.prefetch-budget-20.rank-accept_first.cut-entropy4.0.samples20.maxnew1024.seed10086.subtreePrefetch.vllm.log,197,5,43,0.11029540744462728
/Users/jiangnanhugo/workspace/power-sharpening/Subtree-Prefetching-Power-Sharpening/case_studies/logs-entropycut/mbpp/2026-09-21/vllm/dataset-mbpp.model-qwen3.5-9b.alpha4.0.steps100.blocks-1.prefetch-budget-20.rank-accept_first.cut-entropy4.0.samples20.maxnew1024.seed10086.subtreePrefetch.vllm.log,197,6,43,0.11029540744462728
/Users/jiangnanhugo/workspace/power-sharpening/Subtree-Prefetching-Power-Sharpening/case_studies/logs-entropycut/mbpp/2026-09-21/vllm/dataset-mbpp.model-qwen3.5-9b.alpha4.0.steps100.blocks-1.prefetch-budget-20.rank-accept_first.cut-entropy4.0.samples20.maxnew1024.seed10086.subtreePrefetch.vllm.log,197,7,43,0.11029540744462728
/Users/jiangnanhugo/workspace/power-sharpening/Subtree-Prefetching-Power-Sharpening/case_studies/logs-entropycut/mbpp/2026-09-21/vllm/dataset-mbpp.model-qwen3.5-9b.alpha4.0.steps100.blocks-1.prefetch-budget-20.rank-accept_first.cut-entropy4.0.samples20.maxnew1024.seed10086.subtreePrefetch.vllm.log,197,8,569,0.1249242974882879
/Users/jiangnanhugo/workspace/power-sharpening/Subtree-Prefetching-Power-Sharpening/case_studies/logs-entropycut/mbpp/2026-09-21/vllm/dataset-mbpp.model-qwen3.5-9b.alpha4.0.steps100.blocks-1.prefetch-budget-20.rank-accept_first.cut-entropy4.0.samples20.maxnew1024.seed10086.subtreePrefetch.vllm.log,197,9,537,0.14746574632420206
/Users/jiangnanhugo/workspace/power-sharpening/Subtree-Prefetching-Power-Sharpening/case_studies/logs-entropycut/mbpp/2026-09-21/vllm/dataset-mbpp.model-qwen3.5-9b.alpha4.0.steps100.blocks-1.prefetch-budget-20.rank-accept_first.cut-entropy4.0.samples20.maxnew1024.seed10086.subtreePrefetch.vllm.log,197,10,569,0.1249242974882879
/Users/jiangnanhugo/workspace/power-sharpening/Subtree-Prefetching-Power-Sharpening/case_studies/logs-entropycut/mbpp/2026-09-21/vllm/dataset-mbpp.model-qwen3.5-9b.alpha4.0.steps100.blocks-1.prefetch-budget-20.rank-accept_first.cut-entropy4.0.samples20.maxnew1024.seed10086.subtreePrefetch.vllm.log,197,11,5,0.009915710390418242
/Users/jiangnanhugo/workspace/power-sharpening/Subtree-Prefetching-Power-Sharpening/case_studies/logs-entropycut/mbpp/2026-09-21/vllm/dataset-mbpp.model-qwen3.5-9b.alpha4.0.steps100.blocks-1.prefetch-budget-20.rank-accept_first.cut-entropy4.0.samples20.maxnew1024.seed10086.subtreePrefetch.vllm.log,197,12,391,0.007150157592712238
/Users/jiangnanhugo/workspace/power-sharpening/Subtree-Prefetching-Power-Sharpening/case_studies/logs-entropycut/mbpp/2026-09-21/vllm/dataset-mbpp.model-qwen3.5-9b.alpha4.0.steps100.blocks-1.prefetch-budget-20.rank-accept_first.cut-entropy4.0.samples20.maxnew1024.seed10086.subtreePrefetch.vllm.log,197,13,123,0.10439576791598787
/Users/jiangnanhugo/workspace/power-sharpening/Subtree-Prefetching-Power-Sharpening/case_studies/logs-entropycut/mbpp/2026-09-21/vllm/dataset-mbpp.model-qwen3.5-9b.alpha4.0.steps100.blocks-1.prefetch-budget-20.rank-accept_first.cut-entropy4.0.samples20.maxnew1024.seed10086.subtreePrefetch.vllm.log,197,14,58,0.024541642008632472
/Users/jiangnanhugo/workspace/power-sharpening/Subtree-Prefetching-Power-Sharpening/case_studies/logs-entropycut/mbpp/2026-09-21/vllm/dataset-mbpp.model-qwen3.5-9b.alpha4.0.steps100.blocks-1.prefetch-budget-20.rank-accept_first.cut-entropy4.0.samples20.maxnew1024.seed10086.subtreePrefetch.vllm.log,197,15,58,0.024541642008632472
/Users/jiangnanhugo/workspace/power-sharpening/Subtree-Prefetching-Power-Sharpening/case_studies/logs-entropycut/mbpp/2026-09-21/vllm/dataset-mbpp.model-qwen3.5-9b.alpha4.0.steps100.blocks-1.prefetch-budget-20.rank-accept_first.cut-entropy4.0.samples20.maxnew1024.seed10086.subtreePrefetch.vllm.log,197,16,100,0.0034707882636809554
/Users/jiangnanhugo/workspace/power-sharpening/Subtree-Prefetching-Power-Sharpening/case_studies/logs-entropycut/mbpp/2026-09-21/vllm/dataset-mbpp.model-qwen3.5-9b.alpha4.0.steps100.blocks-1.prefetch-budget-20.rank-accept_first.cut-entropy4.0.samples20.maxnew1024.seed10086.subtreePrefetch.vllm.log,197,17,43,0.11029540744462728
/Users/jiangnanhugo/workspace/power-sharpening/Subtree-Prefetching-Power-Sharpening/case_studies/logs-entropycut/mbpp/2026-09-21/vllm/dataset-mbpp.model-qwen3.5-9b.alpha4.0.steps100.blocks-1.prefetch-budget-20.rank-accept_first.cut-entropy4.0.samples20.maxnew1024.seed10086.subtreePrefetch.vllm.log,197,18,255,0.0016196009075912048
/Users/jiangnanhugo/workspace/power-sharpening/Subtree-Prefetching-Power-Sharpening/case_studies/logs-entropycut/mbpp/2026-09-21/vllm/dataset-mbpp.model-qwen3.5-9b.alpha4.0.steps100.blocks-1.prefetch-budget-20.rank-accept_first.cut-entropy4.0.samples20.maxnew1024.seed10086.subtreePrefetch.vllm.log,197,19,43,0.11029540744462728
/Users/jiangnanhugo/workspace/power-sharpening/Subtree-Prefetching-Power-Sharpening/case_studies/logs-entropycut/mbpp/2026-09-21/vllm/dataset-mbpp.model-qwen3.5-9b.alpha4.0.steps100.blocks-1.prefetch-budget-20.rank-accept_first.cut-entropy4.0.samples20.maxnew1024.seed10086.subtreePrefetch.vllm.log,198,0,537,0.14435287213385897
/Users/jiangnanhugo/workspace/power-sharpening/Subtree-Prefetching-Power-Sharpening/case_studies/logs-entropycut/mbpp/2026-09-21/vllm/dataset-mbpp.model-qwen3.5-9b.alpha4.0.steps100.blocks-1.prefetch-budget-20.rank-accept_first.cut-entropy4.0.samples20.maxnew1024.seed10086.subtreePrefetch.vllm.log,198,1,537,0.14435287213385897
/Users/jiangnanhugo/workspace/power-sharpening/Subtree-Prefetching-Power-Sharpening/case_studies/logs-entropycut/mbpp/2026-09-21/vllm/dataset-mbpp.model-qwen3.5-9b.alpha4.0.steps100.blocks-1.prefetch-budget-20.rank-accept_first.cut-entropy4.0.samples20.maxnew1024.seed10086.subtreePrefetch.vllm.log,198,2,123,0.1021920636685467
/Users/jiangnanhugo/workspace/power-sharpening/Subtree-Prefetching-Power-Sharpening/case_studies/logs-entropycut/mbpp/2026-09-21/vllm/dataset-mbpp.model-qwen3.5-9b.alpha4.0.steps100.blocks-1.prefetch-budget-20.rank-accept_first.cut-entropy4.0.samples20.maxnew1024.seed10086.subtreePrefetch.vllm.log,198,3,58,0.024023589200427384
/Users/jiangnanhugo/workspace/power-sharpening/Subtree-Prefetching-Power-Sharpening/case_studies/logs-entropycut/mbpp/2026-09-21/vllm/dataset-mbpp.model-qwen3.5-9b.alpha4.0.steps100.blocks-1.prefetch-budget-20.rank-accept_first.cut-entropy4.0.samples20.maxnew1024.seed10086.subtreePrefetch.vllm.log,198,4,276,0.10519404015074227
/Users/jiangnanhugo/workspace/power-sharpening/Subtree-Prefetching-Power-Sharpening/case_studies/logs-entropycut/mbpp/2026-09-21/vllm/dataset-mbpp.model-qwen3.5-9b.alpha4.0.steps100.blocks-1.prefetch-budget-20.rank-accept_first.cut-entropy4.0.samples20.maxnew1024.seed10086.subtreePrefetch.vllm.log,198,5,123,0.1021920636685467
/Users/jiangnanhugo/workspace/power-sharpening/Subtree-Prefetching-Power-Sharpening/case_studies/logs-entropycut/mbpp/2026-09-21/vllm/dataset-mbpp.model-qwen3.5-9b.alpha4.0.steps100.blocks-1.prefetch-budget-20.rank-accept_first.cut-entropy4.0.samples20.maxnew1024.seed10086.subtreePrefetch.vllm.log,198,6,123,0.1021920636685467
/Users/jiangnanhugo/workspace/power-sharpening/Subtree-Prefetching-Power-Sharpening/case_studies/logs-entropycut/mbpp/2026-09-21/vllm/dataset-mbpp.model-qwen3.5-9b.alpha4.0.steps100.blocks-1.prefetch-budget-20.rank-accept_first.cut-entropy4.0.samples20.maxnew1024.seed10086.subtreePrefetch.vllm.log,198,7,881,0.004577732149190625
/Users/jiangnanhugo/workspace/power-sharpening/Subtree-Prefetching-Power-Sharpening/case_studies/logs-entropycut/mbpp/2026-09-21/vllm/dataset-mbpp.model-qwen3.5-9b.alpha4.0.steps100.blocks-1.prefetch-budget-20.rank-accept_first.cut-entropy4.0.samples20.maxnew1024.seed10086.subtreePrefetch.vllm.log,198,8,43,0.1079671669161934
/Users/jiangnanhugo/workspace/power-sharpening/Subtree-Prefetching-Power-Sharpening/case_studies/logs-entropycut/mbpp/2026-09-21/vllm/dataset-mbpp.model-qwen3.5-9b.alpha4.0.steps100.blocks-1.prefetch-budget-20.rank-accept_first.cut-entropy4.0.samples20.maxnew1024.seed10086.subtreePrefetch.vllm.log,198,9,123,0.1021920636685467
/Users/jiangnanhugo/workspace/power-sharpening/Subtree-Prefetching-Power-Sharpening/case_studies/logs-entropycut/mbpp/2026-09-21/vllm/dataset-mbpp.model-qwen3.5-9b.alpha4.0.steps100.blocks-1.prefetch-budget-20.rank-accept_first.cut-entropy4.0.samples20.maxnew1024.seed10086.subtreePrefetch.vllm.log,198,10,123,0.1021920636685467
/Users/jiangnanhugo/workspace/power-sharpening/Subtree-Prefetching-Power-Sharpening/case_studies/logs-entropycut/mbpp/2026-09-21/vllm/dataset-mbpp.model-qwen3.5-9b.alpha4.0.steps100.blocks-1.prefetch-budget-20.rank-accept_first.cut-entropy4.0.samples20.maxnew1024.seed10086.subtreePrefetch.vllm.log,198,11,105,0.015043300497880503
/Users/jiangnanhugo/workspace/power-sharpening/Subtree-Prefetching-Power-Sharpening/case_studies/logs-entropycut/mbpp/2026-09-21/vllm/dataset-mbpp.model-qwen3.5-9b.alpha4.0.steps100.blocks-1.prefetch-budget-20.rank-accept_first.cut-entropy4.0.samples20.maxnew1024.seed10086.subtreePrefetch.vllm.log,198,12,43,0.1079671669161934
/Users/jiangnanhugo/workspace/power-sharpening/Subtree-Prefetching-Power-Sharpening/case_studies/logs-entropycut/mbpp/2026-09-21/vllm/dataset-mbpp.model-qwen3.5-9b.alpha4.0.steps100.blocks-1.prefetch-budget-20.rank-accept_first.cut-entropy4.0.samples20.maxnew1024.seed10086.subtreePrefetch.vllm.log,198,13,38,0.0016607480969968848
/Users/jiangnanhugo/workspace/power-sharpening/Subtree-Prefetching-Power-Sharpening/case_studies/logs-entropycut/mbpp/2026-09-21/vllm/dataset-mbpp.model-qwen3.5-9b.alpha4.0.steps100.blocks-1.prefetch-budget-20.rank-accept_first.cut-entropy4.0.samples20.maxnew1024.seed10086.subtreePrefetch.vllm.log,198,14,123,0.1021920636685467
/Users/jiangnanhugo/workspace/power-sharpening/Subtree-Prefetching-Power-Sharpening/case_studies/logs-entropycut/mbpp/2026-09-21/vllm/dataset-mbpp.model-qwen3.5-9b.alpha4.0.steps100.blocks-1.prefetch-budget-20.rank-accept_first.cut-entropy4.0.samples20.maxnew1024.seed10086.subtreePrefetch.vllm.log,198,15,43,0.1079671669161934
/Users/jiangnanhugo/workspace/power-sharpening/Subtree-Prefetching-Power-Sharpening/case_studies/logs-entropycut/mbpp/2026-09-21/vllm/dataset-mbpp.model-qwen3.5-9b.alpha4.0.steps100.blocks-1.prefetch-budget-20.rank-accept_first.cut-entropy4.0.samples20.maxnew1024.seed10086.subtreePrefetch.vllm.log,198,16,47,0.022872807154222866
/Users/jiangnanhugo/workspace/power-sharpening/Subtree-Prefetching-Power-Sharpening/case_studies/logs-entropycut/mbpp/2026-09-21/vllm/dataset-mbpp.model-qwen3.5-9b.alpha4.0.steps100.blocks-1.prefetch-budget-20.rank-accept_first.cut-entropy4.0.samples20.maxnew1024.seed10086.subtreePrefetch.vllm.log,198,17,47,0.022872807154222866
/Users/jiangnanhugo/workspace/power-sharpening/Subtree-Prefetching-Power-Sharpening/case_studies/logs-entropycut/mbpp/2026-09-21/vllm/dataset-mbpp.model-qwen3.5-9b.alpha4.0.steps100.blocks-1.prefetch-budget-20.rank-accept_first.cut-entropy4.0.samples20.maxnew1024.seed10086.subtreePrefetch.vllm.log,198,18,276,0.10519404015074227
/Users/jiangnanhugo/workspace/power-sharpening/Subtree-Prefetching-Power-Sharpening/case_studies/logs-entropycut/mbpp/2026-09-21/vllm/dataset-mbpp.model-qwen3.5-9b.alpha4.0.steps100.blocks-1.prefetch-budget-20.rank-accept_first.cut-entropy4.0.samples20.maxnew1024.seed10086.subtreePrefetch.vllm.log,198,19,61,0.004432798371312308
/Users/jiangnanhugo/workspace/power-sharpening/Subtree-Prefetching-Power-Sharpening/case_studies/logs-entropycut/mbpp/2026-09-21/vllm/dataset-mbpp.model-qwen3.5-9b.alpha4.0.steps100.blocks-1.prefetch-budget-20.rank-accept_first.cut-entropy4.0.samples20.maxnew1024.seed10086.subtreePrefetch.vllm.log,199,0,537,0.1433266539370803
/Users/jiangnanhugo/workspace/power-sharpening/Subtree-Prefetching-Power-Sharpening/case_studies/logs-entropycut/mbpp/2026-09-21/vllm/dataset-mbpp.model-qwen3.5-9b.alpha4.0.steps100.blocks-1.prefetch-budget-20.rank-accept_first.cut-entropy4.0.samples20.maxnew1024.seed10086.subtreePrefetch.vllm.log,199,1,276,0.10444620578763203
/Users/jiangnanhugo/workspace/power-sharpening/Subtree-Prefetching-Power-Sharpening/case_studies/logs-entropycut/mbpp/2026-09-21/vllm/dataset-mbpp.model-qwen3.5-9b.alpha4.0.steps100.blocks-1.prefetch-budget-20.rank-accept_first.cut-entropy4.0.samples20.maxnew1024.seed10086.subtreePrefetch.vllm.log,199,2,276,0.10444620578763203
/Users/jiangnanhugo/workspace/power-sharpening/Subtree-Prefetching-Power-Sharpening/case_studies/logs-entropycut/mbpp/2026-09-21/vllm/dataset-mbpp.model-qwen3.5-9b.alpha4.0.steps100.blocks-1.prefetch-budget-20.rank-accept_first.cut-entropy4.0.samples20.maxnew1024.seed10086.subtreePrefetch.vllm.log,199,3,43,0.10719961813308852
/Users/jiangnanhugo/workspace/power-sharpening/Subtree-Prefetching-Power-Sharpening/case_studies/logs-entropycut/mbpp/2026-09-21/vllm/dataset-mbpp.model-qwen3.5-9b.alpha4.0.steps100.blocks-1.prefetch-budget-20.rank-accept_first.cut-entropy4.0.samples20.maxnew1024.seed10086.subtreePrefetch.vllm.log,199,4,43,0.10719961813308852
/Users/jiangnanhugo/workspace/power-sharpening/Subtree-Prefetching-Power-Sharpening/case_studies/logs-entropycut/mbpp/2026-09-21/vllm/dataset-mbpp.model-qwen3.5-9b.alpha4.0.steps100.blocks-1.prefetch-budget-20.rank-accept_first.cut-entropy4.0.samples20.maxnew1024.seed10086.subtreePrefetch.vllm.log,199,5,537,0.1433266539370803
/Users/jiangnanhugo/workspace/power-sharpening/Subtree-Prefetching-Power-Sharpening/case_studies/logs-entropycut/mbpp/2026-09-21/vllm/dataset-mbpp.model-qwen3.5-9b.alpha4.0.steps100.blocks-1.prefetch-budget-20.rank-accept_first.cut-entropy4.0.samples20.maxnew1024.seed10086.subtreePrefetch.vllm.log,199,6,123,0.10146557063967382
/Users/jiangnanhugo/workspace/power-sharpening/Subtree-Prefetching-Power-Sharpening/case_studies/logs-entropycut/mbpp/2026-09-21/vllm/dataset-mbpp.model-qwen3.5-9b.alpha4.0.steps100.blocks-1.prefetch-budget-20.rank-accept_first.cut-entropy4.0.samples20.maxnew1024.seed10086.subtreePrefetch.vllm.log,199,7,123,0.10146557063967382
/Users/jiangnanhugo/workspace/power-sharpening/Subtree-Prefetching-Power-Sharpening/case_studies/logs-entropycut/mbpp/2026-09-21/vllm/dataset-mbpp.model-qwen3.5-9b.alpha4.0.steps100.blocks-1.prefetch-budget-20.rank-accept_first.cut-entropy4.0.samples20.maxnew1024.seed10086.subtreePrefetch.vllm.log,199,8,43,0.10719961813308852
/Users/jiangnanhugo/workspace/power-sharpening/Subtree-Prefetching-Power-Sharpening/case_studies/logs-entropycut/mbpp/2026-09-21/vllm/dataset-mbpp.model-qwen3.5-9b.alpha4.0.steps100.blocks-1.prefetch-budget-20.rank-accept_first.cut-entropy4.0.samples20.maxnew1024.seed10086.subtreePrefetch.vllm.log,199,9,68,0.0190720770901923
/Users/jiangnanhugo/workspace/power-sharpening/Subtree-Prefetching-Power-Sharpening/case_studies/logs-entropycut/mbpp/2026-09-21/vllm/dataset-mbpp.model-qwen3.5-9b.alpha4.0.steps100.blocks-1.prefetch-budget-20.rank-accept_first.cut-entropy4.0.samples20.maxnew1024.seed10086.subtreePrefetch.vllm.log,199,10,47,0.022710202208674524
/Users/jiangnanhugo/workspace/power-sharpening/Subtree-Prefetching-Power-Sharpening/case_studies/logs-entropycut/mbpp/2026-09-21/vllm/dataset-mbpp.model-qwen3.5-9b.alpha4.0.steps100.blocks-1.prefetch-budget-20.rank-accept_first.cut-entropy4.0.samples20.maxnew1024.seed10086.subtreePrefetch.vllm.log,199,11,276,0.10444620578763203
/Users/jiangnanhugo/workspace/power-sharpening/Subtree-Prefetching-Power-Sharpening/case_studies/logs-entropycut/mbpp/2026-09-21/vllm/dataset-mbpp.model-qwen3.5-9b.alpha4.0.steps100.blocks-1.prefetch-budget-20.rank-accept_first.cut-entropy4.0.samples20.maxnew1024.seed10086.subtreePrefetch.vllm.log,199,12,43,0.10719961813308852
/Users/jiangnanhugo/workspace/power-sharpening/Subtree-Prefetching-Power-Sharpening/case_studies/logs-entropycut/mbpp/2026-09-21/vllm/dataset-mbpp.model-qwen3.5-9b.alpha4.0.steps100.blocks-1.prefetch-budget-20.rank-accept_first.cut-entropy4.0.samples20.maxnew1024.seed10086.subtreePrefetch.vllm.log,199,13,123,0.10146557063967382
/Users/jiangnanhugo/workspace/power-sharpening/Subtree-Prefetching-Power-Sharpening/case_studies/logs-entropycut/mbpp/2026-09-21/vllm/dataset-mbpp.model-qwen3.5-9b.alpha4.0.steps100.blocks-1.prefetch-budget-20.rank-accept_first.cut-entropy4.0.samples20.maxnew1024.seed10086.subtreePrefetch.vllm.log,199,14,68,0.0190720770901923
/Users/jiangnanhugo/workspace/power-sharpening/Subtree-Prefetching-Power-Sharpening/case_studies/logs-entropycut/mbpp/2026-09-21/vllm/dataset-mbpp.model-qwen3.5-9b.alpha4.0.steps100.blocks-1.prefetch-budget-20.rank-accept_first.cut-entropy4.0.samples20.maxnew1024.seed10086.subtreePrefetch.vllm.log,199,15,779,0.07647642316861311
/Users/jiangnanhugo/workspace/power-sharpening/Subtree-Prefetching-Power-Sharpening/case_studies/logs-entropycut/mbpp/2026-09-21/vllm/dataset-mbpp.model-qwen3.5-9b.alpha4.0.steps100.blocks-1.prefetch-budget-20.rank-accept_first.cut-entropy4.0.samples20.maxnew1024.seed10086.subtreePrefetch.vllm.log,199,16,537,0.1433266539370803
/Users/jiangnanhugo/workspace/power-sharpening/Subtree-Prefetching-Power-Sharpening/case_studies/logs-entropycut/mbpp/2026-09-21/vllm/dataset-mbpp.model-qwen3.5-9b.alpha4.0.steps100.blocks-1.prefetch-budget-20.rank-accept_first.cut-entropy4.0.samples20.maxnew1024.seed10086.subtreePrefetch.vllm.log,199,17,123,0.10146557063967382
/Users/jiangnanhugo/workspace/power-sharpening/Subtree-Prefetching-Power-Sharpening/case_studies/logs-entropycut/mbpp/2026-09-21/vllm/dataset-mbpp.model-qwen3.5-9b.alpha4.0.steps100.blocks-1.prefetch-budget-20.rank-accept_first.cut-entropy4.0.samples20.maxnew1024.seed10086.subtreePrefetch.vllm.log,199,18,43,0.10719961813308852
/Users/jiangnanhugo/workspace/power-sharpening/Subtree-Prefetching-Power-Sharpening/case_studies/logs-entropycut/mbpp/2026-09-21/vllm/dataset-mbpp.model-qwen3.5-9b.alpha4.0.steps100.blocks-1.prefetch-budget-20.rank-accept_first.cut-entropy4.0.samples20.maxnew1024.seed10086.subtreePrefetch.vllm.log,199,19,276,0.10444620578763203
/Users/jiangnanhugo/workspace/power-sharpening/Subtree-Prefetching-Power-Sharpening/case_studies/logs-entropycut/mbpp/2026-09-21/vllm/dataset-mbpp.model-qwen3.5-9b.alpha4.0.steps100.blocks-1.prefetch-budget-20.rank-accept_first.cut-entropy4.0.samples20.maxnew1024.seed10086.subtreePrefetch.vllm.log,200,0,43,0.10579006140592671
/Users/jiangnanhugo/workspace/power-sharpening/Subtree-Prefetching-Power-Sharpening/case_studies/logs-entropycut/mbpp/2026-09-21/vllm/dataset-mbpp.model-qwen3.5-9b.alpha4.0.steps100.blocks-1.prefetch-budget-20.rank-accept_first.cut-entropy4.0.samples20.maxnew1024.seed10086.subtreePrefetch.vllm.log,200,1,779,0.06886115479775998
/Users/jiangnanhugo/workspace/power-sharpening/Subtree-Prefetching-Power-Sharpening/case_studies/logs-entropycut/mbpp/2026-09-21/vllm/dataset-mbpp.model-qwen3.5-9b.alpha4.0.steps100.blocks-1.prefetch-budget-20.rank-accept_first.cut-entropy4.0.samples20.maxnew1024.seed10086.subtreePrefetch.vllm.log,200,2,123,0.10013141031185527
/Users/jiangnanhugo/workspace/power-sharpening/Subtree-Prefetching-Power-Sharpening/case_studies/logs-entropycut/mbpp/2026-09-21/vllm/dataset-mbpp.model-qwen3.5-9b.alpha4.0.steps100.blocks-1.prefetch-budget-20.rank-accept_first.cut-entropy4.0.samples20.maxnew1024.seed10086.subtreePrefetch.vllm.log,200,3,276,0.1030728533955395
/Users/jiangnanhugo/workspace/power-sharpening/Subtree-Prefetching-Power-Sharpening/case_studies/logs-entropycut/mbpp/2026-09-21/vllm/dataset-mbpp.model-qwen3.5-9b.alpha4.0.steps100.blocks-1.prefetch-budget-20.rank-accept_first.cut-entropy4.0.samples20.maxnew1024.seed10086.subtreePrefetch.vllm.log,200,4,43,0.10579006140592671
/Users/jiangnanhugo/workspace/power-sharpening/Subtree-Prefetching-Power-Sharpening/case_studies/logs-entropycut/mbpp/2026-09-21/vllm/dataset-mbpp.model-qwen3.5-9b.alpha4.0.steps100.blocks-1.prefetch-budget-20.rank-accept_first.cut-entropy4.0.samples20.maxnew1024.seed10086.subtreePrefetch.vllm.log,200,5,569,0.12558132613441908
/Users/jiangnanhugo/workspace/power-sharpening/Subtree-Prefetching-Power-Sharpening/case_studies/logs-entropycut/mbpp/2026-09-21/vllm/dataset-mbpp.model-qwen3.5-9b.alpha4.0.steps100.blocks-1.prefetch-budget-20.rank-accept_first.cut-entropy4.0.samples20.maxnew1024.seed10086.subtreePrefetch.vllm.log,200,6,43,0.10579006140592671
/Users/jiangnanhugo/workspace/power-sharpening/Subtree-Prefetching-Power-Sharpening/case_studies/logs-entropycut/mbpp/2026-09-21/vllm/dataset-mbpp.model-qwen3.5-9b.alpha4.0.steps100.blocks-1.prefetch-budget-20.rank-accept_first.cut-entropy4.0.samples20.maxnew1024.seed10086.subtreePrefetch.vllm.log,200,7,779,0.06886115479775998
/Users/jiangnanhugo/workspace/power-sharpening/Subtree-Prefetching-Power-Sharpening/case_studies/logs-entropycut/mbpp/2026-09-21/vllm/dataset-mbpp.model-qwen3.5-9b.alpha4.0.steps100.blocks-1.prefetch-budget-20.rank-accept_first.cut-entropy4.0.samples20.maxnew1024.seed10086.subtreePrefetch.vllm.log,200,8,761,0.002481535481948448
/Users/jiangnanhugo/workspace/power-sharpening/Subtree-Prefetching-Power-Sharpening/case_studies/logs-entropycut/mbpp/2026-09-21/vllm/dataset-mbpp.model-qwen3.5-9b.alpha4.0.steps100.blocks-1.prefetch-budget-20.rank-accept_first.cut-entropy4.0.samples20.maxnew1024.seed10086.subtreePrefetch.vllm.log,200,9,68,0.018821300314755905
/Users/jiangnanhugo/workspace/power-sharpening/Subtree-Prefetching-Power-Sharpening/case_studies/logs-entropycut/mbpp/2026-09-21/vllm/dataset-mbpp.model-qwen3.5-9b.alpha4.0.steps100.blocks-1.prefetch-budget-20.rank-accept_first.cut-entropy4.0.samples20.maxnew1024.seed10086.subtreePrefetch.vllm.log,200,10,68,0.018821300314755905
/Users/jiangnanhugo/workspace/power-sharpening/Subtree-Prefetching-Power-Sharpening/case_studies/logs-entropycut/mbpp/2026-09-21/vllm/dataset-mbpp.model-qwen3.5-9b.alpha4.0.steps100.blocks-1.prefetch-budget-20.rank-accept_first.cut-entropy4.0.samples20.maxnew1024.seed10086.subtreePrefetch.vllm.log,200,11,276,0.1030728533955395
/Users/jiangnanhugo/workspace/power-sharpening/Subtree-Prefetching-Power-Sharpening/case_studies/logs-entropycut/mbpp/2026-09-21/vllm/dataset-mbpp.model-qwen3.5-9b.alpha4.0.steps100.blocks-1.prefetch-budget-20.rank-accept_first.cut-entropy4.0.samples20.maxnew1024.seed10086.subtreePrefetch.vllm.log,200,12,123,0.10013141031185527
/Users/jiangnanhugo/workspace/power-sharpening/Subtree-Prefetching-Power-Sharpening/case_studies/logs-entropycut/mbpp/2026-09-21/vllm/dataset-mbpp.model-qwen3.5-9b.alpha4.0.steps100.blocks-1.prefetch-budget-20.rank-accept_first.cut-entropy4.0.samples20.maxnew1024.seed10086.subtreePrefetch.vllm.log,200,13,245,0.0005191686626994067
/Users/jiangnanhugo/workspace/power-sharpening/Subtree-Prefetching-Power-Sharpening/case_studies/logs-entropycut/mbpp/2026-09-21/vllm/dataset-mbpp.model-qwen3.5-9b.alpha4.0.steps100.blocks-1.prefetch-budget-20.rank-accept_first.cut-entropy4.0.samples20.maxnew1024.seed10086.subtreePrefetch.vllm.log,200,14,68,0.018821300314755905
/Users/jiangnanhugo/workspace/power-sharpening/Subtree-Prefetching-Power-Sharpening/case_studies/logs-entropycut/mbpp/2026-09-21/vllm/dataset-mbpp.model-qwen3.5-9b.alpha4.0.steps100.blocks-1.prefetch-budget-20.rank-accept_first.cut-entropy4.0.samples20.maxnew1024.seed10086.subtreePrefetch.vllm.log,200,15,276,0.1030728533955395
/Users/jiangnanhugo/workspace/power-sharpening/Subtree-Prefetching-Power-Sharpening/case_studies/logs-entropycut/mbpp/2026-09-21/vllm/dataset-mbpp.model-qwen3.5-9b.alpha4.0.steps100.blocks-1.prefetch-budget-20.rank-accept_first.cut-entropy4.0.samples20.maxnew1024.seed10086.subtreePrefetch.vllm.log,200,16,276,0.1030728533955395
/Users/jiangnanhugo/workspace/power-sharpening/Subtree-Prefetching-Power-Sharpening/case_studies/logs-entropycut/mbpp/2026-09-21/vllm/dataset-mbpp.model-qwen3.5-9b.alpha4.0.steps100.blocks-1.prefetch-budget-20.rank-accept_first.cut-entropy4.0.samples20.maxnew1024.seed10086.subtreePrefetch.vllm.log,200,17,43,0.10579006140592671
/Users/jiangnanhugo/workspace/power-sharpening/Subtree-Prefetching-Power-Sharpening/case_studies/logs-entropycut/mbpp/2026-09-21/vllm/dataset-mbpp.model-qwen3.5-9b.alpha4.0.steps100.blocks-1.prefetch-budget-20.rank-accept_first.cut-entropy4.0.samples20.maxnew1024.seed10086.subtreePrefetch.vllm.log,200,18,123,0.10013141031185527
/Users/jiangnanhugo/workspace/power-sharpening/Subtree-Prefetching-Power-Sharpening/case_studies/logs-entropycut/mbpp/2026-09-21/vllm/dataset-mbpp.model-qwen3.5-9b.alpha4.0.steps100.blocks-1.prefetch-budget-20.rank-accept_first.cut-entropy4.0.samples20.maxnew1024.seed10086.subtreePrefetch.vllm.log,200,19,123,0.10013141031185527
/Users/jiangnanhugo/workspace/power-sharpening/Subtree-Prefetching-Power-Sharpening/case_studies/logs-entropycut/mbpp/2026-09-21/vllm/dataset-mbpp.model-qwen3.5-9b.alpha4.0.steps100.blocks-1.prefetch-budget-20.rank-accept_first.cut-entropy4.0.samples20.maxnew1024.seed10086.subtreePrefetch.vllm.log,201,0,537,0.14144206654062347
/Users/jiangnanhugo/workspace/power-sharpening/Subtree-Prefetching-Power-Sharpening/case_studies/logs-entropycut/mbpp/2026-09-21/vllm/dataset-mbpp.model-qwen3.5-9b.alpha4.0.steps100.blocks-1.prefetch-budget-20.rank-accept_first.cut-entropy4.0.samples20.maxnew1024.seed10086.subtreePrefetch.vllm.log,201,1,68,0.018821300314755905
/Users/jiangnanhugo/workspace/power-sharpening/Subtree-Prefetching-Power-Sharpening/case_studies/logs-entropycut/mbpp/2026-09-21/vllm/dataset-mbpp.model-qwen3.5-9b.alpha4.0.steps100.blocks-1.prefetch-budget-20.rank-accept_first.cut-entropy4.0.samples20.maxnew1024.seed10086.subtreePrefetch.vllm.log,201,2,276,0.1030728533955395
/Users/jiangnanhugo/workspace/power-sharpening/Subtree-Prefetching-Power-Sharpening/case_studies/logs-entropycut/mbpp/2026-09-21/vllm/dataset-mbpp.model-qwen3.5-9b.alpha4.0.steps100.blocks-1.prefetch-budget-20.rank-accept_first.cut-entropy4.0.samples20.maxnew1024.seed10086.subtreePrefetch.vllm.log,201,3,47,0.022411588101125184
/Users/jiangnanhugo/workspace/power-sharpening/Subtree-Prefetching-Power-Sharpening/case_studies/logs-entropycut/mbpp/2026-09-21/vllm/dataset-mbpp.model-qwen3.5-9b.alpha4.0.steps100.blocks-1.prefetch-budget-20.rank-accept_first.cut-entropy4.0.samples20.maxnew1024.seed10086.subtreePrefetch.vllm.log,201,4,121,0.021758200825275527
/Users/jiangnanhugo/workspace/power-sharpening/Subtree-Prefetching-Power-Sharpening/case_studies/logs-entropycut/mbpp/2026-09-21/vllm/dataset-mbpp.model-qwen3.5-9b.alpha4.0.steps100.blocks-1.prefetch-budget-20.rank-accept_first.cut-entropy4.0.samples20.maxnew1024.seed10086.subtreePrefetch.vllm.log,201,5,537,0.14144206654062347
/Users/jiangnanhugo/workspace/power-sharpening/Subtree-Prefetching-Power-Sharpening/case_studies/logs-entropycut/mbpp/2026-09-21/vllm/dataset-mbpp.model-qwen3.5-9b.alpha4.0.steps100.blocks-1.prefetch-budget-20.rank-accept_first.cut-entropy4.0.samples20.maxnew1024.seed10086.subtreePrefetch.vllm.log,201,6,276,0.1030728533955395
/Users/jiangnanhugo/workspace/power-sharpening/Subtree-Prefetching-Power-Sharpening/case_studies/logs-entropycut/mbpp/2026-09-21/vllm/dataset-mbpp.model-qwen3.5-9b.alpha4.0.steps100.blocks-1.prefetch-budget-20.rank-accept_first.cut-entropy4.0.samples20.maxnew1024.seed10086.subtreePrefetch.vllm.log,201,7,224,0.004772669410768114
/Users/jiangnanhugo/workspace/power-sharpening/Subtree-Prefetching-Power-Sharpening/case_studies/logs-entropycut/mbpp/2026-09-21/vllm/dataset-mbpp.model-qwen3.5-9b.alpha4.0.steps100.blocks-1.prefetch-budget-20.rank-accept_first.cut-entropy4.0.samples20.maxnew1024.seed10086.subtreePrefetch.vllm.log,201,8,123,0.10013141031185527
/Users/jiangnanhugo/workspace/power-sharpening/Subtree-Prefetching-Power-Sharpening/case_studies/logs-entropycut/mbpp/2026-09-21/vllm/dataset-mbpp.model-qwen3.5-9b.alpha4.0.steps100.blocks-1.prefetch-budget-20.rank-accept_first.cut-entropy4.0.samples20.maxnew1024.seed10086.subtreePrefetch.vllm.log,201,9,537,0.14144206654062347
/Users/jiangnanhugo/workspace/power-sharpening/Subtree-Prefetching-Power-Sharpening/case_studies/logs-entropycut/mbpp/2026-09-21/vllm/dataset-mbpp.model-qwen3.5-9b.alpha4.0.steps100.blocks-1.prefetch-budget-20.rank-accept_first.cut-entropy4.0.samples20.maxnew1024.seed10086.subtreePrefetch.vllm.log,201,10,123,0.10013141031185527
/Users/jiangnanhugo/workspace/power-sharpening/Subtree-Prefetching-Power-Sharpening/case_studies/logs-entropycut/mbpp/2026-09-21/vllm/dataset-mbpp.model-qwen3.5-9b.alpha4.0.steps100.blocks-1.prefetch-budget-20.rank-accept_first.cut-entropy4.0.samples20.maxnew1024.seed10086.subtreePrefetch.vllm.log,201,11,537,0.14144206654062347
/Users/jiangnanhugo/workspace/power-sharpening/Subtree-Prefetching-Power-Sharpening/case_studies/logs-entropycut/mbpp/2026-09-21/vllm/dataset-mbpp.model-qwen3.5-9b.alpha4.0.steps100.blocks-1.prefetch-budget-20.rank-accept_first.cut-entropy4.0.samples20.maxnew1024.seed10086.subtreePrefetch.vllm.log,201,12,123,0.10013141031185527
/Users/jiangnanhugo/workspace/power-sharpening/Subtree-Prefetching-Power-Sharpening/case_studies/logs-entropycut/mbpp/2026-09-21/vllm/dataset-mbpp.model-qwen3.5-9b.alpha4.0.steps100.blocks-1.prefetch-budget-20.rank-accept_first.cut-entropy4.0.samples20.maxnew1024.seed10086.subtreePrefetch.vllm.log,201,13,43,0.10579006140592671
/Users/jiangnanhugo/workspace/power-sharpening/Subtree-Prefetching-Power-Sharpening/case_studies/logs-entropycut/mbpp/2026-09-21/vllm/dataset-mbpp.model-qwen3.5-9b.alpha4.0.steps100.blocks-1.prefetch-budget-20.rank-accept_first.cut-entropy4.0.samples20.maxnew1024.seed10086.subtreePrefetch.vllm.log,201,14,105,0.01473995964582355
/Users/jiangnanhugo/workspace/power-sharpening/Subtree-Prefetching-Power-Sharpening/case_studies/logs-entropycut/mbpp/2026-09-21/vllm/dataset-mbpp.model-qwen3.5-9b.alpha4.0.steps100.blocks-1.prefetch-budget-20.rank-accept_first.cut-entropy4.0.samples20.maxnew1024.seed10086.subtreePrefetch.vllm.log,201,15,128,0.006784848693723582
/Users/jiangnanhugo/workspace/power-sharpening/Subtree-Prefetching-Power-Sharpening/case_studies/logs-entropycut/mbpp/2026-09-21/vllm/dataset-mbpp.model-qwen3.5-9b.alpha4.0.steps100.blocks-1.prefetch-budget-20.rank-accept_first.cut-entropy4.0.samples20.maxnew1024.seed10086.subtreePrefetch.vllm.log,201,16,537,0.14144206654062347
/Users/jiangnanhugo/workspace/power-sharpening/Subtree-Prefetching-Power-Sharpening/case_studies/logs-entropycut/mbpp/2026-09-21/vllm/dataset-mbpp.model-qwen3.5-9b.alpha4.0.steps100.blocks-1.prefetch-budget-20.rank-accept_first.cut-entropy4.0.samples20.maxnew1024.seed10086.subtreePrefetch.vllm.log,201,17,43,0.10579006140592671
/Users/jiangnanhugo/workspace/power-sharpening/Subtree-Prefetching-Power-Sharpening/case_studies/logs-entropycut/mbpp/2026-09-21/vllm/dataset-mbpp.model-qwen3.5-9b.alpha4.0.steps100.blocks-1.prefetch-budget-20.rank-accept_first.cut-entropy4.0.samples20.maxnew1024.seed10086.subtreePrefetch.vllm.log,201,18,121,0.021758200825275527
/Users/jiangnanhugo/workspace/power-sharpening/Subtree-Prefetching-Power-Sharpening/case_studies/logs-entropycut/mbpp/2026-09-21/vllm/dataset-mbpp.model-qwen3.5-9b.alpha4.0.steps100.blocks-1.prefetch-budget-20.rank-accept_first.cut-entropy4.0.samples20.maxnew1024.seed10086.subtreePrefetch.vllm.log,201,19,493,0.012663879293511322
/Users/jiangnanhugo/workspace/power-sharpening/Subtree-Prefetching-Power-Sharpening/case_studies/logs-entropycut/mbpp/2026-09-21/vllm/dataset-mbpp.model-qwen3.5-9b.alpha4.0.steps100.blocks-1.prefetch-budget-20.rank-accept_first.cut-entropy4.0.samples20.maxnew1024.seed10086.subtreePrefetch.vllm.log,202,0,537,0.14144206654062347
/Users/jiangnanhugo/workspace/power-sharpening/Subtree-Prefetching-Power-Sharpening/case_studies/logs-entropycut/mbpp/2026-09-21/vllm/dataset-mbpp.model-qwen3.5-9b.alpha4.0.steps100.blocks-1.prefetch-budget-20.rank-accept_first.cut-entropy4.0.samples20.maxnew1024.seed10086.subtreePrefetch.vllm.log,202,1,537,0.14144206654062347
/Users/jiangnanhugo/workspace/power-sharpening/Subtree-Prefetching-Power-Sharpening/case_studies/logs-entropycut/mbpp/2026-09-21/vllm/dataset-mbpp.model-qwen3.5-9b.alpha4.0.steps100.blocks-1.prefetch-budget-20.rank-accept_first.cut-entropy4.0.samples20.maxnew1024.seed10086.subtreePrefetch.vllm.log,202,2,58,0.023539165185993145
/Users/jiangnanhugo/workspace/power-sharpening/Subtree-Prefetching-Power-Sharpening/case_studies/logs-entropycut/mbpp/2026-09-21/vllm/dataset-mbpp.model-qwen3.5-9b.alpha4.0.steps100.blocks-1.prefetch-budget-20.rank-accept_first.cut-entropy4.0.samples20.maxnew1024.seed10086.subtreePrefetch.vllm.log,202,3,1002,0.02503176218020816
/Users/jiangnanhugo/workspace/power-sharpening/Subtree-Prefetching-Power-Sharpening/case_studies/logs-entropycut/mbpp/2026-09-21/vllm/dataset-mbpp.model-qwen3.5-9b.alpha4.0.steps100.blocks-1.prefetch-budget-20.rank-accept_first.cut-entropy4.0.samples20.maxnew1024.seed10086.subtreePrefetch.vllm.log,202,4,123,0.10013141031185527
/Users/jiangnanhugo/workspace/power-sharpening/Subtree-Prefetching-Power-Sharpening/case_studies/logs-entropycut/mbpp/2026-09-21/vllm/dataset-mbpp.model-qwen3.5-9b.alpha4.0.steps100.blocks-1.prefetch-budget-20.rank-accept_first.cut-entropy4.0.samples20.maxnew1024.seed10086.subtreePrefetch.vllm.log,202,5,123,0.10013141031185527
/Users/jiangnanhugo/workspace/power-sharpening/Subtree-Prefetching-Power-Sharpening/case_studies/logs-entropycut/mbpp/2026-09-21/vllm/dataset-mbpp.model-qwen3.5-9b.alpha4.0.steps100.blocks-1.prefetch-budget-20.rank-accept_first.cut-entropy4.0.samples20.maxnew1024.seed10086.subtreePrefetch.vllm.log,202,6,121,0.021758200825275527
/Users/jiangnanhugo/workspace/power-sharpening/Subtree-Prefetching-Power-Sharpening/case_studies/logs-entropycut/mbpp/2026-09-21/vllm/dataset-mbpp.model-qwen3.5-9b.alpha4.0.steps100.blocks-1.prefetch-budget-20.rank-accept_first.cut-entropy4.0.samples20.maxnew1024.seed10086.subtreePrefetch.vllm.log,202,7,43,0.10579006140592671
/Users/jiangnanhugo/workspace/power-sharpening/Subtree-Prefetching-Power-Sharpening/case_studies/logs-entropycut/mbpp/2026-09-21/vllm/dataset-mbpp.model-qwen3.5-9b.alpha4.0.steps100.blocks-1.prefetch-budget-20.rank-accept_first.cut-entropy4.0.samples20.maxnew1024.seed10086.subtreePrefetch.vllm.log,202,8,123,0.10013141031185527
/Users/jiangnanhugo/workspace/power-sharpening/Subtree-Prefetching-Power-Sharpening/case_studies/logs-entropycut/mbpp/2026-09-21/vllm/dataset-mbpp.model-qwen3.5-9b.alpha4.0.steps100.blocks-1.prefetch-budget-20.rank-accept_first.cut-entropy4.0.samples20.maxnew1024.seed10086.subtreePrefetch.vllm.log,202,9,123,0.10013141031185527
/Users/jiangnanhugo/workspace/power-sharpening/Subtree-Prefetching-Power-Sharpening/case_studies/logs-entropycut/mbpp/2026-09-21/vllm/dataset-mbpp.model-qwen3.5-9b.alpha4.0.steps100.blocks-1.prefetch-budget-20.rank-accept_first.cut-entropy4.0.samples20.maxnew1024.seed10086.subtreePrefetch.vllm.log,202,10,502,0.0010007948192451068
/Users/jiangnanhugo/workspace/power-sharpening/Subtree-Prefetching-Power-Sharpening/case_studies/logs-entropycut/mbpp/2026-09-21/vllm/dataset-mbpp.model-qwen3.5-9b.alpha4.0.steps100.blocks-1.prefetch-budget-20.rank-accept_first.cut-entropy4.0.samples20.maxnew1024.seed10086.subtreePrefetch.vllm.log,202,11,43,0.10579006140592671
/Users/jiangnanhugo/workspace/power-sharpening/Subtree-Prefetching-Power-Sharpening/case_studies/logs-entropycut/mbpp/2026-09-21/vllm/dataset-mbpp.model-qwen3.5-9b.alpha4.0.steps100.blocks-1.prefetch-budget-20.rank-accept_first.cut-entropy4.0.samples20.maxnew1024.seed10086.subtreePrefetch.vllm.log,202,12,276,0.1030728533955395
/Users/jiangnanhugo/workspace/power-sharpening/Subtree-Prefetching-Power-Sharpening/case_studies/logs-entropycut/mbpp/2026-09-21/vllm/dataset-mbpp.model-qwen3.5-9b.alpha4.0.steps100.blocks-1.prefetch-budget-20.rank-accept_first.cut-entropy4.0.samples20.maxnew1024.seed10086.subtreePrefetch.vllm.log,202,13,43,0.10579006140592671
/Users/jiangnanhugo/workspace/power-sharpening/Subtree-Prefetching-Power-Sharpening/case_studies/logs-entropycut/mbpp/2026-09-21/vllm/dataset-mbpp.model-qwen3.5-9b.alpha4.0.steps100.blocks-1.prefetch-budget-20.rank-accept_first.cut-entropy4.0.samples20.maxnew1024.seed10086.subtreePrefetch.vllm.log,202,14,47,0.022411588101125184
/Users/jiangnanhugo/workspace/power-sharpening/Subtree-Prefetching-Power-Sharpening/case_studies/logs-entropycut/mbpp/2026-09-21/vllm/dataset-mbpp.model-qwen3.5-9b.alpha4.0.steps100.blocks-1.prefetch-budget-20.rank-accept_first.cut-entropy4.0.samples20.maxnew1024.seed10086.subtreePrefetch.vllm.log,202,15,121,0.021758200825275527
/Users/jiangnanhugo/workspace/power-sharpening/Subtree-Prefetching-Power-Sharpening/case_studies/logs-entropycut/mbpp/2026-09-21/vllm/dataset-mbpp.model-qwen3.5-9b.alpha4.0.steps100.blocks-1.prefetch-budget-20.rank-accept_first.cut-entropy4.0.samples20.maxnew1024.seed10086.subtreePrefetch.vllm.log,202,16,1002,0.02503176218020816
/Users/jiangnanhugo/workspace/power-sharpening/Subtree-Prefetching-Power-Sharpening/case_studies/logs-entropycut/mbpp/2026-09-21/vllm/dataset-mbpp.model-qwen3.5-9b.alpha4.0.steps100.blocks-1.prefetch-budget-20.rank-accept_first.cut-entropy4.0.samples20.maxnew1024.seed10086.subtreePrefetch.vllm.log,202,17,537,0.14144206654062347
/Users/jiangnanhugo/workspace/power-sharpening/Subtree-Prefetching-Power-Sharpening/case_studies/logs-entropycut/mbpp/2026-09-21/vllm/dataset-mbpp.model-qwen3.5-9b.alpha4.0.steps100.blocks-1.prefetch-budget-20.rank-accept_first.cut-entropy4.0.samples20.maxnew1024.seed10086.subtreePrefetch.vllm.log,202,18,61,0.004343413143972071
/Users/jiangnanhugo/workspace/power-sharpening/Subtree-Prefetching-Power-Sharpening/case_studies/logs-entropycut/mbpp/2026-09-21/vllm/dataset-mbpp.model-qwen3.5-9b.alpha4.0.steps100.blocks-1.prefetch-budget-20.rank-accept_first.cut-entropy4.0.samples20.maxnew1024.seed10086.subtreePrefetch.vllm.log,202,19,58,0.023539165185993145
/Users/jiangnanhugo/workspace/power-sharpening/Subtree-Prefetching-Power-Sharpening/case_studies/logs-entropycut/mbpp/2026-09-21/vllm/dataset-mbpp.model-qwen3.5-9b.alpha4.0.steps100.blocks-1.prefetch-budget-20.rank-accept_first.cut-entropy4.0.samples20.maxnew1024.seed10086.subtreePrefetch.vllm.log,203,0,304,0.04514843815104507
/Users/jiangnanhugo/workspace/power-sharpening/Subtree-Prefetching-Power-Sharpening/case_studies/logs-entropycut/mbpp/2026-09-21/vllm/dataset-mbpp.model-qwen3.5-9b.alpha4.0.steps100.blocks-1.prefetch-budget-20.rank-accept_first.cut-entropy4.0.samples20.maxnew1024.seed10086.subtreePrefetch.vllm.log,203,1,43,0.10725434050280211
/Users/jiangnanhugo/workspace/power-sharpening/Subtree-Prefetching-Power-Sharpening/case_studies/logs-entropycut/mbpp/2026-09-21/vllm/dataset-mbpp.model-qwen3.5-9b.alpha4.0.steps100.blocks-1.prefetch-budget-20.rank-accept_first.cut-entropy4.0.samples20.maxnew1024.seed10086.subtreePrefetch.vllm.log,203,2,275,0.00271347193192501
/Users/jiangnanhugo/workspace/power-sharpening/Subtree-Prefetching-Power-Sharpening/case_studies/logs-entropycut/mbpp/2026-09-21/vllm/dataset-mbpp.model-qwen3.5-9b.alpha4.0.steps100.blocks-1.prefetch-budget-20.rank-accept_first.cut-entropy4.0.samples20.maxnew1024.seed10086.subtreePrefetch.vllm.log,203,3,569,0.1273195433957829
/Users/jiangnanhugo/workspace/power-sharpening/Subtree-Prefetching-Power-Sharpening/case_studies/logs-entropycut/mbpp/2026-09-21/vllm/dataset-mbpp.model-qwen3.5-9b.alpha4.0.steps100.blocks-1.prefetch-budget-20.rank-accept_first.cut-entropy4.0.samples20.maxnew1024.seed10086.subtreePrefetch.vllm.log,203,4,123,0.10151736594050083
/Users/jiangnanhugo/workspace/power-sharpening/Subtree-Prefetching-Power-Sharpening/case_studies/logs-entropycut/mbpp/2026-09-21/vllm/dataset-mbpp.model-qwen3.5-9b.alpha4.0.steps100.blocks-1.prefetch-budget-20.rank-accept_first.cut-entropy4.0.samples20.maxnew1024.seed10086.subtreePrefetch.vllm.log,203,5,304,0.04514843815104507
/Users/jiangnanhugo/workspace/power-sharpening/Subtree-Prefetching-Power-Sharpening/case_studies/logs-entropycut/mbpp/2026-09-21/vllm/dataset-mbpp.model-qwen3.5-9b.alpha4.0.steps100.blocks-1.prefetch-budget-20.rank-accept_first.cut-entropy4.0.samples20.maxnew1024.seed10086.subtreePrefetch.vllm.log,203,6,105,0.01494398084130569
/Users/jiangnanhugo/workspace/power-sharpening/Subtree-Prefetching-Power-Sharpening/case_studies/logs-entropycut/mbpp/2026-09-21/vllm/dataset-mbpp.model-qwen3.5-9b.alpha4.0.steps100.blocks-1.prefetch-budget-20.rank-accept_first.cut-entropy4.0.samples20.maxnew1024.seed10086.subtreePrefetch.vllm.log,203,7,68,0.019081812845523443
/Users/jiangnanhugo/workspace/power-sharpening/Subtree-Prefetching-Power-Sharpening/case_studies/logs-entropycut/mbpp/2026-09-21/vllm/dataset-mbpp.model-qwen3.5-9b.alpha4.0.steps100.blocks-1.prefetch-budget-20.rank-accept_first.cut-entropy4.0.samples20.maxnew1024.seed10086.subtreePrefetch.vllm.log,203,8,123,0.10151736594050083
/Users/jiangnanhugo/workspace/power-sharpening/Subtree-Prefetching-Power-Sharpening/case_studies/logs-entropycut/mbpp/2026-09-21/vllm/dataset-mbpp.model-qwen3.5-9b.alpha4.0.steps100.blocks-1.prefetch-budget-20.rank-accept_first.cut-entropy4.0.samples20.maxnew1024.seed10086.subtreePrefetch.vllm.log,203,9,276,0.10449952261830578
/Users/jiangnanhugo/workspace/power-sharpening/Subtree-Prefetching-Power-Sharpening/case_studies/logs-entropycut/mbpp/2026-09-21/vllm/dataset-mbpp.model-qwen3.5-9b.alpha4.0.steps100.blocks-1.prefetch-budget-20.rank-accept_first.cut-entropy4.0.samples20.maxnew1024.seed10086.subtreePrefetch.vllm.log,203,10,43,0.10725434050280211
/Users/jiangnanhugo/workspace/power-sharpening/Subtree-Prefetching-Power-Sharpening/case_studies/logs-entropycut/mbpp/2026-09-21/vllm/dataset-mbpp.model-qwen3.5-9b.alpha4.0.steps100.blocks-1.prefetch-budget-20.rank-accept_first.cut-entropy4.0.samples20.maxnew1024.seed10086.subtreePrefetch.vllm.log,203,11,43,0.10725434050280211
/Users/jiangnanhugo/workspace/power-sharpening/Subtree-Prefetching-Power-Sharpening/case_studies/logs-entropycut/mbpp/2026-09-21/vllm/dataset-mbpp.model-qwen3.5-9b.alpha4.0.steps100.blocks-1.prefetch-budget-20.rank-accept_first.cut-entropy4.0.samples20.maxnew1024.seed10086.subtreePrefetch.vllm.log,203,12,43,0.10725434050280211
/Users/jiangnanhugo/workspace/power-sharpening/Subtree-Prefetching-Power-Sharpening/case_studies/logs-entropycut/mbpp/2026-09-21/vllm/dataset-mbpp.model-qwen3.5-9b.alpha4.0.steps100.blocks-1.prefetch-budget-20.rank-accept_first.cut-entropy4.0.samples20.maxnew1024.seed10086.subtreePrefetch.vllm.log,203,13,276,0.10449952261830578
/Users/jiangnanhugo/workspace/power-sharpening/Subtree-Prefetching-Power-Sharpening/case_studies/logs-entropycut/mbpp/2026-09-21/vllm/dataset-mbpp.model-qwen3.5-9b.alpha4.0.steps100.blocks-1.prefetch-budget-20.rank-accept_first.cut-entropy4.0.samples20.maxnew1024.seed10086.subtreePrefetch.vllm.log,203,14,43,0.10725434050280211
/Users/jiangnanhugo/workspace/power-sharpening/Subtree-Prefetching-Power-Sharpening/case_studies/logs-entropycut/mbpp/2026-09-21/vllm/dataset-mbpp.model-qwen3.5-9b.alpha4.0.steps100.blocks-1.prefetch-budget-20.rank-accept_first.cut-entropy4.0.samples20.maxnew1024.seed10086.subtreePrefetch.vllm.log,203,15,275,0.00271347193192501
/Users/jiangnanhugo/workspace/power-sharpening/Subtree-Prefetching-Power-Sharpening/case_studies/logs-entropycut/mbpp/2026-09-21/vllm/dataset-mbpp.model-qwen3.5-9b.alpha4.0.steps100.blocks-1.prefetch-budget-20.rank-accept_first.cut-entropy4.0.samples20.maxnew1024.seed10086.subtreePrefetch.vllm.log,203,16,5,0.0096423142466291
/Users/jiangnanhugo/workspace/power-sharpening/Subtree-Prefetching-Power-Sharpening/case_studies/logs-entropycut/mbpp/2026-09-21/vllm/dataset-mbpp.model-qwen3.5-9b.alpha4.0.steps100.blocks-1.prefetch-budget-20.rank-accept_first.cut-entropy4.0.samples20.maxnew1024.seed10086.subtreePrefetch.vllm.log,203,17,333,0.0017986011724502647
/Users/jiangnanhugo/workspace/power-sharpening/Subtree-Prefetching-Power-Sharpening/case_studies/logs-entropycut/mbpp/2026-09-21/vllm/dataset-mbpp.model-qwen3.5-9b.alpha4.0.steps100.blocks-1.prefetch-budget-20.rank-accept_first.cut-entropy4.0.samples20.maxnew1024.seed10086.subtreePrefetch.vllm.log,203,18,123,0.10151736594050083
/Users/jiangnanhugo/workspace/power-sharpening/Subtree-Prefetching-Power-Sharpening/case_studies/logs-entropycut/mbpp/2026-09-21/vllm/dataset-mbpp.model-qwen3.5-9b.alpha4.0.steps100.blocks-1.prefetch-budget-20.rank-accept_first.cut-entropy4.0.samples20.maxnew1024.seed10086.subtreePrefetch.vllm.log,203,19,43,0.10725434050280211
/Users/jiangnanhugo/workspace/power-sharpening/Subtree-Prefetching-Power-Sharpening/case_studies/logs-entropycut/mbpp/2026-09-21/vllm/dataset-mbpp.model-qwen3.5-9b.alpha4.0.steps100.blocks-1.prefetch-budget-20.rank-accept_first.cut-entropy4.0.samples20.maxnew1024.seed10086.subtreePrefetch.vllm.log,204,0,260,0.013218900224370313
/Users/jiangnanhugo/workspace/power-sharpening/Subtree-Prefetching-Power-Sharpening/case_studies/logs-entropycut/mbpp/2026-09-21/vllm/dataset-mbpp.model-qwen3.5-9b.alpha4.0.steps100.blocks-1.prefetch-budget-20.rank-accept_first.cut-entropy4.0.samples20.maxnew1024.seed10086.subtreePrefetch.vllm.log,204,1,105,0.01494398084130569
/Users/jiangnanhugo/workspace/power-sharpening/Subtree-Prefetching-Power-Sharpening/case_studies/logs-entropycut/mbpp/2026-09-21/vllm/dataset-mbpp.model-qwen3.5-9b.alpha4.0.steps100.blocks-1.prefetch-budget-20.rank-accept_first.cut-entropy4.0.samples20.maxnew1024.seed10086.subtreePrefetch.vllm.log,204,2,68,0.019081812845523443
/Users/jiangnanhugo/workspace/power-sharpening/Subtree-Prefetching-Power-Sharpening/case_studies/logs-entropycut/mbpp/2026-09-21/vllm/dataset-mbpp.model-qwen3.5-9b.alpha4.0.steps100.blocks-1.prefetch-budget-20.rank-accept_first.cut-entropy4.0.samples20.maxnew1024.seed10086.subtreePrefetch.vllm.log,204,3,123,0.10151736594050083
/Users/jiangnanhugo/workspace/power-sharpening/Subtree-Prefetching-Power-Sharpening/case_studies/logs-entropycut/mbpp/2026-09-21/vllm/dataset-mbpp.model-qwen3.5-9b.alpha4.0.steps100.blocks-1.prefetch-budget-20.rank-accept_first.cut-entropy4.0.samples20.maxnew1024.seed10086.subtreePrefetch.vllm.log,204,4,43,0.10725434050280211
/Users/jiangnanhugo/workspace/power-sharpening/Subtree-Prefetching-Power-Sharpening/case_studies/logs-entropycut/mbpp/2026-09-21/vllm/dataset-mbpp.model-qwen3.5-9b.alpha4.0.steps100.blocks-1.prefetch-budget-20.rank-accept_first.cut-entropy4.0.samples20.maxnew1024.seed10086.subtreePrefetch.vllm.log,204,5,537,0.14339981813563948
/Users/jiangnanhugo/workspace/power-sharpening/Subtree-Prefetching-Power-Sharpening/case_studies/logs-entropycut/mbpp/2026-09-21/vllm/dataset-mbpp.model-qwen3.5-9b.alpha4.0.steps100.blocks-1.prefetch-budget-20.rank-accept_first.cut-entropy4.0.samples20.maxnew1024.seed10086.subtreePrefetch.vllm.log,204,6,43,0.10725434050280211
/Users/jiangnanhugo/workspace/power-sharpening/Subtree-Prefetching-Power-Sharpening/case_studies/logs-entropycut/mbpp/2026-09-21/vllm/dataset-mbpp.model-qwen3.5-9b.alpha4.0.steps100.blocks-1.prefetch-budget-20.rank-accept_first.cut-entropy4.0.samples20.maxnew1024.seed10086.subtreePrefetch.vllm.log,204,7,123,0.10151736594050083
/Users/jiangnanhugo/workspace/power-sharpening/Subtree-Prefetching-Power-Sharpening/case_studies/logs-entropycut/mbpp/2026-09-21/vllm/dataset-mbpp.model-qwen3.5-9b.alpha4.0.steps100.blocks-1.prefetch-budget-20.rank-accept_first.cut-entropy4.0.samples20.maxnew1024.seed10086.subtreePrefetch.vllm.log,204,8,43,0.10725434050280211
/Users/jiangnanhugo/workspace/power-sharpening/Subtree-Prefetching-Power-Sharpening/case_studies/logs-entropycut/mbpp/2026-09-21/vllm/dataset-mbpp.model-qwen3.5-9b.alpha4.0.steps100.blocks-1.prefetch-budget-20.rank-accept_first.cut-entropy4.0.samples20.maxnew1024.seed10086.subtreePrefetch.vllm.log,204,9,43,0.10725434050280211
/Users/jiangnanhugo/workspace/power-sharpening/Subtree-Prefetching-Power-Sharpening/case_studies/logs-entropycut/mbpp/2026-09-21/vllm/dataset-mbpp.model-qwen3.5-9b.alpha4.0.steps100.blocks-1.prefetch-budget-20.rank-accept_first.cut-entropy4.0.samples20.maxnew1024.seed10086.subtreePrefetch.vllm.log,204,10,68,0.019081812845523443
/Users/jiangnanhugo/workspace/power-sharpening/Subtree-Prefetching-Power-Sharpening/case_studies/logs-entropycut/mbpp/2026-09-21/vllm/dataset-mbpp.model-qwen3.5-9b.alpha4.0.steps100.blocks-1.prefetch-budget-20.rank-accept_first.cut-entropy4.0.samples20.maxnew1024.seed10086.subtreePrefetch.vllm.log,204,11,43,0.10725434050280211
/Users/jiangnanhugo/workspace/power-sharpening/Subtree-Prefetching-Power-Sharpening/case_studies/logs-entropycut/mbpp/2026-09-21/vllm/dataset-mbpp.model-qwen3.5-9b.alpha4.0.steps100.blocks-1.prefetch-budget-20.rank-accept_first.cut-entropy4.0.samples20.maxnew1024.seed10086.subtreePrefetch.vllm.log,204,12,43,0.10725434050280211
/Users/jiangnanhugo/workspace/power-sharpening/Subtree-Prefetching-Power-Sharpening/case_studies/logs-entropycut/mbpp/2026-09-21/vllm/dataset-mbpp.model-qwen3.5-9b.alpha4.0.steps100.blocks-1.prefetch-budget-20.rank-accept_first.cut-entropy4.0.samples20.maxnew1024.seed10086.subtreePrefetch.vllm.log,204,13,123,0.10151736594050083
/Users/jiangnanhugo/workspace/power-sharpening/Subtree-Prefetching-Power-Sharpening/case_studies/logs-entropycut/mbpp/2026-09-21/vllm/dataset-mbpp.model-qwen3.5-9b.alpha4.0.steps100.blocks-1.prefetch-budget-20.rank-accept_first.cut-entropy4.0.samples20.maxnew1024.seed10086.subtreePrefetch.vllm.log,204,14,58,0.02386497941732713
/Users/jiangnanhugo/workspace/power-sharpening/Subtree-Prefetching-Power-Sharpening/case_studies/logs-entropycut/mbpp/2026-09-21/vllm/dataset-mbpp.model-qwen3.5-9b.alpha4.0.steps100.blocks-1.prefetch-budget-20.rank-accept_first.cut-entropy4.0.samples20.maxnew1024.seed10086.subtreePrefetch.vllm.log,204,15,43,0.10725434050280211
/Users/jiangnanhugo/workspace/power-sharpening/Subtree-Prefetching-Power-Sharpening/case_studies/logs-entropycut/mbpp/2026-09-21/vllm/dataset-mbpp.model-qwen3.5-9b.alpha4.0.steps100.blocks-1.prefetch-budget-20.rank-accept_first.cut-entropy4.0.samples20.maxnew1024.seed10086.subtreePrefetch.vllm.log,204,16,779,0.06981428733419134
/Users/jiangnanhugo/workspace/power-sharpening/Subtree-Prefetching-Power-Sharpening/case_studies/logs-entropycut/mbpp/2026-09-21/vllm/dataset-mbpp.model-qwen3.5-9b.alpha4.0.steps100.blocks-1.prefetch-budget-20.rank-accept_first.cut-entropy4.0.samples20.maxnew1024.seed10086.subtreePrefetch.vllm.log,204,17,123,0.10151736594050083
/Users/jiangnanhugo/workspace/power-sharpening/Subtree-Prefetching-Power-Sharpening/case_studies/logs-entropycut/mbpp/2026-09-21/vllm/dataset-mbpp.model-qwen3.5-9b.alpha4.0.steps100.blocks-1.prefetch-budget-20.rank-accept_first.cut-entropy4.0.samples20.maxnew1024.seed10086.subtreePrefetch.vllm.log,204,18,303,0.00291238252250059
/Users/jiangnanhugo/workspace/power-sharpening/Subtree-Prefetching-Power-Sharpening/case_studies/logs-entropycut/mbpp/2026-09-21/vllm/dataset-mbpp.model-qwen3.5-9b.alpha4.0.steps100.blocks-1.prefetch-budget-20.rank-accept_first.cut-entropy4.0.samples20.maxnew1024.seed10086.subtreePrefetch.vllm.log,204,19,43,0.10725434050280211
/Users/jiangnanhugo/workspace/power-sharpening/Subtree-Prefetching-Power-Sharpening/case_studies/logs-entropycut/mbpp/2026-09-21/vllm/dataset-mbpp.model-qwen3.5-9b.alpha4.0.steps100.blocks-1.prefetch-budget-20.rank-accept_first.cut-entropy4.0.samples20.maxnew1024.seed10086.subtreePrefetch.vllm.log,205,0,43,0.07164310998677523
/Users/jiangnanhugo/workspace/power-sharpening/Subtree-Prefetching-Power-Sharpening/case_studies/logs-entropycut/mbpp/2026-09-21/vllm/dataset-mbpp.model-qwen3.5-9b.alpha4.0.steps100.blocks-1.prefetch-budget-20.rank-accept_first.cut-entropy4.0.samples20.maxnew1024.seed10086.subtreePrefetch.vllm.log,205,1,105,0.5230816991145907
/Users/jiangnanhugo/workspace/power-sharpening/Subtree-Prefetching-Power-Sharpening/case_studies/logs-entropycut/mbpp/2026-09-21/vllm/dataset-mbpp.model-qwen3.5-9b.alpha4.0.steps100.blocks-1.prefetch-budget-20.rank-accept_first.cut-entropy4.0.samples20.maxnew1024.seed10086.subtreePrefetch.vllm.log,205,2,105,0.5230816991145907
/Users/jiangnanhugo/workspace/power-sharpening/Subtree-Prefetching-Power-Sharpening/case_studies/logs-entropycut/mbpp/2026-09-21/vllm/dataset-mbpp.model-qwen3.5-9b.alpha4.0.steps100.blocks-1.prefetch-budget-20.rank-accept_first.cut-entropy4.0.samples20.maxnew1024.seed10086.subtreePrefetch.vllm.log,205,3,105,0.5230816991145907
/Users/jiangnanhugo/workspace/power-sharpening/Subtree-Prefetching-Power-Sharpening/case_studies/logs-entropycut/mbpp/2026-09-21/vllm/dataset-mbpp.model-qwen3.5-9b.alpha4.0.steps100.blocks-1.prefetch-budget-20.rank-accept_first.cut-entropy4.0.samples20.maxnew1024.seed10086.subtreePrefetch.vllm.log,205,4,105,0.5230816991145907
/Users/jiangnanhugo/workspace/power-sharpening/Subtree-Prefetching-Power-Sharpening/case_studies/logs-entropycut/mbpp/2026-09-21/vllm/dataset-mbpp.model-qwen3.5-9b.alpha4.0.steps100.blocks-1.prefetch-budget-20.rank-accept_first.cut-entropy4.0.samples20.maxnew1024.seed10086.subtreePrefetch.vllm.log,205,5,105,0.5230816991145907
/Users/jiangnanhugo/workspace/power-sharpening/Subtree-Prefetching-Power-Sharpening/case_studies/logs-entropycut/mbpp/2026-09-21/vllm/dataset-mbpp.model-qwen3.5-9b.alpha4.0.steps100.blocks-1.prefetch-budget-20.rank-accept_first.cut-entropy4.0.samples20.maxnew1024.seed10086.subtreePrefetch.vllm.log,205,6,43,0.07164310998677523
/Users/jiangnanhugo/workspace/power-sharpening/Subtree-Prefetching-Power-Sharpening/case_studies/logs-entropycut/mbpp/2026-09-21/vllm/dataset-mbpp.model-qwen3.5-9b.alpha4.0.steps100.blocks-1.prefetch-budget-20.rank-accept_first.cut-entropy4.0.samples20.maxnew1024.seed10086.subtreePrefetch.vllm.log,205,7,43,0.07164310998677523
/Users/jiangnanhugo/workspace/power-sharpening/Subtree-Prefetching-Power-Sharpening/case_studies/logs-entropycut/mbpp/2026-09-21/vllm/dataset-mbpp.model-qwen3.5-9b.alpha4.0.steps100.blocks-1.prefetch-budget-20.rank-accept_first.cut-entropy4.0.samples20.maxnew1024.seed10086.subtreePrefetch.vllm.log,205,8,105,0.5230816991145907
/Users/jiangnanhugo/workspace/power-sharpening/Subtree-Prefetching-Power-Sharpening/case_studies/logs-entropycut/mbpp/2026-09-21/vllm/dataset-mbpp.model-qwen3.5-9b.alpha4.0.steps100.blocks-1.prefetch-budget-20.rank-accept_first.cut-entropy4.0.samples20.maxnew1024.seed10086.subtreePrefetch.vllm.log,205,9,105,0.5230816991145907
/Users/jiangnanhugo/workspace/power-sharpening/Subtree-Prefetching-Power-Sharpening/case_studies/logs-entropycut/mbpp/2026-09-21/vllm/dataset-mbpp.model-qwen3.5-9b.alpha4.0.steps100.blocks-1.prefetch-budget-20.rank-accept_first.cut-entropy4.0.samples20.maxnew1024.seed10086.subtreePrefetch.vllm.log,205,10,105,0.5230816991145907
/Users/jiangnanhugo/workspace/power-sharpening/Subtree-Prefetching-Power-Sharpening/case_studies/logs-entropycut/mbpp/2026-09-21/vllm/dataset-mbpp.model-qwen3.5-9b.alpha4.0.steps100.blocks-1.prefetch-budget-20.rank-accept_first.cut-entropy4.0.samples20.maxnew1024.seed10086.subtreePrefetch.vllm.log,205,11,105,0.5230816991145907
/Users/jiangnanhugo/workspace/power-sharpening/Subtree-Prefetching-Power-Sharpening/case_studies/logs-entropycut/mbpp/2026-09-21/vllm/dataset-mbpp.model-qwen3.5-9b.alpha4.0.steps100.blocks-1.prefetch-budget-20.rank-accept_first.cut-entropy4.0.samples20.maxnew1024.seed10086.subtreePrefetch.vllm.log,205,12,105,0.5230816991145907
/Users/jiangnanhugo/workspace/power-sharpening/Subtree-Prefetching-Power-Sharpening/case_studies/logs-entropycut/mbpp/2026-09-21/vllm/dataset-mbpp.model-qwen3.5-9b.alpha4.0.steps100.blocks-1.prefetch-budget-20.rank-accept_first.cut-entropy4.0.samples20.maxnew1024.seed10086.subtreePrefetch.vllm.log,205,13,105,0.5230816991145907
/Users/jiangnanhugo/workspace/power-sharpening/Subtree-Prefetching-Power-Sharpening/case_studies/logs-entropycut/mbpp/2026-09-21/vllm/dataset-mbpp.model-qwen3.5-9b.alpha4.0.steps100.blocks-1.prefetch-budget-20.rank-accept_first.cut-entropy4.0.samples20.maxnew1024.seed10086.subtreePrefetch.vllm.log,205,14,61,0.002941444796005792
/Users/jiangnanhugo/workspace/power-sharpening/Subtree-Prefetching-Power-Sharpening/case_studies/logs-entropycut/mbpp/2026-09-21/vllm/dataset-mbpp.model-qwen3.5-9b.alpha4.0.steps100.blocks-1.prefetch-budget-20.rank-accept_first.cut-entropy4.0.samples20.maxnew1024.seed10086.subtreePrefetch.vllm.log,205,15,105,0.5230816991145907
/Users/jiangnanhugo/workspace/power-sharpening/Subtree-Prefetching-Power-Sharpening/case_studies/logs-entropycut/mbpp/2026-09-21/vllm/dataset-mbpp.model-qwen3.5-9b.alpha4.0.steps100.blocks-1.prefetch-budget-20.rank-accept_first.cut-entropy4.0.samples20.maxnew1024.seed10086.subtreePrefetch.vllm.log,205,16,43,0.07164310998677523
/Users/jiangnanhugo/workspace/power-sharpening/Subtree-Prefetching-Power-Sharpening/case_studies/logs-entropycut/mbpp/2026-09-21/vllm/dataset-mbpp.model-qwen3.5-9b.alpha4.0.steps100.blocks-1.prefetch-budget-20.rank-accept_first.cut-entropy4.0.samples20.maxnew1024.seed10086.subtreePrefetch.vllm.log,205,17,105,0.5230816991145907
/Users/jiangnanhugo/workspace/power-sharpening/Subtree-Prefetching-Power-Sharpening/case_studies/logs-entropycut/mbpp/2026-09-21/vllm/dataset-mbpp.model-qwen3.5-9b.alpha4.0.steps100.blocks-1.prefetch-budget-20.rank-accept_first.cut-entropy4.0.samples20.maxnew1024.seed10086.subtreePrefetch.vllm.log,205,18,43,0.07164310998677523
/Users/jiangnanhugo/workspace/power-sharpening/Subtree-Prefetching-Power-Sharpening/case_studies/logs-entropycut/mbpp/2026-09-21/vllm/dataset-mbpp.model-qwen3.5-9b.alpha4.0.steps100.blocks-1.prefetch-budget-20.rank-accept_first.cut-entropy4.0.samples20.maxnew1024.seed10086.subtreePrefetch.vllm.log,205,19,105,0.5230816991145907
/Users/jiangnanhugo/workspace/power-sharpening/Subtree-Prefetching-Power-Sharpening/case_studies/logs-entropycut/mbpp/2026-09-21/vllm/dataset-mbpp.model-qwen3.5-9b.alpha4.0.steps100.blocks-1.prefetch-budget-20.rank-accept_first.cut-entropy4.0.samples20.maxnew1024.seed10086.subtreePrefetch.vllm.log,206,0,225,0.1659774333781872
/Users/jiangnanhugo/workspace/power-sharpening/Subtree-Prefetching-Power-Sharpening/case_studies/logs-entropycut/mbpp/2026-09-21/vllm/dataset-mbpp.model-qwen3.5-9b.alpha4.0.steps100.blocks-1.prefetch-budget-20.rank-accept_first.cut-entropy4.0.samples20.maxnew1024.seed10086.subtreePrefetch.vllm.log,206,1,105,0.5230808025494165
/Users/jiangnanhugo/workspace/power-sharpening/Subtree-Prefetching-Power-Sharpening/case_studies/logs-entropycut/mbpp/2026-09-21/vllm/dataset-mbpp.model-qwen3.5-9b.alpha4.0.steps100.blocks-1.prefetch-budget-20.rank-accept_first.cut-entropy4.0.samples20.maxnew1024.seed10086.subtreePrefetch.vllm.log,206,2,43,0.0716429871900544
/Users/jiangnanhugo/workspace/power-sharpening/Subtree-Prefetching-Power-Sharpening/case_studies/logs-entropycut/mbpp/2026-09-21/vllm/dataset-mbpp.model-qwen3.5-9b.alpha4.0.steps100.blocks-1.prefetch-budget-20.rank-accept_first.cut-entropy4.0.samples20.maxnew1024.seed10086.subtreePrefetch.vllm.log,206,3,225,0.1659774333781872
/Users/jiangnanhugo/workspace/power-sharpening/Subtree-Prefetching-Power-Sharpening/case_studies/logs-entropycut/mbpp/2026-09-21/vllm/dataset-mbpp.model-qwen3.5-9b.alpha4.0.steps100.blocks-1.prefetch-budget-20.rank-accept_first.cut-entropy4.0.samples20.maxnew1024.seed10086.subtreePrefetch.vllm.log,206,4,105,0.5230808025494165
/Users/jiangnanhugo/workspace/power-sharpening/Subtree-Prefetching-Power-Sharpening/case_studies/logs-entropycut/mbpp/2026-09-21/vllm/dataset-mbpp.model-qwen3.5-9b.alpha4.0.steps100.blocks-1.prefetch-budget-20.rank-accept_first.cut-entropy4.0.samples20.maxnew1024.seed10086.subtreePrefetch.vllm.log,206,5,105,0.5230808025494165
/Users/jiangnanhugo/workspace/power-sharpening/Subtree-Prefetching-Power-Sharpening/case_studies/logs-entropycut/mbpp/2026-09-21/vllm/dataset-mbpp.model-qwen3.5-9b.alpha4.0.steps100.blocks-1.prefetch-budget-20.rank-accept_first.cut-entropy4.0.samples20.maxnew1024.seed10086.subtreePrefetch.vllm.log,206,6,43,0.0716429871900544
/Users/jiangnanhugo/workspace/power-sharpening/Subtree-Prefetching-Power-Sharpening/case_studies/logs-entropycut/mbpp/2026-09-21/vllm/dataset-mbpp.model-qwen3.5-9b.alpha4.0.steps100.blocks-1.prefetch-budget-20.rank-accept_first.cut-entropy4.0.samples20.maxnew1024.seed10086.subtreePrefetch.vllm.log,206,7,105,0.5230808025494165
/Users/jiangnanhugo/workspace/power-sharpening/Subtree-Prefetching-Power-Sharpening/case_studies/logs-entropycut/mbpp/2026-09-21/vllm/dataset-mbpp.model-qwen3.5-9b.alpha4.0.steps100.blocks-1.prefetch-budget-20.rank-accept_first.cut-entropy4.0.samples20.maxnew1024.seed10086.subtreePrefetch.vllm.log,206,8,225,0.1659774333781872
/Users/jiangnanhugo/workspace/power-sharpening/Subtree-Prefetching-Power-Sharpening/case_studies/logs-entropycut/mbpp/2026-09-21/vllm/dataset-mbpp.model-qwen3.5-9b.alpha4.0.steps100.blocks-1.prefetch-budget-20.rank-accept_first.cut-entropy4.0.samples20.maxnew1024.seed10086.subtreePrefetch.vllm.log,206,9,105,0.5230808025494165
/Users/jiangnanhugo/workspace/power-sharpening/Subtree-Prefetching-Power-Sharpening/case_studies/logs-entropycut/mbpp/2026-09-21/vllm/dataset-mbpp.model-qwen3.5-9b.alpha4.0.steps100.blocks-1.prefetch-budget-20.rank-accept_first.cut-entropy4.0.samples20.maxnew1024.seed10086.subtreePrefetch.vllm.log,206,10,105,0.5230808025494165
/Users/jiangnanhugo/workspace/power-sharpening/Subtree-Prefetching-Power-Sharpening/case_studies/logs-entropycut/mbpp/2026-09-21/vllm/dataset-mbpp.model-qwen3.5-9b.alpha4.0.steps100.blocks-1.prefetch-budget-20.rank-accept_first.cut-entropy4.0.samples20.maxnew1024.seed10086.subtreePrefetch.vllm.log,206,11,105,0.5230808025494165
/Users/jiangnanhugo/workspace/power-sharpening/Subtree-Prefetching-Power-Sharpening/case_studies/logs-entropycut/mbpp/2026-09-21/vllm/dataset-mbpp.model-qwen3.5-9b.alpha4.0.steps100.blocks-1.prefetch-budget-20.rank-accept_first.cut-entropy4.0.samples20.maxnew1024.seed10086.subtreePrefetch.vllm.log,206,12,43,0.0716429871900544
/Users/jiangnanhugo/workspace/power-sharpening/Subtree-Prefetching-Power-Sharpening/case_studies/logs-entropycut/mbpp/2026-09-21/vllm/dataset-mbpp.model-qwen3.5-9b.alpha4.0.steps100.blocks-1.prefetch-budget-20.rank-accept_first.cut-entropy4.0.samples20.maxnew1024.seed10086.subtreePrefetch.vllm.log,206,13,105,0.5230808025494165
/Users/jiangnanhugo/workspace/power-sharpening/Subtree-Prefetching-Power-Sharpening/case_studies/logs-entropycut/mbpp/2026-09-21/vllm/dataset-mbpp.model-qwen3.5-9b.alpha4.0.steps100.blocks-1.prefetch-budget-20.rank-accept_first.cut-entropy4.0.samples20.maxnew1024.seed10086.subtreePrefetch.vllm.log,206,14,105,0.5230808025494165
/Users/jiangnanhugo/workspace/power-sharpening/Subtree-Prefetching-Power-Sharpening/case_studies/logs-entropycut/mbpp/2026-09-21/vllm/dataset-mbpp.model-qwen3.5-9b.alpha4.0.steps100.blocks-1.prefetch-budget-20.rank-accept_first.cut-entropy4.0.samples20.maxnew1024.seed10086.subtreePrefetch.vllm.log,206,15,43,0.0716429871900544
/Users/jiangnanhugo/workspace/power-sharpening/Subtree-Prefetching-Power-Sharpening/case_studies/logs-entropycut/mbpp/2026-09-21/vllm/dataset-mbpp.model-qwen3.5-9b.alpha4.0.steps100.blocks-1.prefetch-budget-20.rank-accept_first.cut-entropy4.0.samples20.maxnew1024.seed10086.subtreePrefetch.vllm.log,206,16,105,0.5230808025494165
/Users/jiangnanhugo/workspace/power-sharpening/Subtree-Prefetching-Power-Sharpening/case_studies/logs-entropycut/mbpp/2026-09-21/vllm/dataset-mbpp.model-qwen3.5-9b.alpha4.0.steps100.blocks-1.prefetch-budget-20.rank-accept_first.cut-entropy4.0.samples20.maxnew1024.seed10086.subtreePrefetch.vllm.log,206,17,68,0.012746132854354135
/Users/jiangnanhugo/workspace/power-sharpening/Subtree-Prefetching-Power-Sharpening/case_studies/logs-entropycut/mbpp/2026-09-21/vllm/dataset-mbpp.model-qwen3.5-9b.alpha4.0.steps100.blocks-1.prefetch-budget-20.rank-accept_first.cut-entropy4.0.samples20.maxnew1024.seed10086.subtreePrefetch.vllm.log,206,18,105,0.5230808025494165
/Users/jiangnanhugo/workspace/power-sharpening/Subtree-Prefetching-Power-Sharpening/case_studies/logs-entropycut/mbpp/2026-09-21/vllm/dataset-mbpp.model-qwen3.5-9b.alpha4.0.steps100.blocks-1.prefetch-budget-20.rank-accept_first.cut-entropy4.0.samples20.maxnew1024.seed10086.subtreePrefetch.vllm.log,206,19,43,0.0716429871900544
/Users/jiangnanhugo/workspace/power-sharpening/Subtree-Prefetching-Power-Sharpening/case_studies/logs-entropycut/mbpp/2026-09-21/vllm/dataset-mbpp.model-qwen3.5-9b.alpha4.0.steps100.blocks-1.prefetch-budget-20.rank-accept_first.cut-entropy4.0.samples20.maxnew1024.seed10086.subtreePrefetch.vllm.log,207,0,225,0.1659774333771593
/Users/jiangnanhugo/workspace/power-sharpening/Subtree-Prefetching-Power-Sharpening/case_studies/logs-entropycut/mbpp/2026-09-21/vllm/dataset-mbpp.model-qwen3.5-9b.alpha4.0.steps100.blocks-1.prefetch-budget-20.rank-accept_first.cut-entropy4.0.samples20.maxnew1024.seed10086.subtreePrefetch.vllm.log,207,1,105,0.523080802546177
/Users/jiangnanhugo/workspace/power-sharpening/Subtree-Prefetching-Power-Sharpening/case_studies/logs-entropycut/mbpp/2026-09-21/vllm/dataset-mbpp.model-qwen3.5-9b.alpha4.0.steps100.blocks-1.prefetch-budget-20.rank-accept_first.cut-entropy4.0.samples20.maxnew1024.seed10086.subtreePrefetch.vllm.log,207,2,105,0.523080802546177
/Users/jiangnanhugo/workspace/power-sharpening/Subtree-Prefetching-Power-Sharpening/case_studies/logs-entropycut/mbpp/2026-09-21/vllm/dataset-mbpp.model-qwen3.5-9b.alpha4.0.steps100.blocks-1.prefetch-budget-20.rank-accept_first.cut-entropy4.0.samples20.maxnew1024.seed10086.subtreePrefetch.vllm.log,207,3,225,0.1659774333771593
/Users/jiangnanhugo/workspace/power-sharpening/Subtree-Prefetching-Power-Sharpening/case_studies/logs-entropycut/mbpp/2026-09-21/vllm/dataset-mbpp.model-qwen3.5-9b.alpha4.0.steps100.blocks-1.prefetch-budget-20.rank-accept_first.cut-entropy4.0.samples20.maxnew1024.seed10086.subtreePrefetch.vllm.log,207,4,105,0.523080802546177
/Users/jiangnanhugo/workspace/power-sharpening/Subtree-Prefetching-Power-Sharpening/case_studies/logs-entropycut/mbpp/2026-09-21/vllm/dataset-mbpp.model-qwen3.5-9b.alpha4.0.steps100.blocks-1.prefetch-budget-20.rank-accept_first.cut-entropy4.0.samples20.maxnew1024.seed10086.subtreePrefetch.vllm.log,207,5,105,0.523080802546177
/Users/jiangnanhugo/workspace/power-sharpening/Subtree-Prefetching-Power-Sharpening/case_studies/logs-entropycut/mbpp/2026-09-21/vllm/dataset-mbpp.model-qwen3.5-9b.alpha4.0.steps100.blocks-1.prefetch-budget-20.rank-accept_first.cut-entropy4.0.samples20.maxnew1024.seed10086.subtreePrefetch.vllm.log,207,6,38,0.0011020105281698638
/Users/jiangnanhugo/workspace/power-sharpening/Subtree-Prefetching-Power-Sharpening/case_studies/logs-entropycut/mbpp/2026-09-21/vllm/dataset-mbpp.model-qwen3.5-9b.alpha4.0.steps100.blocks-1.prefetch-budget-20.rank-accept_first.cut-entropy4.0.samples20.maxnew1024.seed10086.subtreePrefetch.vllm.log,207,7,105,0.523080802546177
/Users/jiangnanhugo/workspace/power-sharpening/Subtree-Prefetching-Power-Sharpening/case_studies/logs-entropycut/mbpp/2026-09-21/vllm/dataset-mbpp.model-qwen3.5-9b.alpha4.0.steps100.blocks-1.prefetch-budget-20.rank-accept_first.cut-entropy4.0.samples20.maxnew1024.seed10086.subtreePrefetch.vllm.log,207,8,47,0.015177542180137067
/Users/jiangnanhugo/workspace/power-sharpening/Subtree-Prefetching-Power-Sharpening/case_studies/logs-entropycut/mbpp/2026-09-21/vllm/dataset-mbpp.model-qwen3.5-9b.alpha4.0.steps100.blocks-1.prefetch-budget-20.rank-accept_first.cut-entropy4.0.samples20.maxnew1024.seed10086.subtreePrefetch.vllm.log,207,9,105,0.523080802546177
/Users/jiangnanhugo/workspace/power-sharpening/Subtree-Prefetching-Power-Sharpening/case_studies/logs-entropycut/mbpp/2026-09-21/vllm/dataset-mbpp.model-qwen3.5-9b.alpha4.0.steps100.blocks-1.prefetch-budget-20.rank-accept_first.cut-entropy4.0.samples20.maxnew1024.seed10086.subtreePrefetch.vllm.log,207,10,105,0.523080802546177
/Users/jiangnanhugo/workspace/power-sharpening/Subtree-Prefetching-Power-Sharpening/case_studies/logs-entropycut/mbpp/2026-09-21/vllm/dataset-mbpp.model-qwen3.5-9b.alpha4.0.steps100.blocks-1.prefetch-budget-20.rank-accept_first.cut-entropy4.0.samples20.maxnew1024.seed10086.subtreePrefetch.vllm.log,207,11,105,0.523080802546177
/Users/jiangnanhugo/workspace/power-sharpening/Subtree-Prefetching-Power-Sharpening/case_studies/logs-entropycut/mbpp/2026-09-21/vllm/dataset-mbpp.model-qwen3.5-9b.alpha4.0.steps100.blocks-1.prefetch-budget-20.rank-accept_first.cut-entropy4.0.samples20.maxnew1024.seed10086.subtreePrefetch.vllm.log,207,12,225,0.1659774333771593
/Users/jiangnanhugo/workspace/power-sharpening/Subtree-Prefetching-Power-Sharpening/case_studies/logs-entropycut/mbpp/2026-09-21/vllm/dataset-mbpp.model-qwen3.5-9b.alpha4.0.steps100.blocks-1.prefetch-budget-20.rank-accept_first.cut-entropy4.0.samples20.maxnew1024.seed10086.subtreePrefetch.vllm.log,207,13,105,0.523080802546177
/Users/jiangnanhugo/workspace/power-sharpening/Subtree-Prefetching-Power-Sharpening/case_studies/logs-entropycut/mbpp/2026-09-21/vllm/dataset-mbpp.model-qwen3.5-9b.alpha4.0.steps100.blocks-1.prefetch-budget-20.rank-accept_first.cut-entropy4.0.samples20.maxnew1024.seed10086.subtreePrefetch.vllm.log,207,14,105,0.523080802546177
/Users/jiangnanhugo/workspace/power-sharpening/Subtree-Prefetching-Power-Sharpening/case_studies/logs-entropycut/mbpp/2026-09-21/vllm/dataset-mbpp.model-qwen3.5-9b.alpha4.0.steps100.blocks-1.prefetch-budget-20.rank-accept_first.cut-entropy4.0.samples20.maxnew1024.seed10086.subtreePrefetch.vllm.log,207,15,105,0.523080802546177
/Users/jiangnanhugo/workspace/power-sharpening/Subtree-Prefetching-Power-Sharpening/case_studies/logs-entropycut/mbpp/2026-09-21/vllm/dataset-mbpp.model-qwen3.5-9b.alpha4.0.steps100.blocks-1.prefetch-budget-20.rank-accept_first.cut-entropy4.0.samples20.maxnew1024.seed10086.subtreePrefetch.vllm.log,207,16,105,0.523080802546177
/Users/jiangnanhugo/workspace/power-sharpening/Subtree-Prefetching-Power-Sharpening/case_studies/logs-entropycut/mbpp/2026-09-21/vllm/dataset-mbpp.model-qwen3.5-9b.alpha4.0.steps100.blocks-1.prefetch-budget-20.rank-accept_first.cut-entropy4.0.samples20.maxnew1024.seed10086.subtreePrefetch.vllm.log,207,17,138,0.07807336798085342
/Users/jiangnanhugo/workspace/power-sharpening/Subtree-Prefetching-Power-Sharpening/case_studies/logs-entropycut/mbpp/2026-09-21/vllm/dataset-mbpp.model-qwen3.5-9b.alpha4.0.steps100.blocks-1.prefetch-budget-20.rank-accept_first.cut-entropy4.0.samples20.maxnew1024.seed10086.subtreePrefetch.vllm.log,207,18,105,0.523080802546177
/Users/jiangnanhugo/workspace/power-sharpening/Subtree-Prefetching-Power-Sharpening/case_studies/logs-entropycut/mbpp/2026-09-21/vllm/dataset-mbpp.model-qwen3.5-9b.alpha4.0.steps100.blocks-1.prefetch-budget-20.rank-accept_first.cut-entropy4.0.samples20.maxnew1024.seed10086.subtreePrefetch.vllm.log,207,19,105,0.523080802546177
/Users/jiangnanhugo/workspace/power-sharpening/Subtree-Prefetching-Power-Sharpening/case_studies/logs-entropycut/mbpp/2026-09-21/vllm/dataset-mbpp.model-qwen3.5-9b.alpha4.0.steps100.blocks-1.prefetch-budget-20.rank-accept_first.cut-entropy4.0.samples20.maxnew1024.seed10086.subtreePrefetch.vllm.log,208,0,105,0.523081037311388
/Users/jiangnanhugo/workspace/power-sharpening/Subtree-Prefetching-Power-Sharpening/case_studies/logs-entropycut/mbpp/2026-09-21/vllm/dataset-mbpp.model-qwen3.5-9b.alpha4.0.steps100.blocks-1.prefetch-budget-20.rank-accept_first.cut-entropy4.0.samples20.maxnew1024.seed10086.subtreePrefetch.vllm.log,208,1,105,0.523081037311388
/Users/jiangnanhugo/workspace/power-sharpening/Subtree-Prefetching-Power-Sharpening/case_studies/logs-entropycut/mbpp/2026-09-21/vllm/dataset-mbpp.model-qwen3.5-9b.alpha4.0.steps100.blocks-1.prefetch-budget-20.rank-accept_first.cut-entropy4.0.samples20.maxnew1024.seed10086.subtreePrefetch.vllm.log,208,2,43,0.07164301934388001
/Users/jiangnanhugo/workspace/power-sharpening/Subtree-Prefetching-Power-Sharpening/case_studies/logs-entropycut/mbpp/2026-09-21/vllm/dataset-mbpp.model-qwen3.5-9b.alpha4.0.steps100.blocks-1.prefetch-budget-20.rank-accept_first.cut-entropy4.0.samples20.maxnew1024.seed10086.subtreePrefetch.vllm.log,208,3,58,0.01594116540199319
/Users/jiangnanhugo/workspace/power-sharpening/Subtree-Prefetching-Power-Sharpening/case_studies/logs-entropycut/mbpp/2026-09-21/vllm/dataset-mbpp.model-qwen3.5-9b.alpha4.0.steps100.blocks-1.prefetch-budget-20.rank-accept_first.cut-entropy4.0.samples20.maxnew1024.seed10086.subtreePrefetch.vllm.log,208,4,105,0.523081037311388
/Users/jiangnanhugo/workspace/power-sharpening/Subtree-Prefetching-Power-Sharpening/case_studies/logs-entropycut/mbpp/2026-09-21/vllm/dataset-mbpp.model-qwen3.5-9b.alpha4.0.steps100.blocks-1.prefetch-budget-20.rank-accept_first.cut-entropy4.0.samples20.maxnew1024.seed10086.subtreePrefetch.vllm.log,208,5,105,0.523081037311388
/Users/jiangnanhugo/workspace/power-sharpening/Subtree-Prefetching-Power-Sharpening/case_studies/logs-entropycut/mbpp/2026-09-21/vllm/dataset-mbpp.model-qwen3.5-9b.alpha4.0.steps100.blocks-1.prefetch-budget-20.rank-accept_first.cut-entropy4.0.samples20.maxnew1024.seed10086.subtreePrefetch.vllm.log,208,6,43,0.07164301934388001
/Users/jiangnanhugo/workspace/power-sharpening/Subtree-Prefetching-Power-Sharpening/case_studies/logs-entropycut/mbpp/2026-09-21/vllm/dataset-mbpp.model-qwen3.5-9b.alpha4.0.steps100.blocks-1.prefetch-budget-20.rank-accept_first.cut-entropy4.0.samples20.maxnew1024.seed10086.subtreePrefetch.vllm.log,208,7,43,0.07164301934388001
/Users/jiangnanhugo/workspace/power-sharpening/Subtree-Prefetching-Power-Sharpening/case_studies/logs-entropycut/mbpp/2026-09-21/vllm/dataset-mbpp.model-qwen3.5-9b.alpha4.0.steps100.blocks-1.prefetch-budget-20.rank-accept_first.cut-entropy4.0.samples20.maxnew1024.seed10086.subtreePrefetch.vllm.log,208,8,225,0.16597750786990875
/Users/jiangnanhugo/workspace/power-sharpening/Subtree-Prefetching-Power-Sharpening/case_studies/logs-entropycut/mbpp/2026-09-21/vllm/dataset-mbpp.model-qwen3.5-9b.alpha4.0.steps100.blocks-1.prefetch-budget-20.rank-accept_first.cut-entropy4.0.samples20.maxnew1024.seed10086.subtreePrefetch.vllm.log,208,9,58,0.01594116540199319
/Users/jiangnanhugo/workspace/power-sharpening/Subtree-Prefetching-Power-Sharpening/case_studies/logs-entropycut/mbpp/2026-09-21/vllm/dataset-mbpp.model-qwen3.5-9b.alpha4.0.steps100.blocks-1.prefetch-budget-20.rank-accept_first.cut-entropy4.0.samples20.maxnew1024.seed10086.subtreePrefetch.vllm.log,208,10,105,0.523081037311388
/Users/jiangnanhugo/workspace/power-sharpening/Subtree-Prefetching-Power-Sharpening/case_studies/logs-entropycut/mbpp/2026-09-21/vllm/dataset-mbpp.model-qwen3.5-9b.alpha4.0.steps100.blocks-1.prefetch-budget-20.rank-accept_first.cut-entropy4.0.samples20.maxnew1024.seed10086.subtreePrefetch.vllm.log,208,11,43,0.07164301934388001
/Users/jiangnanhugo/workspace/power-sharpening/Subtree-Prefetching-Power-Sharpening/case_studies/logs-entropycut/mbpp/2026-09-21/vllm/dataset-mbpp.model-qwen3.5-9b.alpha4.0.steps100.blocks-1.prefetch-budget-20.rank-accept_first.cut-entropy4.0.samples20.maxnew1024.seed10086.subtreePrefetch.vllm.log,208,12,43,0.07164301934388001
/Users/jiangnanhugo/workspace/power-sharpening/Subtree-Prefetching-Power-Sharpening/case_studies/logs-entropycut/mbpp/2026-09-21/vllm/dataset-mbpp.model-qwen3.5-9b.alpha4.0.steps100.blocks-1.prefetch-budget-20.rank-accept_first.cut-entropy4.0.samples20.maxnew1024.seed10086.subtreePrefetch.vllm.log,208,13,105,0.523081037311388
/Users/jiangnanhugo/workspace/power-sharpening/Subtree-Prefetching-Power-Sharpening/case_studies/logs-entropycut/mbpp/2026-09-21/vllm/dataset-mbpp.model-qwen3.5-9b.alpha4.0.steps100.blocks-1.prefetch-budget-20.rank-accept_first.cut-entropy4.0.samples20.maxnew1024.seed10086.subtreePrefetch.vllm.log,208,14,105,0.523081037311388
/Users/jiangnanhugo/workspace/power-sharpening/Subtree-Prefetching-Power-Sharpening/case_studies/logs-entropycut/mbpp/2026-09-21/vllm/dataset-mbpp.model-qwen3.5-9b.alpha4.0.steps100.blocks-1.prefetch-budget-20.rank-accept_first.cut-entropy4.0.samples20.maxnew1024.seed10086.subtreePrefetch.vllm.log,208,15,43,0.07164301934388001
/Users/jiangnanhugo/workspace/power-sharpening/Subtree-Prefetching-Power-Sharpening/case_studies/logs-entropycut/mbpp/2026-09-21/vllm/dataset-mbpp.model-qwen3.5-9b.alpha4.0.steps100.blocks-1.prefetch-budget-20.rank-accept_first.cut-entropy4.0.samples20.maxnew1024.seed10086.subtreePrefetch.vllm.log,208,16,105,0.523081037311388
/Users/jiangnanhugo/workspace/power-sharpening/Subtree-Prefetching-Power-Sharpening/case_studies/logs-entropycut/mbpp/2026-09-21/vllm/dataset-mbpp.model-qwen3.5-9b.alpha4.0.steps100.blocks-1.prefetch-budget-20.rank-accept_first.cut-entropy4.0.samples20.maxnew1024.seed10086.subtreePrefetch.vllm.log,208,17,105,0.523081037311388
/Users/jiangnanhugo/workspace/power-sharpening/Subtree-Prefetching-Power-Sharpening/case_studies/logs-entropycut/mbpp/2026-09-21/vllm/dataset-mbpp.model-qwen3.5-9b.alpha4.0.steps100.blocks-1.prefetch-budget-20.rank-accept_first.cut-entropy4.0.samples20.maxnew1024.seed10086.subtreePrefetch.vllm.log,208,18,105,0.523081037311388
/Users/jiangnanhugo/workspace/power-sharpening/Subtree-Prefetching-Power-Sharpening/case_studies/logs-entropycut/mbpp/2026-09-21/vllm/dataset-mbpp.model-qwen3.5-9b.alpha4.0.steps100.blocks-1.prefetch-budget-20.rank-accept_first.cut-entropy4.0.samples20.maxnew1024.seed10086.subtreePrefetch.vllm.log,208,19,105,0.523081037311388
/Users/jiangnanhugo/workspace/power-sharpening/Subtree-Prefetching-Power-Sharpening/case_studies/logs-entropycut/mbpp/2026-09-21/vllm/dataset-mbpp.model-qwen3.5-9b.alpha4.0.steps100.blocks-1.prefetch-budget-20.rank-accept_first.cut-entropy4.0.samples20.maxnew1024.seed10086.subtreePrefetch.vllm.log,209,0,105,0.5230808025461308
/Users/jiangnanhugo/workspace/power-sharpening/Subtree-Prefetching-Power-Sharpening/case_studies/logs-entropycut/mbpp/2026-09-21/vllm/dataset-mbpp.model-qwen3.5-9b.alpha4.0.steps100.blocks-1.prefetch-budget-20.rank-accept_first.cut-entropy4.0.samples20.maxnew1024.seed10086.subtreePrefetch.vllm.log,209,1,61,0.0029414397543332674
/Users/jiangnanhugo/workspace/power-sharpening/Subtree-Prefetching-Power-Sharpening/case_studies/logs-entropycut/mbpp/2026-09-21/vllm/dataset-mbpp.model-qwen3.5-9b.alpha4.0.steps100.blocks-1.prefetch-budget-20.rank-accept_first.cut-entropy4.0.samples20.maxnew1024.seed10086.subtreePrefetch.vllm.log,209,2,105,0.5230808025461308
/Users/jiangnanhugo/workspace/power-sharpening/Subtree-Prefetching-Power-Sharpening/case_studies/logs-entropycut/mbpp/2026-09-21/vllm/dataset-mbpp.model-qwen3.5-9b.alpha4.0.steps100.blocks-1.prefetch-budget-20.rank-accept_first.cut-entropy4.0.samples20.maxnew1024.seed10086.subtreePrefetch.vllm.log,209,3,105,0.5230808025461308
/Users/jiangnanhugo/workspace/power-sharpening/Subtree-Prefetching-Power-Sharpening/case_studies/logs-entropycut/mbpp/2026-09-21/vllm/dataset-mbpp.model-qwen3.5-9b.alpha4.0.steps100.blocks-1.prefetch-budget-20.rank-accept_first.cut-entropy4.0.samples20.maxnew1024.seed10086.subtreePrefetch.vllm.log,209,4,68,0.012746132854274072
/Users/jiangnanhugo/workspace/power-sharpening/Subtree-Prefetching-Power-Sharpening/case_studies/logs-entropycut/mbpp/2026-09-21/vllm/dataset-mbpp.model-qwen3.5-9b.alpha4.0.steps100.blocks-1.prefetch-budget-20.rank-accept_first.cut-entropy4.0.samples20.maxnew1024.seed10086.subtreePrefetch.vllm.log,209,5,105,0.5230808025461308
/Users/jiangnanhugo/workspace/power-sharpening/Subtree-Prefetching-Power-Sharpening/case_studies/logs-entropycut/mbpp/2026-09-21/vllm/dataset-mbpp.model-qwen3.5-9b.alpha4.0.steps100.blocks-1.prefetch-budget-20.rank-accept_first.cut-entropy4.0.samples20.maxnew1024.seed10086.subtreePrefetch.vllm.log,209,6,105,0.5230808025461308
/Users/jiangnanhugo/workspace/power-sharpening/Subtree-Prefetching-Power-Sharpening/case_studies/logs-entropycut/mbpp/2026-09-21/vllm/dataset-mbpp.model-qwen3.5-9b.alpha4.0.steps100.blocks-1.prefetch-budget-20.rank-accept_first.cut-entropy4.0.samples20.maxnew1024.seed10086.subtreePrefetch.vllm.log,209,7,43,0.07164298718960437
/Users/jiangnanhugo/workspace/power-sharpening/Subtree-Prefetching-Power-Sharpening/case_studies/logs-entropycut/mbpp/2026-09-21/vllm/dataset-mbpp.model-qwen3.5-9b.alpha4.0.steps100.blocks-1.prefetch-budget-20.rank-accept_first.cut-entropy4.0.samples20.maxnew1024.seed10086.subtreePrefetch.vllm.log,209,8,105,0.5230808025461308
/Users/jiangnanhugo/workspace/power-sharpening/Subtree-Prefetching-Power-Sharpening/case_studies/logs-entropycut/mbpp/2026-09-21/vllm/dataset-mbpp.model-qwen3.5-9b.alpha4.0.steps100.blocks-1.prefetch-budget-20.rank-accept_first.cut-entropy4.0.samples20.maxnew1024.seed10086.subtreePrefetch.vllm.log,209,9,43,0.07164298718960437
/Users/jiangnanhugo/workspace/power-sharpening/Subtree-Prefetching-Power-Sharpening/case_studies/logs-entropycut/mbpp/2026-09-21/vllm/dataset-mbpp.model-qwen3.5-9b.alpha4.0.steps100.blocks-1.prefetch-budget-20.rank-accept_first.cut-entropy4.0.samples20.maxnew1024.seed10086.subtreePrefetch.vllm.log,209,10,105,0.5230808025461308
/Users/jiangnanhugo/workspace/power-sharpening/Subtree-Prefetching-Power-Sharpening/case_studies/logs-entropycut/mbpp/2026-09-21/vllm/dataset-mbpp.model-qwen3.5-9b.alpha4.0.steps100.blocks-1.prefetch-budget-20.rank-accept_first.cut-entropy4.0.samples20.maxnew1024.seed10086.subtreePrefetch.vllm.log,209,11,105,0.5230808025461308
/Users/jiangnanhugo/workspace/power-sharpening/Subtree-Prefetching-Power-Sharpening/case_studies/logs-entropycut/mbpp/2026-09-21/vllm/dataset-mbpp.model-qwen3.5-9b.alpha4.0.steps100.blocks-1.prefetch-budget-20.rank-accept_first.cut-entropy4.0.samples20.maxnew1024.seed10086.subtreePrefetch.vllm.log,209,12,47,0.015177542180135728
/Users/jiangnanhugo/workspace/power-sharpening/Subtree-Prefetching-Power-Sharpening/case_studies/logs-entropycut/mbpp/2026-09-21/vllm/dataset-mbpp.model-qwen3.5-9b.alpha4.0.steps100.blocks-1.prefetch-budget-20.rank-accept_first.cut-entropy4.0.samples20.maxnew1024.seed10086.subtreePrefetch.vllm.log,209,13,105,0.5230808025461308
/Users/jiangnanhugo/workspace/power-sharpening/Subtree-Prefetching-Power-Sharpening/case_studies/logs-entropycut/mbpp/2026-09-21/vllm/dataset-mbpp.model-qwen3.5-9b.alpha4.0.steps100.blocks-1.prefetch-budget-20.rank-accept_first.cut-entropy4.0.samples20.maxnew1024.seed10086.subtreePrefetch.vllm.log,209,14,105,0.5230808025461308
/Users/jiangnanhugo/workspace/power-sharpening/Subtree-Prefetching-Power-Sharpening/case_studies/logs-entropycut/mbpp/2026-09-21/vllm/dataset-mbpp.model-qwen3.5-9b.alpha4.0.steps100.blocks-1.prefetch-budget-20.rank-accept_first.cut-entropy4.0.samples20.maxnew1024.seed10086.subtreePrefetch.vllm.log,209,15,105,0.5230808025461308
/Users/jiangnanhugo/workspace/power-sharpening/Subtree-Prefetching-Power-Sharpening/case_studies/logs-entropycut/mbpp/2026-09-21/vllm/dataset-mbpp.model-qwen3.5-9b.alpha4.0.steps100.blocks-1.prefetch-budget-20.rank-accept_first.cut-entropy4.0.samples20.maxnew1024.seed10086.subtreePrefetch.vllm.log,209,16,105,0.5230808025461308
/Users/jiangnanhugo/workspace/power-sharpening/Subtree-Prefetching-Power-Sharpening/case_studies/logs-entropycut/mbpp/2026-09-21/vllm/dataset-mbpp.model-qwen3.5-9b.alpha4.0.steps100.blocks-1.prefetch-budget-20.rank-accept_first.cut-entropy4.0.samples20.maxnew1024.seed10086.subtreePrefetch.vllm.log,209,17,105,0.5230808025461308
/Users/jiangnanhugo/workspace/power-sharpening/Subtree-Prefetching-Power-Sharpening/case_studies/logs-entropycut/mbpp/2026-09-21/vllm/dataset-mbpp.model-qwen3.5-9b.alpha4.0.steps100.blocks-1.prefetch-budget-20.rank-accept_first.cut-entropy4.0.samples20.maxnew1024.seed10086.subtreePrefetch.vllm.log,209,18,105,0.5230808025461308
/Users/jiangnanhugo/workspace/power-sharpening/Subtree-Prefetching-Power-Sharpening/case_studies/logs-entropycut/mbpp/2026-09-21/vllm/dataset-mbpp.model-qwen3.5-9b.alpha4.0.steps100.blocks-1.prefetch-budget-20.rank-accept_first.cut-entropy4.0.samples20.maxnew1024.seed10086.subtreePrefetch.vllm.log,209,19,43,0.07164298718960437
/Users/jiangnanhugo/workspace/power-sharpening/Subtree-Prefetching-Power-Sharpening/case_studies/logs-entropycut/mbpp/2026-09-21/vllm/dataset-mbpp.model-qwen3.5-9b.alpha4.0.steps100.blocks-1.prefetch-budget-20.rank-accept_first.cut-entropy4.0.samples20.maxnew1024.seed10086.subtreePrefetch.vllm.log,210,0,105,0.5230808025494165
/Users/jiangnanhugo/workspace/power-sharpening/Subtree-Prefetching-Power-Sharpening/case_studies/logs-entropycut/mbpp/2026-09-21/vllm/dataset-mbpp.model-qwen3.5-9b.alpha4.0.steps100.blocks-1.prefetch-budget-20.rank-accept_first.cut-entropy4.0.samples20.maxnew1024.seed10086.subtreePrefetch.vllm.log,210,1,105,0.5230808025494165
/Users/jiangnanhugo/workspace/power-sharpening/Subtree-Prefetching-Power-Sharpening/case_studies/logs-entropycut/mbpp/2026-09-21/vllm/dataset-mbpp.model-qwen3.5-9b.alpha4.0.steps100.blocks-1.prefetch-budget-20.rank-accept_first.cut-entropy4.0.samples20.maxnew1024.seed10086.subtreePrefetch.vllm.log,210,2,105,0.5230808025494165
/Users/jiangnanhugo/workspace/power-sharpening/Subtree-Prefetching-Power-Sharpening/case_studies/logs-entropycut/mbpp/2026-09-21/vllm/dataset-mbpp.model-qwen3.5-9b.alpha4.0.steps100.blocks-1.prefetch-budget-20.rank-accept_first.cut-entropy4.0.samples20.maxnew1024.seed10086.subtreePrefetch.vllm.log,210,3,105,0.5230808025494165
/Users/jiangnanhugo/workspace/power-sharpening/Subtree-Prefetching-Power-Sharpening/case_studies/logs-entropycut/mbpp/2026-09-21/vllm/dataset-mbpp.model-qwen3.5-9b.alpha4.0.steps100.blocks-1.prefetch-budget-20.rank-accept_first.cut-entropy4.0.samples20.maxnew1024.seed10086.subtreePrefetch.vllm.log,210,4,105,0.5230808025494165
/Users/jiangnanhugo/workspace/power-sharpening/Subtree-Prefetching-Power-Sharpening/case_studies/logs-entropycut/mbpp/2026-09-21/vllm/dataset-mbpp.model-qwen3.5-9b.alpha4.0.steps100.blocks-1.prefetch-budget-20.rank-accept_first.cut-entropy4.0.samples20.maxnew1024.seed10086.subtreePrefetch.vllm.log,210,5,105,0.5230808025494165
/Users/jiangnanhugo/workspace/power-sharpening/Subtree-Prefetching-Power-Sharpening/case_studies/logs-entropycut/mbpp/2026-09-21/vllm/dataset-mbpp.model-qwen3.5-9b.alpha4.0.steps100.blocks-1.prefetch-budget-20.rank-accept_first.cut-entropy4.0.samples20.maxnew1024.seed10086.subtreePrefetch.vllm.log,210,6,105,0.5230808025494165
/Users/jiangnanhugo/workspace/power-sharpening/Subtree-Prefetching-Power-Sharpening/case_studies/logs-entropycut/mbpp/2026-09-21/vllm/dataset-mbpp.model-qwen3.5-9b.alpha4.0.steps100.blocks-1.prefetch-budget-20.rank-accept_first.cut-entropy4.0.samples20.maxnew1024.seed10086.subtreePrefetch.vllm.log,210,7,43,0.0716429871900544
/Users/jiangnanhugo/workspace/power-sharpening/Subtree-Prefetching-Power-Sharpening/case_studies/logs-entropycut/mbpp/2026-09-21/vllm/dataset-mbpp.model-qwen3.5-9b.alpha4.0.steps100.blocks-1.prefetch-budget-20.rank-accept_first.cut-entropy4.0.samples20.maxnew1024.seed10086.subtreePrefetch.vllm.log,210,8,105,0.5230808025494165
/Users/jiangnanhugo/workspace/power-sharpening/Subtree-Prefetching-Power-Sharpening/case_studies/logs-entropycut/mbpp/2026-09-21/vllm/dataset-mbpp.model-qwen3.5-9b.alpha4.0.steps100.blocks-1.prefetch-budget-20.rank-accept_first.cut-entropy4.0.samples20.maxnew1024.seed10086.subtreePrefetch.vllm.log,210,9,105,0.5230808025494165
/Users/jiangnanhugo/workspace/power-sharpening/Subtree-Prefetching-Power-Sharpening/case_studies/logs-entropycut/mbpp/2026-09-21/vllm/dataset-mbpp.model-qwen3.5-9b.alpha4.0.steps100.blocks-1.prefetch-budget-20.rank-accept_first.cut-entropy4.0.samples20.maxnew1024.seed10086.subtreePrefetch.vllm.log,210,10,105,0.5230808025494165
/Users/jiangnanhugo/workspace/power-sharpening/Subtree-Prefetching-Power-Sharpening/case_studies/logs-entropycut/mbpp/2026-09-21/vllm/dataset-mbpp.model-qwen3.5-9b.alpha4.0.steps100.blocks-1.prefetch-budget-20.rank-accept_first.cut-entropy4.0.samples20.maxnew1024.seed10086.subtreePrefetch.vllm.log,210,11,105,0.5230808025494165
/Users/jiangnanhugo/workspace/power-sharpening/Subtree-Prefetching-Power-Sharpening/case_studies/logs-entropycut/mbpp/2026-09-21/vllm/dataset-mbpp.model-qwen3.5-9b.alpha4.0.steps100.blocks-1.prefetch-budget-20.rank-accept_first.cut-entropy4.0.samples20.maxnew1024.seed10086.subtreePrefetch.vllm.log,210,12,105,0.5230808025494165
/Users/jiangnanhugo/workspace/power-sharpening/Subtree-Prefetching-Power-Sharpening/case_studies/logs-entropycut/mbpp/2026-09-21/vllm/dataset-mbpp.model-qwen3.5-9b.alpha4.0.steps100.blocks-1.prefetch-budget-20.rank-accept_first.cut-entropy4.0.samples20.maxnew1024.seed10086.subtreePrefetch.vllm.log,210,13,105,0.5230808025494165
/Users/jiangnanhugo/workspace/power-sharpening/Subtree-Prefetching-Power-Sharpening/case_studies/logs-entropycut/mbpp/2026-09-21/vllm/dataset-mbpp.model-qwen3.5-9b.alpha4.0.steps100.blocks-1.prefetch-budget-20.rank-accept_first.cut-entropy4.0.samples20.maxnew1024.seed10086.subtreePrefetch.vllm.log,210,14,105,0.5230808025494165
/Users/jiangnanhugo/workspace/power-sharpening/Subtree-Prefetching-Power-Sharpening/case_studies/logs-entropycut/mbpp/2026-09-21/vllm/dataset-mbpp.model-qwen3.5-9b.alpha4.0.steps100.blocks-1.prefetch-budget-20.rank-accept_first.cut-entropy4.0.samples20.maxnew1024.seed10086.subtreePrefetch.vllm.log,210,15,68,0.012746132854354135
/Users/jiangnanhugo/workspace/power-sharpening/Subtree-Prefetching-Power-Sharpening/case_studies/logs-entropycut/mbpp/2026-09-21/vllm/dataset-mbpp.model-qwen3.5-9b.alpha4.0.steps100.blocks-1.prefetch-budget-20.rank-accept_first.cut-entropy4.0.samples20.maxnew1024.seed10086.subtreePrefetch.vllm.log,210,16,43,0.0716429871900544
/Users/jiangnanhugo/workspace/power-sharpening/Subtree-Prefetching-Power-Sharpening/case_studies/logs-entropycut/mbpp/2026-09-21/vllm/dataset-mbpp.model-qwen3.5-9b.alpha4.0.steps100.blocks-1.prefetch-budget-20.rank-accept_first.cut-entropy4.0.samples20.maxnew1024.seed10086.subtreePrefetch.vllm.log,210,17,105,0.5230808025494165
/Users/jiangnanhugo/workspace/power-sharpening/Subtree-Prefetching-Power-Sharpening/case_studies/logs-entropycut/mbpp/2026-09-21/vllm/dataset-mbpp.model-qwen3.5-9b.alpha4.0.steps100.blocks-1.prefetch-budget-20.rank-accept_first.cut-entropy4.0.samples20.maxnew1024.seed10086.subtreePrefetch.vllm.log,210,18,105,0.5230808025494165
/Users/jiangnanhugo/workspace/power-sharpening/Subtree-Prefetching-Power-Sharpening/case_studies/logs-entropycut/mbpp/2026-09-21/vllm/dataset-mbpp.model-qwen3.5-9b.alpha4.0.steps100.blocks-1.prefetch-budget-20.rank-accept_first.cut-entropy4.0.samples20.maxnew1024.seed10086.subtreePrefetch.vllm.log,210,19,105,0.5230808025494165
/Users/jiangnanhugo/workspace/power-sharpening/Subtree-Prefetching-Power-Sharpening/case_studies/logs-entropycut/mbpp/2026-09-21/vllm/dataset-mbpp.model-qwen3.5-9b.alpha4.0.steps100.blocks-1.prefetch-budget-20.rank-accept_first.cut-entropy4.0.samples20.maxnew1024.seed10086.subtreePrefetch.vllm.log,211,0,105,0.5230808025494165
/Users/jiangnanhugo/workspace/power-sharpening/Subtree-Prefetching-Power-Sharpening/case_studies/logs-entropycut/mbpp/2026-09-21/vllm/dataset-mbpp.model-qwen3.5-9b.alpha4.0.steps100.blocks-1.prefetch-budget-20.rank-accept_first.cut-entropy4.0.samples20.maxnew1024.seed10086.subtreePrefetch.vllm.log,211,1,105,0.5230808025494165
/Users/jiangnanhugo/workspace/power-sharpening/Subtree-Prefetching-Power-Sharpening/case_studies/logs-entropycut/mbpp/2026-09-21/vllm/dataset-mbpp.model-qwen3.5-9b.alpha4.0.steps100.blocks-1.prefetch-budget-20.rank-accept_first.cut-entropy4.0.samples20.maxnew1024.seed10086.subtreePrefetch.vllm.log,211,2,43,0.0716429871900544
/Users/jiangnanhugo/workspace/power-sharpening/Subtree-Prefetching-Power-Sharpening/case_studies/logs-entropycut/mbpp/2026-09-21/vllm/dataset-mbpp.model-qwen3.5-9b.alpha4.0.steps100.blocks-1.prefetch-budget-20.rank-accept_first.cut-entropy4.0.samples20.maxnew1024.seed10086.subtreePrefetch.vllm.log,211,3,58,0.01594115824750058
/Users/jiangnanhugo/workspace/power-sharpening/Subtree-Prefetching-Power-Sharpening/case_studies/logs-entropycut/mbpp/2026-09-21/vllm/dataset-mbpp.model-qwen3.5-9b.alpha4.0.steps100.blocks-1.prefetch-budget-20.rank-accept_first.cut-entropy4.0.samples20.maxnew1024.seed10086.subtreePrefetch.vllm.log,211,4,105,0.5230808025494165
/Users/jiangnanhugo/workspace/power-sharpening/Subtree-Prefetching-Power-Sharpening/case_studies/logs-entropycut/mbpp/2026-09-21/vllm/dataset-mbpp.model-qwen3.5-9b.alpha4.0.steps100.blocks-1.prefetch-budget-20.rank-accept_first.cut-entropy4.0.samples20.maxnew1024.seed10086.subtreePrefetch.vllm.log,211,5,105,0.5230808025494165
/Users/jiangnanhugo/workspace/power-sharpening/Subtree-Prefetching-Power-Sharpening/case_studies/logs-entropycut/mbpp/2026-09-21/vllm/dataset-mbpp.model-qwen3.5-9b.alpha4.0.steps100.blocks-1.prefetch-budget-20.rank-accept_first.cut-entropy4.0.samples20.maxnew1024.seed10086.subtreePrefetch.vllm.log,211,6,105,0.5230808025494165
/Users/jiangnanhugo/workspace/power-sharpening/Subtree-Prefetching-Power-Sharpening/case_studies/logs-entropycut/mbpp/2026-09-21/vllm/dataset-mbpp.model-qwen3.5-9b.alpha4.0.steps100.blocks-1.prefetch-budget-20.rank-accept_first.cut-entropy4.0.samples20.maxnew1024.seed10086.subtreePrefetch.vllm.log,211,7,105,0.5230808025494165
/Users/jiangnanhugo/workspace/power-sharpening/Subtree-Prefetching-Power-Sharpening/case_studies/logs-entropycut/mbpp/2026-09-21/vllm/dataset-mbpp.model-qwen3.5-9b.alpha4.0.steps100.blocks-1.prefetch-budget-20.rank-accept_first.cut-entropy4.0.samples20.maxnew1024.seed10086.subtreePrefetch.vllm.log,211,8,68,0.012746132854354135
/Users/jiangnanhugo/workspace/power-sharpening/Subtree-Prefetching-Power-Sharpening/case_studies/logs-entropycut/mbpp/2026-09-21/vllm/dataset-mbpp.model-qwen3.5-9b.alpha4.0.steps100.blocks-1.prefetch-budget-20.rank-accept_first.cut-entropy4.0.samples20.maxnew1024.seed10086.subtreePrefetch.vllm.log,211,9,105,0.5230808025494165
/Users/jiangnanhugo/workspace/power-sharpening/Subtree-Prefetching-Power-Sharpening/case_studies/logs-entropycut/mbpp/2026-09-21/vllm/dataset-mbpp.model-qwen3.5-9b.alpha4.0.steps100.blocks-1.prefetch-budget-20.rank-accept_first.cut-entropy4.0.samples20.maxnew1024.seed10086.subtreePrefetch.vllm.log,211,10,43,0.0716429871900544
/Users/jiangnanhugo/workspace/power-sharpening/Subtree-Prefetching-Power-Sharpening/case_studies/logs-entropycut/mbpp/2026-09-21/vllm/dataset-mbpp.model-qwen3.5-9b.alpha4.0.steps100.blocks-1.prefetch-budget-20.rank-accept_first.cut-entropy4.0.samples20.maxnew1024.seed10086.subtreePrefetch.vllm.log,211,11,225,0.1659774333781872
/Users/jiangnanhugo/workspace/power-sharpening/Subtree-Prefetching-Power-Sharpening/case_studies/logs-entropycut/mbpp/2026-09-21/vllm/dataset-mbpp.model-qwen3.5-9b.alpha4.0.steps100.blocks-1.prefetch-budget-20.rank-accept_first.cut-entropy4.0.samples20.maxnew1024.seed10086.subtreePrefetch.vllm.log,211,12,43,0.0716429871900544
/Users/jiangnanhugo/workspace/power-sharpening/Subtree-Prefetching-Power-Sharpening/case_studies/logs-entropycut/mbpp/2026-09-21/vllm/dataset-mbpp.model-qwen3.5-9b.alpha4.0.steps100.blocks-1.prefetch-budget-20.rank-accept_first.cut-entropy4.0.samples20.maxnew1024.seed10086.subtreePrefetch.vllm.log,211,13,105,0.5230808025494165
/Users/jiangnanhugo/workspace/power-sharpening/Subtree-Prefetching-Power-Sharpening/case_studies/logs-entropycut/mbpp/2026-09-21/vllm/dataset-mbpp.model-qwen3.5-9b.alpha4.0.steps100.blocks-1.prefetch-budget-20.rank-accept_first.cut-entropy4.0.samples20.maxnew1024.seed10086.subtreePrefetch.vllm.log,211,14,43,0.0716429871900544
/Users/jiangnanhugo/workspace/power-sharpening/Subtree-Prefetching-Power-Sharpening/case_studies/logs-entropycut/mbpp/2026-09-21/vllm/dataset-mbpp.model-qwen3.5-9b.alpha4.0.steps100.blocks-1.prefetch-budget-20.rank-accept_first.cut-entropy4.0.samples20.maxnew1024.seed10086.subtreePrefetch.vllm.log,211,15,105,0.5230808025494165
/Users/jiangnanhugo/workspace/power-sharpening/Subtree-Prefetching-Power-Sharpening/case_studies/logs-entropycut/mbpp/2026-09-21/vllm/dataset-mbpp.model-qwen3.5-9b.alpha4.0.steps100.blocks-1.prefetch-budget-20.rank-accept_first.cut-entropy4.0.samples20.maxnew1024.seed10086.subtreePrefetch.vllm.log,211,16,105,0.5230808025494165
/Users/jiangnanhugo/workspace/power-sharpening/Subtree-Prefetching-Power-Sharpening/case_studies/logs-entropycut/mbpp/2026-09-21/vllm/dataset-mbpp.model-qwen3.5-9b.alpha4.0.steps100.blocks-1.prefetch-budget-20.rank-accept_first.cut-entropy4.0.samples20.maxnew1024.seed10086.subtreePrefetch.vllm.log,211,17,105,0.5230808025494165
/Users/jiangnanhugo/workspace/power-sharpening/Subtree-Prefetching-Power-Sharpening/case_studies/logs-entropycut/mbpp/2026-09-21/vllm/dataset-mbpp.model-qwen3.5-9b.alpha4.0.steps100.blocks-1.prefetch-budget-20.rank-accept_first.cut-entropy4.0.samples20.maxnew1024.seed10086.subtreePrefetch.vllm.log,211,18,138,0.07807336798133693
/Users/jiangnanhugo/workspace/power-sharpening/Subtree-Prefetching-Power-Sharpening/case_studies/logs-entropycut/mbpp/2026-09-21/vllm/dataset-mbpp.model-qwen3.5-9b.alpha4.0.steps100.blocks-1.prefetch-budget-20.rank-accept_first.cut-entropy4.0.samples20.maxnew1024.seed10086.subtreePrefetch.vllm.log,211,19,105,0.5230808025494165
/Users/jiangnanhugo/workspace/power-sharpening/Subtree-Prefetching-Power-Sharpening/case_studies/logs-entropycut/mbpp/2026-09-21/vllm/dataset-mbpp.model-qwen3.5-9b.alpha4.0.steps100.blocks-1.prefetch-budget-20.rank-accept_first.cut-entropy4.0.samples20.maxnew1024.seed10086.subtreePrefetch.vllm.log,212,0,138,0.07807336798087773
/Users/jiangnanhugo/workspace/power-sharpening/Subtree-Prefetching-Power-Sharpening/case_studies/logs-entropycut/mbpp/2026-09-21/vllm/dataset-mbpp.model-qwen3.5-9b.alpha4.0.steps100.blocks-1.prefetch-budget-20.rank-accept_first.cut-entropy4.0.samples20.maxnew1024.seed10086.subtreePrefetch.vllm.log,212,1,105,0.5230808025463398
/Users/jiangnanhugo/workspace/power-sharpening/Subtree-Prefetching-Power-Sharpening/case_studies/logs-entropycut/mbpp/2026-09-21/vllm/dataset-mbpp.model-qwen3.5-9b.alpha4.0.steps100.blocks-1.prefetch-budget-20.rank-accept_first.cut-entropy4.0.samples20.maxnew1024.seed10086.subtreePrefetch.vllm.log,212,2,105,0.5230808025463398
/Users/jiangnanhugo/workspace/power-sharpening/Subtree-Prefetching-Power-Sharpening/case_studies/logs-entropycut/mbpp/2026-09-21/vllm/dataset-mbpp.model-qwen3.5-9b.alpha4.0.steps100.blocks-1.prefetch-budget-20.rank-accept_first.cut-entropy4.0.samples20.maxnew1024.seed10086.subtreePrefetch.vllm.log,212,3,138,0.07807336798087773
/Users/jiangnanhugo/workspace/power-sharpening/Subtree-Prefetching-Power-Sharpening/case_studies/logs-entropycut/mbpp/2026-09-21/vllm/dataset-mbpp.model-qwen3.5-9b.alpha4.0.steps100.blocks-1.prefetch-budget-20.rank-accept_first.cut-entropy4.0.samples20.maxnew1024.seed10086.subtreePrefetch.vllm.log,212,4,43,0.071642987189633
/Users/jiangnanhugo/workspace/power-sharpening/Subtree-Prefetching-Power-Sharpening/case_studies/logs-entropycut/mbpp/2026-09-21/vllm/dataset-mbpp.model-qwen3.5-9b.alpha4.0.steps100.blocks-1.prefetch-budget-20.rank-accept_first.cut-entropy4.0.samples20.maxnew1024.seed10086.subtreePrefetch.vllm.log,212,5,58,0.015941158247406814
/Users/jiangnanhugo/workspace/power-sharpening/Subtree-Prefetching-Power-Sharpening/case_studies/logs-entropycut/mbpp/2026-09-21/vllm/dataset-mbpp.model-qwen3.5-9b.alpha4.0.steps100.blocks-1.prefetch-budget-20.rank-accept_first.cut-entropy4.0.samples20.maxnew1024.seed10086.subtreePrefetch.vllm.log,212,6,105,0.5230808025463398
/Users/jiangnanhugo/workspace/power-sharpening/Subtree-Prefetching-Power-Sharpening/case_studies/logs-entropycut/mbpp/2026-09-21/vllm/dataset-mbpp.model-qwen3.5-9b.alpha4.0.steps100.blocks-1.prefetch-budget-20.rank-accept_first.cut-entropy4.0.samples20.maxnew1024.seed10086.subtreePrefetch.vllm.log,212,7,5,0.006440804099966627
/Users/jiangnanhugo/workspace/power-sharpening/Subtree-Prefetching-Power-Sharpening/case_studies/logs-entropycut/mbpp/2026-09-21/vllm/dataset-mbpp.model-qwen3.5-9b.alpha4.0.steps100.blocks-1.prefetch-budget-20.rank-accept_first.cut-entropy4.0.samples20.maxnew1024.seed10086.subtreePrefetch.vllm.log,212,8,105,0.5230808025463398
/Users/jiangnanhugo/workspace/power-sharpening/Subtree-Prefetching-Power-Sharpening/case_studies/logs-entropycut/mbpp/2026-09-21/vllm/dataset-mbpp.model-qwen3.5-9b.alpha4.0.steps100.blocks-1.prefetch-budget-20.rank-accept_first.cut-entropy4.0.samples20.maxnew1024.seed10086.subtreePrefetch.vllm.log,212,9,105,0.5230808025463398
/Users/jiangnanhugo/workspace/power-sharpening/Subtree-Prefetching-Power-Sharpening/case_studies/logs-entropycut/mbpp/2026-09-21/vllm/dataset-mbpp.model-qwen3.5-9b.alpha4.0.steps100.blocks-1.prefetch-budget-20.rank-accept_first.cut-entropy4.0.samples20.maxnew1024.seed10086.subtreePrefetch.vllm.log,212,10,105,0.5230808025463398
/Users/jiangnanhugo/workspace/power-sharpening/Subtree-Prefetching-Power-Sharpening/case_studies/logs-entropycut/mbpp/2026-09-21/vllm/dataset-mbpp.model-qwen3.5-9b.alpha4.0.steps100.blocks-1.prefetch-budget-20.rank-accept_first.cut-entropy4.0.samples20.maxnew1024.seed10086.subtreePrefetch.vllm.log,212,11,68,0.012746132854279165
/Users/jiangnanhugo/workspace/power-sharpening/Subtree-Prefetching-Power-Sharpening/case_studies/logs-entropycut/mbpp/2026-09-21/vllm/dataset-mbpp.model-qwen3.5-9b.alpha4.0.steps100.blocks-1.prefetch-budget-20.rank-accept_first.cut-entropy4.0.samples20.maxnew1024.seed10086.subtreePrefetch.vllm.log,212,12,58,0.015941158247406814
/Users/jiangnanhugo/workspace/power-sharpening/Subtree-Prefetching-Power-Sharpening/case_studies/logs-entropycut/mbpp/2026-09-21/vllm/dataset-mbpp.model-qwen3.5-9b.alpha4.0.steps100.blocks-1.prefetch-budget-20.rank-accept_first.cut-entropy4.0.samples20.maxnew1024.seed10086.subtreePrefetch.vllm.log,212,13,105,0.5230808025463398
/Users/jiangnanhugo/workspace/power-sharpening/Subtree-Prefetching-Power-Sharpening/case_studies/logs-entropycut/mbpp/2026-09-21/vllm/dataset-mbpp.model-qwen3.5-9b.alpha4.0.steps100.blocks-1.prefetch-budget-20.rank-accept_first.cut-entropy4.0.samples20.maxnew1024.seed10086.subtreePrefetch.vllm.log,212,14,105,0.5230808025463398
/Users/jiangnanhugo/workspace/power-sharpening/Subtree-Prefetching-Power-Sharpening/case_studies/logs-entropycut/mbpp/2026-09-21/vllm/dataset-mbpp.model-qwen3.5-9b.alpha4.0.steps100.blocks-1.prefetch-budget-20.rank-accept_first.cut-entropy4.0.samples20.maxnew1024.seed10086.subtreePrefetch.vllm.log,212,15,105,0.5230808025463398
/Users/jiangnanhugo/workspace/power-sharpening/Subtree-Prefetching-Power-Sharpening/case_studies/logs-entropycut/mbpp/2026-09-21/vllm/dataset-mbpp.model-qwen3.5-9b.alpha4.0.steps100.blocks-1.prefetch-budget-20.rank-accept_first.cut-entropy4.0.samples20.maxnew1024.seed10086.subtreePrefetch.vllm.log,212,16,43,0.071642987189633
/Users/jiangnanhugo/workspace/power-sharpening/Subtree-Prefetching-Power-Sharpening/case_studies/logs-entropycut/mbpp/2026-09-21/vllm/dataset-mbpp.model-qwen3.5-9b.alpha4.0.steps100.blocks-1.prefetch-budget-20.rank-accept_first.cut-entropy4.0.samples20.maxnew1024.seed10086.subtreePrefetch.vllm.log,212,17,105,0.5230808025463398
/Users/jiangnanhugo/workspace/power-sharpening/Subtree-Prefetching-Power-Sharpening/case_studies/logs-entropycut/mbpp/2026-09-21/vllm/dataset-mbpp.model-qwen3.5-9b.alpha4.0.steps100.blocks-1.prefetch-budget-20.rank-accept_first.cut-entropy4.0.samples20.maxnew1024.seed10086.subtreePrefetch.vllm.log,212,18,105,0.5230808025463398
/Users/jiangnanhugo/workspace/power-sharpening/Subtree-Prefetching-Power-Sharpening/case_studies/logs-entropycut/mbpp/2026-09-21/vllm/dataset-mbpp.model-qwen3.5-9b.alpha4.0.steps100.blocks-1.prefetch-budget-20.rank-accept_first.cut-entropy4.0.samples20.maxnew1024.seed10086.subtreePrefetch.vllm.log,212,19,105,0.5230808025463398
/Users/jiangnanhugo/workspace/power-sharpening/Subtree-Prefetching-Power-Sharpening/case_studies/logs-entropycut/mbpp/2026-09-21/vllm/dataset-mbpp.model-qwen3.5-9b.alpha4.0.steps100.blocks-1.prefetch-budget-20.rank-accept_first.cut-entropy4.0.samples20.maxnew1024.seed10086.subtreePrefetch.vllm.log,213,0,134,0.028588666632580896
/Users/jiangnanhugo/workspace/power-sharpening/Subtree-Prefetching-Power-Sharpening/case_studies/logs-entropycut/mbpp/2026-09-21/vllm/dataset-mbpp.model-qwen3.5-9b.alpha4.0.steps100.blocks-1.prefetch-budget-20.rank-accept_first.cut-entropy4.0.samples20.maxnew1024.seed10086.subtreePrefetch.vllm.log,213,1,105,0.5230808025484383
/Users/jiangnanhugo/workspace/power-sharpening/Subtree-Prefetching-Power-Sharpening/case_studies/logs-entropycut/mbpp/2026-09-21/vllm/dataset-mbpp.model-qwen3.5-9b.alpha4.0.steps100.blocks-1.prefetch-budget-20.rank-accept_first.cut-entropy4.0.samples20.maxnew1024.seed10086.subtreePrefetch.vllm.log,213,2,105,0.5230808025484383
/Users/jiangnanhugo/workspace/power-sharpening/Subtree-Prefetching-Power-Sharpening/case_studies/logs-entropycut/mbpp/2026-09-21/vllm/dataset-mbpp.model-qwen3.5-9b.alpha4.0.steps100.blocks-1.prefetch-budget-20.rank-accept_first.cut-entropy4.0.samples20.maxnew1024.seed10086.subtreePrefetch.vllm.log,213,3,105,0.5230808025484383
/Users/jiangnanhugo/workspace/power-sharpening/Subtree-Prefetching-Power-Sharpening/case_studies/logs-entropycut/mbpp/2026-09-21/vllm/dataset-mbpp.model-qwen3.5-9b.alpha4.0.steps100.blocks-1.prefetch-budget-20.rank-accept_first.cut-entropy4.0.samples20.maxnew1024.seed10086.subtreePrefetch.vllm.log,213,4,105,0.5230808025484383
/Users/jiangnanhugo/workspace/power-sharpening/Subtree-Prefetching-Power-Sharpening/case_studies/logs-entropycut/mbpp/2026-09-21/vllm/dataset-mbpp.model-qwen3.5-9b.alpha4.0.steps100.blocks-1.prefetch-budget-20.rank-accept_first.cut-entropy4.0.samples20.maxnew1024.seed10086.subtreePrefetch.vllm.log,213,5,105,0.5230808025484383
/Users/jiangnanhugo/workspace/power-sharpening/Subtree-Prefetching-Power-Sharpening/case_studies/logs-entropycut/mbpp/2026-09-21/vllm/dataset-mbpp.model-qwen3.5-9b.alpha4.0.steps100.blocks-1.prefetch-budget-20.rank-accept_first.cut-entropy4.0.samples20.maxnew1024.seed10086.subtreePrefetch.vllm.log,213,6,5,0.0064408040999924645
/Users/jiangnanhugo/workspace/power-sharpening/Subtree-Prefetching-Power-Sharpening/case_studies/logs-entropycut/mbpp/2026-09-21/vllm/dataset-mbpp.model-qwen3.5-9b.alpha4.0.steps100.blocks-1.prefetch-budget-20.rank-accept_first.cut-entropy4.0.samples20.maxnew1024.seed10086.subtreePrefetch.vllm.log,213,7,105,0.5230808025484383
/Users/jiangnanhugo/workspace/power-sharpening/Subtree-Prefetching-Power-Sharpening/case_studies/logs-entropycut/mbpp/2026-09-21/vllm/dataset-mbpp.model-qwen3.5-9b.alpha4.0.steps100.blocks-1.prefetch-budget-20.rank-accept_first.cut-entropy4.0.samples20.maxnew1024.seed10086.subtreePrefetch.vllm.log,213,8,43,0.0716429871899204
/Users/jiangnanhugo/workspace/power-sharpening/Subtree-Prefetching-Power-Sharpening/case_studies/logs-entropycut/mbpp/2026-09-21/vllm/dataset-mbpp.model-qwen3.5-9b.alpha4.0.steps100.blocks-1.prefetch-budget-20.rank-accept_first.cut-entropy4.0.samples20.maxnew1024.seed10086.subtreePrefetch.vllm.log,213,9,105,0.5230808025484383
/Users/jiangnanhugo/workspace/power-sharpening/Subtree-Prefetching-Power-Sharpening/case_studies/logs-entropycut/mbpp/2026-09-21/vllm/dataset-mbpp.model-qwen3.5-9b.alpha4.0.steps100.blocks-1.prefetch-budget-20.rank-accept_first.cut-entropy4.0.samples20.maxnew1024.seed10086.subtreePrefetch.vllm.log,213,10,5,0.0064408040999924645
/Users/jiangnanhugo/workspace/power-sharpening/Subtree-Prefetching-Power-Sharpening/case_studies/logs-entropycut/mbpp/2026-09-21/vllm/dataset-mbpp.model-qwen3.5-9b.alpha4.0.steps100.blocks-1.prefetch-budget-20.rank-accept_first.cut-entropy4.0.samples20.maxnew1024.seed10086.subtreePrefetch.vllm.log,213,11,105,0.5230808025484383
/Users/jiangnanhugo/workspace/power-sharpening/Subtree-Prefetching-Power-Sharpening/case_studies/logs-entropycut/mbpp/2026-09-21/vllm/dataset-mbpp.model-qwen3.5-9b.alpha4.0.steps100.blocks-1.prefetch-budget-20.rank-accept_first.cut-entropy4.0.samples20.maxnew1024.seed10086.subtreePrefetch.vllm.log,213,12,105,0.5230808025484383
/Users/jiangnanhugo/workspace/power-sharpening/Subtree-Prefetching-Power-Sharpening/case_studies/logs-entropycut/mbpp/2026-09-21/vllm/dataset-mbpp.model-qwen3.5-9b.alpha4.0.steps100.blocks-1.prefetch-budget-20.rank-accept_first.cut-entropy4.0.samples20.maxnew1024.seed10086.subtreePrefetch.vllm.log,213,13,105,0.5230808025484383
/Users/jiangnanhugo/workspace/power-sharpening/Subtree-Prefetching-Power-Sharpening/case_studies/logs-entropycut/mbpp/2026-09-21/vllm/dataset-mbpp.model-qwen3.5-9b.alpha4.0.steps100.blocks-1.prefetch-budget-20.rank-accept_first.cut-entropy4.0.samples20.maxnew1024.seed10086.subtreePrefetch.vllm.log,213,14,105,0.5230808025484383
/Users/jiangnanhugo/workspace/power-sharpening/Subtree-Prefetching-Power-Sharpening/case_studies/logs-entropycut/mbpp/2026-09-21/vllm/dataset-mbpp.model-qwen3.5-9b.alpha4.0.steps100.blocks-1.prefetch-budget-20.rank-accept_first.cut-entropy4.0.samples20.maxnew1024.seed10086.subtreePrefetch.vllm.log,213,15,105,0.5230808025484383
/Users/jiangnanhugo/workspace/power-sharpening/Subtree-Prefetching-Power-Sharpening/case_studies/logs-entropycut/mbpp/2026-09-21/vllm/dataset-mbpp.model-qwen3.5-9b.alpha4.0.steps100.blocks-1.prefetch-budget-20.rank-accept_first.cut-entropy4.0.samples20.maxnew1024.seed10086.subtreePrefetch.vllm.log,213,16,105,0.5230808025484383
/Users/jiangnanhugo/workspace/power-sharpening/Subtree-Prefetching-Power-Sharpening/case_studies/logs-entropycut/mbpp/2026-09-21/vllm/dataset-mbpp.model-qwen3.5-9b.alpha4.0.steps100.blocks-1.prefetch-budget-20.rank-accept_first.cut-entropy4.0.samples20.maxnew1024.seed10086.subtreePrefetch.vllm.log,213,17,105,0.5230808025484383
/Users/jiangnanhugo/workspace/power-sharpening/Subtree-Prefetching-Power-Sharpening/case_studies/logs-entropycut/mbpp/2026-09-21/vllm/dataset-mbpp.model-qwen3.5-9b.alpha4.0.steps100.blocks-1.prefetch-budget-20.rank-accept_first.cut-entropy4.0.samples20.maxnew1024.seed10086.subtreePrefetch.vllm.log,213,18,105,0.5230808025484383
/Users/jiangnanhugo/workspace/power-sharpening/Subtree-Prefetching-Power-Sharpening/case_studies/logs-entropycut/mbpp/2026-09-21/vllm/dataset-mbpp.model-qwen3.5-9b.alpha4.0.steps100.blocks-1.prefetch-budget-20.rank-accept_first.cut-entropy4.0.samples20.maxnew1024.seed10086.subtreePrefetch.vllm.log,213,19,105,0.5230808025484383
/Users/jiangnanhugo/workspace/power-sharpening/Subtree-Prefetching-Power-Sharpening/case_studies/logs-entropycut/mbpp/2026-09-21/vllm/dataset-mbpp.model-qwen3.5-9b.alpha4.0.steps100.blocks-1.prefetch-budget-20.rank-accept_first.cut-entropy4.0.samples20.maxnew1024.seed10086.subtreePrefetch.vllm.log,214,0,105,0.5230808025484361
/Users/jiangnanhugo/workspace/power-sharpening/Subtree-Prefetching-Power-Sharpening/case_studies/logs-entropycut/mbpp/2026-09-21/vllm/dataset-mbpp.model-qwen3.5-9b.alpha4.0.steps100.blocks-1.prefetch-budget-20.rank-accept_first.cut-entropy4.0.samples20.maxnew1024.seed10086.subtreePrefetch.vllm.log,214,1,105,0.5230808025484361
/Users/jiangnanhugo/workspace/power-sharpening/Subtree-Prefetching-Power-Sharpening/case_studies/logs-entropycut/mbpp/2026-09-21/vllm/dataset-mbpp.model-qwen3.5-9b.alpha4.0.steps100.blocks-1.prefetch-budget-20.rank-accept_first.cut-entropy4.0.samples20.maxnew1024.seed10086.subtreePrefetch.vllm.log,214,2,43,0.07164298718992011
/Users/jiangnanhugo/workspace/power-sharpening/Subtree-Prefetching-Power-Sharpening/case_studies/logs-entropycut/mbpp/2026-09-21/vllm/dataset-mbpp.model-qwen3.5-9b.alpha4.0.steps100.blocks-1.prefetch-budget-20.rank-accept_first.cut-entropy4.0.samples20.maxnew1024.seed10086.subtreePrefetch.vllm.log,214,3,68,0.012746132854330247
/Users/jiangnanhugo/workspace/power-sharpening/Subtree-Prefetching-Power-Sharpening/case_studies/logs-entropycut/mbpp/2026-09-21/vllm/dataset-mbpp.model-qwen3.5-9b.alpha4.0.steps100.blocks-1.prefetch-budget-20.rank-accept_first.cut-entropy4.0.samples20.maxnew1024.seed10086.subtreePrefetch.vllm.log,214,4,225,0.16597743337787615
/Users/jiangnanhugo/workspace/power-sharpening/Subtree-Prefetching-Power-Sharpening/case_studies/logs-entropycut/mbpp/2026-09-21/vllm/dataset-mbpp.model-qwen3.5-9b.alpha4.0.steps100.blocks-1.prefetch-budget-20.rank-accept_first.cut-entropy4.0.samples20.maxnew1024.seed10086.subtreePrefetch.vllm.log,214,5,105,0.5230808025484361
/Users/jiangnanhugo/workspace/power-sharpening/Subtree-Prefetching-Power-Sharpening/case_studies/logs-entropycut/mbpp/2026-09-21/vllm/dataset-mbpp.model-qwen3.5-9b.alpha4.0.steps100.blocks-1.prefetch-budget-20.rank-accept_first.cut-entropy4.0.samples20.maxnew1024.seed10086.subtreePrefetch.vllm.log,214,6,225,0.16597743337787615
/Users/jiangnanhugo/workspace/power-sharpening/Subtree-Prefetching-Power-Sharpening/case_studies/logs-entropycut/mbpp/2026-09-21/vllm/dataset-mbpp.model-qwen3.5-9b.alpha4.0.steps100.blocks-1.prefetch-budget-20.rank-accept_first.cut-entropy4.0.samples20.maxnew1024.seed10086.subtreePrefetch.vllm.log,214,7,105,0.5230808025484361
/Users/jiangnanhugo/workspace/power-sharpening/Subtree-Prefetching-Power-Sharpening/case_studies/logs-entropycut/mbpp/2026-09-21/vllm/dataset-mbpp.model-qwen3.5-9b.alpha4.0.steps100.blocks-1.prefetch-budget-20.rank-accept_first.cut-entropy4.0.samples20.maxnew1024.seed10086.subtreePrefetch.vllm.log,214,8,43,0.07164298718992011
/Users/jiangnanhugo/workspace/power-sharpening/Subtree-Prefetching-Power-Sharpening/case_studies/logs-entropycut/mbpp/2026-09-21/vllm/dataset-mbpp.model-qwen3.5-9b.alpha4.0.steps100.blocks-1.prefetch-budget-20.rank-accept_first.cut-entropy4.0.samples20.maxnew1024.seed10086.subtreePrefetch.vllm.log,214,9,105,0.5230808025484361
/Users/jiangnanhugo/workspace/power-sharpening/Subtree-Prefetching-Power-Sharpening/case_studies/logs-entropycut/mbpp/2026-09-21/vllm/dataset-mbpp.model-qwen3.5-9b.alpha4.0.steps100.blocks-1.prefetch-budget-20.rank-accept_first.cut-entropy4.0.samples20.maxnew1024.seed10086.subtreePrefetch.vllm.log,214,10,105,0.5230808025484361
/Users/jiangnanhugo/workspace/power-sharpening/Subtree-Prefetching-Power-Sharpening/case_studies/logs-entropycut/mbpp/2026-09-21/vllm/dataset-mbpp.model-qwen3.5-9b.alpha4.0.steps100.blocks-1.prefetch-budget-20.rank-accept_first.cut-entropy4.0.samples20.maxnew1024.seed10086.subtreePrefetch.vllm.log,214,11,105,0.5230808025484361
/Users/jiangnanhugo/workspace/power-sharpening/Subtree-Prefetching-Power-Sharpening/case_studies/logs-entropycut/mbpp/2026-09-21/vllm/dataset-mbpp.model-qwen3.5-9b.alpha4.0.steps100.blocks-1.prefetch-budget-20.rank-accept_first.cut-entropy4.0.samples20.maxnew1024.seed10086.subtreePrefetch.vllm.log,214,12,105,0.5230808025484361
/Users/jiangnanhugo/workspace/power-sharpening/Subtree-Prefetching-Power-Sharpening/case_studies/logs-entropycut/mbpp/2026-09-21/vllm/dataset-mbpp.model-qwen3.5-9b.alpha4.0.steps100.blocks-1.prefetch-budget-20.rank-accept_first.cut-entropy4.0.samples20.maxnew1024.seed10086.subtreePrefetch.vllm.log,214,13,105,0.5230808025484361
/Users/jiangnanhugo/workspace/power-sharpening/Subtree-Prefetching-Power-Sharpening/case_studies/logs-entropycut/mbpp/2026-09-21/vllm/dataset-mbpp.model-qwen3.5-9b.alpha4.0.steps100.blocks-1.prefetch-budget-20.rank-accept_first.cut-entropy4.0.samples20.maxnew1024.seed10086.subtreePrefetch.vllm.log,214,14,105,0.5230808025484361
/Users/jiangnanhugo/workspace/power-sharpening/Subtree-Prefetching-Power-Sharpening/case_studies/logs-entropycut/mbpp/2026-09-21/vllm/dataset-mbpp.model-qwen3.5-9b.alpha4.0.steps100.blocks-1.prefetch-budget-20.rank-accept_first.cut-entropy4.0.samples20.maxnew1024.seed10086.subtreePrefetch.vllm.log,214,15,43,0.07164298718992011
/Users/jiangnanhugo/workspace/power-sharpening/Subtree-Prefetching-Power-Sharpening/case_studies/logs-entropycut/mbpp/2026-09-21/vllm/dataset-mbpp.model-qwen3.5-9b.alpha4.0.steps100.blocks-1.prefetch-budget-20.rank-accept_first.cut-entropy4.0.samples20.maxnew1024.seed10086.subtreePrefetch.vllm.log,214,16,105,0.5230808025484361
/Users/jiangnanhugo/workspace/power-sharpening/Subtree-Prefetching-Power-Sharpening/case_studies/logs-entropycut/mbpp/2026-09-21/vllm/dataset-mbpp.model-qwen3.5-9b.alpha4.0.steps100.blocks-1.prefetch-budget-20.rank-accept_first.cut-entropy4.0.samples20.maxnew1024.seed10086.subtreePrefetch.vllm.log,214,17,225,0.16597743337787615
/Users/jiangnanhugo/workspace/power-sharpening/Subtree-Prefetching-Power-Sharpening/case_studies/logs-entropycut/mbpp/2026-09-21/vllm/dataset-mbpp.model-qwen3.5-9b.alpha4.0.steps100.blocks-1.prefetch-budget-20.rank-accept_first.cut-entropy4.0.samples20.maxnew1024.seed10086.subtreePrefetch.vllm.log,214,18,68,0.012746132854330247
/Users/jiangnanhugo/workspace/power-sharpening/Subtree-Prefetching-Power-Sharpening/case_studies/logs-entropycut/mbpp/2026-09-21/vllm/dataset-mbpp.model-qwen3.5-9b.alpha4.0.steps100.blocks-1.prefetch-budget-20.rank-accept_first.cut-entropy4.0.samples20.maxnew1024.seed10086.subtreePrefetch.vllm.log,214,19,105,0.5230808025484361
/Users/jiangnanhugo/workspace/power-sharpening/Subtree-Prefetching-Power-Sharpening/case_studies/logs-entropycut/mbpp/2026-09-21/vllm/dataset-mbpp.model-qwen3.5-9b.alpha4.0.steps100.blocks-1.prefetch-budget-20.rank-accept_first.cut-entropy4.0.samples20.maxnew1024.seed10086.subtreePrefetch.vllm.log,215,0,195,0.025209905504507045
/Users/jiangnanhugo/workspace/power-sharpening/Subtree-Prefetching-Power-Sharpening/case_studies/logs-entropycut/mbpp/2026-09-21/vllm/dataset-mbpp.model-qwen3.5-9b.alpha4.0.steps100.blocks-1.prefetch-budget-20.rank-accept_first.cut-entropy4.0.samples20.maxnew1024.seed10086.subtreePrefetch.vllm.log,215,1,134,0.02858866663245731
/Users/jiangnanhugo/workspace/power-sharpening/Subtree-Prefetching-Power-Sharpening/case_studies/logs-entropycut/mbpp/2026-09-21/vllm/dataset-mbpp.model-qwen3.5-9b.alpha4.0.steps100.blocks-1.prefetch-budget-20.rank-accept_first.cut-entropy4.0.samples20.maxnew1024.seed10086.subtreePrefetch.vllm.log,215,2,58,0.015941158247401853
/Users/jiangnanhugo/workspace/power-sharpening/Subtree-Prefetching-Power-Sharpening/case_studies/logs-entropycut/mbpp/2026-09-21/vllm/dataset-mbpp.model-qwen3.5-9b.alpha4.0.steps100.blocks-1.prefetch-budget-20.rank-accept_first.cut-entropy4.0.samples20.maxnew1024.seed10086.subtreePrefetch.vllm.log,215,3,225,0.1659774333771593
/Users/jiangnanhugo/workspace/power-sharpening/Subtree-Prefetching-Power-Sharpening/case_studies/logs-entropycut/mbpp/2026-09-21/vllm/dataset-mbpp.model-qwen3.5-9b.alpha4.0.steps100.blocks-1.prefetch-budget-20.rank-accept_first.cut-entropy4.0.samples20.maxnew1024.seed10086.subtreePrefetch.vllm.log,215,4,58,0.015941158247401853
/Users/jiangnanhugo/workspace/power-sharpening/Subtree-Prefetching-Power-Sharpening/case_studies/logs-entropycut/mbpp/2026-09-21/vllm/dataset-mbpp.model-qwen3.5-9b.alpha4.0.steps100.blocks-1.prefetch-budget-20.rank-accept_first.cut-entropy4.0.samples20.maxnew1024.seed10086.subtreePrefetch.vllm.log,215,5,105,0.523080802546177
/Users/jiangnanhugo/workspace/power-sharpening/Subtree-Prefetching-Power-Sharpening/case_studies/logs-entropycut/mbpp/2026-09-21/vllm/dataset-mbpp.model-qwen3.5-9b.alpha4.0.steps100.blocks-1.prefetch-budget-20.rank-accept_first.cut-entropy4.0.samples20.maxnew1024.seed10086.subtreePrefetch.vllm.log,215,6,134,0.02858866663245731
/Users/jiangnanhugo/workspace/power-sharpening/Subtree-Prefetching-Power-Sharpening/case_studies/logs-entropycut/mbpp/2026-09-21/vllm/dataset-mbpp.model-qwen3.5-9b.alpha4.0.steps100.blocks-1.prefetch-budget-20.rank-accept_first.cut-entropy4.0.samples20.maxnew1024.seed10086.subtreePrefetch.vllm.log,215,7,105,0.523080802546177
/Users/jiangnanhugo/workspace/power-sharpening/Subtree-Prefetching-Power-Sharpening/case_studies/logs-entropycut/mbpp/2026-09-21/vllm/dataset-mbpp.model-qwen3.5-9b.alpha4.0.steps100.blocks-1.prefetch-budget-20.rank-accept_first.cut-entropy4.0.samples20.maxnew1024.seed10086.subtreePrefetch.vllm.log,215,8,105,0.523080802546177
/Users/jiangnanhugo/workspace/power-sharpening/Subtree-Prefetching-Power-Sharpening/case_studies/logs-entropycut/mbpp/2026-09-21/vllm/dataset-mbpp.model-qwen3.5-9b.alpha4.0.steps100.blocks-1.prefetch-budget-20.rank-accept_first.cut-entropy4.0.samples20.maxnew1024.seed10086.subtreePrefetch.vllm.log,215,9,47,0.015177542180137067
/Users/jiangnanhugo/workspace/power-sharpening/Subtree-Prefetching-Power-Sharpening/case_studies/logs-entropycut/mbpp/2026-09-21/vllm/dataset-mbpp.model-qwen3.5-9b.alpha4.0.steps100.blocks-1.prefetch-budget-20.rank-accept_first.cut-entropy4.0.samples20.maxnew1024.seed10086.subtreePrefetch.vllm.log,215,10,5,0.006440804099964621
/Users/jiangnanhugo/workspace/power-sharpening/Subtree-Prefetching-Power-Sharpening/case_studies/logs-entropycut/mbpp/2026-09-21/vllm/dataset-mbpp.model-qwen3.5-9b.alpha4.0.steps100.blocks-1.prefetch-budget-20.rank-accept_first.cut-entropy4.0.samples20.maxnew1024.seed10086.subtreePrefetch.vllm.log,215,11,105,0.523080802546177
/Users/jiangnanhugo/workspace/power-sharpening/Subtree-Prefetching-Power-Sharpening/case_studies/logs-entropycut/mbpp/2026-09-21/vllm/dataset-mbpp.model-qwen3.5-9b.alpha4.0.steps100.blocks-1.prefetch-budget-20.rank-accept_first.cut-entropy4.0.samples20.maxnew1024.seed10086.subtreePrefetch.vllm.log,215,12,105,0.523080802546177
/Users/jiangnanhugo/workspace/power-sharpening/Subtree-Prefetching-Power-Sharpening/case_studies/logs-entropycut/mbpp/2026-09-21/vllm/dataset-mbpp.model-qwen3.5-9b.alpha4.0.steps100.blocks-1.prefetch-budget-20.rank-accept_first.cut-entropy4.0.samples20.maxnew1024.seed10086.subtreePrefetch.vllm.log,215,13,105,0.523080802546177
/Users/jiangnanhugo/workspace/power-sharpening/Subtree-Prefetching-Power-Sharpening/case_studies/logs-entropycut/mbpp/2026-09-21/vllm/dataset-mbpp.model-qwen3.5-9b.alpha4.0.steps100.blocks-1.prefetch-budget-20.rank-accept_first.cut-entropy4.0.samples20.maxnew1024.seed10086.subtreePrefetch.vllm.log,215,14,105,0.523080802546177
/Users/jiangnanhugo/workspace/power-sharpening/Subtree-Prefetching-Power-Sharpening/case_studies/logs-entropycut/mbpp/2026-09-21/vllm/dataset-mbpp.model-qwen3.5-9b.alpha4.0.steps100.blocks-1.prefetch-budget-20.rank-accept_first.cut-entropy4.0.samples20.maxnew1024.seed10086.subtreePrefetch.vllm.log,215,15,105,0.523080802546177
/Users/jiangnanhugo/workspace/power-sharpening/Subtree-Prefetching-Power-Sharpening/case_studies/logs-entropycut/mbpp/2026-09-21/vllm/dataset-mbpp.model-qwen3.5-9b.alpha4.0.steps100.blocks-1.prefetch-budget-20.rank-accept_first.cut-entropy4.0.samples20.maxnew1024.seed10086.subtreePrefetch.vllm.log,215,16,105,0.523080802546177
/Users/jiangnanhugo/workspace/power-sharpening/Subtree-Prefetching-Power-Sharpening/case_studies/logs-entropycut/mbpp/2026-09-21/vllm/dataset-mbpp.model-qwen3.5-9b.alpha4.0.steps100.blocks-1.prefetch-budget-20.rank-accept_first.cut-entropy4.0.samples20.maxnew1024.seed10086.subtreePrefetch.vllm.log,215,17,105,0.523080802546177
/Users/jiangnanhugo/workspace/power-sharpening/Subtree-Prefetching-Power-Sharpening/case_studies/logs-entropycut/mbpp/2026-09-21/vllm/dataset-mbpp.model-qwen3.5-9b.alpha4.0.steps100.blocks-1.prefetch-budget-20.rank-accept_first.cut-entropy4.0.samples20.maxnew1024.seed10086.subtreePrefetch.vllm.log,215,18,105,0.523080802546177
/Users/jiangnanhugo/workspace/power-sharpening/Subtree-Prefetching-Power-Sharpening/case_studies/logs-entropycut/mbpp/2026-09-21/vllm/dataset-mbpp.model-qwen3.5-9b.alpha4.0.steps100.blocks-1.prefetch-budget-20.rank-accept_first.cut-entropy4.0.samples20.maxnew1024.seed10086.subtreePrefetch.vllm.log,215,19,43,0.0716429871896107
/Users/jiangnanhugo/workspace/power-sharpening/Subtree-Prefetching-Power-Sharpening/case_studies/logs-entropycut/mbpp/2026-09-21/vllm/dataset-mbpp.model-qwen3.5-9b.alpha4.0.steps100.blocks-1.prefetch-budget-20.rank-accept_first.cut-entropy4.0.samples20.maxnew1024.seed10086.subtreePrefetch.vllm.log,216,0,225,0.16597750661590852
/Users/jiangnanhugo/workspace/power-sharpening/Subtree-Prefetching-Power-Sharpening/case_studies/logs-entropycut/mbpp/2026-09-21/vllm/dataset-mbpp.model-qwen3.5-9b.alpha4.0.steps100.blocks-1.prefetch-budget-20.rank-accept_first.cut-entropy4.0.samples20.maxnew1024.seed10086.subtreePrefetch.vllm.log,216,1,138,0.07807340243129468
/Users/jiangnanhugo/workspace/power-sharpening/Subtree-Prefetching-Power-Sharpening/case_studies/logs-entropycut/mbpp/2026-09-21/vllm/dataset-mbpp.model-qwen3.5-9b.alpha4.0.steps100.blocks-1.prefetch-budget-20.rank-accept_first.cut-entropy4.0.samples20.maxnew1024.seed10086.subtreePrefetch.vllm.log,216,2,105,0.5230810333593842
/Users/jiangnanhugo/workspace/power-sharpening/Subtree-Prefetching-Power-Sharpening/case_studies/logs-entropycut/mbpp/2026-09-21/vllm/dataset-mbpp.model-qwen3.5-9b.alpha4.0.steps100.blocks-1.prefetch-budget-20.rank-accept_first.cut-entropy4.0.samples20.maxnew1024.seed10086.subtreePrefetch.vllm.log,216,3,105,0.5230810333593842
/Users/jiangnanhugo/workspace/power-sharpening/Subtree-Prefetching-Power-Sharpening/case_studies/logs-entropycut/mbpp/2026-09-21/vllm/dataset-mbpp.model-qwen3.5-9b.alpha4.0.steps100.blocks-1.prefetch-budget-20.rank-accept_first.cut-entropy4.0.samples20.maxnew1024.seed10086.subtreePrefetch.vllm.log,216,4,105,0.5230810333593842
/Users/jiangnanhugo/workspace/power-sharpening/Subtree-Prefetching-Power-Sharpening/case_studies/logs-entropycut/mbpp/2026-09-21/vllm/dataset-mbpp.model-qwen3.5-9b.alpha4.0.steps100.blocks-1.prefetch-budget-20.rank-accept_first.cut-entropy4.0.samples20.maxnew1024.seed10086.subtreePrefetch.vllm.log,216,5,105,0.5230810333593842
/Users/jiangnanhugo/workspace/power-sharpening/Subtree-Prefetching-Power-Sharpening/case_studies/logs-entropycut/mbpp/2026-09-21/vllm/dataset-mbpp.model-qwen3.5-9b.alpha4.0.steps100.blocks-1.prefetch-budget-20.rank-accept_first.cut-entropy4.0.samples20.maxnew1024.seed10086.subtreePrefetch.vllm.log,216,6,105,0.5230810333593842
/Users/jiangnanhugo/workspace/power-sharpening/Subtree-Prefetching-Power-Sharpening/case_studies/logs-entropycut/mbpp/2026-09-21/vllm/dataset-mbpp.model-qwen3.5-9b.alpha4.0.steps100.blocks-1.prefetch-budget-20.rank-accept_first.cut-entropy4.0.samples20.maxnew1024.seed10086.subtreePrefetch.vllm.log,216,7,225,0.16597750661590852
/Users/jiangnanhugo/workspace/power-sharpening/Subtree-Prefetching-Power-Sharpening/case_studies/logs-entropycut/mbpp/2026-09-21/vllm/dataset-mbpp.model-qwen3.5-9b.alpha4.0.steps100.blocks-1.prefetch-budget-20.rank-accept_first.cut-entropy4.0.samples20.maxnew1024.seed10086.subtreePrefetch.vllm.log,216,8,225,0.16597750661590852
/Users/jiangnanhugo/workspace/power-sharpening/Subtree-Prefetching-Power-Sharpening/case_studies/logs-entropycut/mbpp/2026-09-21/vllm/dataset-mbpp.model-qwen3.5-9b.alpha4.0.steps100.blocks-1.prefetch-budget-20.rank-accept_first.cut-entropy4.0.samples20.maxnew1024.seed10086.subtreePrefetch.vllm.log,216,9,105,0.5230810333593842
/Users/jiangnanhugo/workspace/power-sharpening/Subtree-Prefetching-Power-Sharpening/case_studies/logs-entropycut/mbpp/2026-09-21/vllm/dataset-mbpp.model-qwen3.5-9b.alpha4.0.steps100.blocks-1.prefetch-budget-20.rank-accept_first.cut-entropy4.0.samples20.maxnew1024.seed10086.subtreePrefetch.vllm.log,216,10,105,0.5230810333593842
/Users/jiangnanhugo/workspace/power-sharpening/Subtree-Prefetching-Power-Sharpening/case_studies/logs-entropycut/mbpp/2026-09-21/vllm/dataset-mbpp.model-qwen3.5-9b.alpha4.0.steps100.blocks-1.prefetch-budget-20.rank-accept_first.cut-entropy4.0.samples20.maxnew1024.seed10086.subtreePrefetch.vllm.log,216,11,105,0.5230810333593842
/Users/jiangnanhugo/workspace/power-sharpening/Subtree-Prefetching-Power-Sharpening/case_studies/logs-entropycut/mbpp/2026-09-21/vllm/dataset-mbpp.model-qwen3.5-9b.alpha4.0.steps100.blocks-1.prefetch-budget-20.rank-accept_first.cut-entropy4.0.samples20.maxnew1024.seed10086.subtreePrefetch.vllm.log,216,12,105,0.5230810333593842
/Users/jiangnanhugo/workspace/power-sharpening/Subtree-Prefetching-Power-Sharpening/case_studies/logs-entropycut/mbpp/2026-09-21/vllm/dataset-mbpp.model-qwen3.5-9b.alpha4.0.steps100.blocks-1.prefetch-budget-20.rank-accept_first.cut-entropy4.0.samples20.maxnew1024.seed10086.subtreePrefetch.vllm.log,216,13,225,0.16597750661590852
/Users/jiangnanhugo/workspace/power-sharpening/Subtree-Prefetching-Power-Sharpening/case_studies/logs-entropycut/mbpp/2026-09-21/vllm/dataset-mbpp.model-qwen3.5-9b.alpha4.0.steps100.blocks-1.prefetch-budget-20.rank-accept_first.cut-entropy4.0.samples20.maxnew1024.seed10086.subtreePrefetch.vllm.log,216,14,105,0.5230810333593842
/Users/jiangnanhugo/workspace/power-sharpening/Subtree-Prefetching-Power-Sharpening/case_studies/logs-entropycut/mbpp/2026-09-21/vllm/dataset-mbpp.model-qwen3.5-9b.alpha4.0.steps100.blocks-1.prefetch-budget-20.rank-accept_first.cut-entropy4.0.samples20.maxnew1024.seed10086.subtreePrefetch.vllm.log,216,15,105,0.5230810333593842
/Users/jiangnanhugo/workspace/power-sharpening/Subtree-Prefetching-Power-Sharpening/case_studies/logs-entropycut/mbpp/2026-09-21/vllm/dataset-mbpp.model-qwen3.5-9b.alpha4.0.steps100.blocks-1.prefetch-budget-20.rank-accept_first.cut-entropy4.0.samples20.maxnew1024.seed10086.subtreePrefetch.vllm.log,216,16,43,0.07164301880259967
/Users/jiangnanhugo/workspace/power-sharpening/Subtree-Prefetching-Power-Sharpening/case_studies/logs-entropycut/mbpp/2026-09-21/vllm/dataset-mbpp.model-qwen3.5-9b.alpha4.0.steps100.blocks-1.prefetch-budget-20.rank-accept_first.cut-entropy4.0.samples20.maxnew1024.seed10086.subtreePrefetch.vllm.log,216,17,105,0.5230810333593842
/Users/jiangnanhugo/workspace/power-sharpening/Subtree-Prefetching-Power-Sharpening/case_studies/logs-entropycut/mbpp/2026-09-21/vllm/dataset-mbpp.model-qwen3.5-9b.alpha4.0.steps100.blocks-1.prefetch-budget-20.rank-accept_first.cut-entropy4.0.samples20.maxnew1024.seed10086.subtreePrefetch.vllm.log,216,18,105,0.5230810333593842
/Users/jiangnanhugo/workspace/power-sharpening/Subtree-Prefetching-Power-Sharpening/case_studies/logs-entropycut/mbpp/2026-09-21/vllm/dataset-mbpp.model-qwen3.5-9b.alpha4.0.steps100.blocks-1.prefetch-budget-20.rank-accept_first.cut-entropy4.0.samples20.maxnew1024.seed10086.subtreePrefetch.vllm.log,216,19,43,0.07164301880259967
/Users/jiangnanhugo/workspace/power-sharpening/Subtree-Prefetching-Power-Sharpening/case_studies/logs-entropycut/mbpp/2026-09-21/vllm/dataset-mbpp.model-qwen3.5-9b.alpha4.0.steps100.blocks-1.prefetch-budget-20.rank-accept_first.cut-entropy4.0.samples20.maxnew1024.seed10086.subtreePrefetch.vllm.log,217,0,83,0.5410095296352015
/Users/jiangnanhugo/workspace/power-sharpening/Subtree-Prefetching-Power-Sharpening/case_studies/logs-entropycut/mbpp/2026-09-21/vllm/dataset-mbpp.model-qwen3.5-9b.alpha4.0.steps100.blocks-1.prefetch-budget-20.rank-accept_first.cut-entropy4.0.samples20.maxnew1024.seed10086.subtreePrefetch.vllm.log,217,1,83,0.5410095296352015
/Users/jiangnanhugo/workspace/power-sharpening/Subtree-Prefetching-Power-Sharpening/case_studies/logs-entropycut/mbpp/2026-09-21/vllm/dataset-mbpp.model-qwen3.5-9b.alpha4.0.steps100.blocks-1.prefetch-budget-20.rank-accept_first.cut-entropy4.0.samples20.maxnew1024.seed10086.subtreePrefetch.vllm.log,217,2,47,0.005097711244315911
/Users/jiangnanhugo/workspace/power-sharpening/Subtree-Prefetching-Power-Sharpening/case_studies/logs-entropycut/mbpp/2026-09-21/vllm/dataset-mbpp.model-qwen3.5-9b.alpha4.0.steps100.blocks-1.prefetch-budget-20.rank-accept_first.cut-entropy4.0.samples20.maxnew1024.seed10086.subtreePrefetch.vllm.log,217,3,83,0.5410095296352015
/Users/jiangnanhugo/workspace/power-sharpening/Subtree-Prefetching-Power-Sharpening/case_studies/logs-entropycut/mbpp/2026-09-21/vllm/dataset-mbpp.model-qwen3.5-9b.alpha4.0.steps100.blocks-1.prefetch-budget-20.rank-accept_first.cut-entropy4.0.samples20.maxnew1024.seed10086.subtreePrefetch.vllm.log,217,4,83,0.5410095296352015
/Users/jiangnanhugo/workspace/power-sharpening/Subtree-Prefetching-Power-Sharpening/case_studies/logs-entropycut/mbpp/2026-09-21/vllm/dataset-mbpp.model-qwen3.5-9b.alpha4.0.steps100.blocks-1.prefetch-budget-20.rank-accept_first.cut-entropy4.0.samples20.maxnew1024.seed10086.subtreePrefetch.vllm.log,217,5,83,0.5410095296352015
/Users/jiangnanhugo/workspace/power-sharpening/Subtree-Prefetching-Power-Sharpening/case_studies/logs-entropycut/mbpp/2026-09-21/vllm/dataset-mbpp.model-qwen3.5-9b.alpha4.0.steps100.blocks-1.prefetch-budget-20.rank-accept_first.cut-entropy4.0.samples20.maxnew1024.seed10086.subtreePrefetch.vllm.log,217,6,83,0.5410095296352015
/Users/jiangnanhugo/workspace/power-sharpening/Subtree-Prefetching-Power-Sharpening/case_studies/logs-entropycut/mbpp/2026-09-21/vllm/dataset-mbpp.model-qwen3.5-9b.alpha4.0.steps100.blocks-1.prefetch-budget-20.rank-accept_first.cut-entropy4.0.samples20.maxnew1024.seed10086.subtreePrefetch.vllm.log,217,7,83,0.5410095296352015
/Users/jiangnanhugo/workspace/power-sharpening/Subtree-Prefetching-Power-Sharpening/case_studies/logs-entropycut/mbpp/2026-09-21/vllm/dataset-mbpp.model-qwen3.5-9b.alpha4.0.steps100.blocks-1.prefetch-budget-20.rank-accept_first.cut-entropy4.0.samples20.maxnew1024.seed10086.subtreePrefetch.vllm.log,217,8,83,0.5410095296352015
/Users/jiangnanhugo/workspace/power-sharpening/Subtree-Prefetching-Power-Sharpening/case_studies/logs-entropycut/mbpp/2026-09-21/vllm/dataset-mbpp.model-qwen3.5-9b.alpha4.0.steps100.blocks-1.prefetch-budget-20.rank-accept_first.cut-entropy4.0.samples20.maxnew1024.seed10086.subtreePrefetch.vllm.log,217,9,83,0.5410095296352015
/Users/jiangnanhugo/workspace/power-sharpening/Subtree-Prefetching-Power-Sharpening/case_studies/logs-entropycut/mbpp/2026-09-21/vllm/dataset-mbpp.model-qwen3.5-9b.alpha4.0.steps100.blocks-1.prefetch-budget-20.rank-accept_first.cut-entropy4.0.samples20.maxnew1024.seed10086.subtreePrefetch.vllm.log,217,10,83,0.5410095296352015
/Users/jiangnanhugo/workspace/power-sharpening/Subtree-Prefetching-Power-Sharpening/case_studies/logs-entropycut/mbpp/2026-09-21/vllm/dataset-mbpp.model-qwen3.5-9b.alpha4.0.steps100.blocks-1.prefetch-budget-20.rank-accept_first.cut-entropy4.0.samples20.maxnew1024.seed10086.subtreePrefetch.vllm.log,217,11,83,0.5410095296352015
/Users/jiangnanhugo/workspace/power-sharpening/Subtree-Prefetching-Power-Sharpening/case_studies/logs-entropycut/mbpp/2026-09-21/vllm/dataset-mbpp.model-qwen3.5-9b.alpha4.0.steps100.blocks-1.prefetch-budget-20.rank-accept_first.cut-entropy4.0.samples20.maxnew1024.seed10086.subtreePrefetch.vllm.log,217,12,34,0.01412379455077699
/Users/jiangnanhugo/workspace/power-sharpening/Subtree-Prefetching-Power-Sharpening/case_studies/logs-entropycut/mbpp/2026-09-21/vllm/dataset-mbpp.model-qwen3.5-9b.alpha4.0.steps100.blocks-1.prefetch-budget-20.rank-accept_first.cut-entropy4.0.samples20.maxnew1024.seed10086.subtreePrefetch.vllm.log,217,13,83,0.5410095296352015
/Users/jiangnanhugo/workspace/power-sharpening/Subtree-Prefetching-Power-Sharpening/case_studies/logs-entropycut/mbpp/2026-09-21/vllm/dataset-mbpp.model-qwen3.5-9b.alpha4.0.steps100.blocks-1.prefetch-budget-20.rank-accept_first.cut-entropy4.0.samples20.maxnew1024.seed10086.subtreePrefetch.vllm.log,217,14,83,0.5410095296352015
/Users/jiangnanhugo/workspace/power-sharpening/Subtree-Prefetching-Power-Sharpening/case_studies/logs-entropycut/mbpp/2026-09-21/vllm/dataset-mbpp.model-qwen3.5-9b.alpha4.0.steps100.blocks-1.prefetch-budget-20.rank-accept_first.cut-entropy4.0.samples20.maxnew1024.seed10086.subtreePrefetch.vllm.log,217,15,83,0.5410095296352015
/Users/jiangnanhugo/workspace/power-sharpening/Subtree-Prefetching-Power-Sharpening/case_studies/logs-entropycut/mbpp/2026-09-21/vllm/dataset-mbpp.model-qwen3.5-9b.alpha4.0.steps100.blocks-1.prefetch-budget-20.rank-accept_first.cut-entropy4.0.samples20.maxnew1024.seed10086.subtreePrefetch.vllm.log,217,16,83,0.5410095296352015
/Users/jiangnanhugo/workspace/power-sharpening/Subtree-Prefetching-Power-Sharpening/case_studies/logs-entropycut/mbpp/2026-09-21/vllm/dataset-mbpp.model-qwen3.5-9b.alpha4.0.steps100.blocks-1.prefetch-budget-20.rank-accept_first.cut-entropy4.0.samples20.maxnew1024.seed10086.subtreePrefetch.vllm.log,217,17,83,0.5410095296352015
/Users/jiangnanhugo/workspace/power-sharpening/Subtree-Prefetching-Power-Sharpening/case_studies/logs-entropycut/mbpp/2026-09-21/vllm/dataset-mbpp.model-qwen3.5-9b.alpha4.0.steps100.blocks-1.prefetch-budget-20.rank-accept_first.cut-entropy4.0.samples20.maxnew1024.seed10086.subtreePrefetch.vllm.log,217,18,83,0.5410095296352015
/Users/jiangnanhugo/workspace/power-sharpening/Subtree-Prefetching-Power-Sharpening/case_studies/logs-entropycut/mbpp/2026-09-21/vllm/dataset-mbpp.model-qwen3.5-9b.alpha4.0.steps100.blocks-1.prefetch-budget-20.rank-accept_first.cut-entropy4.0.samples20.maxnew1024.seed10086.subtreePrefetch.vllm.log,217,19,83,0.5410095296352015
/Users/jiangnanhugo/workspace/power-sharpening/Subtree-Prefetching-Power-Sharpening/case_studies/logs-entropycut/mbpp/2026-09-21/vllm/dataset-mbpp.model-qwen3.5-9b.alpha4.0.steps100.blocks-1.prefetch-budget-20.rank-accept_first.cut-entropy4.0.samples20.maxnew1024.seed10086.subtreePrefetch.vllm.log,218,0,318,0.01354851712454166
/Users/jiangnanhugo/workspace/power-sharpening/Subtree-Prefetching-Power-Sharpening/case_studies/logs-entropycut/mbpp/2026-09-21/vllm/dataset-mbpp.model-qwen3.5-9b.alpha4.0.steps100.blocks-1.prefetch-budget-20.rank-accept_first.cut-entropy4.0.samples20.maxnew1024.seed10086.subtreePrefetch.vllm.log,218,1,83,0.7437233393540076
/Users/jiangnanhugo/workspace/power-sharpening/Subtree-Prefetching-Power-Sharpening/case_studies/logs-entropycut/mbpp/2026-09-21/vllm/dataset-mbpp.model-qwen3.5-9b.alpha4.0.steps100.blocks-1.prefetch-budget-20.rank-accept_first.cut-entropy4.0.samples20.maxnew1024.seed10086.subtreePrefetch.vllm.log,218,2,83,0.7437233393540076
/Users/jiangnanhugo/workspace/power-sharpening/Subtree-Prefetching-Power-Sharpening/case_studies/logs-entropycut/mbpp/2026-09-21/vllm/dataset-mbpp.model-qwen3.5-9b.alpha4.0.steps100.blocks-1.prefetch-budget-20.rank-accept_first.cut-entropy4.0.samples20.maxnew1024.seed10086.subtreePrefetch.vllm.log,218,3,83,0.7437233393540076
/Users/jiangnanhugo/workspace/power-sharpening/Subtree-Prefetching-Power-Sharpening/case_studies/logs-entropycut/mbpp/2026-09-21/vllm/dataset-mbpp.model-qwen3.5-9b.alpha4.0.steps100.blocks-1.prefetch-budget-20.rank-accept_first.cut-entropy4.0.samples20.maxnew1024.seed10086.subtreePrefetch.vllm.log,218,4,83,0.7437233393540076
/Users/jiangnanhugo/workspace/power-sharpening/Subtree-Prefetching-Power-Sharpening/case_studies/logs-entropycut/mbpp/2026-09-21/vllm/dataset-mbpp.model-qwen3.5-9b.alpha4.0.steps100.blocks-1.prefetch-budget-20.rank-accept_first.cut-entropy4.0.samples20.maxnew1024.seed10086.subtreePrefetch.vllm.log,218,5,83,0.7437233393540076
/Users/jiangnanhugo/workspace/power-sharpening/Subtree-Prefetching-Power-Sharpening/case_studies/logs-entropycut/mbpp/2026-09-21/vllm/dataset-mbpp.model-qwen3.5-9b.alpha4.0.steps100.blocks-1.prefetch-budget-20.rank-accept_first.cut-entropy4.0.samples20.maxnew1024.seed10086.subtreePrefetch.vllm.log,218,6,83,0.7437233393540076
/Users/jiangnanhugo/workspace/power-sharpening/Subtree-Prefetching-Power-Sharpening/case_studies/logs-entropycut/mbpp/2026-09-21/vllm/dataset-mbpp.model-qwen3.5-9b.alpha4.0.steps100.blocks-1.prefetch-budget-20.rank-accept_first.cut-entropy4.0.samples20.maxnew1024.seed10086.subtreePrefetch.vllm.log,218,7,83,0.7437233393540076
/Users/jiangnanhugo/workspace/power-sharpening/Subtree-Prefetching-Power-Sharpening/case_studies/logs-entropycut/mbpp/2026-09-21/vllm/dataset-mbpp.model-qwen3.5-9b.alpha4.0.steps100.blocks-1.prefetch-budget-20.rank-accept_first.cut-entropy4.0.samples20.maxnew1024.seed10086.subtreePrefetch.vllm.log,218,8,83,0.7437233393540076
/Users/jiangnanhugo/workspace/power-sharpening/Subtree-Prefetching-Power-Sharpening/case_studies/logs-entropycut/mbpp/2026-09-21/vllm/dataset-mbpp.model-qwen3.5-9b.alpha4.0.steps100.blocks-1.prefetch-budget-20.rank-accept_first.cut-entropy4.0.samples20.maxnew1024.seed10086.subtreePrefetch.vllm.log,218,9,83,0.7437233393540076
/Users/jiangnanhugo/workspace/power-sharpening/Subtree-Prefetching-Power-Sharpening/case_studies/logs-entropycut/mbpp/2026-09-21/vllm/dataset-mbpp.model-qwen3.5-9b.alpha4.0.steps100.blocks-1.prefetch-budget-20.rank-accept_first.cut-entropy4.0.samples20.maxnew1024.seed10086.subtreePrefetch.vllm.log,218,10,83,0.7437233393540076
/Users/jiangnanhugo/workspace/power-sharpening/Subtree-Prefetching-Power-Sharpening/case_studies/logs-entropycut/mbpp/2026-09-21/vllm/dataset-mbpp.model-qwen3.5-9b.alpha4.0.steps100.blocks-1.prefetch-budget-20.rank-accept_first.cut-entropy4.0.samples20.maxnew1024.seed10086.subtreePrefetch.vllm.log,218,11,83,0.7437233393540076
/Users/jiangnanhugo/workspace/power-sharpening/Subtree-Prefetching-Power-Sharpening/case_studies/logs-entropycut/mbpp/2026-09-21/vllm/dataset-mbpp.model-qwen3.5-9b.alpha4.0.steps100.blocks-1.prefetch-budget-20.rank-accept_first.cut-entropy4.0.samples20.maxnew1024.seed10086.subtreePrefetch.vllm.log,218,12,83,0.7437233393540076
/Users/jiangnanhugo/workspace/power-sharpening/Subtree-Prefetching-Power-Sharpening/case_studies/logs-entropycut/mbpp/2026-09-21/vllm/dataset-mbpp.model-qwen3.5-9b.alpha4.0.steps100.blocks-1.prefetch-budget-20.rank-accept_first.cut-entropy4.0.samples20.maxnew1024.seed10086.subtreePrefetch.vllm.log,218,13,83,0.7437233393540076
/Users/jiangnanhugo/workspace/power-sharpening/Subtree-Prefetching-Power-Sharpening/case_studies/logs-entropycut/mbpp/2026-09-21/vllm/dataset-mbpp.model-qwen3.5-9b.alpha4.0.steps100.blocks-1.prefetch-budget-20.rank-accept_first.cut-entropy4.0.samples20.maxnew1024.seed10086.subtreePrefetch.vllm.log,218,14,83,0.7437233393540076
/Users/jiangnanhugo/workspace/power-sharpening/Subtree-Prefetching-Power-Sharpening/case_studies/logs-entropycut/mbpp/2026-09-21/vllm/dataset-mbpp.model-qwen3.5-9b.alpha4.0.steps100.blocks-1.prefetch-budget-20.rank-accept_first.cut-entropy4.0.samples20.maxnew1024.seed10086.subtreePrefetch.vllm.log,218,15,83,0.7437233393540076
/Users/jiangnanhugo/workspace/power-sharpening/Subtree-Prefetching-Power-Sharpening/case_studies/logs-entropycut/mbpp/2026-09-21/vllm/dataset-mbpp.model-qwen3.5-9b.alpha4.0.steps100.blocks-1.prefetch-budget-20.rank-accept_first.cut-entropy4.0.samples20.maxnew1024.seed10086.subtreePrefetch.vllm.log,218,16,83,0.7437233393540076
/Users/jiangnanhugo/workspace/power-sharpening/Subtree-Prefetching-Power-Sharpening/case_studies/logs-entropycut/mbpp/2026-09-21/vllm/dataset-mbpp.model-qwen3.5-9b.alpha4.0.steps100.blocks-1.prefetch-budget-20.rank-accept_first.cut-entropy4.0.samples20.maxnew1024.seed10086.subtreePrefetch.vllm.log,218,17,83,0.7437233393540076
/Users/jiangnanhugo/workspace/power-sharpening/Subtree-Prefetching-Power-Sharpening/case_studies/logs-entropycut/mbpp/2026-09-21/vllm/dataset-mbpp.model-qwen3.5-9b.alpha4.0.steps100.blocks-1.prefetch-budget-20.rank-accept_first.cut-entropy4.0.samples20.maxnew1024.seed10086.subtreePrefetch.vllm.log,218,18,83,0.7437233393540076
/Users/jiangnanhugo/workspace/power-sharpening/Subtree-Prefetching-Power-Sharpening/case_studies/logs-entropycut/mbpp/2026-09-21/vllm/dataset-mbpp.model-qwen3.5-9b.alpha4.0.steps100.blocks-1.prefetch-budget-20.rank-accept_first.cut-entropy4.0.samples20.maxnew1024.seed10086.subtreePrefetch.vllm.log,218,19,83,0.7437233393540076
/Users/jiangnanhugo/workspace/power-sharpening/Subtree-Prefetching-Power-Sharpening/case_studies/logs-entropycut/mbpp/2026-09-21/vllm/dataset-mbpp.model-qwen3.5-9b.alpha4.0.steps100.blocks-1.prefetch-budget-20.rank-accept_first.cut-entropy4.0.samples20.maxnew1024.seed10086.subtreePrefetch.vllm.log,219,0,83,0.6608816246740248
/Users/jiangnanhugo/workspace/power-sharpening/Subtree-Prefetching-Power-Sharpening/case_studies/logs-entropycut/mbpp/2026-09-21/vllm/dataset-mbpp.model-qwen3.5-9b.alpha4.0.steps100.blocks-1.prefetch-budget-20.rank-accept_first.cut-entropy4.0.samples20.maxnew1024.seed10086.subtreePrefetch.vllm.log,219,1,83,0.6608816246740248
/Users/jiangnanhugo/workspace/power-sharpening/Subtree-Prefetching-Power-Sharpening/case_studies/logs-entropycut/mbpp/2026-09-21/vllm/dataset-mbpp.model-qwen3.5-9b.alpha4.0.steps100.blocks-1.prefetch-budget-20.rank-accept_first.cut-entropy4.0.samples20.maxnew1024.seed10086.subtreePrefetch.vllm.log,219,2,83,0.6608816246740248
/Users/jiangnanhugo/workspace/power-sharpening/Subtree-Prefetching-Power-Sharpening/case_studies/logs-entropycut/mbpp/2026-09-21/vllm/dataset-mbpp.model-qwen3.5-9b.alpha4.0.steps100.blocks-1.prefetch-budget-20.rank-accept_first.cut-entropy4.0.samples20.maxnew1024.seed10086.subtreePrefetch.vllm.log,219,3,83,0.6608816246740248
/Users/jiangnanhugo/workspace/power-sharpening/Subtree-Prefetching-Power-Sharpening/case_studies/logs-entropycut/mbpp/2026-09-21/vllm/dataset-mbpp.model-qwen3.5-9b.alpha4.0.steps100.blocks-1.prefetch-budget-20.rank-accept_first.cut-entropy4.0.samples20.maxnew1024.seed10086.subtreePrefetch.vllm.log,219,4,47,0.005506983577665691
/Users/jiangnanhugo/workspace/power-sharpening/Subtree-Prefetching-Power-Sharpening/case_studies/logs-entropycut/mbpp/2026-09-21/vllm/dataset-mbpp.model-qwen3.5-9b.alpha4.0.steps100.blocks-1.prefetch-budget-20.rank-accept_first.cut-entropy4.0.samples20.maxnew1024.seed10086.subtreePrefetch.vllm.log,219,5,83,0.6608816246740248
/Users/jiangnanhugo/workspace/power-sharpening/Subtree-Prefetching-Power-Sharpening/case_studies/logs-entropycut/mbpp/2026-09-21/vllm/dataset-mbpp.model-qwen3.5-9b.alpha4.0.steps100.blocks-1.prefetch-budget-20.rank-accept_first.cut-entropy4.0.samples20.maxnew1024.seed10086.subtreePrefetch.vllm.log,219,6,83,0.6608816246740248
/Users/jiangnanhugo/workspace/power-sharpening/Subtree-Prefetching-Power-Sharpening/case_studies/logs-entropycut/mbpp/2026-09-21/vllm/dataset-mbpp.model-qwen3.5-9b.alpha4.0.steps100.blocks-1.prefetch-budget-20.rank-accept_first.cut-entropy4.0.samples20.maxnew1024.seed10086.subtreePrefetch.vllm.log,219,7,83,0.6608816246740248
/Users/jiangnanhugo/workspace/power-sharpening/Subtree-Prefetching-Power-Sharpening/case_studies/logs-entropycut/mbpp/2026-09-21/vllm/dataset-mbpp.model-qwen3.5-9b.alpha4.0.steps100.blocks-1.prefetch-budget-20.rank-accept_first.cut-entropy4.0.samples20.maxnew1024.seed10086.subtreePrefetch.vllm.log,219,8,83,0.6608816246740248
/Users/jiangnanhugo/workspace/power-sharpening/Subtree-Prefetching-Power-Sharpening/case_studies/logs-entropycut/mbpp/2026-09-21/vllm/dataset-mbpp.model-qwen3.5-9b.alpha4.0.steps100.blocks-1.prefetch-budget-20.rank-accept_first.cut-entropy4.0.samples20.maxnew1024.seed10086.subtreePrefetch.vllm.log,219,9,83,0.6608816246740248
/Users/jiangnanhugo/workspace/power-sharpening/Subtree-Prefetching-Power-Sharpening/case_studies/logs-entropycut/mbpp/2026-09-21/vllm/dataset-mbpp.model-qwen3.5-9b.alpha4.0.steps100.blocks-1.prefetch-budget-20.rank-accept_first.cut-entropy4.0.samples20.maxnew1024.seed10086.subtreePrefetch.vllm.log,219,10,34,0.01703108080709062
/Users/jiangnanhugo/workspace/power-sharpening/Subtree-Prefetching-Power-Sharpening/case_studies/logs-entropycut/mbpp/2026-09-21/vllm/dataset-mbpp.model-qwen3.5-9b.alpha4.0.steps100.blocks-1.prefetch-budget-20.rank-accept_first.cut-entropy4.0.samples20.maxnew1024.seed10086.subtreePrefetch.vllm.log,219,11,83,0.6608816246740248
/Users/jiangnanhugo/workspace/power-sharpening/Subtree-Prefetching-Power-Sharpening/case_studies/logs-entropycut/mbpp/2026-09-21/vllm/dataset-mbpp.model-qwen3.5-9b.alpha4.0.steps100.blocks-1.prefetch-budget-20.rank-accept_first.cut-entropy4.0.samples20.maxnew1024.seed10086.subtreePrefetch.vllm.log,219,12,83,0.6608816246740248
/Users/jiangnanhugo/workspace/power-sharpening/Subtree-Prefetching-Power-Sharpening/case_studies/logs-entropycut/mbpp/2026-09-21/vllm/dataset-mbpp.model-qwen3.5-9b.alpha4.0.steps100.blocks-1.prefetch-budget-20.rank-accept_first.cut-entropy4.0.samples20.maxnew1024.seed10086.subtreePrefetch.vllm.log,219,13,83,0.6608816246740248
/Users/jiangnanhugo/workspace/power-sharpening/Subtree-Prefetching-Power-Sharpening/case_studies/logs-entropycut/mbpp/2026-09-21/vllm/dataset-mbpp.model-qwen3.5-9b.alpha4.0.steps100.blocks-1.prefetch-budget-20.rank-accept_first.cut-entropy4.0.samples20.maxnew1024.seed10086.subtreePrefetch.vllm.log,219,14,83,0.6608816246740248
/Users/jiangnanhugo/workspace/power-sharpening/Subtree-Prefetching-Power-Sharpening/case_studies/logs-entropycut/mbpp/2026-09-21/vllm/dataset-mbpp.model-qwen3.5-9b.alpha4.0.steps100.blocks-1.prefetch-budget-20.rank-accept_first.cut-entropy4.0.samples20.maxnew1024.seed10086.subtreePrefetch.vllm.log,219,15,83,0.6608816246740248
/Users/jiangnanhugo/workspace/power-sharpening/Subtree-Prefetching-Power-Sharpening/case_studies/logs-entropycut/mbpp/2026-09-21/vllm/dataset-mbpp.model-qwen3.5-9b.alpha4.0.steps100.blocks-1.prefetch-budget-20.rank-accept_first.cut-entropy4.0.samples20.maxnew1024.seed10086.subtreePrefetch.vllm.log,219,16,83,0.6608816246740248
/Users/jiangnanhugo/workspace/power-sharpening/Subtree-Prefetching-Power-Sharpening/case_studies/logs-entropycut/mbpp/2026-09-21/vllm/dataset-mbpp.model-qwen3.5-9b.alpha4.0.steps100.blocks-1.prefetch-budget-20.rank-accept_first.cut-entropy4.0.samples20.maxnew1024.seed10086.subtreePrefetch.vllm.log,219,17,83,0.6608816246740248
/Users/jiangnanhugo/workspace/power-sharpening/Subtree-Prefetching-Power-Sharpening/case_studies/logs-entropycut/mbpp/2026-09-21/vllm/dataset-mbpp.model-qwen3.5-9b.alpha4.0.steps100.blocks-1.prefetch-budget-20.rank-accept_first.cut-entropy4.0.samples20.maxnew1024.seed10086.subtreePrefetch.vllm.log,219,18,34,0.01703108080709062
/Users/jiangnanhugo/workspace/power-sharpening/Subtree-Prefetching-Power-Sharpening/case_studies/logs-entropycut/mbpp/2026-09-21/vllm/dataset-mbpp.model-qwen3.5-9b.alpha4.0.steps100.blocks-1.prefetch-budget-20.rank-accept_first.cut-entropy4.0.samples20.maxnew1024.seed10086.subtreePrefetch.vllm.log,219,19,83,0.6608816246740248
/Users/jiangnanhugo/workspace/power-sharpening/Subtree-Prefetching-Power-Sharpening/case_studies/logs-entropycut/mbpp/2026-09-21/vllm/dataset-mbpp.model-qwen3.5-9b.alpha4.0.steps100.blocks-1.prefetch-budget-20.rank-accept_first.cut-entropy4.0.samples20.maxnew1024.seed10086.subtreePrefetch.vllm.log,220,0,120,0.19175807228442038
/Users/jiangnanhugo/workspace/power-sharpening/Subtree-Prefetching-Power-Sharpening/case_studies/logs-entropycut/mbpp/2026-09-21/vllm/dataset-mbpp.model-qwen3.5-9b.alpha4.0.steps100.blocks-1.prefetch-budget-20.rank-accept_first.cut-entropy4.0.samples20.maxnew1024.seed10086.subtreePrefetch.vllm.log,220,1,83,0.6608816246740228
/Users/jiangnanhugo/workspace/power-sharpening/Subtree-Prefetching-Power-Sharpening/case_studies/logs-entropycut/mbpp/2026-09-21/vllm/dataset-mbpp.model-qwen3.5-9b.alpha4.0.steps100.blocks-1.prefetch-budget-20.rank-accept_first.cut-entropy4.0.samples20.maxnew1024.seed10086.subtreePrefetch.vllm.log,220,2,83,0.6608816246740228
/Users/jiangnanhugo/workspace/power-sharpening/Subtree-Prefetching-Power-Sharpening/case_studies/logs-entropycut/mbpp/2026-09-21/vllm/dataset-mbpp.model-qwen3.5-9b.alpha4.0.steps100.blocks-1.prefetch-budget-20.rank-accept_first.cut-entropy4.0.samples20.maxnew1024.seed10086.subtreePrefetch.vllm.log,220,3,83,0.6608816246740228
/Users/jiangnanhugo/workspace/power-sharpening/Subtree-Prefetching-Power-Sharpening/case_studies/logs-entropycut/mbpp/2026-09-21/vllm/dataset-mbpp.model-qwen3.5-9b.alpha4.0.steps100.blocks-1.prefetch-budget-20.rank-accept_first.cut-entropy4.0.samples20.maxnew1024.seed10086.subtreePrefetch.vllm.log,220,4,83,0.6608816246740228
/Users/jiangnanhugo/workspace/power-sharpening/Subtree-Prefetching-Power-Sharpening/case_studies/logs-entropycut/mbpp/2026-09-21/vllm/dataset-mbpp.model-qwen3.5-9b.alpha4.0.steps100.blocks-1.prefetch-budget-20.rank-accept_first.cut-entropy4.0.samples20.maxnew1024.seed10086.subtreePrefetch.vllm.log,220,5,120,0.19175807228442038
/Users/jiangnanhugo/workspace/power-sharpening/Subtree-Prefetching-Power-Sharpening/case_studies/logs-entropycut/mbpp/2026-09-21/vllm/dataset-mbpp.model-qwen3.5-9b.alpha4.0.steps100.blocks-1.prefetch-budget-20.rank-accept_first.cut-entropy4.0.samples20.maxnew1024.seed10086.subtreePrefetch.vllm.log,220,6,83,0.6608816246740228
/Users/jiangnanhugo/workspace/power-sharpening/Subtree-Prefetching-Power-Sharpening/case_studies/logs-entropycut/mbpp/2026-09-21/vllm/dataset-mbpp.model-qwen3.5-9b.alpha4.0.steps100.blocks-1.prefetch-budget-20.rank-accept_first.cut-entropy4.0.samples20.maxnew1024.seed10086.subtreePrefetch.vllm.log,220,7,83,0.6608816246740228
/Users/jiangnanhugo/workspace/power-sharpening/Subtree-Prefetching-Power-Sharpening/case_studies/logs-entropycut/mbpp/2026-09-21/vllm/dataset-mbpp.model-qwen3.5-9b.alpha4.0.steps100.blocks-1.prefetch-budget-20.rank-accept_first.cut-entropy4.0.samples20.maxnew1024.seed10086.subtreePrefetch.vllm.log,220,8,83,0.6608816246740228
/Users/jiangnanhugo/workspace/power-sharpening/Subtree-Prefetching-Power-Sharpening/case_studies/logs-entropycut/mbpp/2026-09-21/vllm/dataset-mbpp.model-qwen3.5-9b.alpha4.0.steps100.blocks-1.prefetch-budget-20.rank-accept_first.cut-entropy4.0.samples20.maxnew1024.seed10086.subtreePrefetch.vllm.log,220,9,83,0.6608816246740228
/Users/jiangnanhugo/workspace/power-sharpening/Subtree-Prefetching-Power-Sharpening/case_studies/logs-entropycut/mbpp/2026-09-21/vllm/dataset-mbpp.model-qwen3.5-9b.alpha4.0.steps100.blocks-1.prefetch-budget-20.rank-accept_first.cut-entropy4.0.samples20.maxnew1024.seed10086.subtreePrefetch.vllm.log,220,10,83,0.6608816246740228
/Users/jiangnanhugo/workspace/power-sharpening/Subtree-Prefetching-Power-Sharpening/case_studies/logs-entropycut/mbpp/2026-09-21/vllm/dataset-mbpp.model-qwen3.5-9b.alpha4.0.steps100.blocks-1.prefetch-budget-20.rank-accept_first.cut-entropy4.0.samples20.maxnew1024.seed10086.subtreePrefetch.vllm.log,220,11,83,0.6608816246740228
/Users/jiangnanhugo/workspace/power-sharpening/Subtree-Prefetching-Power-Sharpening/case_studies/logs-entropycut/mbpp/2026-09-21/vllm/dataset-mbpp.model-qwen3.5-9b.alpha4.0.steps100.blocks-1.prefetch-budget-20.rank-accept_first.cut-entropy4.0.samples20.maxnew1024.seed10086.subtreePrefetch.vllm.log,220,12,83,0.6608816246740228
/Users/jiangnanhugo/workspace/power-sharpening/Subtree-Prefetching-Power-Sharpening/case_studies/logs-entropycut/mbpp/2026-09-21/vllm/dataset-mbpp.model-qwen3.5-9b.alpha4.0.steps100.blocks-1.prefetch-budget-20.rank-accept_first.cut-entropy4.0.samples20.maxnew1024.seed10086.subtreePrefetch.vllm.log,220,13,83,0.6608816246740228
/Users/jiangnanhugo/workspace/power-sharpening/Subtree-Prefetching-Power-Sharpening/case_studies/logs-entropycut/mbpp/2026-09-21/vllm/dataset-mbpp.model-qwen3.5-9b.alpha4.0.steps100.blocks-1.prefetch-budget-20.rank-accept_first.cut-entropy4.0.samples20.maxnew1024.seed10086.subtreePrefetch.vllm.log,220,14,83,0.6608816246740228
/Users/jiangnanhugo/workspace/power-sharpening/Subtree-Prefetching-Power-Sharpening/case_studies/logs-entropycut/mbpp/2026-09-21/vllm/dataset-mbpp.model-qwen3.5-9b.alpha4.0.steps100.blocks-1.prefetch-budget-20.rank-accept_first.cut-entropy4.0.samples20.maxnew1024.seed10086.subtreePrefetch.vllm.log,220,15,83,0.6608816246740228
/Users/jiangnanhugo/workspace/power-sharpening/Subtree-Prefetching-Power-Sharpening/case_studies/logs-entropycut/mbpp/2026-09-21/vllm/dataset-mbpp.model-qwen3.5-9b.alpha4.0.steps100.blocks-1.prefetch-budget-20.rank-accept_first.cut-entropy4.0.samples20.maxnew1024.seed10086.subtreePrefetch.vllm.log,220,16,83,0.6608816246740228
/Users/jiangnanhugo/workspace/power-sharpening/Subtree-Prefetching-Power-Sharpening/case_studies/logs-entropycut/mbpp/2026-09-21/vllm/dataset-mbpp.model-qwen3.5-9b.alpha4.0.steps100.blocks-1.prefetch-budget-20.rank-accept_first.cut-entropy4.0.samples20.maxnew1024.seed10086.subtreePrefetch.vllm.log,220,17,83,0.6608816246740228
/Users/jiangnanhugo/workspace/power-sharpening/Subtree-Prefetching-Power-Sharpening/case_studies/logs-entropycut/mbpp/2026-09-21/vllm/dataset-mbpp.model-qwen3.5-9b.alpha4.0.steps100.blocks-1.prefetch-budget-20.rank-accept_first.cut-entropy4.0.samples20.maxnew1024.seed10086.subtreePrefetch.vllm.log,220,18,83,0.6608816246740228
/Users/jiangnanhugo/workspace/power-sharpening/Subtree-Prefetching-Power-Sharpening/case_studies/logs-entropycut/mbpp/2026-09-21/vllm/dataset-mbpp.model-qwen3.5-9b.alpha4.0.steps100.blocks-1.prefetch-budget-20.rank-accept_first.cut-entropy4.0.samples20.maxnew1024.seed10086.subtreePrefetch.vllm.log,220,19,83,0.6608816246740228
/Users/jiangnanhugo/workspace/power-sharpening/Subtree-Prefetching-Power-Sharpening/case_studies/logs-entropycut/mbpp/2026-09-21/vllm/dataset-mbpp.model-qwen3.5-9b.alpha4.0.steps100.blocks-1.prefetch-budget-20.rank-accept_first.cut-entropy4.0.samples20.maxnew1024.seed10086.subtreePrefetch.vllm.log,221,0,83,0.6608816246740222
/Users/jiangnanhugo/workspace/power-sharpening/Subtree-Prefetching-Power-Sharpening/case_studies/logs-entropycut/mbpp/2026-09-21/vllm/dataset-mbpp.model-qwen3.5-9b.alpha4.0.steps100.blocks-1.prefetch-budget-20.rank-accept_first.cut-entropy4.0.samples20.maxnew1024.seed10086.subtreePrefetch.vllm.log,221,1,83,0.6608816246740222
/Users/jiangnanhugo/workspace/power-sharpening/Subtree-Prefetching-Power-Sharpening/case_studies/logs-entropycut/mbpp/2026-09-21/vllm/dataset-mbpp.model-qwen3.5-9b.alpha4.0.steps100.blocks-1.prefetch-budget-20.rank-accept_first.cut-entropy4.0.samples20.maxnew1024.seed10086.subtreePrefetch.vllm.log,221,2,83,0.6608816246740222
/Users/jiangnanhugo/workspace/power-sharpening/Subtree-Prefetching-Power-Sharpening/case_studies/logs-entropycut/mbpp/2026-09-21/vllm/dataset-mbpp.model-qwen3.5-9b.alpha4.0.steps100.blocks-1.prefetch-budget-20.rank-accept_first.cut-entropy4.0.samples20.maxnew1024.seed10086.subtreePrefetch.vllm.log,221,3,83,0.6608816246740222
/Users/jiangnanhugo/workspace/power-sharpening/Subtree-Prefetching-Power-Sharpening/case_studies/logs-entropycut/mbpp/2026-09-21/vllm/dataset-mbpp.model-qwen3.5-9b.alpha4.0.steps100.blocks-1.prefetch-budget-20.rank-accept_first.cut-entropy4.0.samples20.maxnew1024.seed10086.subtreePrefetch.vllm.log,221,4,83,0.6608816246740222
/Users/jiangnanhugo/workspace/power-sharpening/Subtree-Prefetching-Power-Sharpening/case_studies/logs-entropycut/mbpp/2026-09-21/vllm/dataset-mbpp.model-qwen3.5-9b.alpha4.0.steps100.blocks-1.prefetch-budget-20.rank-accept_first.cut-entropy4.0.samples20.maxnew1024.seed10086.subtreePrefetch.vllm.log,221,5,83,0.6608816246740222
/Users/jiangnanhugo/workspace/power-sharpening/Subtree-Prefetching-Power-Sharpening/case_studies/logs-entropycut/mbpp/2026-09-21/vllm/dataset-mbpp.model-qwen3.5-9b.alpha4.0.steps100.blocks-1.prefetch-budget-20.rank-accept_first.cut-entropy4.0.samples20.maxnew1024.seed10086.subtreePrefetch.vllm.log,221,6,83,0.6608816246740222
/Users/jiangnanhugo/workspace/power-sharpening/Subtree-Prefetching-Power-Sharpening/case_studies/logs-entropycut/mbpp/2026-09-21/vllm/dataset-mbpp.model-qwen3.5-9b.alpha4.0.steps100.blocks-1.prefetch-budget-20.rank-accept_first.cut-entropy4.0.samples20.maxnew1024.seed10086.subtreePrefetch.vllm.log,221,7,83,0.6608816246740222
/Users/jiangnanhugo/workspace/power-sharpening/Subtree-Prefetching-Power-Sharpening/case_studies/logs-entropycut/mbpp/2026-09-21/vllm/dataset-mbpp.model-qwen3.5-9b.alpha4.0.steps100.blocks-1.prefetch-budget-20.rank-accept_first.cut-entropy4.0.samples20.maxnew1024.seed10086.subtreePrefetch.vllm.log,221,8,83,0.6608816246740222
/Users/jiangnanhugo/workspace/power-sharpening/Subtree-Prefetching-Power-Sharpening/case_studies/logs-entropycut/mbpp/2026-09-21/vllm/dataset-mbpp.model-qwen3.5-9b.alpha4.0.steps100.blocks-1.prefetch-budget-20.rank-accept_first.cut-entropy4.0.samples20.maxnew1024.seed10086.subtreePrefetch.vllm.log,221,9,83,0.6608816246740222
/Users/jiangnanhugo/workspace/power-sharpening/Subtree-Prefetching-Power-Sharpening/case_studies/logs-entropycut/mbpp/2026-09-21/vllm/dataset-mbpp.model-qwen3.5-9b.alpha4.0.steps100.blocks-1.prefetch-budget-20.rank-accept_first.cut-entropy4.0.samples20.maxnew1024.seed10086.subtreePrefetch.vllm.log,221,10,83,0.6608816246740222
/Users/jiangnanhugo/workspace/power-sharpening/Subtree-Prefetching-Power-Sharpening/case_studies/logs-entropycut/mbpp/2026-09-21/vllm/dataset-mbpp.model-qwen3.5-9b.alpha4.0.steps100.blocks-1.prefetch-budget-20.rank-accept_first.cut-entropy4.0.samples20.maxnew1024.seed10086.subtreePrefetch.vllm.log,221,11,83,0.6608816246740222
/Users/jiangnanhugo/workspace/power-sharpening/Subtree-Prefetching-Power-Sharpening/case_studies/logs-entropycut/mbpp/2026-09-21/vllm/dataset-mbpp.model-qwen3.5-9b.alpha4.0.steps100.blocks-1.prefetch-budget-20.rank-accept_first.cut-entropy4.0.samples20.maxnew1024.seed10086.subtreePrefetch.vllm.log,221,12,59,0.00048385980113922603
/Users/jiangnanhugo/workspace/power-sharpening/Subtree-Prefetching-Power-Sharpening/case_studies/logs-entropycut/mbpp/2026-09-21/vllm/dataset-mbpp.model-qwen3.5-9b.alpha4.0.steps100.blocks-1.prefetch-budget-20.rank-accept_first.cut-entropy4.0.samples20.maxnew1024.seed10086.subtreePrefetch.vllm.log,221,13,83,0.6608816246740222
/Users/jiangnanhugo/workspace/power-sharpening/Subtree-Prefetching-Power-Sharpening/case_studies/logs-entropycut/mbpp/2026-09-21/vllm/dataset-mbpp.model-qwen3.5-9b.alpha4.0.steps100.blocks-1.prefetch-budget-20.rank-accept_first.cut-entropy4.0.samples20.maxnew1024.seed10086.subtreePrefetch.vllm.log,221,14,83,0.6608816246740222
/Users/jiangnanhugo/workspace/power-sharpening/Subtree-Prefetching-Power-Sharpening/case_studies/logs-entropycut/mbpp/2026-09-21/vllm/dataset-mbpp.model-qwen3.5-9b.alpha4.0.steps100.blocks-1.prefetch-budget-20.rank-accept_first.cut-entropy4.0.samples20.maxnew1024.seed10086.subtreePrefetch.vllm.log,221,15,83,0.6608816246740222
/Users/jiangnanhugo/workspace/power-sharpening/Subtree-Prefetching-Power-Sharpening/case_studies/logs-entropycut/mbpp/2026-09-21/vllm/dataset-mbpp.model-qwen3.5-9b.alpha4.0.steps100.blocks-1.prefetch-budget-20.rank-accept_first.cut-entropy4.0.samples20.maxnew1024.seed10086.subtreePrefetch.vllm.log,221,16,83,0.6608816246740222
/Users/jiangnanhugo/workspace/power-sharpening/Subtree-Prefetching-Power-Sharpening/case_studies/logs-entropycut/mbpp/2026-09-21/vllm/dataset-mbpp.model-qwen3.5-9b.alpha4.0.steps100.blocks-1.prefetch-budget-20.rank-accept_first.cut-entropy4.0.samples20.maxnew1024.seed10086.subtreePrefetch.vllm.log,221,17,120,0.1917580722844202
/Users/jiangnanhugo/workspace/power-sharpening/Subtree-Prefetching-Power-Sharpening/case_studies/logs-entropycut/mbpp/2026-09-21/vllm/dataset-mbpp.model-qwen3.5-9b.alpha4.0.steps100.blocks-1.prefetch-budget-20.rank-accept_first.cut-entropy4.0.samples20.maxnew1024.seed10086.subtreePrefetch.vllm.log,221,18,83,0.6608816246740222
/Users/jiangnanhugo/workspace/power-sharpening/Subtree-Prefetching-Power-Sharpening/case_studies/logs-entropycut/mbpp/2026-09-21/vllm/dataset-mbpp.model-qwen3.5-9b.alpha4.0.steps100.blocks-1.prefetch-budget-20.rank-accept_first.cut-entropy4.0.samples20.maxnew1024.seed10086.subtreePrefetch.vllm.log,221,19,83,0.6608816246740222
/Users/jiangnanhugo/workspace/power-sharpening/Subtree-Prefetching-Power-Sharpening/case_studies/logs-entropycut/mbpp/2026-09-21/vllm/dataset-mbpp.model-qwen3.5-9b.alpha4.0.steps100.blocks-1.prefetch-budget-20.rank-accept_first.cut-entropy4.0.samples20.maxnew1024.seed10086.subtreePrefetch.vllm.log,222,0,83,0.6608816246740222
/Users/jiangnanhugo/workspace/power-sharpening/Subtree-Prefetching-Power-Sharpening/case_studies/logs-entropycut/mbpp/2026-09-21/vllm/dataset-mbpp.model-qwen3.5-9b.alpha4.0.steps100.blocks-1.prefetch-budget-20.rank-accept_first.cut-entropy4.0.samples20.maxnew1024.seed10086.subtreePrefetch.vllm.log,222,1,83,0.6608816246740222
/Users/jiangnanhugo/workspace/power-sharpening/Subtree-Prefetching-Power-Sharpening/case_studies/logs-entropycut/mbpp/2026-09-21/vllm/dataset-mbpp.model-qwen3.5-9b.alpha4.0.steps100.blocks-1.prefetch-budget-20.rank-accept_first.cut-entropy4.0.samples20.maxnew1024.seed10086.subtreePrefetch.vllm.log,222,2,83,0.6608816246740222
/Users/jiangnanhugo/workspace/power-sharpening/Subtree-Prefetching-Power-Sharpening/case_studies/logs-entropycut/mbpp/2026-09-21/vllm/dataset-mbpp.model-qwen3.5-9b.alpha4.0.steps100.blocks-1.prefetch-budget-20.rank-accept_first.cut-entropy4.0.samples20.maxnew1024.seed10086.subtreePrefetch.vllm.log,222,3,83,0.6608816246740222
/Users/jiangnanhugo/workspace/power-sharpening/Subtree-Prefetching-Power-Sharpening/case_studies/logs-entropycut/mbpp/2026-09-21/vllm/dataset-mbpp.model-qwen3.5-9b.alpha4.0.steps100.blocks-1.prefetch-budget-20.rank-accept_first.cut-entropy4.0.samples20.maxnew1024.seed10086.subtreePrefetch.vllm.log,222,4,83,0.6608816246740222
/Users/jiangnanhugo/workspace/power-sharpening/Subtree-Prefetching-Power-Sharpening/case_studies/logs-entropycut/mbpp/2026-09-21/vllm/dataset-mbpp.model-qwen3.5-9b.alpha4.0.steps100.blocks-1.prefetch-budget-20.rank-accept_first.cut-entropy4.0.samples20.maxnew1024.seed10086.subtreePrefetch.vllm.log,222,5,83,0.6608816246740222
/Users/jiangnanhugo/workspace/power-sharpening/Subtree-Prefetching-Power-Sharpening/case_studies/logs-entropycut/mbpp/2026-09-21/vllm/dataset-mbpp.model-qwen3.5-9b.alpha4.0.steps100.blocks-1.prefetch-budget-20.rank-accept_first.cut-entropy4.0.samples20.maxnew1024.seed10086.subtreePrefetch.vllm.log,222,6,83,0.6608816246740222
/Users/jiangnanhugo/workspace/power-sharpening/Subtree-Prefetching-Power-Sharpening/case_studies/logs-entropycut/mbpp/2026-09-21/vllm/dataset-mbpp.model-qwen3.5-9b.alpha4.0.steps100.blocks-1.prefetch-budget-20.rank-accept_first.cut-entropy4.0.samples20.maxnew1024.seed10086.subtreePrefetch.vllm.log,222,7,83,0.6608816246740222
/Users/jiangnanhugo/workspace/power-sharpening/Subtree-Prefetching-Power-Sharpening/case_studies/logs-entropycut/mbpp/2026-09-21/vllm/dataset-mbpp.model-qwen3.5-9b.alpha4.0.steps100.blocks-1.prefetch-budget-20.rank-accept_first.cut-entropy4.0.samples20.maxnew1024.seed10086.subtreePrefetch.vllm.log,222,8,83,0.6608816246740222
/Users/jiangnanhugo/workspace/power-sharpening/Subtree-Prefetching-Power-Sharpening/case_studies/logs-entropycut/mbpp/2026-09-21/vllm/dataset-mbpp.model-qwen3.5-9b.alpha4.0.steps100.blocks-1.prefetch-budget-20.rank-accept_first.cut-entropy4.0.samples20.maxnew1024.seed10086.subtreePrefetch.vllm.log,222,9,83,0.6608816246740222
/Users/jiangnanhugo/workspace/power-sharpening/Subtree-Prefetching-Power-Sharpening/case_studies/logs-entropycut/mbpp/2026-09-21/vllm/dataset-mbpp.model-qwen3.5-9b.alpha4.0.steps100.blocks-1.prefetch-budget-20.rank-accept_first.cut-entropy4.0.samples20.maxnew1024.seed10086.subtreePrefetch.vllm.log,222,10,241,0.027492085233642143
/Users/jiangnanhugo/workspace/power-sharpening/Subtree-Prefetching-Power-Sharpening/case_studies/logs-entropycut/mbpp/2026-09-21/vllm/dataset-mbpp.model-qwen3.5-9b.alpha4.0.steps100.blocks-1.prefetch-budget-20.rank-accept_first.cut-entropy4.0.samples20.maxnew1024.seed10086.subtreePrefetch.vllm.log,222,11,83,0.6608816246740222
/Users/jiangnanhugo/workspace/power-sharpening/Subtree-Prefetching-Power-Sharpening/case_studies/logs-entropycut/mbpp/2026-09-21/vllm/dataset-mbpp.model-qwen3.5-9b.alpha4.0.steps100.blocks-1.prefetch-budget-20.rank-accept_first.cut-entropy4.0.samples20.maxnew1024.seed10086.subtreePrefetch.vllm.log,222,12,83,0.6608816246740222
/Users/jiangnanhugo/workspace/power-sharpening/Subtree-Prefetching-Power-Sharpening/case_studies/logs-entropycut/mbpp/2026-09-21/vllm/dataset-mbpp.model-qwen3.5-9b.alpha4.0.steps100.blocks-1.prefetch-budget-20.rank-accept_first.cut-entropy4.0.samples20.maxnew1024.seed10086.subtreePrefetch.vllm.log,222,13,34,0.017031080807090555
/Users/jiangnanhugo/workspace/power-sharpening/Subtree-Prefetching-Power-Sharpening/case_studies/logs-entropycut/mbpp/2026-09-21/vllm/dataset-mbpp.model-qwen3.5-9b.alpha4.0.steps100.blocks-1.prefetch-budget-20.rank-accept_first.cut-entropy4.0.samples20.maxnew1024.seed10086.subtreePrefetch.vllm.log,222,14,83,0.6608816246740222
/Users/jiangnanhugo/workspace/power-sharpening/Subtree-Prefetching-Power-Sharpening/case_studies/logs-entropycut/mbpp/2026-09-21/vllm/dataset-mbpp.model-qwen3.5-9b.alpha4.0.steps100.blocks-1.prefetch-budget-20.rank-accept_first.cut-entropy4.0.samples20.maxnew1024.seed10086.subtreePrefetch.vllm.log,222,15,83,0.6608816246740222
/Users/jiangnanhugo/workspace/power-sharpening/Subtree-Prefetching-Power-Sharpening/case_studies/logs-entropycut/mbpp/2026-09-21/vllm/dataset-mbpp.model-qwen3.5-9b.alpha4.0.steps100.blocks-1.prefetch-budget-20.rank-accept_first.cut-entropy4.0.samples20.maxnew1024.seed10086.subtreePrefetch.vllm.log,222,16,83,0.6608816246740222
/Users/jiangnanhugo/workspace/power-sharpening/Subtree-Prefetching-Power-Sharpening/case_studies/logs-entropycut/mbpp/2026-09-21/vllm/dataset-mbpp.model-qwen3.5-9b.alpha4.0.steps100.blocks-1.prefetch-budget-20.rank-accept_first.cut-entropy4.0.samples20.maxnew1024.seed10086.subtreePrefetch.vllm.log,222,17,83,0.6608816246740222
/Users/jiangnanhugo/workspace/power-sharpening/Subtree-Prefetching-Power-Sharpening/case_studies/logs-entropycut/mbpp/2026-09-21/vllm/dataset-mbpp.model-qwen3.5-9b.alpha4.0.steps100.blocks-1.prefetch-budget-20.rank-accept_first.cut-entropy4.0.samples20.maxnew1024.seed10086.subtreePrefetch.vllm.log,222,18,83,0.6608816246740222
/Users/jiangnanhugo/workspace/power-sharpening/Subtree-Prefetching-Power-Sharpening/case_studies/logs-entropycut/mbpp/2026-09-21/vllm/dataset-mbpp.model-qwen3.5-9b.alpha4.0.steps100.blocks-1.prefetch-budget-20.rank-accept_first.cut-entropy4.0.samples20.maxnew1024.seed10086.subtreePrefetch.vllm.log,222,19,83,0.6608816246740222
/Users/jiangnanhugo/workspace/power-sharpening/Subtree-Prefetching-Power-Sharpening/case_studies/logs-entropycut/mbpp/2026-09-21/vllm/dataset-mbpp.model-qwen3.5-9b.alpha4.0.steps100.blocks-1.prefetch-budget-20.rank-accept_first.cut-entropy4.0.samples20.maxnew1024.seed10086.subtreePrefetch.vllm.log,223,0,83,0.6608816246740215
/Users/jiangnanhugo/workspace/power-sharpening/Subtree-Prefetching-Power-Sharpening/case_studies/logs-entropycut/mbpp/2026-09-21/vllm/dataset-mbpp.model-qwen3.5-9b.alpha4.0.steps100.blocks-1.prefetch-budget-20.rank-accept_first.cut-entropy4.0.samples20.maxnew1024.seed10086.subtreePrefetch.vllm.log,223,1,83,0.6608816246740215
/Users/jiangnanhugo/workspace/power-sharpening/Subtree-Prefetching-Power-Sharpening/case_studies/logs-entropycut/mbpp/2026-09-21/vllm/dataset-mbpp.model-qwen3.5-9b.alpha4.0.steps100.blocks-1.prefetch-budget-20.rank-accept_first.cut-entropy4.0.samples20.maxnew1024.seed10086.subtreePrefetch.vllm.log,223,2,83,0.6608816246740215
/Users/jiangnanhugo/workspace/power-sharpening/Subtree-Prefetching-Power-Sharpening/case_studies/logs-entropycut/mbpp/2026-09-21/vllm/dataset-mbpp.model-qwen3.5-9b.alpha4.0.steps100.blocks-1.prefetch-budget-20.rank-accept_first.cut-entropy4.0.samples20.maxnew1024.seed10086.subtreePrefetch.vllm.log,223,3,83,0.6608816246740215
/Users/jiangnanhugo/workspace/power-sharpening/Subtree-Prefetching-Power-Sharpening/case_studies/logs-entropycut/mbpp/2026-09-21/vllm/dataset-mbpp.model-qwen3.5-9b.alpha4.0.steps100.blocks-1.prefetch-budget-20.rank-accept_first.cut-entropy4.0.samples20.maxnew1024.seed10086.subtreePrefetch.vllm.log,223,4,83,0.6608816246740215
/Users/jiangnanhugo/workspace/power-sharpening/Subtree-Prefetching-Power-Sharpening/case_studies/logs-entropycut/mbpp/2026-09-21/vllm/dataset-mbpp.model-qwen3.5-9b.alpha4.0.steps100.blocks-1.prefetch-budget-20.rank-accept_first.cut-entropy4.0.samples20.maxnew1024.seed10086.subtreePrefetch.vllm.log,223,5,83,0.6608816246740215
/Users/jiangnanhugo/workspace/power-sharpening/Subtree-Prefetching-Power-Sharpening/case_studies/logs-entropycut/mbpp/2026-09-21/vllm/dataset-mbpp.model-qwen3.5-9b.alpha4.0.steps100.blocks-1.prefetch-budget-20.rank-accept_first.cut-entropy4.0.samples20.maxnew1024.seed10086.subtreePrefetch.vllm.log,223,6,83,0.6608816246740215
/Users/jiangnanhugo/workspace/power-sharpening/Subtree-Prefetching-Power-Sharpening/case_studies/logs-entropycut/mbpp/2026-09-21/vllm/dataset-mbpp.model-qwen3.5-9b.alpha4.0.steps100.blocks-1.prefetch-budget-20.rank-accept_first.cut-entropy4.0.samples20.maxnew1024.seed10086.subtreePrefetch.vllm.log,223,7,83,0.6608816246740215
/Users/jiangnanhugo/workspace/power-sharpening/Subtree-Prefetching-Power-Sharpening/case_studies/logs-entropycut/mbpp/2026-09-21/vllm/dataset-mbpp.model-qwen3.5-9b.alpha4.0.steps100.blocks-1.prefetch-budget-20.rank-accept_first.cut-entropy4.0.samples20.maxnew1024.seed10086.subtreePrefetch.vllm.log,223,8,83,0.6608816246740215
/Users/jiangnanhugo/workspace/power-sharpening/Subtree-Prefetching-Power-Sharpening/case_studies/logs-entropycut/mbpp/2026-09-21/vllm/dataset-mbpp.model-qwen3.5-9b.alpha4.0.steps100.blocks-1.prefetch-budget-20.rank-accept_first.cut-entropy4.0.samples20.maxnew1024.seed10086.subtreePrefetch.vllm.log,223,9,83,0.6608816246740215
/Users/jiangnanhugo/workspace/power-sharpening/Subtree-Prefetching-Power-Sharpening/case_studies/logs-entropycut/mbpp/2026-09-21/vllm/dataset-mbpp.model-qwen3.5-9b.alpha4.0.steps100.blocks-1.prefetch-budget-20.rank-accept_first.cut-entropy4.0.samples20.maxnew1024.seed10086.subtreePrefetch.vllm.log,223,10,83,0.6608816246740215
/Users/jiangnanhugo/workspace/power-sharpening/Subtree-Prefetching-Power-Sharpening/case_studies/logs-entropycut/mbpp/2026-09-21/vllm/dataset-mbpp.model-qwen3.5-9b.alpha4.0.steps100.blocks-1.prefetch-budget-20.rank-accept_first.cut-entropy4.0.samples20.maxnew1024.seed10086.subtreePrefetch.vllm.log,223,11,83,0.6608816246740215
/Users/jiangnanhugo/workspace/power-sharpening/Subtree-Prefetching-Power-Sharpening/case_studies/logs-entropycut/mbpp/2026-09-21/vllm/dataset-mbpp.model-qwen3.5-9b.alpha4.0.steps100.blocks-1.prefetch-budget-20.rank-accept_first.cut-entropy4.0.samples20.maxnew1024.seed10086.subtreePrefetch.vllm.log,223,12,83,0.6608816246740215
/Users/jiangnanhugo/workspace/power-sharpening/Subtree-Prefetching-Power-Sharpening/case_studies/logs-entropycut/mbpp/2026-09-21/vllm/dataset-mbpp.model-qwen3.5-9b.alpha4.0.steps100.blocks-1.prefetch-budget-20.rank-accept_first.cut-entropy4.0.samples20.maxnew1024.seed10086.subtreePrefetch.vllm.log,223,13,83,0.6608816246740215
/Users/jiangnanhugo/workspace/power-sharpening/Subtree-Prefetching-Power-Sharpening/case_studies/logs-entropycut/mbpp/2026-09-21/vllm/dataset-mbpp.model-qwen3.5-9b.alpha4.0.steps100.blocks-1.prefetch-budget-20.rank-accept_first.cut-entropy4.0.samples20.maxnew1024.seed10086.subtreePrefetch.vllm.log,223,14,83,0.6608816246740215
/Users/jiangnanhugo/workspace/power-sharpening/Subtree-Prefetching-Power-Sharpening/case_studies/logs-entropycut/mbpp/2026-09-21/vllm/dataset-mbpp.model-qwen3.5-9b.alpha4.0.steps100.blocks-1.prefetch-budget-20.rank-accept_first.cut-entropy4.0.samples20.maxnew1024.seed10086.subtreePrefetch.vllm.log,223,15,83,0.6608816246740215
/Users/jiangnanhugo/workspace/power-sharpening/Subtree-Prefetching-Power-Sharpening/case_studies/logs-entropycut/mbpp/2026-09-21/vllm/dataset-mbpp.model-qwen3.5-9b.alpha4.0.steps100.blocks-1.prefetch-budget-20.rank-accept_first.cut-entropy4.0.samples20.maxnew1024.seed10086.subtreePrefetch.vllm.log,223,16,83,0.6608816246740215
/Users/jiangnanhugo/workspace/power-sharpening/Subtree-Prefetching-Power-Sharpening/case_studies/logs-entropycut/mbpp/2026-09-21/vllm/dataset-mbpp.model-qwen3.5-9b.alpha4.0.steps100.blocks-1.prefetch-budget-20.rank-accept_first.cut-entropy4.0.samples20.maxnew1024.seed10086.subtreePrefetch.vllm.log,223,17,83,0.6608816246740215
/Users/jiangnanhugo/workspace/power-sharpening/Subtree-Prefetching-Power-Sharpening/case_studies/logs-entropycut/mbpp/2026-09-21/vllm/dataset-mbpp.model-qwen3.5-9b.alpha4.0.steps100.blocks-1.prefetch-budget-20.rank-accept_first.cut-entropy4.0.samples20.maxnew1024.seed10086.subtreePrefetch.vllm.log,223,18,83,0.6608816246740215
/Users/jiangnanhugo/workspace/power-sharpening/Subtree-Prefetching-Power-Sharpening/case_studies/logs-entropycut/mbpp/2026-09-21/vllm/dataset-mbpp.model-qwen3.5-9b.alpha4.0.steps100.blocks-1.prefetch-budget-20.rank-accept_first.cut-entropy4.0.samples20.maxnew1024.seed10086.subtreePrefetch.vllm.log,223,19,83,0.6608816246740215
/Users/jiangnanhugo/workspace/power-sharpening/Subtree-Prefetching-Power-Sharpening/case_studies/logs-entropycut/mbpp/2026-09-21/vllm/dataset-mbpp.model-qwen3.5-9b.alpha4.0.steps100.blocks-1.prefetch-budget-20.rank-accept_first.cut-entropy4.0.samples20.maxnew1024.seed10086.subtreePrefetch.vllm.log,224,0,83,0.6608816246740228
/Users/jiangnanhugo/workspace/power-sharpening/Subtree-Prefetching-Power-Sharpening/case_studies/logs-entropycut/mbpp/2026-09-21/vllm/dataset-mbpp.model-qwen3.5-9b.alpha4.0.steps100.blocks-1.prefetch-budget-20.rank-accept_first.cut-entropy4.0.samples20.maxnew1024.seed10086.subtreePrefetch.vllm.log,224,1,83,0.6608816246740228
/Users/jiangnanhugo/workspace/power-sharpening/Subtree-Prefetching-Power-Sharpening/case_studies/logs-entropycut/mbpp/2026-09-21/vllm/dataset-mbpp.model-qwen3.5-9b.alpha4.0.steps100.blocks-1.prefetch-budget-20.rank-accept_first.cut-entropy4.0.samples20.maxnew1024.seed10086.subtreePrefetch.vllm.log,224,2,83,0.6608816246740228
/Users/jiangnanhugo/workspace/power-sharpening/Subtree-Prefetching-Power-Sharpening/case_studies/logs-entropycut/mbpp/2026-09-21/vllm/dataset-mbpp.model-qwen3.5-9b.alpha4.0.steps100.blocks-1.prefetch-budget-20.rank-accept_first.cut-entropy4.0.samples20.maxnew1024.seed10086.subtreePrefetch.vllm.log,224,3,83,0.6608816246740228
/Users/jiangnanhugo/workspace/power-sharpening/Subtree-Prefetching-Power-Sharpening/case_studies/logs-entropycut/mbpp/2026-09-21/vllm/dataset-mbpp.model-qwen3.5-9b.alpha4.0.steps100.blocks-1.prefetch-budget-20.rank-accept_first.cut-entropy4.0.samples20.maxnew1024.seed10086.subtreePrefetch.vllm.log,224,4,83,0.6608816246740228
/Users/jiangnanhugo/workspace/power-sharpening/Subtree-Prefetching-Power-Sharpening/case_studies/logs-entropycut/mbpp/2026-09-21/vllm/dataset-mbpp.model-qwen3.5-9b.alpha4.0.steps100.blocks-1.prefetch-budget-20.rank-accept_first.cut-entropy4.0.samples20.maxnew1024.seed10086.subtreePrefetch.vllm.log,224,5,83,0.6608816246740228
/Users/jiangnanhugo/workspace/power-sharpening/Subtree-Prefetching-Power-Sharpening/case_studies/logs-entropycut/mbpp/2026-09-21/vllm/dataset-mbpp.model-qwen3.5-9b.alpha4.0.steps100.blocks-1.prefetch-budget-20.rank-accept_first.cut-entropy4.0.samples20.maxnew1024.seed10086.subtreePrefetch.vllm.log,224,6,83,0.6608816246740228
/Users/jiangnanhugo/workspace/power-sharpening/Subtree-Prefetching-Power-Sharpening/case_studies/logs-entropycut/mbpp/2026-09-21/vllm/dataset-mbpp.model-qwen3.5-9b.alpha4.0.steps100.blocks-1.prefetch-budget-20.rank-accept_first.cut-entropy4.0.samples20.maxnew1024.seed10086.subtreePrefetch.vllm.log,224,7,83,0.6608816246740228
/Users/jiangnanhugo/workspace/power-sharpening/Subtree-Prefetching-Power-Sharpening/case_studies/logs-entropycut/mbpp/2026-09-21/vllm/dataset-mbpp.model-qwen3.5-9b.alpha4.0.steps100.blocks-1.prefetch-budget-20.rank-accept_first.cut-entropy4.0.samples20.maxnew1024.seed10086.subtreePrefetch.vllm.log,224,8,83,0.6608816246740228
/Users/jiangnanhugo/workspace/power-sharpening/Subtree-Prefetching-Power-Sharpening/case_studies/logs-entropycut/mbpp/2026-09-21/vllm/dataset-mbpp.model-qwen3.5-9b.alpha4.0.steps100.blocks-1.prefetch-budget-20.rank-accept_first.cut-entropy4.0.samples20.maxnew1024.seed10086.subtreePrefetch.vllm.log,224,9,83,0.6608816246740228
/Users/jiangnanhugo/workspace/power-sharpening/Subtree-Prefetching-Power-Sharpening/case_studies/logs-entropycut/mbpp/2026-09-21/vllm/dataset-mbpp.model-qwen3.5-9b.alpha4.0.steps100.blocks-1.prefetch-budget-20.rank-accept_first.cut-entropy4.0.samples20.maxnew1024.seed10086.subtreePrefetch.vllm.log,224,10,83,0.6608816246740228
/Users/jiangnanhugo/workspace/power-sharpening/Subtree-Prefetching-Power-Sharpening/case_studies/logs-entropycut/mbpp/2026-09-21/vllm/dataset-mbpp.model-qwen3.5-9b.alpha4.0.steps100.blocks-1.prefetch-budget-20.rank-accept_first.cut-entropy4.0.samples20.maxnew1024.seed10086.subtreePrefetch.vllm.log,224,11,83,0.6608816246740228
/Users/jiangnanhugo/workspace/power-sharpening/Subtree-Prefetching-Power-Sharpening/case_studies/logs-entropycut/mbpp/2026-09-21/vllm/dataset-mbpp.model-qwen3.5-9b.alpha4.0.steps100.blocks-1.prefetch-budget-20.rank-accept_first.cut-entropy4.0.samples20.maxnew1024.seed10086.subtreePrefetch.vllm.log,224,12,83,0.6608816246740228
/Users/jiangnanhugo/workspace/power-sharpening/Subtree-Prefetching-Power-Sharpening/case_studies/logs-entropycut/mbpp/2026-09-21/vllm/dataset-mbpp.model-qwen3.5-9b.alpha4.0.steps100.blocks-1.prefetch-budget-20.rank-accept_first.cut-entropy4.0.samples20.maxnew1024.seed10086.subtreePrefetch.vllm.log,224,13,83,0.6608816246740228
/Users/jiangnanhugo/workspace/power-sharpening/Subtree-Prefetching-Power-Sharpening/case_studies/logs-entropycut/mbpp/2026-09-21/vllm/dataset-mbpp.model-qwen3.5-9b.alpha4.0.steps100.blocks-1.prefetch-budget-20.rank-accept_first.cut-entropy4.0.samples20.maxnew1024.seed10086.subtreePrefetch.vllm.log,224,14,83,0.6608816246740228
/Users/jiangnanhugo/workspace/power-sharpening/Subtree-Prefetching-Power-Sharpening/case_studies/logs-entropycut/mbpp/2026-09-21/vllm/dataset-mbpp.model-qwen3.5-9b.alpha4.0.steps100.blocks-1.prefetch-budget-20.rank-accept_first.cut-entropy4.0.samples20.maxnew1024.seed10086.subtreePrefetch.vllm.log,224,15,83,0.6608816246740228
/Users/jiangnanhugo/workspace/power-sharpening/Subtree-Prefetching-Power-Sharpening/case_studies/logs-entropycut/mbpp/2026-09-21/vllm/dataset-mbpp.model-qwen3.5-9b.alpha4.0.steps100.blocks-1.prefetch-budget-20.rank-accept_first.cut-entropy4.0.samples20.maxnew1024.seed10086.subtreePrefetch.vllm.log,224,16,83,0.6608816246740228
/Users/jiangnanhugo/workspace/power-sharpening/Subtree-Prefetching-Power-Sharpening/case_studies/logs-entropycut/mbpp/2026-09-21/vllm/dataset-mbpp.model-qwen3.5-9b.alpha4.0.steps100.blocks-1.prefetch-budget-20.rank-accept_first.cut-entropy4.0.samples20.maxnew1024.seed10086.subtreePrefetch.vllm.log,224,17,83,0.6608816246740228
/Users/jiangnanhugo/workspace/power-sharpening/Subtree-Prefetching-Power-Sharpening/case_studies/logs-entropycut/mbpp/2026-09-21/vllm/dataset-mbpp.model-qwen3.5-9b.alpha4.0.steps100.blocks-1.prefetch-budget-20.rank-accept_first.cut-entropy4.0.samples20.maxnew1024.seed10086.subtreePrefetch.vllm.log,224,18,120,0.19175807228442038
/Users/jiangnanhugo/workspace/power-sharpening/Subtree-Prefetching-Power-Sharpening/case_studies/logs-entropycut/mbpp/2026-09-21/vllm/dataset-mbpp.model-qwen3.5-9b.alpha4.0.steps100.blocks-1.prefetch-budget-20.rank-accept_first.cut-entropy4.0.samples20.maxnew1024.seed10086.subtreePrefetch.vllm.log,224,19,83,0.6608816246740228
/Users/jiangnanhugo/workspace/power-sharpening/Subtree-Prefetching-Power-Sharpening/case_studies/logs-entropycut/mbpp/2026-09-21/vllm/dataset-mbpp.model-qwen3.5-9b.alpha4.0.steps100.blocks-1.prefetch-budget-20.rank-accept_first.cut-entropy4.0.samples20.maxnew1024.seed10086.subtreePrefetch.vllm.log,225,0,83,0.6608816246740222
/Users/jiangnanhugo/workspace/power-sharpening/Subtree-Prefetching-Power-Sharpening/case_studies/logs-entropycut/mbpp/2026-09-21/vllm/dataset-mbpp.model-qwen3.5-9b.alpha4.0.steps100.blocks-1.prefetch-budget-20.rank-accept_first.cut-entropy4.0.samples20.maxnew1024.seed10086.subtreePrefetch.vllm.log,225,1,83,0.6608816246740222
/Users/jiangnanhugo/workspace/power-sharpening/Subtree-Prefetching-Power-Sharpening/case_studies/logs-entropycut/mbpp/2026-09-21/vllm/dataset-mbpp.model-qwen3.5-9b.alpha4.0.steps100.blocks-1.prefetch-budget-20.rank-accept_first.cut-entropy4.0.samples20.maxnew1024.seed10086.subtreePrefetch.vllm.log,225,2,83,0.6608816246740222
/Users/jiangnanhugo/workspace/power-sharpening/Subtree-Prefetching-Power-Sharpening/case_studies/logs-entropycut/mbpp/2026-09-21/vllm/dataset-mbpp.model-qwen3.5-9b.alpha4.0.steps100.blocks-1.prefetch-budget-20.rank-accept_first.cut-entropy4.0.samples20.maxnew1024.seed10086.subtreePrefetch.vllm.log,225,3,34,0.017031080807090555
/Users/jiangnanhugo/workspace/power-sharpening/Subtree-Prefetching-Power-Sharpening/case_studies/logs-entropycut/mbpp/2026-09-21/vllm/dataset-mbpp.model-qwen3.5-9b.alpha4.0.steps100.blocks-1.prefetch-budget-20.rank-accept_first.cut-entropy4.0.samples20.maxnew1024.seed10086.subtreePrefetch.vllm.log,225,4,83,0.6608816246740222
/Users/jiangnanhugo/workspace/power-sharpening/Subtree-Prefetching-Power-Sharpening/case_studies/logs-entropycut/mbpp/2026-09-21/vllm/dataset-mbpp.model-qwen3.5-9b.alpha4.0.steps100.blocks-1.prefetch-budget-20.rank-accept_first.cut-entropy4.0.samples20.maxnew1024.seed10086.subtreePrefetch.vllm.log,225,5,83,0.6608816246740222
/Users/jiangnanhugo/workspace/power-sharpening/Subtree-Prefetching-Power-Sharpening/case_studies/logs-entropycut/mbpp/2026-09-21/vllm/dataset-mbpp.model-qwen3.5-9b.alpha4.0.steps100.blocks-1.prefetch-budget-20.rank-accept_first.cut-entropy4.0.samples20.maxnew1024.seed10086.subtreePrefetch.vllm.log,225,6,83,0.6608816246740222
/Users/jiangnanhugo/workspace/power-sharpening/Subtree-Prefetching-Power-Sharpening/case_studies/logs-entropycut/mbpp/2026-09-21/vllm/dataset-mbpp.model-qwen3.5-9b.alpha4.0.steps100.blocks-1.prefetch-budget-20.rank-accept_first.cut-entropy4.0.samples20.maxnew1024.seed10086.subtreePrefetch.vllm.log,225,7,83,0.6608816246740222
/Users/jiangnanhugo/workspace/power-sharpening/Subtree-Prefetching-Power-Sharpening/case_studies/logs-entropycut/mbpp/2026-09-21/vllm/dataset-mbpp.model-qwen3.5-9b.alpha4.0.steps100.blocks-1.prefetch-budget-20.rank-accept_first.cut-entropy4.0.samples20.maxnew1024.seed10086.subtreePrefetch.vllm.log,225,8,83,0.6608816246740222
/Users/jiangnanhugo/workspace/power-sharpening/Subtree-Prefetching-Power-Sharpening/case_studies/logs-entropycut/mbpp/2026-09-21/vllm/dataset-mbpp.model-qwen3.5-9b.alpha4.0.steps100.blocks-1.prefetch-budget-20.rank-accept_first.cut-entropy4.0.samples20.maxnew1024.seed10086.subtreePrefetch.vllm.log,225,9,83,0.6608816246740222
/Users/jiangnanhugo/workspace/power-sharpening/Subtree-Prefetching-Power-Sharpening/case_studies/logs-entropycut/mbpp/2026-09-21/vllm/dataset-mbpp.model-qwen3.5-9b.alpha4.0.steps100.blocks-1.prefetch-budget-20.rank-accept_first.cut-entropy4.0.samples20.maxnew1024.seed10086.subtreePrefetch.vllm.log,225,10,83,0.6608816246740222
/Users/jiangnanhugo/workspace/power-sharpening/Subtree-Prefetching-Power-Sharpening/case_studies/logs-entropycut/mbpp/2026-09-21/vllm/dataset-mbpp.model-qwen3.5-9b.alpha4.0.steps100.blocks-1.prefetch-budget-20.rank-accept_first.cut-entropy4.0.samples20.maxnew1024.seed10086.subtreePrefetch.vllm.log,225,11,83,0.6608816246740222
/Users/jiangnanhugo/workspace/power-sharpening/Subtree-Prefetching-Power-Sharpening/case_studies/logs-entropycut/mbpp/2026-09-21/vllm/dataset-mbpp.model-qwen3.5-9b.alpha4.0.steps100.blocks-1.prefetch-budget-20.rank-accept_first.cut-entropy4.0.samples20.maxnew1024.seed10086.subtreePrefetch.vllm.log,225,12,83,0.6608816246740222
/Users/jiangnanhugo/workspace/power-sharpening/Subtree-Prefetching-Power-Sharpening/case_studies/logs-entropycut/mbpp/2026-09-21/vllm/dataset-mbpp.model-qwen3.5-9b.alpha4.0.steps100.blocks-1.prefetch-budget-20.rank-accept_first.cut-entropy4.0.samples20.maxnew1024.seed10086.subtreePrefetch.vllm.log,225,13,83,0.6608816246740222
/Users/jiangnanhugo/workspace/power-sharpening/Subtree-Prefetching-Power-Sharpening/case_studies/logs-entropycut/mbpp/2026-09-21/vllm/dataset-mbpp.model-qwen3.5-9b.alpha4.0.steps100.blocks-1.prefetch-budget-20.rank-accept_first.cut-entropy4.0.samples20.maxnew1024.seed10086.subtreePrefetch.vllm.log,225,14,83,0.6608816246740222
/Users/jiangnanhugo/workspace/power-sharpening/Subtree-Prefetching-Power-Sharpening/case_studies/logs-entropycut/mbpp/2026-09-21/vllm/dataset-mbpp.model-qwen3.5-9b.alpha4.0.steps100.blocks-1.prefetch-budget-20.rank-accept_first.cut-entropy4.0.samples20.maxnew1024.seed10086.subtreePrefetch.vllm.log,225,15,83,0.6608816246740222
/Users/jiangnanhugo/workspace/power-sharpening/Subtree-Prefetching-Power-Sharpening/case_studies/logs-entropycut/mbpp/2026-09-21/vllm/dataset-mbpp.model-qwen3.5-9b.alpha4.0.steps100.blocks-1.prefetch-budget-20.rank-accept_first.cut-entropy4.0.samples20.maxnew1024.seed10086.subtreePrefetch.vllm.log,225,16,83,0.6608816246740222
/Users/jiangnanhugo/workspace/power-sharpening/Subtree-Prefetching-Power-Sharpening/case_studies/logs-entropycut/mbpp/2026-09-21/vllm/dataset-mbpp.model-qwen3.5-9b.alpha4.0.steps100.blocks-1.prefetch-budget-20.rank-accept_first.cut-entropy4.0.samples20.maxnew1024.seed10086.subtreePrefetch.vllm.log,225,17,83,0.6608816246740222
/Users/jiangnanhugo/workspace/power-sharpening/Subtree-Prefetching-Power-Sharpening/case_studies/logs-entropycut/mbpp/2026-09-21/vllm/dataset-mbpp.model-qwen3.5-9b.alpha4.0.steps100.blocks-1.prefetch-budget-20.rank-accept_first.cut-entropy4.0.samples20.maxnew1024.seed10086.subtreePrefetch.vllm.log,225,18,83,0.6608816246740222
/Users/jiangnanhugo/workspace/power-sharpening/Subtree-Prefetching-Power-Sharpening/case_studies/logs-entropycut/mbpp/2026-09-21/vllm/dataset-mbpp.model-qwen3.5-9b.alpha4.0.steps100.blocks-1.prefetch-budget-20.rank-accept_first.cut-entropy4.0.samples20.maxnew1024.seed10086.subtreePrefetch.vllm.log,225,19,83,0.6608816246740222
/Users/jiangnanhugo/workspace/power-sharpening/Subtree-Prefetching-Power-Sharpening/case_studies/logs-entropycut/mbpp/2026-09-21/vllm/dataset-mbpp.model-qwen3.5-9b.alpha4.0.steps100.blocks-1.prefetch-budget-20.rank-accept_first.cut-entropy4.0.samples20.maxnew1024.seed10086.subtreePrefetch.vllm.log,226,0,83,0.6608816246740228
/Users/jiangnanhugo/workspace/power-sharpening/Subtree-Prefetching-Power-Sharpening/case_studies/logs-entropycut/mbpp/2026-09-21/vllm/dataset-mbpp.model-qwen3.5-9b.alpha4.0.steps100.blocks-1.prefetch-budget-20.rank-accept_first.cut-entropy4.0.samples20.maxnew1024.seed10086.subtreePrefetch.vllm.log,226,1,83,0.6608816246740228
/Users/jiangnanhugo/workspace/power-sharpening/Subtree-Prefetching-Power-Sharpening/case_studies/logs-entropycut/mbpp/2026-09-21/vllm/dataset-mbpp.model-qwen3.5-9b.alpha4.0.steps100.blocks-1.prefetch-budget-20.rank-accept_first.cut-entropy4.0.samples20.maxnew1024.seed10086.subtreePrefetch.vllm.log,226,2,83,0.6608816246740228
/Users/jiangnanhugo/workspace/power-sharpening/Subtree-Prefetching-Power-Sharpening/case_studies/logs-entropycut/mbpp/2026-09-21/vllm/dataset-mbpp.model-qwen3.5-9b.alpha4.0.steps100.blocks-1.prefetch-budget-20.rank-accept_first.cut-entropy4.0.samples20.maxnew1024.seed10086.subtreePrefetch.vllm.log,226,3,83,0.6608816246740228
/Users/jiangnanhugo/workspace/power-sharpening/Subtree-Prefetching-Power-Sharpening/case_studies/logs-entropycut/mbpp/2026-09-21/vllm/dataset-mbpp.model-qwen3.5-9b.alpha4.0.steps100.blocks-1.prefetch-budget-20.rank-accept_first.cut-entropy4.0.samples20.maxnew1024.seed10086.subtreePrefetch.vllm.log,226,4,83,0.6608816246740228
/Users/jiangnanhugo/workspace/power-sharpening/Subtree-Prefetching-Power-Sharpening/case_studies/logs-entropycut/mbpp/2026-09-21/vllm/dataset-mbpp.model-qwen3.5-9b.alpha4.0.steps100.blocks-1.prefetch-budget-20.rank-accept_first.cut-entropy4.0.samples20.maxnew1024.seed10086.subtreePrefetch.vllm.log,226,5,83,0.6608816246740228
/Users/jiangnanhugo/workspace/power-sharpening/Subtree-Prefetching-Power-Sharpening/case_studies/logs-entropycut/mbpp/2026-09-21/vllm/dataset-mbpp.model-qwen3.5-9b.alpha4.0.steps100.blocks-1.prefetch-budget-20.rank-accept_first.cut-entropy4.0.samples20.maxnew1024.seed10086.subtreePrefetch.vllm.log,226,6,83,0.6608816246740228
/Users/jiangnanhugo/workspace/power-sharpening/Subtree-Prefetching-Power-Sharpening/case_studies/logs-entropycut/mbpp/2026-09-21/vllm/dataset-mbpp.model-qwen3.5-9b.alpha4.0.steps100.blocks-1.prefetch-budget-20.rank-accept_first.cut-entropy4.0.samples20.maxnew1024.seed10086.subtreePrefetch.vllm.log,226,7,83,0.6608816246740228
/Users/jiangnanhugo/workspace/power-sharpening/Subtree-Prefetching-Power-Sharpening/case_studies/logs-entropycut/mbpp/2026-09-21/vllm/dataset-mbpp.model-qwen3.5-9b.alpha4.0.steps100.blocks-1.prefetch-budget-20.rank-accept_first.cut-entropy4.0.samples20.maxnew1024.seed10086.subtreePrefetch.vllm.log,226,8,83,0.6608816246740228
/Users/jiangnanhugo/workspace/power-sharpening/Subtree-Prefetching-Power-Sharpening/case_studies/logs-entropycut/mbpp/2026-09-21/vllm/dataset-mbpp.model-qwen3.5-9b.alpha4.0.steps100.blocks-1.prefetch-budget-20.rank-accept_first.cut-entropy4.0.samples20.maxnew1024.seed10086.subtreePrefetch.vllm.log,226,9,83,0.6608816246740228
/Users/jiangnanhugo/workspace/power-sharpening/Subtree-Prefetching-Power-Sharpening/case_studies/logs-entropycut/mbpp/2026-09-21/vllm/dataset-mbpp.model-qwen3.5-9b.alpha4.0.steps100.blocks-1.prefetch-budget-20.rank-accept_first.cut-entropy4.0.samples20.maxnew1024.seed10086.subtreePrefetch.vllm.log,226,10,83,0.6608816246740228
/Users/jiangnanhugo/workspace/power-sharpening/Subtree-Prefetching-Power-Sharpening/case_studies/logs-entropycut/mbpp/2026-09-21/vllm/dataset-mbpp.model-qwen3.5-9b.alpha4.0.steps100.blocks-1.prefetch-budget-20.rank-accept_first.cut-entropy4.0.samples20.maxnew1024.seed10086.subtreePrefetch.vllm.log,226,11,83,0.6608816246740228
/Users/jiangnanhugo/workspace/power-sharpening/Subtree-Prefetching-Power-Sharpening/case_studies/logs-entropycut/mbpp/2026-09-21/vllm/dataset-mbpp.model-qwen3.5-9b.alpha4.0.steps100.blocks-1.prefetch-budget-20.rank-accept_first.cut-entropy4.0.samples20.maxnew1024.seed10086.subtreePrefetch.vllm.log,226,12,83,0.6608816246740228
/Users/jiangnanhugo/workspace/power-sharpening/Subtree-Prefetching-Power-Sharpening/case_studies/logs-entropycut/mbpp/2026-09-21/vllm/dataset-mbpp.model-qwen3.5-9b.alpha4.0.steps100.blocks-1.prefetch-budget-20.rank-accept_first.cut-entropy4.0.samples20.maxnew1024.seed10086.subtreePrefetch.vllm.log,226,13,83,0.6608816246740228
/Users/jiangnanhugo/workspace/power-sharpening/Subtree-Prefetching-Power-Sharpening/case_studies/logs-entropycut/mbpp/2026-09-21/vllm/dataset-mbpp.model-qwen3.5-9b.alpha4.0.steps100.blocks-1.prefetch-budget-20.rank-accept_first.cut-entropy4.0.samples20.maxnew1024.seed10086.subtreePrefetch.vllm.log,226,14,83,0.6608816246740228
/Users/jiangnanhugo/workspace/power-sharpening/Subtree-Prefetching-Power-Sharpening/case_studies/logs-entropycut/mbpp/2026-09-21/vllm/dataset-mbpp.model-qwen3.5-9b.alpha4.0.steps100.blocks-1.prefetch-budget-20.rank-accept_first.cut-entropy4.0.samples20.maxnew1024.seed10086.subtreePrefetch.vllm.log,226,15,83,0.6608816246740228
/Users/jiangnanhugo/workspace/power-sharpening/Subtree-Prefetching-Power-Sharpening/case_studies/logs-entropycut/mbpp/2026-09-21/vllm/dataset-mbpp.model-qwen3.5-9b.alpha4.0.steps100.blocks-1.prefetch-budget-20.rank-accept_first.cut-entropy4.0.samples20.maxnew1024.seed10086.subtreePrefetch.vllm.log,226,16,83,0.6608816246740228
/Users/jiangnanhugo/workspace/power-sharpening/Subtree-Prefetching-Power-Sharpening/case_studies/logs-entropycut/mbpp/2026-09-21/vllm/dataset-mbpp.model-qwen3.5-9b.alpha4.0.steps100.blocks-1.prefetch-budget-20.rank-accept_first.cut-entropy4.0.samples20.maxnew1024.seed10086.subtreePrefetch.vllm.log,226,17,83,0.6608816246740228
/Users/jiangnanhugo/workspace/power-sharpening/Subtree-Prefetching-Power-Sharpening/case_studies/logs-entropycut/mbpp/2026-09-21/vllm/dataset-mbpp.model-qwen3.5-9b.alpha4.0.steps100.blocks-1.prefetch-budget-20.rank-accept_first.cut-entropy4.0.samples20.maxnew1024.seed10086.subtreePrefetch.vllm.log,226,18,83,0.6608816246740228
/Users/jiangnanhugo/workspace/power-sharpening/Subtree-Prefetching-Power-Sharpening/case_studies/logs-entropycut/mbpp/2026-09-21/vllm/dataset-mbpp.model-qwen3.5-9b.alpha4.0.steps100.blocks-1.prefetch-budget-20.rank-accept_first.cut-entropy4.0.samples20.maxnew1024.seed10086.subtreePrefetch.vllm.log,226,19,83,0.6608816246740228
/Users/jiangnanhugo/workspace/power-sharpening/Subtree-Prefetching-Power-Sharpening/case_studies/logs-entropycut/mbpp/2026-09-21/vllm/dataset-mbpp.model-qwen3.5-9b.alpha4.0.steps100.blocks-1.prefetch-budget-20.rank-accept_first.cut-entropy4.0.samples20.maxnew1024.seed10086.subtreePrefetch.vllm.log,227,0,83,0.6608816246740228
/Users/jiangnanhugo/workspace/power-sharpening/Subtree-Prefetching-Power-Sharpening/case_studies/logs-entropycut/mbpp/2026-09-21/vllm/dataset-mbpp.model-qwen3.5-9b.alpha4.0.steps100.blocks-1.prefetch-budget-20.rank-accept_first.cut-entropy4.0.samples20.maxnew1024.seed10086.subtreePrefetch.vllm.log,227,1,83,0.6608816246740228
/Users/jiangnanhugo/workspace/power-sharpening/Subtree-Prefetching-Power-Sharpening/case_studies/logs-entropycut/mbpp/2026-09-21/vllm/dataset-mbpp.model-qwen3.5-9b.alpha4.0.steps100.blocks-1.prefetch-budget-20.rank-accept_first.cut-entropy4.0.samples20.maxnew1024.seed10086.subtreePrefetch.vllm.log,227,2,83,0.6608816246740228
/Users/jiangnanhugo/workspace/power-sharpening/Subtree-Prefetching-Power-Sharpening/case_studies/logs-entropycut/mbpp/2026-09-21/vllm/dataset-mbpp.model-qwen3.5-9b.alpha4.0.steps100.blocks-1.prefetch-budget-20.rank-accept_first.cut-entropy4.0.samples20.maxnew1024.seed10086.subtreePrefetch.vllm.log,227,3,83,0.6608816246740228
/Users/jiangnanhugo/workspace/power-sharpening/Subtree-Prefetching-Power-Sharpening/case_studies/logs-entropycut/mbpp/2026-09-21/vllm/dataset-mbpp.model-qwen3.5-9b.alpha4.0.steps100.blocks-1.prefetch-budget-20.rank-accept_first.cut-entropy4.0.samples20.maxnew1024.seed10086.subtreePrefetch.vllm.log,227,4,83,0.6608816246740228
/Users/jiangnanhugo/workspace/power-sharpening/Subtree-Prefetching-Power-Sharpening/case_studies/logs-entropycut/mbpp/2026-09-21/vllm/dataset-mbpp.model-qwen3.5-9b.alpha4.0.steps100.blocks-1.prefetch-budget-20.rank-accept_first.cut-entropy4.0.samples20.maxnew1024.seed10086.subtreePrefetch.vllm.log,227,5,83,0.6608816246740228
/Users/jiangnanhugo/workspace/power-sharpening/Subtree-Prefetching-Power-Sharpening/case_studies/logs-entropycut/mbpp/2026-09-21/vllm/dataset-mbpp.model-qwen3.5-9b.alpha4.0.steps100.blocks-1.prefetch-budget-20.rank-accept_first.cut-entropy4.0.samples20.maxnew1024.seed10086.subtreePrefetch.vllm.log,227,6,83,0.6608816246740228
/Users/jiangnanhugo/workspace/power-sharpening/Subtree-Prefetching-Power-Sharpening/case_studies/logs-entropycut/mbpp/2026-09-21/vllm/dataset-mbpp.model-qwen3.5-9b.alpha4.0.steps100.blocks-1.prefetch-budget-20.rank-accept_first.cut-entropy4.0.samples20.maxnew1024.seed10086.subtreePrefetch.vllm.log,227,7,83,0.6608816246740228
/Users/jiangnanhugo/workspace/power-sharpening/Subtree-Prefetching-Power-Sharpening/case_studies/logs-entropycut/mbpp/2026-09-21/vllm/dataset-mbpp.model-qwen3.5-9b.alpha4.0.steps100.blocks-1.prefetch-budget-20.rank-accept_first.cut-entropy4.0.samples20.maxnew1024.seed10086.subtreePrefetch.vllm.log,227,8,83,0.6608816246740228
/Users/jiangnanhugo/workspace/power-sharpening/Subtree-Prefetching-Power-Sharpening/case_studies/logs-entropycut/mbpp/2026-09-21/vllm/dataset-mbpp.model-qwen3.5-9b.alpha4.0.steps100.blocks-1.prefetch-budget-20.rank-accept_first.cut-entropy4.0.samples20.maxnew1024.seed10086.subtreePrefetch.vllm.log,227,9,83,0.6608816246740228
/Users/jiangnanhugo/workspace/power-sharpening/Subtree-Prefetching-Power-Sharpening/case_studies/logs-entropycut/mbpp/2026-09-21/vllm/dataset-mbpp.model-qwen3.5-9b.alpha4.0.steps100.blocks-1.prefetch-budget-20.rank-accept_first.cut-entropy4.0.samples20.maxnew1024.seed10086.subtreePrefetch.vllm.log,227,10,83,0.6608816246740228
/Users/jiangnanhugo/workspace/power-sharpening/Subtree-Prefetching-Power-Sharpening/case_studies/logs-entropycut/mbpp/2026-09-21/vllm/dataset-mbpp.model-qwen3.5-9b.alpha4.0.steps100.blocks-1.prefetch-budget-20.rank-accept_first.cut-entropy4.0.samples20.maxnew1024.seed10086.subtreePrefetch.vllm.log,227,11,83,0.6608816246740228
/Users/jiangnanhugo/workspace/power-sharpening/Subtree-Prefetching-Power-Sharpening/case_studies/logs-entropycut/mbpp/2026-09-21/vllm/dataset-mbpp.model-qwen3.5-9b.alpha4.0.steps100.blocks-1.prefetch-budget-20.rank-accept_first.cut-entropy4.0.samples20.maxnew1024.seed10086.subtreePrefetch.vllm.log,227,12,83,0.6608816246740228
/Users/jiangnanhugo/workspace/power-sharpening/Subtree-Prefetching-Power-Sharpening/case_studies/logs-entropycut/mbpp/2026-09-21/vllm/dataset-mbpp.model-qwen3.5-9b.alpha4.0.steps100.blocks-1.prefetch-budget-20.rank-accept_first.cut-entropy4.0.samples20.maxnew1024.seed10086.subtreePrefetch.vllm.log,227,13,83,0.6608816246740228
/Users/jiangnanhugo/workspace/power-sharpening/Subtree-Prefetching-Power-Sharpening/case_studies/logs-entropycut/mbpp/2026-09-21/vllm/dataset-mbpp.model-qwen3.5-9b.alpha4.0.steps100.blocks-1.prefetch-budget-20.rank-accept_first.cut-entropy4.0.samples20.maxnew1024.seed10086.subtreePrefetch.vllm.log,227,14,83,0.6608816246740228
/Users/jiangnanhugo/workspace/power-sharpening/Subtree-Prefetching-Power-Sharpening/case_studies/logs-entropycut/mbpp/2026-09-21/vllm/dataset-mbpp.model-qwen3.5-9b.alpha4.0.steps100.blocks-1.prefetch-budget-20.rank-accept_first.cut-entropy4.0.samples20.maxnew1024.seed10086.subtreePrefetch.vllm.log,227,15,83,0.6608816246740228
/Users/jiangnanhugo/workspace/power-sharpening/Subtree-Prefetching-Power-Sharpening/case_studies/logs-entropycut/mbpp/2026-09-21/vllm/dataset-mbpp.model-qwen3.5-9b.alpha4.0.steps100.blocks-1.prefetch-budget-20.rank-accept_first.cut-entropy4.0.samples20.maxnew1024.seed10086.subtreePrefetch.vllm.log,227,16,83,0.6608816246740228
/Users/jiangnanhugo/workspace/power-sharpening/Subtree-Prefetching-Power-Sharpening/case_studies/logs-entropycut/mbpp/2026-09-21/vllm/dataset-mbpp.model-qwen3.5-9b.alpha4.0.steps100.blocks-1.prefetch-budget-20.rank-accept_first.cut-entropy4.0.samples20.maxnew1024.seed10086.subtreePrefetch.vllm.log,227,17,83,0.6608816246740228
/Users/jiangnanhugo/workspace/power-sharpening/Subtree-Prefetching-Power-Sharpening/case_studies/logs-entropycut/mbpp/2026-09-21/vllm/dataset-mbpp.model-qwen3.5-9b.alpha4.0.steps100.blocks-1.prefetch-budget-20.rank-accept_first.cut-entropy4.0.samples20.maxnew1024.seed10086.subtreePrefetch.vllm.log,227,18,83,0.6608816246740228
/Users/jiangnanhugo/workspace/power-sharpening/Subtree-Prefetching-Power-Sharpening/case_studies/logs-entropycut/mbpp/2026-09-21/vllm/dataset-mbpp.model-qwen3.5-9b.alpha4.0.steps100.blocks-1.prefetch-budget-20.rank-accept_first.cut-entropy4.0.samples20.maxnew1024.seed10086.subtreePrefetch.vllm.log,227,19,83,0.6608816246740228
/Users/jiangnanhugo/workspace/power-sharpening/Subtree-Prefetching-Power-Sharpening/case_studies/logs-entropycut/mbpp/2026-09-21/vllm/dataset-mbpp.model-qwen3.5-9b.alpha4.0.steps100.blocks-1.prefetch-budget-20.rank-accept_first.cut-entropy4.0.samples20.maxnew1024.seed10086.subtreePrefetch.vllm.log,228,0,241,0.027492085233642164
/Users/jiangnanhugo/workspace/power-sharpening/Subtree-Prefetching-Power-Sharpening/case_studies/logs-entropycut/mbpp/2026-09-21/vllm/dataset-mbpp.model-qwen3.5-9b.alpha4.0.steps100.blocks-1.prefetch-budget-20.rank-accept_first.cut-entropy4.0.samples20.maxnew1024.seed10086.subtreePrefetch.vllm.log,228,1,83,0.6608816246740228
/Users/jiangnanhugo/workspace/power-sharpening/Subtree-Prefetching-Power-Sharpening/case_studies/logs-entropycut/mbpp/2026-09-21/vllm/dataset-mbpp.model-qwen3.5-9b.alpha4.0.steps100.blocks-1.prefetch-budget-20.rank-accept_first.cut-entropy4.0.samples20.maxnew1024.seed10086.subtreePrefetch.vllm.log,228,2,83,0.6608816246740228
/Users/jiangnanhugo/workspace/power-sharpening/Subtree-Prefetching-Power-Sharpening/case_studies/logs-entropycut/mbpp/2026-09-21/vllm/dataset-mbpp.model-qwen3.5-9b.alpha4.0.steps100.blocks-1.prefetch-budget-20.rank-accept_first.cut-entropy4.0.samples20.maxnew1024.seed10086.subtreePrefetch.vllm.log,228,3,83,0.6608816246740228
/Users/jiangnanhugo/workspace/power-sharpening/Subtree-Prefetching-Power-Sharpening/case_studies/logs-entropycut/mbpp/2026-09-21/vllm/dataset-mbpp.model-qwen3.5-9b.alpha4.0.steps100.blocks-1.prefetch-budget-20.rank-accept_first.cut-entropy4.0.samples20.maxnew1024.seed10086.subtreePrefetch.vllm.log,228,4,120,0.19175807228442038
/Users/jiangnanhugo/workspace/power-sharpening/Subtree-Prefetching-Power-Sharpening/case_studies/logs-entropycut/mbpp/2026-09-21/vllm/dataset-mbpp.model-qwen3.5-9b.alpha4.0.steps100.blocks-1.prefetch-budget-20.rank-accept_first.cut-entropy4.0.samples20.maxnew1024.seed10086.subtreePrefetch.vllm.log,228,5,83,0.6608816246740228
/Users/jiangnanhugo/workspace/power-sharpening/Subtree-Prefetching-Power-Sharpening/case_studies/logs-entropycut/mbpp/2026-09-21/vllm/dataset-mbpp.model-qwen3.5-9b.alpha4.0.steps100.blocks-1.prefetch-budget-20.rank-accept_first.cut-entropy4.0.samples20.maxnew1024.seed10086.subtreePrefetch.vllm.log,228,6,83,0.6608816246740228
/Users/jiangnanhugo/workspace/power-sharpening/Subtree-Prefetching-Power-Sharpening/case_studies/logs-entropycut/mbpp/2026-09-21/vllm/dataset-mbpp.model-qwen3.5-9b.alpha4.0.steps100.blocks-1.prefetch-budget-20.rank-accept_first.cut-entropy4.0.samples20.maxnew1024.seed10086.subtreePrefetch.vllm.log,228,7,83,0.6608816246740228
/Users/jiangnanhugo/workspace/power-sharpening/Subtree-Prefetching-Power-Sharpening/case_studies/logs-entropycut/mbpp/2026-09-21/vllm/dataset-mbpp.model-qwen3.5-9b.alpha4.0.steps100.blocks-1.prefetch-budget-20.rank-accept_first.cut-entropy4.0.samples20.maxnew1024.seed10086.subtreePrefetch.vllm.log,228,8,34,0.01703108080709057
/Users/jiangnanhugo/workspace/power-sharpening/Subtree-Prefetching-Power-Sharpening/case_studies/logs-entropycut/mbpp/2026-09-21/vllm/dataset-mbpp.model-qwen3.5-9b.alpha4.0.steps100.blocks-1.prefetch-budget-20.rank-accept_first.cut-entropy4.0.samples20.maxnew1024.seed10086.subtreePrefetch.vllm.log,228,9,83,0.6608816246740228
/Users/jiangnanhugo/workspace/power-sharpening/Subtree-Prefetching-Power-Sharpening/case_studies/logs-entropycut/mbpp/2026-09-21/vllm/dataset-mbpp.model-qwen3.5-9b.alpha4.0.steps100.blocks-1.prefetch-budget-20.rank-accept_first.cut-entropy4.0.samples20.maxnew1024.seed10086.subtreePrefetch.vllm.log,228,10,83,0.6608816246740228
/Users/jiangnanhugo/workspace/power-sharpening/Subtree-Prefetching-Power-Sharpening/case_studies/logs-entropycut/mbpp/2026-09-21/vllm/dataset-mbpp.model-qwen3.5-9b.alpha4.0.steps100.blocks-1.prefetch-budget-20.rank-accept_first.cut-entropy4.0.samples20.maxnew1024.seed10086.subtreePrefetch.vllm.log,228,11,83,0.6608816246740228
/Users/jiangnanhugo/workspace/power-sharpening/Subtree-Prefetching-Power-Sharpening/case_studies/logs-entropycut/mbpp/2026-09-21/vllm/dataset-mbpp.model-qwen3.5-9b.alpha4.0.steps100.blocks-1.prefetch-budget-20.rank-accept_first.cut-entropy4.0.samples20.maxnew1024.seed10086.subtreePrefetch.vllm.log,228,12,83,0.6608816246740228
/Users/jiangnanhugo/workspace/power-sharpening/Subtree-Prefetching-Power-Sharpening/case_studies/logs-entropycut/mbpp/2026-09-21/vllm/dataset-mbpp.model-qwen3.5-9b.alpha4.0.steps100.blocks-1.prefetch-budget-20.rank-accept_first.cut-entropy4.0.samples20.maxnew1024.seed10086.subtreePrefetch.vllm.log,228,13,83,0.6608816246740228
/Users/jiangnanhugo/workspace/power-sharpening/Subtree-Prefetching-Power-Sharpening/case_studies/logs-entropycut/mbpp/2026-09-21/vllm/dataset-mbpp.model-qwen3.5-9b.alpha4.0.steps100.blocks-1.prefetch-budget-20.rank-accept_first.cut-entropy4.0.samples20.maxnew1024.seed10086.subtreePrefetch.vllm.log,228,14,83,0.6608816246740228
/Users/jiangnanhugo/workspace/power-sharpening/Subtree-Prefetching-Power-Sharpening/case_studies/logs-entropycut/mbpp/2026-09-21/vllm/dataset-mbpp.model-qwen3.5-9b.alpha4.0.steps100.blocks-1.prefetch-budget-20.rank-accept_first.cut-entropy4.0.samples20.maxnew1024.seed10086.subtreePrefetch.vllm.log,228,15,83,0.6608816246740228
/Users/jiangnanhugo/workspace/power-sharpening/Subtree-Prefetching-Power-Sharpening/case_studies/logs-entropycut/mbpp/2026-09-21/vllm/dataset-mbpp.model-qwen3.5-9b.alpha4.0.steps100.blocks-1.prefetch-budget-20.rank-accept_first.cut-entropy4.0.samples20.maxnew1024.seed10086.subtreePrefetch.vllm.log,228,16,83,0.6608816246740228
/Users/jiangnanhugo/workspace/power-sharpening/Subtree-Prefetching-Power-Sharpening/case_studies/logs-entropycut/mbpp/2026-09-21/vllm/dataset-mbpp.model-qwen3.5-9b.alpha4.0.steps100.blocks-1.prefetch-budget-20.rank-accept_first.cut-entropy4.0.samples20.maxnew1024.seed10086.subtreePrefetch.vllm.log,228,17,83,0.6608816246740228
/Users/jiangnanhugo/workspace/power-sharpening/Subtree-Prefetching-Power-Sharpening/case_studies/logs-entropycut/mbpp/2026-09-21/vllm/dataset-mbpp.model-qwen3.5-9b.alpha4.0.steps100.blocks-1.prefetch-budget-20.rank-accept_first.cut-entropy4.0.samples20.maxnew1024.seed10086.subtreePrefetch.vllm.log,228,18,83,0.6608816246740228
/Users/jiangnanhugo/workspace/power-sharpening/Subtree-Prefetching-Power-Sharpening/case_studies/logs-entropycut/mbpp/2026-09-21/vllm/dataset-mbpp.model-qwen3.5-9b.alpha4.0.steps100.blocks-1.prefetch-budget-20.rank-accept_first.cut-entropy4.0.samples20.maxnew1024.seed10086.subtreePrefetch.vllm.log,228,19,83,0.6608816246740228
/Users/jiangnanhugo/workspace/power-sharpening/Subtree-Prefetching-Power-Sharpening/case_studies/logs-entropycut/mbpp/2026-09-21/vllm/dataset-mbpp.model-qwen3.5-9b.alpha4.0.steps100.blocks-1.prefetch-budget-20.rank-accept_first.cut-entropy4.0.samples20.maxnew1024.seed10086.subtreePrefetch.vllm.log,229,0,250,0.029802506540696553
/Users/jiangnanhugo/workspace/power-sharpening/Subtree-Prefetching-Power-Sharpening/case_studies/logs-entropycut/mbpp/2026-09-21/vllm/dataset-mbpp.model-qwen3.5-9b.alpha4.0.steps100.blocks-1.prefetch-budget-20.rank-accept_first.cut-entropy4.0.samples20.maxnew1024.seed10086.subtreePrefetch.vllm.log,229,1,83,0.6608816246740215
/Users/jiangnanhugo/workspace/power-sharpening/Subtree-Prefetching-Power-Sharpening/case_studies/logs-entropycut/mbpp/2026-09-21/vllm/dataset-mbpp.model-qwen3.5-9b.alpha4.0.steps100.blocks-1.prefetch-budget-20.rank-accept_first.cut-entropy4.0.samples20.maxnew1024.seed10086.subtreePrefetch.vllm.log,229,2,83,0.6608816246740215
/Users/jiangnanhugo/workspace/power-sharpening/Subtree-Prefetching-Power-Sharpening/case_studies/logs-entropycut/mbpp/2026-09-21/vllm/dataset-mbpp.model-qwen3.5-9b.alpha4.0.steps100.blocks-1.prefetch-budget-20.rank-accept_first.cut-entropy4.0.samples20.maxnew1024.seed10086.subtreePrefetch.vllm.log,229,3,83,0.6608816246740215
/Users/jiangnanhugo/workspace/power-sharpening/Subtree-Prefetching-Power-Sharpening/case_studies/logs-entropycut/mbpp/2026-09-21/vllm/dataset-mbpp.model-qwen3.5-9b.alpha4.0.steps100.blocks-1.prefetch-budget-20.rank-accept_first.cut-entropy4.0.samples20.maxnew1024.seed10086.subtreePrefetch.vllm.log,229,4,83,0.6608816246740215
/Users/jiangnanhugo/workspace/power-sharpening/Subtree-Prefetching-Power-Sharpening/case_studies/logs-entropycut/mbpp/2026-09-21/vllm/dataset-mbpp.model-qwen3.5-9b.alpha4.0.steps100.blocks-1.prefetch-budget-20.rank-accept_first.cut-entropy4.0.samples20.maxnew1024.seed10086.subtreePrefetch.vllm.log,229,5,83,0.6608816246740215
/Users/jiangnanhugo/workspace/power-sharpening/Subtree-Prefetching-Power-Sharpening/case_studies/logs-entropycut/mbpp/2026-09-21/vllm/dataset-mbpp.model-qwen3.5-9b.alpha4.0.steps100.blocks-1.prefetch-budget-20.rank-accept_first.cut-entropy4.0.samples20.maxnew1024.seed10086.subtreePrefetch.vllm.log,229,6,83,0.6608816246740215
/Users/jiangnanhugo/workspace/power-sharpening/Subtree-Prefetching-Power-Sharpening/case_studies/logs-entropycut/mbpp/2026-09-21/vllm/dataset-mbpp.model-qwen3.5-9b.alpha4.0.steps100.blocks-1.prefetch-budget-20.rank-accept_first.cut-entropy4.0.samples20.maxnew1024.seed10086.subtreePrefetch.vllm.log,229,7,83,0.6608816246740215
/Users/jiangnanhugo/workspace/power-sharpening/Subtree-Prefetching-Power-Sharpening/case_studies/logs-entropycut/mbpp/2026-09-21/vllm/dataset-mbpp.model-qwen3.5-9b.alpha4.0.steps100.blocks-1.prefetch-budget-20.rank-accept_first.cut-entropy4.0.samples20.maxnew1024.seed10086.subtreePrefetch.vllm.log,229,8,83,0.6608816246740215
/Users/jiangnanhugo/workspace/power-sharpening/Subtree-Prefetching-Power-Sharpening/case_studies/logs-entropycut/mbpp/2026-09-21/vllm/dataset-mbpp.model-qwen3.5-9b.alpha4.0.steps100.blocks-1.prefetch-budget-20.rank-accept_first.cut-entropy4.0.samples20.maxnew1024.seed10086.subtreePrefetch.vllm.log,229,9,83,0.6608816246740215
/Users/jiangnanhugo/workspace/power-sharpening/Subtree-Prefetching-Power-Sharpening/case_studies/logs-entropycut/mbpp/2026-09-21/vllm/dataset-mbpp.model-qwen3.5-9b.alpha4.0.steps100.blocks-1.prefetch-budget-20.rank-accept_first.cut-entropy4.0.samples20.maxnew1024.seed10086.subtreePrefetch.vllm.log,229,10,83,0.6608816246740215
/Users/jiangnanhugo/workspace/power-sharpening/Subtree-Prefetching-Power-Sharpening/case_studies/logs-entropycut/mbpp/2026-09-21/vllm/dataset-mbpp.model-qwen3.5-9b.alpha4.0.steps100.blocks-1.prefetch-budget-20.rank-accept_first.cut-entropy4.0.samples20.maxnew1024.seed10086.subtreePrefetch.vllm.log,229,11,83,0.6608816246740215
/Users/jiangnanhugo/workspace/power-sharpening/Subtree-Prefetching-Power-Sharpening/case_studies/logs-entropycut/mbpp/2026-09-21/vllm/dataset-mbpp.model-qwen3.5-9b.alpha4.0.steps100.blocks-1.prefetch-budget-20.rank-accept_first.cut-entropy4.0.samples20.maxnew1024.seed10086.subtreePrefetch.vllm.log,229,12,83,0.6608816246740215
/Users/jiangnanhugo/workspace/power-sharpening/Subtree-Prefetching-Power-Sharpening/case_studies/logs-entropycut/mbpp/2026-09-21/vllm/dataset-mbpp.model-qwen3.5-9b.alpha4.0.steps100.blocks-1.prefetch-budget-20.rank-accept_first.cut-entropy4.0.samples20.maxnew1024.seed10086.subtreePrefetch.vllm.log,229,13,83,0.6608816246740215
/Users/jiangnanhugo/workspace/power-sharpening/Subtree-Prefetching-Power-Sharpening/case_studies/logs-entropycut/mbpp/2026-09-21/vllm/dataset-mbpp.model-qwen3.5-9b.alpha4.0.steps100.blocks-1.prefetch-budget-20.rank-accept_first.cut-entropy4.0.samples20.maxnew1024.seed10086.subtreePrefetch.vllm.log,229,14,83,0.6608816246740215
/Users/jiangnanhugo/workspace/power-sharpening/Subtree-Prefetching-Power-Sharpening/case_studies/logs-entropycut/mbpp/2026-09-21/vllm/dataset-mbpp.model-qwen3.5-9b.alpha4.0.steps100.blocks-1.prefetch-budget-20.rank-accept_first.cut-entropy4.0.samples20.maxnew1024.seed10086.subtreePrefetch.vllm.log,229,15,83,0.6608816246740215
/Users/jiangnanhugo/workspace/power-sharpening/Subtree-Prefetching-Power-Sharpening/case_studies/logs-entropycut/mbpp/2026-09-21/vllm/dataset-mbpp.model-qwen3.5-9b.alpha4.0.steps100.blocks-1.prefetch-budget-20.rank-accept_first.cut-entropy4.0.samples20.maxnew1024.seed10086.subtreePrefetch.vllm.log,229,16,83,0.6608816246740215
/Users/jiangnanhugo/workspace/power-sharpening/Subtree-Prefetching-Power-Sharpening/case_studies/logs-entropycut/mbpp/2026-09-21/vllm/dataset-mbpp.model-qwen3.5-9b.alpha4.0.steps100.blocks-1.prefetch-budget-20.rank-accept_first.cut-entropy4.0.samples20.maxnew1024.seed10086.subtreePrefetch.vllm.log,229,17,83,0.6608816246740215
/Users/jiangnanhugo/workspace/power-sharpening/Subtree-Prefetching-Power-Sharpening/case_studies/logs-entropycut/mbpp/2026-09-21/vllm/dataset-mbpp.model-qwen3.5-9b.alpha4.0.steps100.blocks-1.prefetch-budget-20.rank-accept_first.cut-entropy4.0.samples20.maxnew1024.seed10086.subtreePrefetch.vllm.log,229,18,83,0.6608816246740215
/Users/jiangnanhugo/workspace/power-sharpening/Subtree-Prefetching-Power-Sharpening/case_studies/logs-entropycut/mbpp/2026-09-21/vllm/dataset-mbpp.model-qwen3.5-9b.alpha4.0.steps100.blocks-1.prefetch-budget-20.rank-accept_first.cut-entropy4.0.samples20.maxnew1024.seed10086.subtreePrefetch.vllm.log,229,19,83,0.6608816246740215
/Users/jiangnanhugo/workspace/power-sharpening/Subtree-Prefetching-Power-Sharpening/case_studies/logs-entropycut/mbpp/2026-09-21/vllm/dataset-mbpp.model-qwen3.5-9b.alpha4.0.steps100.blocks-1.prefetch-budget-20.rank-accept_first.cut-entropy4.0.samples20.maxnew1024.seed10086.subtreePrefetch.vllm.log,230,0,93,0.0009495355571465546
/Users/jiangnanhugo/workspace/power-sharpening/Subtree-Prefetching-Power-Sharpening/case_studies/logs-entropycut/mbpp/2026-09-21/vllm/dataset-mbpp.model-qwen3.5-9b.alpha4.0.steps100.blocks-1.prefetch-budget-20.rank-accept_first.cut-entropy4.0.samples20.maxnew1024.seed10086.subtreePrefetch.vllm.log,230,1,34,0.017031080807090544
/Users/jiangnanhugo/workspace/power-sharpening/Subtree-Prefetching-Power-Sharpening/case_studies/logs-entropycut/mbpp/2026-09-21/vllm/dataset-mbpp.model-qwen3.5-9b.alpha4.0.steps100.blocks-1.prefetch-budget-20.rank-accept_first.cut-entropy4.0.samples20.maxnew1024.seed10086.subtreePrefetch.vllm.log,230,2,83,0.6608816246740218
/Users/jiangnanhugo/workspace/power-sharpening/Subtree-Prefetching-Power-Sharpening/case_studies/logs-entropycut/mbpp/2026-09-21/vllm/dataset-mbpp.model-qwen3.5-9b.alpha4.0.steps100.blocks-1.prefetch-budget-20.rank-accept_first.cut-entropy4.0.samples20.maxnew1024.seed10086.subtreePrefetch.vllm.log,230,3,83,0.6608816246740218
/Users/jiangnanhugo/workspace/power-sharpening/Subtree-Prefetching-Power-Sharpening/case_studies/logs-entropycut/mbpp/2026-09-21/vllm/dataset-mbpp.model-qwen3.5-9b.alpha4.0.steps100.blocks-1.prefetch-budget-20.rank-accept_first.cut-entropy4.0.samples20.maxnew1024.seed10086.subtreePrefetch.vllm.log,230,4,83,0.6608816246740218
/Users/jiangnanhugo/workspace/power-sharpening/Subtree-Prefetching-Power-Sharpening/case_studies/logs-entropycut/mbpp/2026-09-21/vllm/dataset-mbpp.model-qwen3.5-9b.alpha4.0.steps100.blocks-1.prefetch-budget-20.rank-accept_first.cut-entropy4.0.samples20.maxnew1024.seed10086.subtreePrefetch.vllm.log,230,5,83,0.6608816246740218
/Users/jiangnanhugo/workspace/power-sharpening/Subtree-Prefetching-Power-Sharpening/case_studies/logs-entropycut/mbpp/2026-09-21/vllm/dataset-mbpp.model-qwen3.5-9b.alpha4.0.steps100.blocks-1.prefetch-budget-20.rank-accept_first.cut-entropy4.0.samples20.maxnew1024.seed10086.subtreePrefetch.vllm.log,230,6,83,0.6608816246740218
/Users/jiangnanhugo/workspace/power-sharpening/Subtree-Prefetching-Power-Sharpening/case_studies/logs-entropycut/mbpp/2026-09-21/vllm/dataset-mbpp.model-qwen3.5-9b.alpha4.0.steps100.blocks-1.prefetch-budget-20.rank-accept_first.cut-entropy4.0.samples20.maxnew1024.seed10086.subtreePrefetch.vllm.log,230,7,83,0.6608816246740218
/Users/jiangnanhugo/workspace/power-sharpening/Subtree-Prefetching-Power-Sharpening/case_studies/logs-entropycut/mbpp/2026-09-21/vllm/dataset-mbpp.model-qwen3.5-9b.alpha4.0.steps100.blocks-1.prefetch-budget-20.rank-accept_first.cut-entropy4.0.samples20.maxnew1024.seed10086.subtreePrefetch.vllm.log,230,8,83,0.6608816246740218
/Users/jiangnanhugo/workspace/power-sharpening/Subtree-Prefetching-Power-Sharpening/case_studies/logs-entropycut/mbpp/2026-09-21/vllm/dataset-mbpp.model-qwen3.5-9b.alpha4.0.steps100.blocks-1.prefetch-budget-20.rank-accept_first.cut-entropy4.0.samples20.maxnew1024.seed10086.subtreePrefetch.vllm.log,230,9,83,0.6608816246740218
/Users/jiangnanhugo/workspace/power-sharpening/Subtree-Prefetching-Power-Sharpening/case_studies/logs-entropycut/mbpp/2026-09-21/vllm/dataset-mbpp.model-qwen3.5-9b.alpha4.0.steps100.blocks-1.prefetch-budget-20.rank-accept_first.cut-entropy4.0.samples20.maxnew1024.seed10086.subtreePrefetch.vllm.log,230,10,83,0.6608816246740218
/Users/jiangnanhugo/workspace/power-sharpening/Subtree-Prefetching-Power-Sharpening/case_studies/logs-entropycut/mbpp/2026-09-21/vllm/dataset-mbpp.model-qwen3.5-9b.alpha4.0.steps100.blocks-1.prefetch-budget-20.rank-accept_first.cut-entropy4.0.samples20.maxnew1024.seed10086.subtreePrefetch.vllm.log,230,11,83,0.6608816246740218
/Users/jiangnanhugo/workspace/power-sharpening/Subtree-Prefetching-Power-Sharpening/case_studies/logs-entropycut/mbpp/2026-09-21/vllm/dataset-mbpp.model-qwen3.5-9b.alpha4.0.steps100.blocks-1.prefetch-budget-20.rank-accept_first.cut-entropy4.0.samples20.maxnew1024.seed10086.subtreePrefetch.vllm.log,230,12,83,0.6608816246740218
/Users/jiangnanhugo/workspace/power-sharpening/Subtree-Prefetching-Power-Sharpening/case_studies/logs-entropycut/mbpp/2026-09-21/vllm/dataset-mbpp.model-qwen3.5-9b.alpha4.0.steps100.blocks-1.prefetch-budget-20.rank-accept_first.cut-entropy4.0.samples20.maxnew1024.seed10086.subtreePrefetch.vllm.log,230,13,83,0.6608816246740218
/Users/jiangnanhugo/workspace/power-sharpening/Subtree-Prefetching-Power-Sharpening/case_studies/logs-entropycut/mbpp/2026-09-21/vllm/dataset-mbpp.model-qwen3.5-9b.alpha4.0.steps100.blocks-1.prefetch-budget-20.rank-accept_first.cut-entropy4.0.samples20.maxnew1024.seed10086.subtreePrefetch.vllm.log,230,14,34,0.017031080807090544
/Users/jiangnanhugo/workspace/power-sharpening/Subtree-Prefetching-Power-Sharpening/case_studies/logs-entropycut/mbpp/2026-09-21/vllm/dataset-mbpp.model-qwen3.5-9b.alpha4.0.steps100.blocks-1.prefetch-budget-20.rank-accept_first.cut-entropy4.0.samples20.maxnew1024.seed10086.subtreePrefetch.vllm.log,230,15,83,0.6608816246740218
/Users/jiangnanhugo/workspace/power-sharpening/Subtree-Prefetching-Power-Sharpening/case_studies/logs-entropycut/mbpp/2026-09-21/vllm/dataset-mbpp.model-qwen3.5-9b.alpha4.0.steps100.blocks-1.prefetch-budget-20.rank-accept_first.cut-entropy4.0.samples20.maxnew1024.seed10086.subtreePrefetch.vllm.log,230,16,83,0.6608816246740218
/Users/jiangnanhugo/workspace/power-sharpening/Subtree-Prefetching-Power-Sharpening/case_studies/logs-entropycut/mbpp/2026-09-21/vllm/dataset-mbpp.model-qwen3.5-9b.alpha4.0.steps100.blocks-1.prefetch-budget-20.rank-accept_first.cut-entropy4.0.samples20.maxnew1024.seed10086.subtreePrefetch.vllm.log,230,17,83,0.6608816246740218
/Users/jiangnanhugo/workspace/power-sharpening/Subtree-Prefetching-Power-Sharpening/case_studies/logs-entropycut/mbpp/2026-09-21/vllm/dataset-mbpp.model-qwen3.5-9b.alpha4.0.steps100.blocks-1.prefetch-budget-20.rank-accept_first.cut-entropy4.0.samples20.maxnew1024.seed10086.subtreePrefetch.vllm.log,230,18,83,0.6608816246740218
/Users/jiangnanhugo/workspace/power-sharpening/Subtree-Prefetching-Power-Sharpening/case_studies/logs-entropycut/mbpp/2026-09-21/vllm/dataset-mbpp.model-qwen3.5-9b.alpha4.0.steps100.blocks-1.prefetch-budget-20.rank-accept_first.cut-entropy4.0.samples20.maxnew1024.seed10086.subtreePrefetch.vllm.log,230,19,83,0.6608816246740218
/Users/jiangnanhugo/workspace/power-sharpening/Subtree-Prefetching-Power-Sharpening/case_studies/logs-entropycut/mbpp/2026-09-21/vllm/dataset-mbpp.model-qwen3.5-9b.alpha4.0.steps100.blocks-1.prefetch-budget-20.rank-accept_first.cut-entropy4.0.samples20.maxnew1024.seed10086.subtreePrefetch.vllm.log,231,0,83,0.6608816246740228
/Users/jiangnanhugo/workspace/power-sharpening/Subtree-Prefetching-Power-Sharpening/case_studies/logs-entropycut/mbpp/2026-09-21/vllm/dataset-mbpp.model-qwen3.5-9b.alpha4.0.steps100.blocks-1.prefetch-budget-20.rank-accept_first.cut-entropy4.0.samples20.maxnew1024.seed10086.subtreePrefetch.vllm.log,231,1,83,0.6608816246740228
/Users/jiangnanhugo/workspace/power-sharpening/Subtree-Prefetching-Power-Sharpening/case_studies/logs-entropycut/mbpp/2026-09-21/vllm/dataset-mbpp.model-qwen3.5-9b.alpha4.0.steps100.blocks-1.prefetch-budget-20.rank-accept_first.cut-entropy4.0.samples20.maxnew1024.seed10086.subtreePrefetch.vllm.log,231,2,241,0.027492085233642164
/Users/jiangnanhugo/workspace/power-sharpening/Subtree-Prefetching-Power-Sharpening/case_studies/logs-entropycut/mbpp/2026-09-21/vllm/dataset-mbpp.model-qwen3.5-9b.alpha4.0.steps100.blocks-1.prefetch-budget-20.rank-accept_first.cut-entropy4.0.samples20.maxnew1024.seed10086.subtreePrefetch.vllm.log,231,3,83,0.6608816246740228
/Users/jiangnanhugo/workspace/power-sharpening/Subtree-Prefetching-Power-Sharpening/case_studies/logs-entropycut/mbpp/2026-09-21/vllm/dataset-mbpp.model-qwen3.5-9b.alpha4.0.steps100.blocks-1.prefetch-budget-20.rank-accept_first.cut-entropy4.0.samples20.maxnew1024.seed10086.subtreePrefetch.vllm.log,231,4,83,0.6608816246740228
/Users/jiangnanhugo/workspace/power-sharpening/Subtree-Prefetching-Power-Sharpening/case_studies/logs-entropycut/mbpp/2026-09-21/vllm/dataset-mbpp.model-qwen3.5-9b.alpha4.0.steps100.blocks-1.prefetch-budget-20.rank-accept_first.cut-entropy4.0.samples20.maxnew1024.seed10086.subtreePrefetch.vllm.log,231,5,47,0.005506983577665674
/Users/jiangnanhugo/workspace/power-sharpening/Subtree-Prefetching-Power-Sharpening/case_studies/logs-entropycut/mbpp/2026-09-21/vllm/dataset-mbpp.model-qwen3.5-9b.alpha4.0.steps100.blocks-1.prefetch-budget-20.rank-accept_first.cut-entropy4.0.samples20.maxnew1024.seed10086.subtreePrefetch.vllm.log,231,6,83,0.6608816246740228
/Users/jiangnanhugo/workspace/power-sharpening/Subtree-Prefetching-Power-Sharpening/case_studies/logs-entropycut/mbpp/2026-09-21/vllm/dataset-mbpp.model-qwen3.5-9b.alpha4.0.steps100.blocks-1.prefetch-budget-20.rank-accept_first.cut-entropy4.0.samples20.maxnew1024.seed10086.subtreePrefetch.vllm.log,231,7,83,0.6608816246740228
/Users/jiangnanhugo/workspace/power-sharpening/Subtree-Prefetching-Power-Sharpening/case_studies/logs-entropycut/mbpp/2026-09-21/vllm/dataset-mbpp.model-qwen3.5-9b.alpha4.0.steps100.blocks-1.prefetch-budget-20.rank-accept_first.cut-entropy4.0.samples20.maxnew1024.seed10086.subtreePrefetch.vllm.log,231,8,83,0.6608816246740228
/Users/jiangnanhugo/workspace/power-sharpening/Subtree-Prefetching-Power-Sharpening/case_studies/logs-entropycut/mbpp/2026-09-21/vllm/dataset-mbpp.model-qwen3.5-9b.alpha4.0.steps100.blocks-1.prefetch-budget-20.rank-accept_first.cut-entropy4.0.samples20.maxnew1024.seed10086.subtreePrefetch.vllm.log,231,9,83,0.6608816246740228
/Users/jiangnanhugo/workspace/power-sharpening/Subtree-Prefetching-Power-Sharpening/case_studies/logs-entropycut/mbpp/2026-09-21/vllm/dataset-mbpp.model-qwen3.5-9b.alpha4.0.steps100.blocks-1.prefetch-budget-20.rank-accept_first.cut-entropy4.0.samples20.maxnew1024.seed10086.subtreePrefetch.vllm.log,231,10,83,0.6608816246740228
/Users/jiangnanhugo/workspace/power-sharpening/Subtree-Prefetching-Power-Sharpening/case_studies/logs-entropycut/mbpp/2026-09-21/vllm/dataset-mbpp.model-qwen3.5-9b.alpha4.0.steps100.blocks-1.prefetch-budget-20.rank-accept_first.cut-entropy4.0.samples20.maxnew1024.seed10086.subtreePrefetch.vllm.log,231,11,83,0.6608816246740228
/Users/jiangnanhugo/workspace/power-sharpening/Subtree-Prefetching-Power-Sharpening/case_studies/logs-entropycut/mbpp/2026-09-21/vllm/dataset-mbpp.model-qwen3.5-9b.alpha4.0.steps100.blocks-1.prefetch-budget-20.rank-accept_first.cut-entropy4.0.samples20.maxnew1024.seed10086.subtreePrefetch.vllm.log,231,12,83,0.6608816246740228
/Users/jiangnanhugo/workspace/power-sharpening/Subtree-Prefetching-Power-Sharpening/case_studies/logs-entropycut/mbpp/2026-09-21/vllm/dataset-mbpp.model-qwen3.5-9b.alpha4.0.steps100.blocks-1.prefetch-budget-20.rank-accept_first.cut-entropy4.0.samples20.maxnew1024.seed10086.subtreePrefetch.vllm.log,231,13,83,0.6608816246740228
/Users/jiangnanhugo/workspace/power-sharpening/Subtree-Prefetching-Power-Sharpening/case_studies/logs-entropycut/mbpp/2026-09-21/vllm/dataset-mbpp.model-qwen3.5-9b.alpha4.0.steps100.blocks-1.prefetch-budget-20.rank-accept_first.cut-entropy4.0.samples20.maxnew1024.seed10086.subtreePrefetch.vllm.log,231,14,83,0.6608816246740228
/Users/jiangnanhugo/workspace/power-sharpening/Subtree-Prefetching-Power-Sharpening/case_studies/logs-entropycut/mbpp/2026-09-21/vllm/dataset-mbpp.model-qwen3.5-9b.alpha4.0.steps100.blocks-1.prefetch-budget-20.rank-accept_first.cut-entropy4.0.samples20.maxnew1024.seed10086.subtreePrefetch.vllm.log,231,15,83,0.6608816246740228
/Users/jiangnanhugo/workspace/power-sharpening/Subtree-Prefetching-Power-Sharpening/case_studies/logs-entropycut/mbpp/2026-09-21/vllm/dataset-mbpp.model-qwen3.5-9b.alpha4.0.steps100.blocks-1.prefetch-budget-20.rank-accept_first.cut-entropy4.0.samples20.maxnew1024.seed10086.subtreePrefetch.vllm.log,231,16,83,0.6608816246740228
/Users/jiangnanhugo/workspace/power-sharpening/Subtree-Prefetching-Power-Sharpening/case_studies/logs-entropycut/mbpp/2026-09-21/vllm/dataset-mbpp.model-qwen3.5-9b.alpha4.0.steps100.blocks-1.prefetch-budget-20.rank-accept_first.cut-entropy4.0.samples20.maxnew1024.seed10086.subtreePrefetch.vllm.log,231,17,83,0.6608816246740228
/Users/jiangnanhugo/workspace/power-sharpening/Subtree-Prefetching-Power-Sharpening/case_studies/logs-entropycut/mbpp/2026-09-21/vllm/dataset-mbpp.model-qwen3.5-9b.alpha4.0.steps100.blocks-1.prefetch-budget-20.rank-accept_first.cut-entropy4.0.samples20.maxnew1024.seed10086.subtreePrefetch.vllm.log,231,18,83,0.6608816246740228
/Users/jiangnanhugo/workspace/power-sharpening/Subtree-Prefetching-Power-Sharpening/case_studies/logs-entropycut/mbpp/2026-09-21/vllm/dataset-mbpp.model-qwen3.5-9b.alpha4.0.steps100.blocks-1.prefetch-budget-20.rank-accept_first.cut-entropy4.0.samples20.maxnew1024.seed10086.subtreePrefetch.vllm.log,231,19,83,0.6608816246740228
/Users/jiangnanhugo/workspace/power-sharpening/Subtree-Prefetching-Power-Sharpening/case_studies/logs-entropycut/mbpp/2026-09-21/vllm/dataset-mbpp.model-qwen3.5-9b.alpha4.0.steps100.blocks-1.prefetch-budget-20.rank-accept_first.cut-entropy4.0.samples20.maxnew1024.seed10086.subtreePrefetch.vllm.log,232,0,83,0.6608816246740215
/Users/jiangnanhugo/workspace/power-sharpening/Subtree-Prefetching-Power-Sharpening/case_studies/logs-entropycut/mbpp/2026-09-21/vllm/dataset-mbpp.model-qwen3.5-9b.alpha4.0.steps100.blocks-1.prefetch-budget-20.rank-accept_first.cut-entropy4.0.samples20.maxnew1024.seed10086.subtreePrefetch.vllm.log,232,1,120,0.19175807228442
/Users/jiangnanhugo/workspace/power-sharpening/Subtree-Prefetching-Power-Sharpening/case_studies/logs-entropycut/mbpp/2026-09-21/vllm/dataset-mbpp.model-qwen3.5-9b.alpha4.0.steps100.blocks-1.prefetch-budget-20.rank-accept_first.cut-entropy4.0.samples20.maxnew1024.seed10086.subtreePrefetch.vllm.log,232,2,83,0.6608816246740215
/Users/jiangnanhugo/workspace/power-sharpening/Subtree-Prefetching-Power-Sharpening/case_studies/logs-entropycut/mbpp/2026-09-21/vllm/dataset-mbpp.model-qwen3.5-9b.alpha4.0.steps100.blocks-1.prefetch-budget-20.rank-accept_first.cut-entropy4.0.samples20.maxnew1024.seed10086.subtreePrefetch.vllm.log,232,3,120,0.19175807228442
/Users/jiangnanhugo/workspace/power-sharpening/Subtree-Prefetching-Power-Sharpening/case_studies/logs-entropycut/mbpp/2026-09-21/vllm/dataset-mbpp.model-qwen3.5-9b.alpha4.0.steps100.blocks-1.prefetch-budget-20.rank-accept_first.cut-entropy4.0.samples20.maxnew1024.seed10086.subtreePrefetch.vllm.log,232,4,83,0.6608816246740215
/Users/jiangnanhugo/workspace/power-sharpening/Subtree-Prefetching-Power-Sharpening/case_studies/logs-entropycut/mbpp/2026-09-21/vllm/dataset-mbpp.model-qwen3.5-9b.alpha4.0.steps100.blocks-1.prefetch-budget-20.rank-accept_first.cut-entropy4.0.samples20.maxnew1024.seed10086.subtreePrefetch.vllm.log,232,5,120,0.19175807228442
/Users/jiangnanhugo/workspace/power-sharpening/Subtree-Prefetching-Power-Sharpening/case_studies/logs-entropycut/mbpp/2026-09-21/vllm/dataset-mbpp.model-qwen3.5-9b.alpha4.0.steps100.blocks-1.prefetch-budget-20.rank-accept_first.cut-entropy4.0.samples20.maxnew1024.seed10086.subtreePrefetch.vllm.log,232,6,83,0.6608816246740215
/Users/jiangnanhugo/workspace/power-sharpening/Subtree-Prefetching-Power-Sharpening/case_studies/logs-entropycut/mbpp/2026-09-21/vllm/dataset-mbpp.model-qwen3.5-9b.alpha4.0.steps100.blocks-1.prefetch-budget-20.rank-accept_first.cut-entropy4.0.samples20.maxnew1024.seed10086.subtreePrefetch.vllm.log,232,7,83,0.6608816246740215
/Users/jiangnanhugo/workspace/power-sharpening/Subtree-Prefetching-Power-Sharpening/case_studies/logs-entropycut/mbpp/2026-09-21/vllm/dataset-mbpp.model-qwen3.5-9b.alpha4.0.steps100.blocks-1.prefetch-budget-20.rank-accept_first.cut-entropy4.0.samples20.maxnew1024.seed10086.subtreePrefetch.vllm.log,232,8,83,0.6608816246740215
/Users/jiangnanhugo/workspace/power-sharpening/Subtree-Prefetching-Power-Sharpening/case_studies/logs-entropycut/mbpp/2026-09-21/vllm/dataset-mbpp.model-qwen3.5-9b.alpha4.0.steps100.blocks-1.prefetch-budget-20.rank-accept_first.cut-entropy4.0.samples20.maxnew1024.seed10086.subtreePrefetch.vllm.log,232,9,83,0.6608816246740215
/Users/jiangnanhugo/workspace/power-sharpening/Subtree-Prefetching-Power-Sharpening/case_studies/logs-entropycut/mbpp/2026-09-21/vllm/dataset-mbpp.model-qwen3.5-9b.alpha4.0.steps100.blocks-1.prefetch-budget-20.rank-accept_first.cut-entropy4.0.samples20.maxnew1024.seed10086.subtreePrefetch.vllm.log,232,10,83,0.6608816246740215
/Users/jiangnanhugo/workspace/power-sharpening/Subtree-Prefetching-Power-Sharpening/case_studies/logs-entropycut/mbpp/2026-09-21/vllm/dataset-mbpp.model-qwen3.5-9b.alpha4.0.steps100.blocks-1.prefetch-budget-20.rank-accept_first.cut-entropy4.0.samples20.maxnew1024.seed10086.subtreePrefetch.vllm.log,232,11,83,0.6608816246740215
/Users/jiangnanhugo/workspace/power-sharpening/Subtree-Prefetching-Power-Sharpening/case_studies/logs-entropycut/mbpp/2026-09-21/vllm/dataset-mbpp.model-qwen3.5-9b.alpha4.0.steps100.blocks-1.prefetch-budget-20.rank-accept_first.cut-entropy4.0.samples20.maxnew1024.seed10086.subtreePrefetch.vllm.log,232,12,83,0.6608816246740215
/Users/jiangnanhugo/workspace/power-sharpening/Subtree-Prefetching-Power-Sharpening/case_studies/logs-entropycut/mbpp/2026-09-21/vllm/dataset-mbpp.model-qwen3.5-9b.alpha4.0.steps100.blocks-1.prefetch-budget-20.rank-accept_first.cut-entropy4.0.samples20.maxnew1024.seed10086.subtreePrefetch.vllm.log,232,13,83,0.6608816246740215
/Users/jiangnanhugo/workspace/power-sharpening/Subtree-Prefetching-Power-Sharpening/case_studies/logs-entropycut/mbpp/2026-09-21/vllm/dataset-mbpp.model-qwen3.5-9b.alpha4.0.steps100.blocks-1.prefetch-budget-20.rank-accept_first.cut-entropy4.0.samples20.maxnew1024.seed10086.subtreePrefetch.vllm.log,232,14,83,0.6608816246740215
/Users/jiangnanhugo/workspace/power-sharpening/Subtree-Prefetching-Power-Sharpening/case_studies/logs-entropycut/mbpp/2026-09-21/vllm/dataset-mbpp.model-qwen3.5-9b.alpha4.0.steps100.blocks-1.prefetch-budget-20.rank-accept_first.cut-entropy4.0.samples20.maxnew1024.seed10086.subtreePrefetch.vllm.log,232,15,83,0.6608816246740215
/Users/jiangnanhugo/workspace/power-sharpening/Subtree-Prefetching-Power-Sharpening/case_studies/logs-entropycut/mbpp/2026-09-21/vllm/dataset-mbpp.model-qwen3.5-9b.alpha4.0.steps100.blocks-1.prefetch-budget-20.rank-accept_first.cut-entropy4.0.samples20.maxnew1024.seed10086.subtreePrefetch.vllm.log,232,16,47,0.005506983577665663
/Users/jiangnanhugo/workspace/power-sharpening/Subtree-Prefetching-Power-Sharpening/case_studies/logs-entropycut/mbpp/2026-09-21/vllm/dataset-mbpp.model-qwen3.5-9b.alpha4.0.steps100.blocks-1.prefetch-budget-20.rank-accept_first.cut-entropy4.0.samples20.maxnew1024.seed10086.subtreePrefetch.vllm.log,232,17,83,0.6608816246740215
/Users/jiangnanhugo/workspace/power-sharpening/Subtree-Prefetching-Power-Sharpening/case_studies/logs-entropycut/mbpp/2026-09-21/vllm/dataset-mbpp.model-qwen3.5-9b.alpha4.0.steps100.blocks-1.prefetch-budget-20.rank-accept_first.cut-entropy4.0.samples20.maxnew1024.seed10086.subtreePrefetch.vllm.log,232,18,83,0.6608816246740215
/Users/jiangnanhugo/workspace/power-sharpening/Subtree-Prefetching-Power-Sharpening/case_studies/logs-entropycut/mbpp/2026-09-21/vllm/dataset-mbpp.model-qwen3.5-9b.alpha4.0.steps100.blocks-1.prefetch-budget-20.rank-accept_first.cut-entropy4.0.samples20.maxnew1024.seed10086.subtreePrefetch.vllm.log,232,19,83,0.6608816246740215
/Users/jiangnanhugo/workspace/power-sharpening/Subtree-Prefetching-Power-Sharpening/case_studies/logs-entropycut/mbpp/2026-09-21/vllm/dataset-mbpp.model-qwen3.5-9b.alpha4.0.steps100.blocks-1.prefetch-budget-20.rank-accept_first.cut-entropy4.0.samples20.maxnew1024.seed10086.subtreePrefetch.vllm.log,233,0,120,0.19175807228442007
/Users/jiangnanhugo/workspace/power-sharpening/Subtree-Prefetching-Power-Sharpening/case_studies/logs-entropycut/mbpp/2026-09-21/vllm/dataset-mbpp.model-qwen3.5-9b.alpha4.0.steps100.blocks-1.prefetch-budget-20.rank-accept_first.cut-entropy4.0.samples20.maxnew1024.seed10086.subtreePrefetch.vllm.log,233,1,120,0.19175807228442007
/Users/jiangnanhugo/workspace/power-sharpening/Subtree-Prefetching-Power-Sharpening/case_studies/logs-entropycut/mbpp/2026-09-21/vllm/dataset-mbpp.model-qwen3.5-9b.alpha4.0.steps100.blocks-1.prefetch-budget-20.rank-accept_first.cut-entropy4.0.samples20.maxnew1024.seed10086.subtreePrefetch.vllm.log,233,2,34,0.01703108080709054
/Users/jiangnanhugo/workspace/power-sharpening/Subtree-Prefetching-Power-Sharpening/case_studies/logs-entropycut/mbpp/2026-09-21/vllm/dataset-mbpp.model-qwen3.5-9b.alpha4.0.steps100.blocks-1.prefetch-budget-20.rank-accept_first.cut-entropy4.0.samples20.maxnew1024.seed10086.subtreePrefetch.vllm.log,233,3,265,0.005159871931760004
/Users/jiangnanhugo/workspace/power-sharpening/Subtree-Prefetching-Power-Sharpening/case_studies/logs-entropycut/mbpp/2026-09-21/vllm/dataset-mbpp.model-qwen3.5-9b.alpha4.0.steps100.blocks-1.prefetch-budget-20.rank-accept_first.cut-entropy4.0.samples20.maxnew1024.seed10086.subtreePrefetch.vllm.log,233,4,34,0.01703108080709054
/Users/jiangnanhugo/workspace/power-sharpening/Subtree-Prefetching-Power-Sharpening/case_studies/logs-entropycut/mbpp/2026-09-21/vllm/dataset-mbpp.model-qwen3.5-9b.alpha4.0.steps100.blocks-1.prefetch-budget-20.rank-accept_first.cut-entropy4.0.samples20.maxnew1024.seed10086.subtreePrefetch.vllm.log,233,5,83,0.6608816246740217
/Users/jiangnanhugo/workspace/power-sharpening/Subtree-Prefetching-Power-Sharpening/case_studies/logs-entropycut/mbpp/2026-09-21/vllm/dataset-mbpp.model-qwen3.5-9b.alpha4.0.steps100.blocks-1.prefetch-budget-20.rank-accept_first.cut-entropy4.0.samples20.maxnew1024.seed10086.subtreePrefetch.vllm.log,233,6,250,0.029802506540696563
/Users/jiangnanhugo/workspace/power-sharpening/Subtree-Prefetching-Power-Sharpening/case_studies/logs-entropycut/mbpp/2026-09-21/vllm/dataset-mbpp.model-qwen3.5-9b.alpha4.0.steps100.blocks-1.prefetch-budget-20.rank-accept_first.cut-entropy4.0.samples20.maxnew1024.seed10086.subtreePrefetch.vllm.log,233,7,83,0.6608816246740217
/Users/jiangnanhugo/workspace/power-sharpening/Subtree-Prefetching-Power-Sharpening/case_studies/logs-entropycut/mbpp/2026-09-21/vllm/dataset-mbpp.model-qwen3.5-9b.alpha4.0.steps100.blocks-1.prefetch-budget-20.rank-accept_first.cut-entropy4.0.samples20.maxnew1024.seed10086.subtreePrefetch.vllm.log,233,8,83,0.6608816246740217
/Users/jiangnanhugo/workspace/power-sharpening/Subtree-Prefetching-Power-Sharpening/case_studies/logs-entropycut/mbpp/2026-09-21/vllm/dataset-mbpp.model-qwen3.5-9b.alpha4.0.steps100.blocks-1.prefetch-budget-20.rank-accept_first.cut-entropy4.0.samples20.maxnew1024.seed10086.subtreePrefetch.vllm.log,233,9,83,0.6608816246740217
/Users/jiangnanhugo/workspace/power-sharpening/Subtree-Prefetching-Power-Sharpening/case_studies/logs-entropycut/mbpp/2026-09-21/vllm/dataset-mbpp.model-qwen3.5-9b.alpha4.0.steps100.blocks-1.prefetch-budget-20.rank-accept_first.cut-entropy4.0.samples20.maxnew1024.seed10086.subtreePrefetch.vllm.log,233,10,83,0.6608816246740217
/Users/jiangnanhugo/workspace/power-sharpening/Subtree-Prefetching-Power-Sharpening/case_studies/logs-entropycut/mbpp/2026-09-21/vllm/dataset-mbpp.model-qwen3.5-9b.alpha4.0.steps100.blocks-1.prefetch-budget-20.rank-accept_first.cut-entropy4.0.samples20.maxnew1024.seed10086.subtreePrefetch.vllm.log,233,11,120,0.19175807228442007
/Users/jiangnanhugo/workspace/power-sharpening/Subtree-Prefetching-Power-Sharpening/case_studies/logs-entropycut/mbpp/2026-09-21/vllm/dataset-mbpp.model-qwen3.5-9b.alpha4.0.steps100.blocks-1.prefetch-budget-20.rank-accept_first.cut-entropy4.0.samples20.maxnew1024.seed10086.subtreePrefetch.vllm.log,233,12,83,0.6608816246740217
/Users/jiangnanhugo/workspace/power-sharpening/Subtree-Prefetching-Power-Sharpening/case_studies/logs-entropycut/mbpp/2026-09-21/vllm/dataset-mbpp.model-qwen3.5-9b.alpha4.0.steps100.blocks-1.prefetch-budget-20.rank-accept_first.cut-entropy4.0.samples20.maxnew1024.seed10086.subtreePrefetch.vllm.log,233,13,83,0.6608816246740217
/Users/jiangnanhugo/workspace/power-sharpening/Subtree-Prefetching-Power-Sharpening/case_studies/logs-entropycut/mbpp/2026-09-21/vllm/dataset-mbpp.model-qwen3.5-9b.alpha4.0.steps100.blocks-1.prefetch-budget-20.rank-accept_first.cut-entropy4.0.samples20.maxnew1024.seed10086.subtreePrefetch.vllm.log,233,14,83,0.6608816246740217
/Users/jiangnanhugo/workspace/power-sharpening/Subtree-Prefetching-Power-Sharpening/case_studies/logs-entropycut/mbpp/2026-09-21/vllm/dataset-mbpp.model-qwen3.5-9b.alpha4.0.steps100.blocks-1.prefetch-budget-20.rank-accept_first.cut-entropy4.0.samples20.maxnew1024.seed10086.subtreePrefetch.vllm.log,233,15,34,0.01703108080709054
/Users/jiangnanhugo/workspace/power-sharpening/Subtree-Prefetching-Power-Sharpening/case_studies/logs-entropycut/mbpp/2026-09-21/vllm/dataset-mbpp.model-qwen3.5-9b.alpha4.0.steps100.blocks-1.prefetch-budget-20.rank-accept_first.cut-entropy4.0.samples20.maxnew1024.seed10086.subtreePrefetch.vllm.log,233,16,83,0.6608816246740217
/Users/jiangnanhugo/workspace/power-sharpening/Subtree-Prefetching-Power-Sharpening/case_studies/logs-entropycut/mbpp/2026-09-21/vllm/dataset-mbpp.model-qwen3.5-9b.alpha4.0.steps100.blocks-1.prefetch-budget-20.rank-accept_first.cut-entropy4.0.samples20.maxnew1024.seed10086.subtreePrefetch.vllm.log,233,17,83,0.6608816246740217
/Users/jiangnanhugo/workspace/power-sharpening/Subtree-Prefetching-Power-Sharpening/case_studies/logs-entropycut/mbpp/2026-09-21/vllm/dataset-mbpp.model-qwen3.5-9b.alpha4.0.steps100.blocks-1.prefetch-budget-20.rank-accept_first.cut-entropy4.0.samples20.maxnew1024.seed10086.subtreePrefetch.vllm.log,233,18,83,0.6608816246740217
/Users/jiangnanhugo/workspace/power-sharpening/Subtree-Prefetching-Power-Sharpening/case_studies/logs-entropycut/mbpp/2026-09-21/vllm/dataset-mbpp.model-qwen3.5-9b.alpha4.0.steps100.blocks-1.prefetch-budget-20.rank-accept_first.cut-entropy4.0.samples20.maxnew1024.seed10086.subtreePrefetch.vllm.log,233,19,83,0.6608816246740217
/Users/jiangnanhugo/workspace/power-sharpening/Subtree-Prefetching-Power-Sharpening/case_studies/logs-entropycut/mbpp/2026-09-21/vllm/dataset-mbpp.model-qwen3.5-9b.alpha4.0.steps100.blocks-1.prefetch-budget-20.rank-accept_first.cut-entropy4.0.samples20.maxnew1024.seed10086.subtreePrefetch.vllm.log,234,0,83,0.6608816241521817
/Users/jiangnanhugo/workspace/power-sharpening/Subtree-Prefetching-Power-Sharpening/case_studies/logs-entropycut/mbpp/2026-09-21/vllm/dataset-mbpp.model-qwen3.5-9b.alpha4.0.steps100.blocks-1.prefetch-budget-20.rank-accept_first.cut-entropy4.0.samples20.maxnew1024.seed10086.subtreePrefetch.vllm.log,234,1,83,0.6608816241521817
/Users/jiangnanhugo/workspace/power-sharpening/Subtree-Prefetching-Power-Sharpening/case_studies/logs-entropycut/mbpp/2026-09-21/vllm/dataset-mbpp.model-qwen3.5-9b.alpha4.0.steps100.blocks-1.prefetch-budget-20.rank-accept_first.cut-entropy4.0.samples20.maxnew1024.seed10086.subtreePrefetch.vllm.log,234,2,83,0.6608816241521817
/Users/jiangnanhugo/workspace/power-sharpening/Subtree-Prefetching-Power-Sharpening/case_studies/logs-entropycut/mbpp/2026-09-21/vllm/dataset-mbpp.model-qwen3.5-9b.alpha4.0.steps100.blocks-1.prefetch-budget-20.rank-accept_first.cut-entropy4.0.samples20.maxnew1024.seed10086.subtreePrefetch.vllm.log,234,3,83,0.6608816241521817
/Users/jiangnanhugo/workspace/power-sharpening/Subtree-Prefetching-Power-Sharpening/case_studies/logs-entropycut/mbpp/2026-09-21/vllm/dataset-mbpp.model-qwen3.5-9b.alpha4.0.steps100.blocks-1.prefetch-budget-20.rank-accept_first.cut-entropy4.0.samples20.maxnew1024.seed10086.subtreePrefetch.vllm.log,234,4,83,0.6608816241521817
/Users/jiangnanhugo/workspace/power-sharpening/Subtree-Prefetching-Power-Sharpening/case_studies/logs-entropycut/mbpp/2026-09-21/vllm/dataset-mbpp.model-qwen3.5-9b.alpha4.0.steps100.blocks-1.prefetch-budget-20.rank-accept_first.cut-entropy4.0.samples20.maxnew1024.seed10086.subtreePrefetch.vllm.log,234,5,83,0.6608816241521817
/Users/jiangnanhugo/workspace/power-sharpening/Subtree-Prefetching-Power-Sharpening/case_studies/logs-entropycut/mbpp/2026-09-21/vllm/dataset-mbpp.model-qwen3.5-9b.alpha4.0.steps100.blocks-1.prefetch-budget-20.rank-accept_first.cut-entropy4.0.samples20.maxnew1024.seed10086.subtreePrefetch.vllm.log,234,6,83,0.6608816241521817
/Users/jiangnanhugo/workspace/power-sharpening/Subtree-Prefetching-Power-Sharpening/case_studies/logs-entropycut/mbpp/2026-09-21/vllm/dataset-mbpp.model-qwen3.5-9b.alpha4.0.steps100.blocks-1.prefetch-budget-20.rank-accept_first.cut-entropy4.0.samples20.maxnew1024.seed10086.subtreePrefetch.vllm.log,234,7,83,0.6608816241521817
/Users/jiangnanhugo/workspace/power-sharpening/Subtree-Prefetching-Power-Sharpening/case_studies/logs-entropycut/mbpp/2026-09-21/vllm/dataset-mbpp.model-qwen3.5-9b.alpha4.0.steps100.blocks-1.prefetch-budget-20.rank-accept_first.cut-entropy4.0.samples20.maxnew1024.seed10086.subtreePrefetch.vllm.log,234,8,83,0.6608816241521817
/Users/jiangnanhugo/workspace/power-sharpening/Subtree-Prefetching-Power-Sharpening/case_studies/logs-entropycut/mbpp/2026-09-21/vllm/dataset-mbpp.model-qwen3.5-9b.alpha4.0.steps100.blocks-1.prefetch-budget-20.rank-accept_first.cut-entropy4.0.samples20.maxnew1024.seed10086.subtreePrefetch.vllm.log,234,9,83,0.6608816241521817
/Users/jiangnanhugo/workspace/power-sharpening/Subtree-Prefetching-Power-Sharpening/case_studies/logs-entropycut/mbpp/2026-09-21/vllm/dataset-mbpp.model-qwen3.5-9b.alpha4.0.steps100.blocks-1.prefetch-budget-20.rank-accept_first.cut-entropy4.0.samples20.maxnew1024.seed10086.subtreePrefetch.vllm.log,234,10,83,0.6608816241521817
/Users/jiangnanhugo/workspace/power-sharpening/Subtree-Prefetching-Power-Sharpening/case_studies/logs-entropycut/mbpp/2026-09-21/vllm/dataset-mbpp.model-qwen3.5-9b.alpha4.0.steps100.blocks-1.prefetch-budget-20.rank-accept_first.cut-entropy4.0.samples20.maxnew1024.seed10086.subtreePrefetch.vllm.log,234,11,120,0.19175807213300558
/Users/jiangnanhugo/workspace/power-sharpening/Subtree-Prefetching-Power-Sharpening/case_studies/logs-entropycut/mbpp/2026-09-21/vllm/dataset-mbpp.model-qwen3.5-9b.alpha4.0.steps100.blocks-1.prefetch-budget-20.rank-accept_first.cut-entropy4.0.samples20.maxnew1024.seed10086.subtreePrefetch.vllm.log,234,12,83,0.6608816241521817
/Users/jiangnanhugo/workspace/power-sharpening/Subtree-Prefetching-Power-Sharpening/case_studies/logs-entropycut/mbpp/2026-09-21/vllm/dataset-mbpp.model-qwen3.5-9b.alpha4.0.steps100.blocks-1.prefetch-budget-20.rank-accept_first.cut-entropy4.0.samples20.maxnew1024.seed10086.subtreePrefetch.vllm.log,234,13,83,0.6608816241521817
/Users/jiangnanhugo/workspace/power-sharpening/Subtree-Prefetching-Power-Sharpening/case_studies/logs-entropycut/mbpp/2026-09-21/vllm/dataset-mbpp.model-qwen3.5-9b.alpha4.0.steps100.blocks-1.prefetch-budget-20.rank-accept_first.cut-entropy4.0.samples20.maxnew1024.seed10086.subtreePrefetch.vllm.log,234,14,83,0.6608816241521817
/Users/jiangnanhugo/workspace/power-sharpening/Subtree-Prefetching-Power-Sharpening/case_studies/logs-entropycut/mbpp/2026-09-21/vllm/dataset-mbpp.model-qwen3.5-9b.alpha4.0.steps100.blocks-1.prefetch-budget-20.rank-accept_first.cut-entropy4.0.samples20.maxnew1024.seed10086.subtreePrefetch.vllm.log,234,15,83,0.6608816241521817
/Users/jiangnanhugo/workspace/power-sharpening/Subtree-Prefetching-Power-Sharpening/case_studies/logs-entropycut/mbpp/2026-09-21/vllm/dataset-mbpp.model-qwen3.5-9b.alpha4.0.steps100.blocks-1.prefetch-budget-20.rank-accept_first.cut-entropy4.0.samples20.maxnew1024.seed10086.subtreePrefetch.vllm.log,234,16,83,0.6608816241521817
/Users/jiangnanhugo/workspace/power-sharpening/Subtree-Prefetching-Power-Sharpening/case_studies/logs-entropycut/mbpp/2026-09-21/vllm/dataset-mbpp.model-qwen3.5-9b.alpha4.0.steps100.blocks-1.prefetch-budget-20.rank-accept_first.cut-entropy4.0.samples20.maxnew1024.seed10086.subtreePrefetch.vllm.log,234,17,83,0.6608816241521817
/Users/jiangnanhugo/workspace/power-sharpening/Subtree-Prefetching-Power-Sharpening/case_studies/logs-entropycut/mbpp/2026-09-21/vllm/dataset-mbpp.model-qwen3.5-9b.alpha4.0.steps100.blocks-1.prefetch-budget-20.rank-accept_first.cut-entropy4.0.samples20.maxnew1024.seed10086.subtreePrefetch.vllm.log,234,18,83,0.6608816241521817
/Users/jiangnanhugo/workspace/power-sharpening/Subtree-Prefetching-Power-Sharpening/case_studies/logs-entropycut/mbpp/2026-09-21/vllm/dataset-mbpp.model-qwen3.5-9b.alpha4.0.steps100.blocks-1.prefetch-budget-20.rank-accept_first.cut-entropy4.0.samples20.maxnew1024.seed10086.subtreePrefetch.vllm.log,234,19,120,0.19175807213300558
/Users/jiangnanhugo/workspace/power-sharpening/Subtree-Prefetching-Power-Sharpening/case_studies/logs-entropycut/mbpp/2026-09-21/vllm/dataset-mbpp.model-qwen3.5-9b.alpha4.0.steps100.blocks-1.prefetch-budget-20.rank-accept_first.cut-entropy4.0.samples20.maxnew1024.seed10086.subtreePrefetch.vllm.log,235,0,83,0.6608816246740222
/Users/jiangnanhugo/workspace/power-sharpening/Subtree-Prefetching-Power-Sharpening/case_studies/logs-entropycut/mbpp/2026-09-21/vllm/dataset-mbpp.model-qwen3.5-9b.alpha4.0.steps100.blocks-1.prefetch-budget-20.rank-accept_first.cut-entropy4.0.samples20.maxnew1024.seed10086.subtreePrefetch.vllm.log,235,1,83,0.6608816246740222
/Users/jiangnanhugo/workspace/power-sharpening/Subtree-Prefetching-Power-Sharpening/case_studies/logs-entropycut/mbpp/2026-09-21/vllm/dataset-mbpp.model-qwen3.5-9b.alpha4.0.steps100.blocks-1.prefetch-budget-20.rank-accept_first.cut-entropy4.0.samples20.maxnew1024.seed10086.subtreePrefetch.vllm.log,235,2,83,0.6608816246740222
/Users/jiangnanhugo/workspace/power-sharpening/Subtree-Prefetching-Power-Sharpening/case_studies/logs-entropycut/mbpp/2026-09-21/vllm/dataset-mbpp.model-qwen3.5-9b.alpha4.0.steps100.blocks-1.prefetch-budget-20.rank-accept_first.cut-entropy4.0.samples20.maxnew1024.seed10086.subtreePrefetch.vllm.log,235,3,83,0.6608816246740222
/Users/jiangnanhugo/workspace/power-sharpening/Subtree-Prefetching-Power-Sharpening/case_studies/logs-entropycut/mbpp/2026-09-21/vllm/dataset-mbpp.model-qwen3.5-9b.alpha4.0.steps100.blocks-1.prefetch-budget-20.rank-accept_first.cut-entropy4.0.samples20.maxnew1024.seed10086.subtreePrefetch.vllm.log,235,4,83,0.6608816246740222
/Users/jiangnanhugo/workspace/power-sharpening/Subtree-Prefetching-Power-Sharpening/case_studies/logs-entropycut/mbpp/2026-09-21/vllm/dataset-mbpp.model-qwen3.5-9b.alpha4.0.steps100.blocks-1.prefetch-budget-20.rank-accept_first.cut-entropy4.0.samples20.maxnew1024.seed10086.subtreePrefetch.vllm.log,235,5,83,0.6608816246740222
/Users/jiangnanhugo/workspace/power-sharpening/Subtree-Prefetching-Power-Sharpening/case_studies/logs-entropycut/mbpp/2026-09-21/vllm/dataset-mbpp.model-qwen3.5-9b.alpha4.0.steps100.blocks-1.prefetch-budget-20.rank-accept_first.cut-entropy4.0.samples20.maxnew1024.seed10086.subtreePrefetch.vllm.log,235,6,83,0.6608816246740222
/Users/jiangnanhugo/workspace/power-sharpening/Subtree-Prefetching-Power-Sharpening/case_studies/logs-entropycut/mbpp/2026-09-21/vllm/dataset-mbpp.model-qwen3.5-9b.alpha4.0.steps100.blocks-1.prefetch-budget-20.rank-accept_first.cut-entropy4.0.samples20.maxnew1024.seed10086.subtreePrefetch.vllm.log,235,7,83,0.6608816246740222
/Users/jiangnanhugo/workspace/power-sharpening/Subtree-Prefetching-Power-Sharpening/case_studies/logs-entropycut/mbpp/2026-09-21/vllm/dataset-mbpp.model-qwen3.5-9b.alpha4.0.steps100.blocks-1.prefetch-budget-20.rank-accept_first.cut-entropy4.0.samples20.maxnew1024.seed10086.subtreePrefetch.vllm.log,235,8,83,0.6608816246740222
/Users/jiangnanhugo/workspace/power-sharpening/Subtree-Prefetching-Power-Sharpening/case_studies/logs-entropycut/mbpp/2026-09-21/vllm/dataset-mbpp.model-qwen3.5-9b.alpha4.0.steps100.blocks-1.prefetch-budget-20.rank-accept_first.cut-entropy4.0.samples20.maxnew1024.seed10086.subtreePrefetch.vllm.log,235,9,83,0.6608816246740222
/Users/jiangnanhugo/workspace/power-sharpening/Subtree-Prefetching-Power-Sharpening/case_studies/logs-entropycut/mbpp/2026-09-21/vllm/dataset-mbpp.model-qwen3.5-9b.alpha4.0.steps100.blocks-1.prefetch-budget-20.rank-accept_first.cut-entropy4.0.samples20.maxnew1024.seed10086.subtreePrefetch.vllm.log,235,10,83,0.6608816246740222
/Users/jiangnanhugo/workspace/power-sharpening/Subtree-Prefetching-Power-Sharpening/case_studies/logs-entropycut/mbpp/2026-09-21/vllm/dataset-mbpp.model-qwen3.5-9b.alpha4.0.steps100.blocks-1.prefetch-budget-20.rank-accept_first.cut-entropy4.0.samples20.maxnew1024.seed10086.subtreePrefetch.vllm.log,235,11,83,0.6608816246740222
/Users/jiangnanhugo/workspace/power-sharpening/Subtree-Prefetching-Power-Sharpening/case_studies/logs-entropycut/mbpp/2026-09-21/vllm/dataset-mbpp.model-qwen3.5-9b.alpha4.0.steps100.blocks-1.prefetch-budget-20.rank-accept_first.cut-entropy4.0.samples20.maxnew1024.seed10086.subtreePrefetch.vllm.log,235,12,83,0.6608816246740222
/Users/jiangnanhugo/workspace/power-sharpening/Subtree-Prefetching-Power-Sharpening/case_studies/logs-entropycut/mbpp/2026-09-21/vllm/dataset-mbpp.model-qwen3.5-9b.alpha4.0.steps100.blocks-1.prefetch-budget-20.rank-accept_first.cut-entropy4.0.samples20.maxnew1024.seed10086.subtreePrefetch.vllm.log,235,13,83,0.6608816246740222
/Users/jiangnanhugo/workspace/power-sharpening/Subtree-Prefetching-Power-Sharpening/case_studies/logs-entropycut/mbpp/2026-09-21/vllm/dataset-mbpp.model-qwen3.5-9b.alpha4.0.steps100.blocks-1.prefetch-budget-20.rank-accept_first.cut-entropy4.0.samples20.maxnew1024.seed10086.subtreePrefetch.vllm.log,235,14,83,0.6608816246740222
/Users/jiangnanhugo/workspace/power-sharpening/Subtree-Prefetching-Power-Sharpening/case_studies/logs-entropycut/mbpp/2026-09-21/vllm/dataset-mbpp.model-qwen3.5-9b.alpha4.0.steps100.blocks-1.prefetch-budget-20.rank-accept_first.cut-entropy4.0.samples20.maxnew1024.seed10086.subtreePrefetch.vllm.log,235,15,34,0.017031080807090555
/Users/jiangnanhugo/workspace/power-sharpening/Subtree-Prefetching-Power-Sharpening/case_studies/logs-entropycut/mbpp/2026-09-21/vllm/dataset-mbpp.model-qwen3.5-9b.alpha4.0.steps100.blocks-1.prefetch-budget-20.rank-accept_first.cut-entropy4.0.samples20.maxnew1024.seed10086.subtreePrefetch.vllm.log,235,16,83,0.6608816246740222
/Users/jiangnanhugo/workspace/power-sharpening/Subtree-Prefetching-Power-Sharpening/case_studies/logs-entropycut/mbpp/2026-09-21/vllm/dataset-mbpp.model-qwen3.5-9b.alpha4.0.steps100.blocks-1.prefetch-budget-20.rank-accept_first.cut-entropy4.0.samples20.maxnew1024.seed10086.subtreePrefetch.vllm.log,235,17,83,0.6608816246740222
/Users/jiangnanhugo/workspace/power-sharpening/Subtree-Prefetching-Power-Sharpening/case_studies/logs-entropycut/mbpp/2026-09-21/vllm/dataset-mbpp.model-qwen3.5-9b.alpha4.0.steps100.blocks-1.prefetch-budget-20.rank-accept_first.cut-entropy4.0.samples20.maxnew1024.seed10086.subtreePrefetch.vllm.log,235,18,83,0.6608816246740222
/Users/jiangnanhugo/workspace/power-sharpening/Subtree-Prefetching-Power-Sharpening/case_studies/logs-entropycut/mbpp/2026-09-21/vllm/dataset-mbpp.model-qwen3.5-9b.alpha4.0.steps100.blocks-1.prefetch-budget-20.rank-accept_first.cut-entropy4.0.samples20.maxnew1024.seed10086.subtreePrefetch.vllm.log,235,19,83,0.6608816246740222
/Users/jiangnanhugo/workspace/power-sharpening/Subtree-Prefetching-Power-Sharpening/case_studies/logs-entropycut/mbpp/2026-09-21/vllm/dataset-mbpp.model-qwen3.5-9b.alpha4.0.steps100.blocks-1.prefetch-budget-20.rank-accept_first.cut-entropy4.0.samples20.maxnew1024.seed10086.subtreePrefetch.vllm.log,236,0,120,0.19175807228442038
/Users/jiangnanhugo/workspace/power-sharpening/Subtree-Prefetching-Power-Sharpening/case_studies/logs-entropycut/mbpp/2026-09-21/vllm/dataset-mbpp.model-qwen3.5-9b.alpha4.0.steps100.blocks-1.prefetch-budget-20.rank-accept_first.cut-entropy4.0.samples20.maxnew1024.seed10086.subtreePrefetch.vllm.log,236,1,120,0.19175807228442038
/Users/jiangnanhugo/workspace/power-sharpening/Subtree-Prefetching-Power-Sharpening/case_studies/logs-entropycut/mbpp/2026-09-21/vllm/dataset-mbpp.model-qwen3.5-9b.alpha4.0.steps100.blocks-1.prefetch-budget-20.rank-accept_first.cut-entropy4.0.samples20.maxnew1024.seed10086.subtreePrefetch.vllm.log,236,2,83,0.6608816246740228
/Users/jiangnanhugo/workspace/power-sharpening/Subtree-Prefetching-Power-Sharpening/case_studies/logs-entropycut/mbpp/2026-09-21/vllm/dataset-mbpp.model-qwen3.5-9b.alpha4.0.steps100.blocks-1.prefetch-budget-20.rank-accept_first.cut-entropy4.0.samples20.maxnew1024.seed10086.subtreePrefetch.vllm.log,236,3,83,0.6608816246740228
/Users/jiangnanhugo/workspace/power-sharpening/Subtree-Prefetching-Power-Sharpening/case_studies/logs-entropycut/mbpp/2026-09-21/vllm/dataset-mbpp.model-qwen3.5-9b.alpha4.0.steps100.blocks-1.prefetch-budget-20.rank-accept_first.cut-entropy4.0.samples20.maxnew1024.seed10086.subtreePrefetch.vllm.log,236,4,83,0.6608816246740228
/Users/jiangnanhugo/workspace/power-sharpening/Subtree-Prefetching-Power-Sharpening/case_studies/logs-entropycut/mbpp/2026-09-21/vllm/dataset-mbpp.model-qwen3.5-9b.alpha4.0.steps100.blocks-1.prefetch-budget-20.rank-accept_first.cut-entropy4.0.samples20.maxnew1024.seed10086.subtreePrefetch.vllm.log,236,5,83,0.6608816246740228
/Users/jiangnanhugo/workspace/power-sharpening/Subtree-Prefetching-Power-Sharpening/case_studies/logs-entropycut/mbpp/2026-09-21/vllm/dataset-mbpp.model-qwen3.5-9b.alpha4.0.steps100.blocks-1.prefetch-budget-20.rank-accept_first.cut-entropy4.0.samples20.maxnew1024.seed10086.subtreePrefetch.vllm.log,236,6,83,0.6608816246740228
/Users/jiangnanhugo/workspace/power-sharpening/Subtree-Prefetching-Power-Sharpening/case_studies/logs-entropycut/mbpp/2026-09-21/vllm/dataset-mbpp.model-qwen3.5-9b.alpha4.0.steps100.blocks-1.prefetch-budget-20.rank-accept_first.cut-entropy4.0.samples20.maxnew1024.seed10086.subtreePrefetch.vllm.log,236,7,83,0.6608816246740228
/Users/jiangnanhugo/workspace/power-sharpening/Subtree-Prefetching-Power-Sharpening/case_studies/logs-entropycut/mbpp/2026-09-21/vllm/dataset-mbpp.model-qwen3.5-9b.alpha4.0.steps100.blocks-1.prefetch-budget-20.rank-accept_first.cut-entropy4.0.samples20.maxnew1024.seed10086.subtreePrefetch.vllm.log,236,8,83,0.6608816246740228
/Users/jiangnanhugo/workspace/power-sharpening/Subtree-Prefetching-Power-Sharpening/case_studies/logs-entropycut/mbpp/2026-09-21/vllm/dataset-mbpp.model-qwen3.5-9b.alpha4.0.steps100.blocks-1.prefetch-budget-20.rank-accept_first.cut-entropy4.0.samples20.maxnew1024.seed10086.subtreePrefetch.vllm.log,236,9,83,0.6608816246740228
/Users/jiangnanhugo/workspace/power-sharpening/Subtree-Prefetching-Power-Sharpening/case_studies/logs-entropycut/mbpp/2026-09-21/vllm/dataset-mbpp.model-qwen3.5-9b.alpha4.0.steps100.blocks-1.prefetch-budget-20.rank-accept_first.cut-entropy4.0.samples20.maxnew1024.seed10086.subtreePrefetch.vllm.log,236,10,83,0.6608816246740228
/Users/jiangnanhugo/workspace/power-sharpening/Subtree-Prefetching-Power-Sharpening/case_studies/logs-entropycut/mbpp/2026-09-21/vllm/dataset-mbpp.model-qwen3.5-9b.alpha4.0.steps100.blocks-1.prefetch-budget-20.rank-accept_first.cut-entropy4.0.samples20.maxnew1024.seed10086.subtreePrefetch.vllm.log,236,11,83,0.6608816246740228
/Users/jiangnanhugo/workspace/power-sharpening/Subtree-Prefetching-Power-Sharpening/case_studies/logs-entropycut/mbpp/2026-09-21/vllm/dataset-mbpp.model-qwen3.5-9b.alpha4.0.steps100.blocks-1.prefetch-budget-20.rank-accept_first.cut-entropy4.0.samples20.maxnew1024.seed10086.subtreePrefetch.vllm.log,236,12,83,0.6608816246740228
/Users/jiangnanhugo/workspace/power-sharpening/Subtree-Prefetching-Power-Sharpening/case_studies/logs-entropycut/mbpp/2026-09-21/vllm/dataset-mbpp.model-qwen3.5-9b.alpha4.0.steps100.blocks-1.prefetch-budget-20.rank-accept_first.cut-entropy4.0.samples20.maxnew1024.seed10086.subtreePrefetch.vllm.log,236,13,83,0.6608816246740228
/Users/jiangnanhugo/workspace/power-sharpening/Subtree-Prefetching-Power-Sharpening/case_studies/logs-entropycut/mbpp/2026-09-21/vllm/dataset-mbpp.model-qwen3.5-9b.alpha4.0.steps100.blocks-1.prefetch-budget-20.rank-accept_first.cut-entropy4.0.samples20.maxnew1024.seed10086.subtreePrefetch.vllm.log,236,14,83,0.6608816246740228
/Users/jiangnanhugo/workspace/power-sharpening/Subtree-Prefetching-Power-Sharpening/case_studies/logs-entropycut/mbpp/2026-09-21/vllm/dataset-mbpp.model-qwen3.5-9b.alpha4.0.steps100.blocks-1.prefetch-budget-20.rank-accept_first.cut-entropy4.0.samples20.maxnew1024.seed10086.subtreePrefetch.vllm.log,236,15,83,0.6608816246740228
/Users/jiangnanhugo/workspace/power-sharpening/Subtree-Prefetching-Power-Sharpening/case_studies/logs-entropycut/mbpp/2026-09-21/vllm/dataset-mbpp.model-qwen3.5-9b.alpha4.0.steps100.blocks-1.prefetch-budget-20.rank-accept_first.cut-entropy4.0.samples20.maxnew1024.seed10086.subtreePrefetch.vllm.log,236,16,83,0.6608816246740228
/Users/jiangnanhugo/workspace/power-sharpening/Subtree-Prefetching-Power-Sharpening/case_studies/logs-entropycut/mbpp/2026-09-21/vllm/dataset-mbpp.model-qwen3.5-9b.alpha4.0.steps100.blocks-1.prefetch-budget-20.rank-accept_first.cut-entropy4.0.samples20.maxnew1024.seed10086.subtreePrefetch.vllm.log,236,17,47,0.005506983577665674
/Users/jiangnanhugo/workspace/power-sharpening/Subtree-Prefetching-Power-Sharpening/case_studies/logs-entropycut/mbpp/2026-09-21/vllm/dataset-mbpp.model-qwen3.5-9b.alpha4.0.steps100.blocks-1.prefetch-budget-20.rank-accept_first.cut-entropy4.0.samples20.maxnew1024.seed10086.subtreePrefetch.vllm.log,236,18,83,0.6608816246740228
/Users/jiangnanhugo/workspace/power-sharpening/Subtree-Prefetching-Power-Sharpening/case_studies/logs-entropycut/mbpp/2026-09-21/vllm/dataset-mbpp.model-qwen3.5-9b.alpha4.0.steps100.blocks-1.prefetch-budget-20.rank-accept_first.cut-entropy4.0.samples20.maxnew1024.seed10086.subtreePrefetch.vllm.log,236,19,83,0.6608816246740228
/Users/jiangnanhugo/workspace/power-sharpening/Subtree-Prefetching-Power-Sharpening/case_studies/logs-entropycut/mbpp/2026-09-21/vllm/dataset-mbpp.model-qwen3.5-9b.alpha4.0.steps100.blocks-1.prefetch-budget-20.rank-accept_first.cut-entropy4.0.samples20.maxnew1024.seed10086.subtreePrefetch.vllm.log,237,0,120,0.1917580722844202
/Users/jiangnanhugo/workspace/power-sharpening/Subtree-Prefetching-Power-Sharpening/case_studies/logs-entropycut/mbpp/2026-09-21/vllm/dataset-mbpp.model-qwen3.5-9b.alpha4.0.steps100.blocks-1.prefetch-budget-20.rank-accept_first.cut-entropy4.0.samples20.maxnew1024.seed10086.subtreePrefetch.vllm.log,237,1,83,0.6608816246740222
/Users/jiangnanhugo/workspace/power-sharpening/Subtree-Prefetching-Power-Sharpening/case_studies/logs-entropycut/mbpp/2026-09-21/vllm/dataset-mbpp.model-qwen3.5-9b.alpha4.0.steps100.blocks-1.prefetch-budget-20.rank-accept_first.cut-entropy4.0.samples20.maxnew1024.seed10086.subtreePrefetch.vllm.log,237,2,83,0.6608816246740222
/Users/jiangnanhugo/workspace/power-sharpening/Subtree-Prefetching-Power-Sharpening/case_studies/logs-entropycut/mbpp/2026-09-21/vllm/dataset-mbpp.model-qwen3.5-9b.alpha4.0.steps100.blocks-1.prefetch-budget-20.rank-accept_first.cut-entropy4.0.samples20.maxnew1024.seed10086.subtreePrefetch.vllm.log,237,3,83,0.6608816246740222
/Users/jiangnanhugo/workspace/power-sharpening/Subtree-Prefetching-Power-Sharpening/case_studies/logs-entropycut/mbpp/2026-09-21/vllm/dataset-mbpp.model-qwen3.5-9b.alpha4.0.steps100.blocks-1.prefetch-budget-20.rank-accept_first.cut-entropy4.0.samples20.maxnew1024.seed10086.subtreePrefetch.vllm.log,237,4,83,0.6608816246740222
/Users/jiangnanhugo/workspace/power-sharpening/Subtree-Prefetching-Power-Sharpening/case_studies/logs-entropycut/mbpp/2026-09-21/vllm/dataset-mbpp.model-qwen3.5-9b.alpha4.0.steps100.blocks-1.prefetch-budget-20.rank-accept_first.cut-entropy4.0.samples20.maxnew1024.seed10086.subtreePrefetch.vllm.log,237,5,83,0.6608816246740222
/Users/jiangnanhugo/workspace/power-sharpening/Subtree-Prefetching-Power-Sharpening/case_studies/logs-entropycut/mbpp/2026-09-21/vllm/dataset-mbpp.model-qwen3.5-9b.alpha4.0.steps100.blocks-1.prefetch-budget-20.rank-accept_first.cut-entropy4.0.samples20.maxnew1024.seed10086.subtreePrefetch.vllm.log,237,6,83,0.6608816246740222
/Users/jiangnanhugo/workspace/power-sharpening/Subtree-Prefetching-Power-Sharpening/case_studies/logs-entropycut/mbpp/2026-09-21/vllm/dataset-mbpp.model-qwen3.5-9b.alpha4.0.steps100.blocks-1.prefetch-budget-20.rank-accept_first.cut-entropy4.0.samples20.maxnew1024.seed10086.subtreePrefetch.vllm.log,237,7,83,0.6608816246740222
/Users/jiangnanhugo/workspace/power-sharpening/Subtree-Prefetching-Power-Sharpening/case_studies/logs-entropycut/mbpp/2026-09-21/vllm/dataset-mbpp.model-qwen3.5-9b.alpha4.0.steps100.blocks-1.prefetch-budget-20.rank-accept_first.cut-entropy4.0.samples20.maxnew1024.seed10086.subtreePrefetch.vllm.log,237,8,83,0.6608816246740222
/Users/jiangnanhugo/workspace/power-sharpening/Subtree-Prefetching-Power-Sharpening/case_studies/logs-entropycut/mbpp/2026-09-21/vllm/dataset-mbpp.model-qwen3.5-9b.alpha4.0.steps100.blocks-1.prefetch-budget-20.rank-accept_first.cut-entropy4.0.samples20.maxnew1024.seed10086.subtreePrefetch.vllm.log,237,9,83,0.6608816246740222
/Users/jiangnanhugo/workspace/power-sharpening/Subtree-Prefetching-Power-Sharpening/case_studies/logs-entropycut/mbpp/2026-09-21/vllm/dataset-mbpp.model-qwen3.5-9b.alpha4.0.steps100.blocks-1.prefetch-budget-20.rank-accept_first.cut-entropy4.0.samples20.maxnew1024.seed10086.subtreePrefetch.vllm.log,237,10,83,0.6608816246740222
/Users/jiangnanhugo/workspace/power-sharpening/Subtree-Prefetching-Power-Sharpening/case_studies/logs-entropycut/mbpp/2026-09-21/vllm/dataset-mbpp.model-qwen3.5-9b.alpha4.0.steps100.blocks-1.prefetch-budget-20.rank-accept_first.cut-entropy4.0.samples20.maxnew1024.seed10086.subtreePrefetch.vllm.log,237,11,83,0.6608816246740222
/Users/jiangnanhugo/workspace/power-sharpening/Subtree-Prefetching-Power-Sharpening/case_studies/logs-entropycut/mbpp/2026-09-21/vllm/dataset-mbpp.model-qwen3.5-9b.alpha4.0.steps100.blocks-1.prefetch-budget-20.rank-accept_first.cut-entropy4.0.samples20.maxnew1024.seed10086.subtreePrefetch.vllm.log,237,12,83,0.6608816246740222
/Users/jiangnanhugo/workspace/power-sharpening/Subtree-Prefetching-Power-Sharpening/case_studies/logs-entropycut/mbpp/2026-09-21/vllm/dataset-mbpp.model-qwen3.5-9b.alpha4.0.steps100.blocks-1.prefetch-budget-20.rank-accept_first.cut-entropy4.0.samples20.maxnew1024.seed10086.subtreePrefetch.vllm.log,237,13,83,0.6608816246740222
/Users/jiangnanhugo/workspace/power-sharpening/Subtree-Prefetching-Power-Sharpening/case_studies/logs-entropycut/mbpp/2026-09-21/vllm/dataset-mbpp.model-qwen3.5-9b.alpha4.0.steps100.blocks-1.prefetch-budget-20.rank-accept_first.cut-entropy4.0.samples20.maxnew1024.seed10086.subtreePrefetch.vllm.log,237,14,83,0.6608816246740222
/Users/jiangnanhugo/workspace/power-sharpening/Subtree-Prefetching-Power-Sharpening/case_studies/logs-entropycut/mbpp/2026-09-21/vllm/dataset-mbpp.model-qwen3.5-9b.alpha4.0.steps100.blocks-1.prefetch-budget-20.rank-accept_first.cut-entropy4.0.samples20.maxnew1024.seed10086.subtreePrefetch.vllm.log,237,15,120,0.1917580722844202
/Users/jiangnanhugo/workspace/power-sharpening/Subtree-Prefetching-Power-Sharpening/case_studies/logs-entropycut/mbpp/2026-09-21/vllm/dataset-mbpp.model-qwen3.5-9b.alpha4.0.steps100.blocks-1.prefetch-budget-20.rank-accept_first.cut-entropy4.0.samples20.maxnew1024.seed10086.subtreePrefetch.vllm.log,237,16,83,0.6608816246740222
/Users/jiangnanhugo/workspace/power-sharpening/Subtree-Prefetching-Power-Sharpening/case_studies/logs-entropycut/mbpp/2026-09-21/vllm/dataset-mbpp.model-qwen3.5-9b.alpha4.0.steps100.blocks-1.prefetch-budget-20.rank-accept_first.cut-entropy4.0.samples20.maxnew1024.seed10086.subtreePrefetch.vllm.log,237,17,83,0.6608816246740222
/Users/jiangnanhugo/workspace/power-sharpening/Subtree-Prefetching-Power-Sharpening/case_studies/logs-entropycut/mbpp/2026-09-21/vllm/dataset-mbpp.model-qwen3.5-9b.alpha4.0.steps100.blocks-1.prefetch-budget-20.rank-accept_first.cut-entropy4.0.samples20.maxnew1024.seed10086.subtreePrefetch.vllm.log,237,18,83,0.6608816246740222
/Users/jiangnanhugo/workspace/power-sharpening/Subtree-Prefetching-Power-Sharpening/case_studies/logs-entropycut/mbpp/2026-09-21/vllm/dataset-mbpp.model-qwen3.5-9b.alpha4.0.steps100.blocks-1.prefetch-budget-20.rank-accept_first.cut-entropy4.0.samples20.maxnew1024.seed10086.subtreePrefetch.vllm.log,237,19,83,0.6608816246740222
/Users/jiangnanhugo/workspace/power-sharpening/Subtree-Prefetching-Power-Sharpening/case_studies/logs-entropycut/mbpp/2026-09-21/vllm/dataset-mbpp.model-qwen3.5-9b.alpha4.0.steps100.blocks-1.prefetch-budget-20.rank-accept_first.cut-entropy4.0.samples20.maxnew1024.seed10086.subtreePrefetch.vllm.log,238,0,83,0.6608816246740222
/Users/jiangnanhugo/workspace/power-sharpening/Subtree-Prefetching-Power-Sharpening/case_studies/logs-entropycut/mbpp/2026-09-21/vllm/dataset-mbpp.model-qwen3.5-9b.alpha4.0.steps100.blocks-1.prefetch-budget-20.rank-accept_first.cut-entropy4.0.samples20.maxnew1024.seed10086.subtreePrefetch.vllm.log,238,1,83,0.6608816246740222
/Users/jiangnanhugo/workspace/power-sharpening/Subtree-Prefetching-Power-Sharpening/case_studies/logs-entropycut/mbpp/2026-09-21/vllm/dataset-mbpp.model-qwen3.5-9b.alpha4.0.steps100.blocks-1.prefetch-budget-20.rank-accept_first.cut-entropy4.0.samples20.maxnew1024.seed10086.subtreePrefetch.vllm.log,238,2,83,0.6608816246740222
/Users/jiangnanhugo/workspace/power-sharpening/Subtree-Prefetching-Power-Sharpening/case_studies/logs-entropycut/mbpp/2026-09-21/vllm/dataset-mbpp.model-qwen3.5-9b.alpha4.0.steps100.blocks-1.prefetch-budget-20.rank-accept_first.cut-entropy4.0.samples20.maxnew1024.seed10086.subtreePrefetch.vllm.log,238,3,34,0.017031080807090555
/Users/jiangnanhugo/workspace/power-sharpening/Subtree-Prefetching-Power-Sharpening/case_studies/logs-entropycut/mbpp/2026-09-21/vllm/dataset-mbpp.model-qwen3.5-9b.alpha4.0.steps100.blocks-1.prefetch-budget-20.rank-accept_first.cut-entropy4.0.samples20.maxnew1024.seed10086.subtreePrefetch.vllm.log,238,4,83,0.6608816246740222
/Users/jiangnanhugo/workspace/power-sharpening/Subtree-Prefetching-Power-Sharpening/case_studies/logs-entropycut/mbpp/2026-09-21/vllm/dataset-mbpp.model-qwen3.5-9b.alpha4.0.steps100.blocks-1.prefetch-budget-20.rank-accept_first.cut-entropy4.0.samples20.maxnew1024.seed10086.subtreePrefetch.vllm.log,238,5,83,0.6608816246740222
/Users/jiangnanhugo/workspace/power-sharpening/Subtree-Prefetching-Power-Sharpening/case_studies/logs-entropycut/mbpp/2026-09-21/vllm/dataset-mbpp.model-qwen3.5-9b.alpha4.0.steps100.blocks-1.prefetch-budget-20.rank-accept_first.cut-entropy4.0.samples20.maxnew1024.seed10086.subtreePrefetch.vllm.log,238,6,83,0.6608816246740222
/Users/jiangnanhugo/workspace/power-sharpening/Subtree-Prefetching-Power-Sharpening/case_studies/logs-entropycut/mbpp/2026-09-21/vllm/dataset-mbpp.model-qwen3.5-9b.alpha4.0.steps100.blocks-1.prefetch-budget-20.rank-accept_first.cut-entropy4.0.samples20.maxnew1024.seed10086.subtreePrefetch.vllm.log,238,7,83,0.6608816246740222
/Users/jiangnanhugo/workspace/power-sharpening/Subtree-Prefetching-Power-Sharpening/case_studies/logs-entropycut/mbpp/2026-09-21/vllm/dataset-mbpp.model-qwen3.5-9b.alpha4.0.steps100.blocks-1.prefetch-budget-20.rank-accept_first.cut-entropy4.0.samples20.maxnew1024.seed10086.subtreePrefetch.vllm.log,238,8,83,0.6608816246740222
/Users/jiangnanhugo/workspace/power-sharpening/Subtree-Prefetching-Power-Sharpening/case_studies/logs-entropycut/mbpp/2026-09-21/vllm/dataset-mbpp.model-qwen3.5-9b.alpha4.0.steps100.blocks-1.prefetch-budget-20.rank-accept_first.cut-entropy4.0.samples20.maxnew1024.seed10086.subtreePrefetch.vllm.log,238,9,83,0.6608816246740222
/Users/jiangnanhugo/workspace/power-sharpening/Subtree-Prefetching-Power-Sharpening/case_studies/logs-entropycut/mbpp/2026-09-21/vllm/dataset-mbpp.model-qwen3.5-9b.alpha4.0.steps100.blocks-1.prefetch-budget-20.rank-accept_first.cut-entropy4.0.samples20.maxnew1024.seed10086.subtreePrefetch.vllm.log,238,10,83,0.6608816246740222
/Users/jiangnanhugo/workspace/power-sharpening/Subtree-Prefetching-Power-Sharpening/case_studies/logs-entropycut/mbpp/2026-09-21/vllm/dataset-mbpp.model-qwen3.5-9b.alpha4.0.steps100.blocks-1.prefetch-budget-20.rank-accept_first.cut-entropy4.0.samples20.maxnew1024.seed10086.subtreePrefetch.vllm.log,238,11,83,0.6608816246740222
/Users/jiangnanhugo/workspace/power-sharpening/Subtree-Prefetching-Power-Sharpening/case_studies/logs-entropycut/mbpp/2026-09-21/vllm/dataset-mbpp.model-qwen3.5-9b.alpha4.0.steps100.blocks-1.prefetch-budget-20.rank-accept_first.cut-entropy4.0.samples20.maxnew1024.seed10086.subtreePrefetch.vllm.log,238,12,83,0.6608816246740222
/Users/jiangnanhugo/workspace/power-sharpening/Subtree-Prefetching-Power-Sharpening/case_studies/logs-entropycut/mbpp/2026-09-21/vllm/dataset-mbpp.model-qwen3.5-9b.alpha4.0.steps100.blocks-1.prefetch-budget-20.rank-accept_first.cut-entropy4.0.samples20.maxnew1024.seed10086.subtreePrefetch.vllm.log,238,13,83,0.6608816246740222
/Users/jiangnanhugo/workspace/power-sharpening/Subtree-Prefetching-Power-Sharpening/case_studies/logs-entropycut/mbpp/2026-09-21/vllm/dataset-mbpp.model-qwen3.5-9b.alpha4.0.steps100.blocks-1.prefetch-budget-20.rank-accept_first.cut-entropy4.0.samples20.maxnew1024.seed10086.subtreePrefetch.vllm.log,238,14,83,0.6608816246740222
/Users/jiangnanhugo/workspace/power-sharpening/Subtree-Prefetching-Power-Sharpening/case_studies/logs-entropycut/mbpp/2026-09-21/vllm/dataset-mbpp.model-qwen3.5-9b.alpha4.0.steps100.blocks-1.prefetch-budget-20.rank-accept_first.cut-entropy4.0.samples20.maxnew1024.seed10086.subtreePrefetch.vllm.log,238,15,83,0.6608816246740222
/Users/jiangnanhugo/workspace/power-sharpening/Subtree-Prefetching-Power-Sharpening/case_studies/logs-entropycut/mbpp/2026-09-21/vllm/dataset-mbpp.model-qwen3.5-9b.alpha4.0.steps100.blocks-1.prefetch-budget-20.rank-accept_first.cut-entropy4.0.samples20.maxnew1024.seed10086.subtreePrefetch.vllm.log,238,16,83,0.6608816246740222
/Users/jiangnanhugo/workspace/power-sharpening/Subtree-Prefetching-Power-Sharpening/case_studies/logs-entropycut/mbpp/2026-09-21/vllm/dataset-mbpp.model-qwen3.5-9b.alpha4.0.steps100.blocks-1.prefetch-budget-20.rank-accept_first.cut-entropy4.0.samples20.maxnew1024.seed10086.subtreePrefetch.vllm.log,238,17,83,0.6608816246740222
/Users/jiangnanhugo/workspace/power-sharpening/Subtree-Prefetching-Power-Sharpening/case_studies/logs-entropycut/mbpp/2026-09-21/vllm/dataset-mbpp.model-qwen3.5-9b.alpha4.0.steps100.blocks-1.prefetch-budget-20.rank-accept_first.cut-entropy4.0.samples20.maxnew1024.seed10086.subtreePrefetch.vllm.log,238,18,83,0.6608816246740222
/Users/jiangnanhugo/workspace/power-sharpening/Subtree-Prefetching-Power-Sharpening/case_studies/logs-entropycut/mbpp/2026-09-21/vllm/dataset-mbpp.model-qwen3.5-9b.alpha4.0.steps100.blocks-1.prefetch-budget-20.rank-accept_first.cut-entropy4.0.samples20.maxnew1024.seed10086.subtreePrefetch.vllm.log,238,19,83,0.6608816246740222
/Users/jiangnanhugo/workspace/power-sharpening/Subtree-Prefetching-Power-Sharpening/case_studies/logs-entropycut/mbpp/2026-09-21/vllm/dataset-mbpp.model-qwen3.5-9b.alpha4.0.steps100.blocks-1.prefetch-budget-20.rank-accept_first.cut-entropy4.0.samples20.maxnew1024.seed10086.subtreePrefetch.vllm.log,239,0,83,0.6608816246740228
/Users/jiangnanhugo/workspace/power-sharpening/Subtree-Prefetching-Power-Sharpening/case_studies/logs-entropycut/mbpp/2026-09-21/vllm/dataset-mbpp.model-qwen3.5-9b.alpha4.0.steps100.blocks-1.prefetch-budget-20.rank-accept_first.cut-entropy4.0.samples20.maxnew1024.seed10086.subtreePrefetch.vllm.log,239,1,83,0.6608816246740228
/Users/jiangnanhugo/workspace/power-sharpening/Subtree-Prefetching-Power-Sharpening/case_studies/logs-entropycut/mbpp/2026-09-21/vllm/dataset-mbpp.model-qwen3.5-9b.alpha4.0.steps100.blocks-1.prefetch-budget-20.rank-accept_first.cut-entropy4.0.samples20.maxnew1024.seed10086.subtreePrefetch.vllm.log,239,2,83,0.6608816246740228
/Users/jiangnanhugo/workspace/power-sharpening/Subtree-Prefetching-Power-Sharpening/case_studies/logs-entropycut/mbpp/2026-09-21/vllm/dataset-mbpp.model-qwen3.5-9b.alpha4.0.steps100.blocks-1.prefetch-budget-20.rank-accept_first.cut-entropy4.0.samples20.maxnew1024.seed10086.subtreePrefetch.vllm.log,239,3,83,0.6608816246740228
/Users/jiangnanhugo/workspace/power-sharpening/Subtree-Prefetching-Power-Sharpening/case_studies/logs-entropycut/mbpp/2026-09-21/vllm/dataset-mbpp.model-qwen3.5-9b.alpha4.0.steps100.blocks-1.prefetch-budget-20.rank-accept_first.cut-entropy4.0.samples20.maxnew1024.seed10086.subtreePrefetch.vllm.log,239,4,83,0.6608816246740228
/Users/jiangnanhugo/workspace/power-sharpening/Subtree-Prefetching-Power-Sharpening/case_studies/logs-entropycut/mbpp/2026-09-21/vllm/dataset-mbpp.model-qwen3.5-9b.alpha4.0.steps100.blocks-1.prefetch-budget-20.rank-accept_first.cut-entropy4.0.samples20.maxnew1024.seed10086.subtreePrefetch.vllm.log,239,5,83,0.6608816246740228
/Users/jiangnanhugo/workspace/power-sharpening/Subtree-Prefetching-Power-Sharpening/case_studies/logs-entropycut/mbpp/2026-09-21/vllm/dataset-mbpp.model-qwen3.5-9b.alpha4.0.steps100.blocks-1.prefetch-budget-20.rank-accept_first.cut-entropy4.0.samples20.maxnew1024.seed10086.subtreePrefetch.vllm.log,239,6,83,0.6608816246740228
/Users/jiangnanhugo/workspace/power-sharpening/Subtree-Prefetching-Power-Sharpening/case_studies/logs-entropycut/mbpp/2026-09-21/vllm/dataset-mbpp.model-qwen3.5-9b.alpha4.0.steps100.blocks-1.prefetch-budget-20.rank-accept_first.cut-entropy4.0.samples20.maxnew1024.seed10086.subtreePrefetch.vllm.log,239,7,83,0.6608816246740228
/Users/jiangnanhugo/workspace/power-sharpening/Subtree-Prefetching-Power-Sharpening/case_studies/logs-entropycut/mbpp/2026-09-21/vllm/dataset-mbpp.model-qwen3.5-9b.alpha4.0.steps100.blocks-1.prefetch-budget-20.rank-accept_first.cut-entropy4.0.samples20.maxnew1024.seed10086.subtreePrefetch.vllm.log,239,8,83,0.6608816246740228
/Users/jiangnanhugo/workspace/power-sharpening/Subtree-Prefetching-Power-Sharpening/case_studies/logs-entropycut/mbpp/2026-09-21/vllm/dataset-mbpp.model-qwen3.5-9b.alpha4.0.steps100.blocks-1.prefetch-budget-20.rank-accept_first.cut-entropy4.0.samples20.maxnew1024.seed10086.subtreePrefetch.vllm.log,239,9,83,0.6608816246740228
/Users/jiangnanhugo/workspace/power-sharpening/Subtree-Prefetching-Power-Sharpening/case_studies/logs-entropycut/mbpp/2026-09-21/vllm/dataset-mbpp.model-qwen3.5-9b.alpha4.0.steps100.blocks-1.prefetch-budget-20.rank-accept_first.cut-entropy4.0.samples20.maxnew1024.seed10086.subtreePrefetch.vllm.log,239,10,83,0.6608816246740228
/Users/jiangnanhugo/workspace/power-sharpening/Subtree-Prefetching-Power-Sharpening/case_studies/logs-entropycut/mbpp/2026-09-21/vllm/dataset-mbpp.model-qwen3.5-9b.alpha4.0.steps100.blocks-1.prefetch-budget-20.rank-accept_first.cut-entropy4.0.samples20.maxnew1024.seed10086.subtreePrefetch.vllm.log,239,11,83,0.6608816246740228
/Users/jiangnanhugo/workspace/power-sharpening/Subtree-Prefetching-Power-Sharpening/case_studies/logs-entropycut/mbpp/2026-09-21/vllm/dataset-mbpp.model-qwen3.5-9b.alpha4.0.steps100.blocks-1.prefetch-budget-20.rank-accept_first.cut-entropy4.0.samples20.maxnew1024.seed10086.subtreePrefetch.vllm.log,239,12,83,0.6608816246740228
/Users/jiangnanhugo/workspace/power-sharpening/Subtree-Prefetching-Power-Sharpening/case_studies/logs-entropycut/mbpp/2026-09-21/vllm/dataset-mbpp.model-qwen3.5-9b.alpha4.0.steps100.blocks-1.prefetch-budget-20.rank-accept_first.cut-entropy4.0.samples20.maxnew1024.seed10086.subtreePrefetch.vllm.log,239,13,83,0.6608816246740228
/Users/jiangnanhugo/workspace/power-sharpening/Subtree-Prefetching-Power-Sharpening/case_studies/logs-entropycut/mbpp/2026-09-21/vllm/dataset-mbpp.model-qwen3.5-9b.alpha4.0.steps100.blocks-1.prefetch-budget-20.rank-accept_first.cut-entropy4.0.samples20.maxnew1024.seed10086.subtreePrefetch.vllm.log,239,14,83,0.6608816246740228
/Users/jiangnanhugo/workspace/power-sharpening/Subtree-Prefetching-Power-Sharpening/case_studies/logs-entropycut/mbpp/2026-09-21/vllm/dataset-mbpp.model-qwen3.5-9b.alpha4.0.steps100.blocks-1.prefetch-budget-20.rank-accept_first.cut-entropy4.0.samples20.maxnew1024.seed10086.subtreePrefetch.vllm.log,239,15,83,0.6608816246740228
/Users/jiangnanhugo/workspace/power-sharpening/Subtree-Prefetching-Power-Sharpening/case_studies/logs-entropycut/mbpp/2026-09-21/vllm/dataset-mbpp.model-qwen3.5-9b.alpha4.0.steps100.blocks-1.prefetch-budget-20.rank-accept_first.cut-entropy4.0.samples20.maxnew1024.seed10086.subtreePrefetch.vllm.log,239,16,83,0.6608816246740228
/Users/jiangnanhugo/workspace/power-sharpening/Subtree-Prefetching-Power-Sharpening/case_studies/logs-entropycut/mbpp/2026-09-21/vllm/dataset-mbpp.model-qwen3.5-9b.alpha4.0.steps100.blocks-1.prefetch-budget-20.rank-accept_first.cut-entropy4.0.samples20.maxnew1024.seed10086.subtreePrefetch.vllm.log,239,17,83,0.6608816246740228
/Users/jiangnanhugo/workspace/power-sharpening/Subtree-Prefetching-Power-Sharpening/case_studies/logs-entropycut/mbpp/2026-09-21/vllm/dataset-mbpp.model-qwen3.5-9b.alpha4.0.steps100.blocks-1.prefetch-budget-20.rank-accept_first.cut-entropy4.0.samples20.maxnew1024.seed10086.subtreePrefetch.vllm.log,239,18,83,0.6608816246740228
/Users/jiangnanhugo/workspace/power-sharpening/Subtree-Prefetching-Power-Sharpening/case_studies/logs-entropycut/mbpp/2026-09-21/vllm/dataset-mbpp.model-qwen3.5-9b.alpha4.0.steps100.blocks-1.prefetch-budget-20.rank-accept_first.cut-entropy4.0.samples20.maxnew1024.seed10086.subtreePrefetch.vllm.log,239,19,83,0.6608816246740228
/Users/jiangnanhugo/workspace/power-sharpening/Subtree-Prefetching-Power-Sharpening/case_studies/logs-entropycut/mbpp/2026-09-21/vllm/dataset-mbpp.model-qwen3.5-9b.alpha4.0.steps100.blocks-1.prefetch-budget-20.rank-accept_first.cut-entropy4.0.samples20.maxnew1024.seed10086.subtreePrefetch.vllm.log,240,0,83,0.6608816246740228
/Users/jiangnanhugo/workspace/power-sharpening/Subtree-Prefetching-Power-Sharpening/case_studies/logs-entropycut/mbpp/2026-09-21/vllm/dataset-mbpp.model-qwen3.5-9b.alpha4.0.steps100.blocks-1.prefetch-budget-20.rank-accept_first.cut-entropy4.0.samples20.maxnew1024.seed10086.subtreePrefetch.vllm.log,240,1,83,0.6608816246740228
/Users/jiangnanhugo/workspace/power-sharpening/Subtree-Prefetching-Power-Sharpening/case_studies/logs-entropycut/mbpp/2026-09-21/vllm/dataset-mbpp.model-qwen3.5-9b.alpha4.0.steps100.blocks-1.prefetch-budget-20.rank-accept_first.cut-entropy4.0.samples20.maxnew1024.seed10086.subtreePrefetch.vllm.log,240,2,83,0.6608816246740228
/Users/jiangnanhugo/workspace/power-sharpening/Subtree-Prefetching-Power-Sharpening/case_studies/logs-entropycut/mbpp/2026-09-21/vllm/dataset-mbpp.model-qwen3.5-9b.alpha4.0.steps100.blocks-1.prefetch-budget-20.rank-accept_first.cut-entropy4.0.samples20.maxnew1024.seed10086.subtreePrefetch.vllm.log,240,3,83,0.6608816246740228
/Users/jiangnanhugo/workspace/power-sharpening/Subtree-Prefetching-Power-Sharpening/case_studies/logs-entropycut/mbpp/2026-09-21/vllm/dataset-mbpp.model-qwen3.5-9b.alpha4.0.steps100.blocks-1.prefetch-budget-20.rank-accept_first.cut-entropy4.0.samples20.maxnew1024.seed10086.subtreePrefetch.vllm.log,240,4,83,0.6608816246740228
/Users/jiangnanhugo/workspace/power-sharpening/Subtree-Prefetching-Power-Sharpening/case_studies/logs-entropycut/mbpp/2026-09-21/vllm/dataset-mbpp.model-qwen3.5-9b.alpha4.0.steps100.blocks-1.prefetch-budget-20.rank-accept_first.cut-entropy4.0.samples20.maxnew1024.seed10086.subtreePrefetch.vllm.log,240,5,83,0.6608816246740228
/Users/jiangnanhugo/workspace/power-sharpening/Subtree-Prefetching-Power-Sharpening/case_studies/logs-entropycut/mbpp/2026-09-21/vllm/dataset-mbpp.model-qwen3.5-9b.alpha4.0.steps100.blocks-1.prefetch-budget-20.rank-accept_first.cut-entropy4.0.samples20.maxnew1024.seed10086.subtreePrefetch.vllm.log,240,6,83,0.6608816246740228
/Users/jiangnanhugo/workspace/power-sharpening/Subtree-Prefetching-Power-Sharpening/case_studies/logs-entropycut/mbpp/2026-09-21/vllm/dataset-mbpp.model-qwen3.5-9b.alpha4.0.steps100.blocks-1.prefetch-budget-20.rank-accept_first.cut-entropy4.0.samples20.maxnew1024.seed10086.subtreePrefetch.vllm.log,240,7,83,0.6608816246740228
/Users/jiangnanhugo/workspace/power-sharpening/Subtree-Prefetching-Power-Sharpening/case_studies/logs-entropycut/mbpp/2026-09-21/vllm/dataset-mbpp.model-qwen3.5-9b.alpha4.0.steps100.blocks-1.prefetch-budget-20.rank-accept_first.cut-entropy4.0.samples20.maxnew1024.seed10086.subtreePrefetch.vllm.log,240,8,83,0.6608816246740228
/Users/jiangnanhugo/workspace/power-sharpening/Subtree-Prefetching-Power-Sharpening/case_studies/logs-entropycut/mbpp/2026-09-21/vllm/dataset-mbpp.model-qwen3.5-9b.alpha4.0.steps100.blocks-1.prefetch-budget-20.rank-accept_first.cut-entropy4.0.samples20.maxnew1024.seed10086.subtreePrefetch.vllm.log,240,9,83,0.6608816246740228
/Users/jiangnanhugo/workspace/power-sharpening/Subtree-Prefetching-Power-Sharpening/case_studies/logs-entropycut/mbpp/2026-09-21/vllm/dataset-mbpp.model-qwen3.5-9b.alpha4.0.steps100.blocks-1.prefetch-budget-20.rank-accept_first.cut-entropy4.0.samples20.maxnew1024.seed10086.subtreePrefetch.vllm.log,240,10,83,0.6608816246740228
/Users/jiangnanhugo/workspace/power-sharpening/Subtree-Prefetching-Power-Sharpening/case_studies/logs-entropycut/mbpp/2026-09-21/vllm/dataset-mbpp.model-qwen3.5-9b.alpha4.0.steps100.blocks-1.prefetch-budget-20.rank-accept_first.cut-entropy4.0.samples20.maxnew1024.seed10086.subtreePrefetch.vllm.log,240,11,83,0.6608816246740228
/Users/jiangnanhugo/workspace/power-sharpening/Subtree-Prefetching-Power-Sharpening/case_studies/logs-entropycut/mbpp/2026-09-21/vllm/dataset-mbpp.model-qwen3.5-9b.alpha4.0.steps100.blocks-1.prefetch-budget-20.rank-accept_first.cut-entropy4.0.samples20.maxnew1024.seed10086.subtreePrefetch.vllm.log,240,12,83,0.6608816246740228
/Users/jiangnanhugo/workspace/power-sharpening/Subtree-Prefetching-Power-Sharpening/case_studies/logs-entropycut/mbpp/2026-09-21/vllm/dataset-mbpp.model-qwen3.5-9b.alpha4.0.steps100.blocks-1.prefetch-budget-20.rank-accept_first.cut-entropy4.0.samples20.maxnew1024.seed10086.subtreePrefetch.vllm.log,240,13,83,0.6608816246740228
/Users/jiangnanhugo/workspace/power-sharpening/Subtree-Prefetching-Power-Sharpening/case_studies/logs-entropycut/mbpp/2026-09-21/vllm/dataset-mbpp.model-qwen3.5-9b.alpha4.0.steps100.blocks-1.prefetch-budget-20.rank-accept_first.cut-entropy4.0.samples20.maxnew1024.seed10086.subtreePrefetch.vllm.log,240,14,83,0.6608816246740228
/Users/jiangnanhugo/workspace/power-sharpening/Subtree-Prefetching-Power-Sharpening/case_studies/logs-entropycut/mbpp/2026-09-21/vllm/dataset-mbpp.model-qwen3.5-9b.alpha4.0.steps100.blocks-1.prefetch-budget-20.rank-accept_first.cut-entropy4.0.samples20.maxnew1024.seed10086.subtreePrefetch.vllm.log,240,15,83,0.6608816246740228
/Users/jiangnanhugo/workspace/power-sharpening/Subtree-Prefetching-Power-Sharpening/case_studies/logs-entropycut/mbpp/2026-09-21/vllm/dataset-mbpp.model-qwen3.5-9b.alpha4.0.steps100.blocks-1.prefetch-budget-20.rank-accept_first.cut-entropy4.0.samples20.maxnew1024.seed10086.subtreePrefetch.vllm.log,240,16,83,0.6608816246740228
/Users/jiangnanhugo/workspace/power-sharpening/Subtree-Prefetching-Power-Sharpening/case_studies/logs-entropycut/mbpp/2026-09-21/vllm/dataset-mbpp.model-qwen3.5-9b.alpha4.0.steps100.blocks-1.prefetch-budget-20.rank-accept_first.cut-entropy4.0.samples20.maxnew1024.seed10086.subtreePrefetch.vllm.log,240,17,83,0.6608816246740228
/Users/jiangnanhugo/workspace/power-sharpening/Subtree-Prefetching-Power-Sharpening/case_studies/logs-entropycut/mbpp/2026-09-21/vllm/dataset-mbpp.model-qwen3.5-9b.alpha4.0.steps100.blocks-1.prefetch-budget-20.rank-accept_first.cut-entropy4.0.samples20.maxnew1024.seed10086.subtreePrefetch.vllm.log,240,18,83,0.6608816246740228
/Users/jiangnanhugo/workspace/power-sharpening/Subtree-Prefetching-Power-Sharpening/case_studies/logs-entropycut/mbpp/2026-09-21/vllm/dataset-mbpp.model-qwen3.5-9b.alpha4.0.steps100.blocks-1.prefetch-budget-20.rank-accept_first.cut-entropy4.0.samples20.maxnew1024.seed10086.subtreePrefetch.vllm.log,240,19,83,0.6608816246740228
/Users/jiangnanhugo/workspace/power-sharpening/Subtree-Prefetching-Power-Sharpening/case_studies/logs-entropycut/mbpp/2026-09-21/vllm/dataset-mbpp.model-qwen3.5-9b.alpha4.0.steps100.blocks-1.prefetch-budget-20.rank-accept_first.cut-entropy4.0.samples20.maxnew1024.seed10086.subtreePrefetch.vllm.log,241,0,83,0.6608816246740228
/Users/jiangnanhugo/workspace/power-sharpening/Subtree-Prefetching-Power-Sharpening/case_studies/logs-entropycut/mbpp/2026-09-21/vllm/dataset-mbpp.model-qwen3.5-9b.alpha4.0.steps100.blocks-1.prefetch-budget-20.rank-accept_first.cut-entropy4.0.samples20.maxnew1024.seed10086.subtreePrefetch.vllm.log,241,1,83,0.6608816246740228
/Users/jiangnanhugo/workspace/power-sharpening/Subtree-Prefetching-Power-Sharpening/case_studies/logs-entropycut/mbpp/2026-09-21/vllm/dataset-mbpp.model-qwen3.5-9b.alpha4.0.steps100.blocks-1.prefetch-budget-20.rank-accept_first.cut-entropy4.0.samples20.maxnew1024.seed10086.subtreePrefetch.vllm.log,241,2,265,0.005159871931760013
/Users/jiangnanhugo/workspace/power-sharpening/Subtree-Prefetching-Power-Sharpening/case_studies/logs-entropycut/mbpp/2026-09-21/vllm/dataset-mbpp.model-qwen3.5-9b.alpha4.0.steps100.blocks-1.prefetch-budget-20.rank-accept_first.cut-entropy4.0.samples20.maxnew1024.seed10086.subtreePrefetch.vllm.log,241,3,83,0.6608816246740228
/Users/jiangnanhugo/workspace/power-sharpening/Subtree-Prefetching-Power-Sharpening/case_studies/logs-entropycut/mbpp/2026-09-21/vllm/dataset-mbpp.model-qwen3.5-9b.alpha4.0.steps100.blocks-1.prefetch-budget-20.rank-accept_first.cut-entropy4.0.samples20.maxnew1024.seed10086.subtreePrefetch.vllm.log,241,4,83,0.6608816246740228
/Users/jiangnanhugo/workspace/power-sharpening/Subtree-Prefetching-Power-Sharpening/case_studies/logs-entropycut/mbpp/2026-09-21/vllm/dataset-mbpp.model-qwen3.5-9b.alpha4.0.steps100.blocks-1.prefetch-budget-20.rank-accept_first.cut-entropy4.0.samples20.maxnew1024.seed10086.subtreePrefetch.vllm.log,241,5,83,0.6608816246740228
/Users/jiangnanhugo/workspace/power-sharpening/Subtree-Prefetching-Power-Sharpening/case_studies/logs-entropycut/mbpp/2026-09-21/vllm/dataset-mbpp.model-qwen3.5-9b.alpha4.0.steps100.blocks-1.prefetch-budget-20.rank-accept_first.cut-entropy4.0.samples20.maxnew1024.seed10086.subtreePrefetch.vllm.log,241,6,83,0.6608816246740228
/Users/jiangnanhugo/workspace/power-sharpening/Subtree-Prefetching-Power-Sharpening/case_studies/logs-entropycut/mbpp/2026-09-21/vllm/dataset-mbpp.model-qwen3.5-9b.alpha4.0.steps100.blocks-1.prefetch-budget-20.rank-accept_first.cut-entropy4.0.samples20.maxnew1024.seed10086.subtreePrefetch.vllm.log,241,7,83,0.6608816246740228
/Users/jiangnanhugo/workspace/power-sharpening/Subtree-Prefetching-Power-Sharpening/case_studies/logs-entropycut/mbpp/2026-09-21/vllm/dataset-mbpp.model-qwen3.5-9b.alpha4.0.steps100.blocks-1.prefetch-budget-20.rank-accept_first.cut-entropy4.0.samples20.maxnew1024.seed10086.subtreePrefetch.vllm.log,241,8,83,0.6608816246740228
/Users/jiangnanhugo/workspace/power-sharpening/Subtree-Prefetching-Power-Sharpening/case_studies/logs-entropycut/mbpp/2026-09-21/vllm/dataset-mbpp.model-qwen3.5-9b.alpha4.0.steps100.blocks-1.prefetch-budget-20.rank-accept_first.cut-entropy4.0.samples20.maxnew1024.seed10086.subtreePrefetch.vllm.log,241,9,83,0.6608816246740228
/Users/jiangnanhugo/workspace/power-sharpening/Subtree-Prefetching-Power-Sharpening/case_studies/logs-entropycut/mbpp/2026-09-21/vllm/dataset-mbpp.model-qwen3.5-9b.alpha4.0.steps100.blocks-1.prefetch-budget-20.rank-accept_first.cut-entropy4.0.samples20.maxnew1024.seed10086.subtreePrefetch.vllm.log,241,10,83,0.6608816246740228
/Users/jiangnanhugo/workspace/power-sharpening/Subtree-Prefetching-Power-Sharpening/case_studies/logs-entropycut/mbpp/2026-09-21/vllm/dataset-mbpp.model-qwen3.5-9b.alpha4.0.steps100.blocks-1.prefetch-budget-20.rank-accept_first.cut-entropy4.0.samples20.maxnew1024.seed10086.subtreePrefetch.vllm.log,241,11,83,0.6608816246740228
/Users/jiangnanhugo/workspace/power-sharpening/Subtree-Prefetching-Power-Sharpening/case_studies/logs-entropycut/mbpp/2026-09-21/vllm/dataset-mbpp.model-qwen3.5-9b.alpha4.0.steps100.blocks-1.prefetch-budget-20.rank-accept_first.cut-entropy4.0.samples20.maxnew1024.seed10086.subtreePrefetch.vllm.log,241,12,83,0.6608816246740228
/Users/jiangnanhugo/workspace/power-sharpening/Subtree-Prefetching-Power-Sharpening/case_studies/logs-entropycut/mbpp/2026-09-21/vllm/dataset-mbpp.model-qwen3.5-9b.alpha4.0.steps100.blocks-1.prefetch-budget-20.rank-accept_first.cut-entropy4.0.samples20.maxnew1024.seed10086.subtreePrefetch.vllm.log,241,13,83,0.6608816246740228
/Users/jiangnanhugo/workspace/power-sharpening/Subtree-Prefetching-Power-Sharpening/case_studies/logs-entropycut/mbpp/2026-09-21/vllm/dataset-mbpp.model-qwen3.5-9b.alpha4.0.steps100.blocks-1.prefetch-budget-20.rank-accept_first.cut-entropy4.0.samples20.maxnew1024.seed10086.subtreePrefetch.vllm.log,241,14,83,0.6608816246740228
/Users/jiangnanhugo/workspace/power-sharpening/Subtree-Prefetching-Power-Sharpening/case_studies/logs-entropycut/mbpp/2026-09-21/vllm/dataset-mbpp.model-qwen3.5-9b.alpha4.0.steps100.blocks-1.prefetch-budget-20.rank-accept_first.cut-entropy4.0.samples20.maxnew1024.seed10086.subtreePrefetch.vllm.log,241,15,83,0.6608816246740228
/Users/jiangnanhugo/workspace/power-sharpening/Subtree-Prefetching-Power-Sharpening/case_studies/logs-entropycut/mbpp/2026-09-21/vllm/dataset-mbpp.model-qwen3.5-9b.alpha4.0.steps100.blocks-1.prefetch-budget-20.rank-accept_first.cut-entropy4.0.samples20.maxnew1024.seed10086.subtreePrefetch.vllm.log,241,16,83,0.6608816246740228
/Users/jiangnanhugo/workspace/power-sharpening/Subtree-Prefetching-Power-Sharpening/case_studies/logs-entropycut/mbpp/2026-09-21/vllm/dataset-mbpp.model-qwen3.5-9b.alpha4.0.steps100.blocks-1.prefetch-budget-20.rank-accept_first.cut-entropy4.0.samples20.maxnew1024.seed10086.subtreePrefetch.vllm.log,241,17,83,0.6608816246740228
/Users/jiangnanhugo/workspace/power-sharpening/Subtree-Prefetching-Power-Sharpening/case_studies/logs-entropycut/mbpp/2026-09-21/vllm/dataset-mbpp.model-qwen3.5-9b.alpha4.0.steps100.blocks-1.prefetch-budget-20.rank-accept_first.cut-entropy4.0.samples20.maxnew1024.seed10086.subtreePrefetch.vllm.log,241,18,83,0.6608816246740228
/Users/jiangnanhugo/workspace/power-sharpening/Subtree-Prefetching-Power-Sharpening/case_studies/logs-entropycut/mbpp/2026-09-21/vllm/dataset-mbpp.model-qwen3.5-9b.alpha4.0.steps100.blocks-1.prefetch-budget-20.rank-accept_first.cut-entropy4.0.samples20.maxnew1024.seed10086.subtreePrefetch.vllm.log,241,19,83,0.6608816246740228
/Users/jiangnanhugo/workspace/power-sharpening/Subtree-Prefetching-Power-Sharpening/case_studies/logs-entropycut/mbpp/2026-09-21/vllm/dataset-mbpp.model-qwen3.5-9b.alpha4.0.steps100.blocks-1.prefetch-budget-20.rank-accept_first.cut-entropy4.0.samples20.maxnew1024.seed10086.subtreePrefetch.vllm.log,242,0,120,0.19175807228442016
/Users/jiangnanhugo/workspace/power-sharpening/Subtree-Prefetching-Power-Sharpening/case_studies/logs-entropycut/mbpp/2026-09-21/vllm/dataset-mbpp.model-qwen3.5-9b.alpha4.0.steps100.blocks-1.prefetch-budget-20.rank-accept_first.cut-entropy4.0.samples20.maxnew1024.seed10086.subtreePrefetch.vllm.log,242,1,83,0.660881624674022
/Users/jiangnanhugo/workspace/power-sharpening/Subtree-Prefetching-Power-Sharpening/case_studies/logs-entropycut/mbpp/2026-09-21/vllm/dataset-mbpp.model-qwen3.5-9b.alpha4.0.steps100.blocks-1.prefetch-budget-20.rank-accept_first.cut-entropy4.0.samples20.maxnew1024.seed10086.subtreePrefetch.vllm.log,242,2,83,0.660881624674022
/Users/jiangnanhugo/workspace/power-sharpening/Subtree-Prefetching-Power-Sharpening/case_studies/logs-entropycut/mbpp/2026-09-21/vllm/dataset-mbpp.model-qwen3.5-9b.alpha4.0.steps100.blocks-1.prefetch-budget-20.rank-accept_first.cut-entropy4.0.samples20.maxnew1024.seed10086.subtreePrefetch.vllm.log,242,3,83,0.660881624674022
/Users/jiangnanhugo/workspace/power-sharpening/Subtree-Prefetching-Power-Sharpening/case_studies/logs-entropycut/mbpp/2026-09-21/vllm/dataset-mbpp.model-qwen3.5-9b.alpha4.0.steps100.blocks-1.prefetch-budget-20.rank-accept_first.cut-entropy4.0.samples20.maxnew1024.seed10086.subtreePrefetch.vllm.log,242,4,83,0.660881624674022
/Users/jiangnanhugo/workspace/power-sharpening/Subtree-Prefetching-Power-Sharpening/case_studies/logs-entropycut/mbpp/2026-09-21/vllm/dataset-mbpp.model-qwen3.5-9b.alpha4.0.steps100.blocks-1.prefetch-budget-20.rank-accept_first.cut-entropy4.0.samples20.maxnew1024.seed10086.subtreePrefetch.vllm.log,242,5,83,0.660881624674022
/Users/jiangnanhugo/workspace/power-sharpening/Subtree-Prefetching-Power-Sharpening/case_studies/logs-entropycut/mbpp/2026-09-21/vllm/dataset-mbpp.model-qwen3.5-9b.alpha4.0.steps100.blocks-1.prefetch-budget-20.rank-accept_first.cut-entropy4.0.samples20.maxnew1024.seed10086.subtreePrefetch.vllm.log,242,6,83,0.660881624674022
/Users/jiangnanhugo/workspace/power-sharpening/Subtree-Prefetching-Power-Sharpening/case_studies/logs-entropycut/mbpp/2026-09-21/vllm/dataset-mbpp.model-qwen3.5-9b.alpha4.0.steps100.blocks-1.prefetch-budget-20.rank-accept_first.cut-entropy4.0.samples20.maxnew1024.seed10086.subtreePrefetch.vllm.log,242,7,83,0.660881624674022
/Users/jiangnanhugo/workspace/power-sharpening/Subtree-Prefetching-Power-Sharpening/case_studies/logs-entropycut/mbpp/2026-09-21/vllm/dataset-mbpp.model-qwen3.5-9b.alpha4.0.steps100.blocks-1.prefetch-budget-20.rank-accept_first.cut-entropy4.0.samples20.maxnew1024.seed10086.subtreePrefetch.vllm.log,242,8,83,0.660881624674022
/Users/jiangnanhugo/workspace/power-sharpening/Subtree-Prefetching-Power-Sharpening/case_studies/logs-entropycut/mbpp/2026-09-21/vllm/dataset-mbpp.model-qwen3.5-9b.alpha4.0.steps100.blocks-1.prefetch-budget-20.rank-accept_first.cut-entropy4.0.samples20.maxnew1024.seed10086.subtreePrefetch.vllm.log,242,9,83,0.660881624674022
/Users/jiangnanhugo/workspace/power-sharpening/Subtree-Prefetching-Power-Sharpening/case_studies/logs-entropycut/mbpp/2026-09-21/vllm/dataset-mbpp.model-qwen3.5-9b.alpha4.0.steps100.blocks-1.prefetch-budget-20.rank-accept_first.cut-entropy4.0.samples20.maxnew1024.seed10086.subtreePrefetch.vllm.log,242,10,83,0.660881624674022
/Users/jiangnanhugo/workspace/power-sharpening/Subtree-Prefetching-Power-Sharpening/case_studies/logs-entropycut/mbpp/2026-09-21/vllm/dataset-mbpp.model-qwen3.5-9b.alpha4.0.steps100.blocks-1.prefetch-budget-20.rank-accept_first.cut-entropy4.0.samples20.maxnew1024.seed10086.subtreePrefetch.vllm.log,242,11,83,0.660881624674022
/Users/jiangnanhugo/workspace/power-sharpening/Subtree-Prefetching-Power-Sharpening/case_studies/logs-entropycut/mbpp/2026-09-21/vllm/dataset-mbpp.model-qwen3.5-9b.alpha4.0.steps100.blocks-1.prefetch-budget-20.rank-accept_first.cut-entropy4.0.samples20.maxnew1024.seed10086.subtreePrefetch.vllm.log,242,12,83,0.660881624674022
/Users/jiangnanhugo/workspace/power-sharpening/Subtree-Prefetching-Power-Sharpening/case_studies/logs-entropycut/mbpp/2026-09-21/vllm/dataset-mbpp.model-qwen3.5-9b.alpha4.0.steps100.blocks-1.prefetch-budget-20.rank-accept_first.cut-entropy4.0.samples20.maxnew1024.seed10086.subtreePrefetch.vllm.log,242,13,83,0.660881624674022
/Users/jiangnanhugo/workspace/power-sharpening/Subtree-Prefetching-Power-Sharpening/case_studies/logs-entropycut/mbpp/2026-09-21/vllm/dataset-mbpp.model-qwen3.5-9b.alpha4.0.steps100.blocks-1.prefetch-budget-20.rank-accept_first.cut-entropy4.0.samples20.maxnew1024.seed10086.subtreePrefetch.vllm.log,242,14,120,0.19175807228442016
/Users/jiangnanhugo/workspace/power-sharpening/Subtree-Prefetching-Power-Sharpening/case_studies/logs-entropycut/mbpp/2026-09-21/vllm/dataset-mbpp.model-qwen3.5-9b.alpha4.0.steps100.blocks-1.prefetch-budget-20.rank-accept_first.cut-entropy4.0.samples20.maxnew1024.seed10086.subtreePrefetch.vllm.log,242,15,83,0.660881624674022
/Users/jiangnanhugo/workspace/power-sharpening/Subtree-Prefetching-Power-Sharpening/case_studies/logs-entropycut/mbpp/2026-09-21/vllm/dataset-mbpp.model-qwen3.5-9b.alpha4.0.steps100.blocks-1.prefetch-budget-20.rank-accept_first.cut-entropy4.0.samples20.maxnew1024.seed10086.subtreePrefetch.vllm.log,242,16,83,0.660881624674022
/Users/jiangnanhugo/workspace/power-sharpening/Subtree-Prefetching-Power-Sharpening/case_studies/logs-entropycut/mbpp/2026-09-21/vllm/dataset-mbpp.model-qwen3.5-9b.alpha4.0.steps100.blocks-1.prefetch-budget-20.rank-accept_first.cut-entropy4.0.samples20.maxnew1024.seed10086.subtreePrefetch.vllm.log,242,17,47,0.005506983577665667
/Users/jiangnanhugo/workspace/power-sharpening/Subtree-Prefetching-Power-Sharpening/case_studies/logs-entropycut/mbpp/2026-09-21/vllm/dataset-mbpp.model-qwen3.5-9b.alpha4.0.steps100.blocks-1.prefetch-budget-20.rank-accept_first.cut-entropy4.0.samples20.maxnew1024.seed10086.subtreePrefetch.vllm.log,242,18,83,0.660881624674022
/Users/jiangnanhugo/workspace/power-sharpening/Subtree-Prefetching-Power-Sharpening/case_studies/logs-entropycut/mbpp/2026-09-21/vllm/dataset-mbpp.model-qwen3.5-9b.alpha4.0.steps100.blocks-1.prefetch-budget-20.rank-accept_first.cut-entropy4.0.samples20.maxnew1024.seed10086.subtreePrefetch.vllm.log,242,19,83,0.660881624674022
/Users/jiangnanhugo/workspace/power-sharpening/Subtree-Prefetching-Power-Sharpening/case_studies/logs-entropycut/mbpp/2026-09-21/vllm/dataset-mbpp.model-qwen3.5-9b.alpha4.0.steps100.blocks-1.prefetch-budget-20.rank-accept_first.cut-entropy4.0.samples20.maxnew1024.seed10086.subtreePrefetch.vllm.log,243,0,83,0.6608816246740222
/Users/jiangnanhugo/workspace/power-sharpening/Subtree-Prefetching-Power-Sharpening/case_studies/logs-entropycut/mbpp/2026-09-21/vllm/dataset-mbpp.model-qwen3.5-9b.alpha4.0.steps100.blocks-1.prefetch-budget-20.rank-accept_first.cut-entropy4.0.samples20.maxnew1024.seed10086.subtreePrefetch.vllm.log,243,1,47,0.00550698357766567
/Users/jiangnanhugo/workspace/power-sharpening/Subtree-Prefetching-Power-Sharpening/case_studies/logs-entropycut/mbpp/2026-09-21/vllm/dataset-mbpp.model-qwen3.5-9b.alpha4.0.steps100.blocks-1.prefetch-budget-20.rank-accept_first.cut-entropy4.0.samples20.maxnew1024.seed10086.subtreePrefetch.vllm.log,243,2,344,0.009607700778673945
/Users/jiangnanhugo/workspace/power-sharpening/Subtree-Prefetching-Power-Sharpening/case_studies/logs-entropycut/mbpp/2026-09-21/vllm/dataset-mbpp.model-qwen3.5-9b.alpha4.0.steps100.blocks-1.prefetch-budget-20.rank-accept_first.cut-entropy4.0.samples20.maxnew1024.seed10086.subtreePrefetch.vllm.log,243,3,83,0.6608816246740222
/Users/jiangnanhugo/workspace/power-sharpening/Subtree-Prefetching-Power-Sharpening/case_studies/logs-entropycut/mbpp/2026-09-21/vllm/dataset-mbpp.model-qwen3.5-9b.alpha4.0.steps100.blocks-1.prefetch-budget-20.rank-accept_first.cut-entropy4.0.samples20.maxnew1024.seed10086.subtreePrefetch.vllm.log,243,4,120,0.1917580722844202
/Users/jiangnanhugo/workspace/power-sharpening/Subtree-Prefetching-Power-Sharpening/case_studies/logs-entropycut/mbpp/2026-09-21/vllm/dataset-mbpp.model-qwen3.5-9b.alpha4.0.steps100.blocks-1.prefetch-budget-20.rank-accept_first.cut-entropy4.0.samples20.maxnew1024.seed10086.subtreePrefetch.vllm.log,243,5,83,0.6608816246740222
/Users/jiangnanhugo/workspace/power-sharpening/Subtree-Prefetching-Power-Sharpening/case_studies/logs-entropycut/mbpp/2026-09-21/vllm/dataset-mbpp.model-qwen3.5-9b.alpha4.0.steps100.blocks-1.prefetch-budget-20.rank-accept_first.cut-entropy4.0.samples20.maxnew1024.seed10086.subtreePrefetch.vllm.log,243,6,120,0.1917580722844202
/Users/jiangnanhugo/workspace/power-sharpening/Subtree-Prefetching-Power-Sharpening/case_studies/logs-entropycut/mbpp/2026-09-21/vllm/dataset-mbpp.model-qwen3.5-9b.alpha4.0.steps100.blocks-1.prefetch-budget-20.rank-accept_first.cut-entropy4.0.samples20.maxnew1024.seed10086.subtreePrefetch.vllm.log,243,7,83,0.6608816246740222
/Users/jiangnanhugo/workspace/power-sharpening/Subtree-Prefetching-Power-Sharpening/case_studies/logs-entropycut/mbpp/2026-09-21/vllm/dataset-mbpp.model-qwen3.5-9b.alpha4.0.steps100.blocks-1.prefetch-budget-20.rank-accept_first.cut-entropy4.0.samples20.maxnew1024.seed10086.subtreePrefetch.vllm.log,243,8,120,0.1917580722844202
/Users/jiangnanhugo/workspace/power-sharpening/Subtree-Prefetching-Power-Sharpening/case_studies/logs-entropycut/mbpp/2026-09-21/vllm/dataset-mbpp.model-qwen3.5-9b.alpha4.0.steps100.blocks-1.prefetch-budget-20.rank-accept_first.cut-entropy4.0.samples20.maxnew1024.seed10086.subtreePrefetch.vllm.log,243,9,83,0.6608816246740222
/Users/jiangnanhugo/workspace/power-sharpening/Subtree-Prefetching-Power-Sharpening/case_studies/logs-entropycut/mbpp/2026-09-21/vllm/dataset-mbpp.model-qwen3.5-9b.alpha4.0.steps100.blocks-1.prefetch-budget-20.rank-accept_first.cut-entropy4.0.samples20.maxnew1024.seed10086.subtreePrefetch.vllm.log,243,10,120,0.1917580722844202
/Users/jiangnanhugo/workspace/power-sharpening/Subtree-Prefetching-Power-Sharpening/case_studies/logs-entropycut/mbpp/2026-09-21/vllm/dataset-mbpp.model-qwen3.5-9b.alpha4.0.steps100.blocks-1.prefetch-budget-20.rank-accept_first.cut-entropy4.0.samples20.maxnew1024.seed10086.subtreePrefetch.vllm.log,243,11,83,0.6608816246740222
/Users/jiangnanhugo/workspace/power-sharpening/Subtree-Prefetching-Power-Sharpening/case_studies/logs-entropycut/mbpp/2026-09-21/vllm/dataset-mbpp.model-qwen3.5-9b.alpha4.0.steps100.blocks-1.prefetch-budget-20.rank-accept_first.cut-entropy4.0.samples20.maxnew1024.seed10086.subtreePrefetch.vllm.log,243,12,83,0.6608816246740222
/Users/jiangnanhugo/workspace/power-sharpening/Subtree-Prefetching-Power-Sharpening/case_studies/logs-entropycut/mbpp/2026-09-21/vllm/dataset-mbpp.model-qwen3.5-9b.alpha4.0.steps100.blocks-1.prefetch-budget-20.rank-accept_first.cut-entropy4.0.samples20.maxnew1024.seed10086.subtreePrefetch.vllm.log,243,13,83,0.6608816246740222
/Users/jiangnanhugo/workspace/power-sharpening/Subtree-Prefetching-Power-Sharpening/case_studies/logs-entropycut/mbpp/2026-09-21/vllm/dataset-mbpp.model-qwen3.5-9b.alpha4.0.steps100.blocks-1.prefetch-budget-20.rank-accept_first.cut-entropy4.0.samples20.maxnew1024.seed10086.subtreePrefetch.vllm.log,243,14,120,0.1917580722844202
/Users/jiangnanhugo/workspace/power-sharpening/Subtree-Prefetching-Power-Sharpening/case_studies/logs-entropycut/mbpp/2026-09-21/vllm/dataset-mbpp.model-qwen3.5-9b.alpha4.0.steps100.blocks-1.prefetch-budget-20.rank-accept_first.cut-entropy4.0.samples20.maxnew1024.seed10086.subtreePrefetch.vllm.log,243,15,83,0.6608816246740222
/Users/jiangnanhugo/workspace/power-sharpening/Subtree-Prefetching-Power-Sharpening/case_studies/logs-entropycut/mbpp/2026-09-21/vllm/dataset-mbpp.model-qwen3.5-9b.alpha4.0.steps100.blocks-1.prefetch-budget-20.rank-accept_first.cut-entropy4.0.samples20.maxnew1024.seed10086.subtreePrefetch.vllm.log,243,16,83,0.6608816246740222
/Users/jiangnanhugo/workspace/power-sharpening/Subtree-Prefetching-Power-Sharpening/case_studies/logs-entropycut/mbpp/2026-09-21/vllm/dataset-mbpp.model-qwen3.5-9b.alpha4.0.steps100.blocks-1.prefetch-budget-20.rank-accept_first.cut-entropy4.0.samples20.maxnew1024.seed10086.subtreePrefetch.vllm.log,243,17,34,0.017031080807090555
/Users/jiangnanhugo/workspace/power-sharpening/Subtree-Prefetching-Power-Sharpening/case_studies/logs-entropycut/mbpp/2026-09-21/vllm/dataset-mbpp.model-qwen3.5-9b.alpha4.0.steps100.blocks-1.prefetch-budget-20.rank-accept_first.cut-entropy4.0.samples20.maxnew1024.seed10086.subtreePrefetch.vllm.log,243,18,83,0.6608816246740222
/Users/jiangnanhugo/workspace/power-sharpening/Subtree-Prefetching-Power-Sharpening/case_studies/logs-entropycut/mbpp/2026-09-21/vllm/dataset-mbpp.model-qwen3.5-9b.alpha4.0.steps100.blocks-1.prefetch-budget-20.rank-accept_first.cut-entropy4.0.samples20.maxnew1024.seed10086.subtreePrefetch.vllm.log,243,19,83,0.6608816246740222
/Users/jiangnanhugo/workspace/power-sharpening/Subtree-Prefetching-Power-Sharpening/case_studies/logs-entropycut/mbpp/2026-09-21/vllm/dataset-mbpp.model-qwen3.5-9b.alpha4.0.steps100.blocks-1.prefetch-budget-20.rank-accept_first.cut-entropy4.0.samples20.maxnew1024.seed10086.subtreePrefetch.vllm.log,244,0,83,0.660881624303372
/Users/jiangnanhugo/workspace/power-sharpening/Subtree-Prefetching-Power-Sharpening/case_studies/logs-entropycut/mbpp/2026-09-21/vllm/dataset-mbpp.model-qwen3.5-9b.alpha4.0.steps100.blocks-1.prefetch-budget-20.rank-accept_first.cut-entropy4.0.samples20.maxnew1024.seed10086.subtreePrefetch.vllm.log,244,1,83,0.660881624303372
/Users/jiangnanhugo/workspace/power-sharpening/Subtree-Prefetching-Power-Sharpening/case_studies/logs-entropycut/mbpp/2026-09-21/vllm/dataset-mbpp.model-qwen3.5-9b.alpha4.0.steps100.blocks-1.prefetch-budget-20.rank-accept_first.cut-entropy4.0.samples20.maxnew1024.seed10086.subtreePrefetch.vllm.log,244,2,83,0.660881624303372
/Users/jiangnanhugo/workspace/power-sharpening/Subtree-Prefetching-Power-Sharpening/case_studies/logs-entropycut/mbpp/2026-09-21/vllm/dataset-mbpp.model-qwen3.5-9b.alpha4.0.steps100.blocks-1.prefetch-budget-20.rank-accept_first.cut-entropy4.0.samples20.maxnew1024.seed10086.subtreePrefetch.vllm.log,244,3,34,0.01703108079753881
/Users/jiangnanhugo/workspace/power-sharpening/Subtree-Prefetching-Power-Sharpening/case_studies/logs-entropycut/mbpp/2026-09-21/vllm/dataset-mbpp.model-qwen3.5-9b.alpha4.0.steps100.blocks-1.prefetch-budget-20.rank-accept_first.cut-entropy4.0.samples20.maxnew1024.seed10086.subtreePrefetch.vllm.log,244,4,83,0.660881624303372
/Users/jiangnanhugo/workspace/power-sharpening/Subtree-Prefetching-Power-Sharpening/case_studies/logs-entropycut/mbpp/2026-09-21/vllm/dataset-mbpp.model-qwen3.5-9b.alpha4.0.steps100.blocks-1.prefetch-budget-20.rank-accept_first.cut-entropy4.0.samples20.maxnew1024.seed10086.subtreePrefetch.vllm.log,244,5,83,0.660881624303372
/Users/jiangnanhugo/workspace/power-sharpening/Subtree-Prefetching-Power-Sharpening/case_studies/logs-entropycut/mbpp/2026-09-21/vllm/dataset-mbpp.model-qwen3.5-9b.alpha4.0.steps100.blocks-1.prefetch-budget-20.rank-accept_first.cut-entropy4.0.samples20.maxnew1024.seed10086.subtreePrefetch.vllm.log,244,6,83,0.660881624303372
/Users/jiangnanhugo/workspace/power-sharpening/Subtree-Prefetching-Power-Sharpening/case_studies/logs-entropycut/mbpp/2026-09-21/vllm/dataset-mbpp.model-qwen3.5-9b.alpha4.0.steps100.blocks-1.prefetch-budget-20.rank-accept_first.cut-entropy4.0.samples20.maxnew1024.seed10086.subtreePrefetch.vllm.log,244,7,83,0.660881624303372
/Users/jiangnanhugo/workspace/power-sharpening/Subtree-Prefetching-Power-Sharpening/case_studies/logs-entropycut/mbpp/2026-09-21/vllm/dataset-mbpp.model-qwen3.5-9b.alpha4.0.steps100.blocks-1.prefetch-budget-20.rank-accept_first.cut-entropy4.0.samples20.maxnew1024.seed10086.subtreePrefetch.vllm.log,244,8,83,0.660881624303372
/Users/jiangnanhugo/workspace/power-sharpening/Subtree-Prefetching-Power-Sharpening/case_studies/logs-entropycut/mbpp/2026-09-21/vllm/dataset-mbpp.model-qwen3.5-9b.alpha4.0.steps100.blocks-1.prefetch-budget-20.rank-accept_first.cut-entropy4.0.samples20.maxnew1024.seed10086.subtreePrefetch.vllm.log,244,9,83,0.660881624303372
/Users/jiangnanhugo/workspace/power-sharpening/Subtree-Prefetching-Power-Sharpening/case_studies/logs-entropycut/mbpp/2026-09-21/vllm/dataset-mbpp.model-qwen3.5-9b.alpha4.0.steps100.blocks-1.prefetch-budget-20.rank-accept_first.cut-entropy4.0.samples20.maxnew1024.seed10086.subtreePrefetch.vllm.log,244,10,83,0.660881624303372
/Users/jiangnanhugo/workspace/power-sharpening/Subtree-Prefetching-Power-Sharpening/case_studies/logs-entropycut/mbpp/2026-09-21/vllm/dataset-mbpp.model-qwen3.5-9b.alpha4.0.steps100.blocks-1.prefetch-budget-20.rank-accept_first.cut-entropy4.0.samples20.maxnew1024.seed10086.subtreePrefetch.vllm.log,244,11,83,0.660881624303372
/Users/jiangnanhugo/workspace/power-sharpening/Subtree-Prefetching-Power-Sharpening/case_studies/logs-entropycut/mbpp/2026-09-21/vllm/dataset-mbpp.model-qwen3.5-9b.alpha4.0.steps100.blocks-1.prefetch-budget-20.rank-accept_first.cut-entropy4.0.samples20.maxnew1024.seed10086.subtreePrefetch.vllm.log,244,12,83,0.660881624303372
/Users/jiangnanhugo/workspace/power-sharpening/Subtree-Prefetching-Power-Sharpening/case_studies/logs-entropycut/mbpp/2026-09-21/vllm/dataset-mbpp.model-qwen3.5-9b.alpha4.0.steps100.blocks-1.prefetch-budget-20.rank-accept_first.cut-entropy4.0.samples20.maxnew1024.seed10086.subtreePrefetch.vllm.log,244,13,83,0.660881624303372
/Users/jiangnanhugo/workspace/power-sharpening/Subtree-Prefetching-Power-Sharpening/case_studies/logs-entropycut/mbpp/2026-09-21/vllm/dataset-mbpp.model-qwen3.5-9b.alpha4.0.steps100.blocks-1.prefetch-budget-20.rank-accept_first.cut-entropy4.0.samples20.maxnew1024.seed10086.subtreePrefetch.vllm.log,244,14,83,0.660881624303372
/Users/jiangnanhugo/workspace/power-sharpening/Subtree-Prefetching-Power-Sharpening/case_studies/logs-entropycut/mbpp/2026-09-21/vllm/dataset-mbpp.model-qwen3.5-9b.alpha4.0.steps100.blocks-1.prefetch-budget-20.rank-accept_first.cut-entropy4.0.samples20.maxnew1024.seed10086.subtreePrefetch.vllm.log,244,15,83,0.660881624303372
/Users/jiangnanhugo/workspace/power-sharpening/Subtree-Prefetching-Power-Sharpening/case_studies/logs-entropycut/mbpp/2026-09-21/vllm/dataset-mbpp.model-qwen3.5-9b.alpha4.0.steps100.blocks-1.prefetch-budget-20.rank-accept_first.cut-entropy4.0.samples20.maxnew1024.seed10086.subtreePrefetch.vllm.log,244,16,34,0.01703108079753881
/Users/jiangnanhugo/workspace/power-sharpening/Subtree-Prefetching-Power-Sharpening/case_studies/logs-entropycut/mbpp/2026-09-21/vllm/dataset-mbpp.model-qwen3.5-9b.alpha4.0.steps100.blocks-1.prefetch-budget-20.rank-accept_first.cut-entropy4.0.samples20.maxnew1024.seed10086.subtreePrefetch.vllm.log,244,17,83,0.660881624303372
/Users/jiangnanhugo/workspace/power-sharpening/Subtree-Prefetching-Power-Sharpening/case_studies/logs-entropycut/mbpp/2026-09-21/vllm/dataset-mbpp.model-qwen3.5-9b.alpha4.0.steps100.blocks-1.prefetch-budget-20.rank-accept_first.cut-entropy4.0.samples20.maxnew1024.seed10086.subtreePrefetch.vllm.log,244,18,83,0.660881624303372
/Users/jiangnanhugo/workspace/power-sharpening/Subtree-Prefetching-Power-Sharpening/case_studies/logs-entropycut/mbpp/2026-09-21/vllm/dataset-mbpp.model-qwen3.5-9b.alpha4.0.steps100.blocks-1.prefetch-budget-20.rank-accept_first.cut-entropy4.0.samples20.maxnew1024.seed10086.subtreePrefetch.vllm.log,244,19,83,0.660881624303372
/Users/jiangnanhugo/workspace/power-sharpening/Subtree-Prefetching-Power-Sharpening/case_studies/logs-entropycut/mbpp/2026-09-21/vllm/dataset-mbpp.model-qwen3.5-9b.alpha4.0.steps100.blocks-1.prefetch-budget-20.rank-accept_first.cut-entropy4.0.samples20.maxnew1024.seed10086.subtreePrefetch.vllm.log,245,0,83,0.6608816246740228
/Users/jiangnanhugo/workspace/power-sharpening/Subtree-Prefetching-Power-Sharpening/case_studies/logs-entropycut/mbpp/2026-09-21/vllm/dataset-mbpp.model-qwen3.5-9b.alpha4.0.steps100.blocks-1.prefetch-budget-20.rank-accept_first.cut-entropy4.0.samples20.maxnew1024.seed10086.subtreePrefetch.vllm.log,245,1,83,0.6608816246740228
/Users/jiangnanhugo/workspace/power-sharpening/Subtree-Prefetching-Power-Sharpening/case_studies/logs-entropycut/mbpp/2026-09-21/vllm/dataset-mbpp.model-qwen3.5-9b.alpha4.0.steps100.blocks-1.prefetch-budget-20.rank-accept_first.cut-entropy4.0.samples20.maxnew1024.seed10086.subtreePrefetch.vllm.log,245,2,83,0.6608816246740228
/Users/jiangnanhugo/workspace/power-sharpening/Subtree-Prefetching-Power-Sharpening/case_studies/logs-entropycut/mbpp/2026-09-21/vllm/dataset-mbpp.model-qwen3.5-9b.alpha4.0.steps100.blocks-1.prefetch-budget-20.rank-accept_first.cut-entropy4.0.samples20.maxnew1024.seed10086.subtreePrefetch.vllm.log,245,3,83,0.6608816246740228
/Users/jiangnanhugo/workspace/power-sharpening/Subtree-Prefetching-Power-Sharpening/case_studies/logs-entropycut/mbpp/2026-09-21/vllm/dataset-mbpp.model-qwen3.5-9b.alpha4.0.steps100.blocks-1.prefetch-budget-20.rank-accept_first.cut-entropy4.0.samples20.maxnew1024.seed10086.subtreePrefetch.vllm.log,245,4,83,0.6608816246740228
/Users/jiangnanhugo/workspace/power-sharpening/Subtree-Prefetching-Power-Sharpening/case_studies/logs-entropycut/mbpp/2026-09-21/vllm/dataset-mbpp.model-qwen3.5-9b.alpha4.0.steps100.blocks-1.prefetch-budget-20.rank-accept_first.cut-entropy4.0.samples20.maxnew1024.seed10086.subtreePrefetch.vllm.log,245,5,83,0.6608816246740228
/Users/jiangnanhugo/workspace/power-sharpening/Subtree-Prefetching-Power-Sharpening/case_studies/logs-entropycut/mbpp/2026-09-21/vllm/dataset-mbpp.model-qwen3.5-9b.alpha4.0.steps100.blocks-1.prefetch-budget-20.rank-accept_first.cut-entropy4.0.samples20.maxnew1024.seed10086.subtreePrefetch.vllm.log,245,6,83,0.6608816246740228
/Users/jiangnanhugo/workspace/power-sharpening/Subtree-Prefetching-Power-Sharpening/case_studies/logs-entropycut/mbpp/2026-09-21/vllm/dataset-mbpp.model-qwen3.5-9b.alpha4.0.steps100.blocks-1.prefetch-budget-20.rank-accept_first.cut-entropy4.0.samples20.maxnew1024.seed10086.subtreePrefetch.vllm.log,245,7,83,0.6608816246740228
/Users/jiangnanhugo/workspace/power-sharpening/Subtree-Prefetching-Power-Sharpening/case_studies/logs-entropycut/mbpp/2026-09-21/vllm/dataset-mbpp.model-qwen3.5-9b.alpha4.0.steps100.blocks-1.prefetch-budget-20.rank-accept_first.cut-entropy4.0.samples20.maxnew1024.seed10086.subtreePrefetch.vllm.log,245,8,83,0.6608816246740228
/Users/jiangnanhugo/workspace/power-sharpening/Subtree-Prefetching-Power-Sharpening/case_studies/logs-entropycut/mbpp/2026-09-21/vllm/dataset-mbpp.model-qwen3.5-9b.alpha4.0.steps100.blocks-1.prefetch-budget-20.rank-accept_first.cut-entropy4.0.samples20.maxnew1024.seed10086.subtreePrefetch.vllm.log,245,9,83,0.6608816246740228
/Users/jiangnanhugo/workspace/power-sharpening/Subtree-Prefetching-Power-Sharpening/case_studies/logs-entropycut/mbpp/2026-09-21/vllm/dataset-mbpp.model-qwen3.5-9b.alpha4.0.steps100.blocks-1.prefetch-budget-20.rank-accept_first.cut-entropy4.0.samples20.maxnew1024.seed10086.subtreePrefetch.vllm.log,245,10,83,0.6608816246740228
/Users/jiangnanhugo/workspace/power-sharpening/Subtree-Prefetching-Power-Sharpening/case_studies/logs-entropycut/mbpp/2026-09-21/vllm/dataset-mbpp.model-qwen3.5-9b.alpha4.0.steps100.blocks-1.prefetch-budget-20.rank-accept_first.cut-entropy4.0.samples20.maxnew1024.seed10086.subtreePrefetch.vllm.log,245,11,83,0.6608816246740228
/Users/jiangnanhugo/workspace/power-sharpening/Subtree-Prefetching-Power-Sharpening/case_studies/logs-entropycut/mbpp/2026-09-21/vllm/dataset-mbpp.model-qwen3.5-9b.alpha4.0.steps100.blocks-1.prefetch-budget-20.rank-accept_first.cut-entropy4.0.samples20.maxnew1024.seed10086.subtreePrefetch.vllm.log,245,12,83,0.6608816246740228
/Users/jiangnanhugo/workspace/power-sharpening/Subtree-Prefetching-Power-Sharpening/case_studies/logs-entropycut/mbpp/2026-09-21/vllm/dataset-mbpp.model-qwen3.5-9b.alpha4.0.steps100.blocks-1.prefetch-budget-20.rank-accept_first.cut-entropy4.0.samples20.maxnew1024.seed10086.subtreePrefetch.vllm.log,245,13,83,0.6608816246740228
/Users/jiangnanhugo/workspace/power-sharpening/Subtree-Prefetching-Power-Sharpening/case_studies/logs-entropycut/mbpp/2026-09-21/vllm/dataset-mbpp.model-qwen3.5-9b.alpha4.0.steps100.blocks-1.prefetch-budget-20.rank-accept_first.cut-entropy4.0.samples20.maxnew1024.seed10086.subtreePrefetch.vllm.log,245,14,83,0.6608816246740228
/Users/jiangnanhugo/workspace/power-sharpening/Subtree-Prefetching-Power-Sharpening/case_studies/logs-entropycut/mbpp/2026-09-21/vllm/dataset-mbpp.model-qwen3.5-9b.alpha4.0.steps100.blocks-1.prefetch-budget-20.rank-accept_first.cut-entropy4.0.samples20.maxnew1024.seed10086.subtreePrefetch.vllm.log,245,15,83,0.6608816246740228
/Users/jiangnanhugo/workspace/power-sharpening/Subtree-Prefetching-Power-Sharpening/case_studies/logs-entropycut/mbpp/2026-09-21/vllm/dataset-mbpp.model-qwen3.5-9b.alpha4.0.steps100.blocks-1.prefetch-budget-20.rank-accept_first.cut-entropy4.0.samples20.maxnew1024.seed10086.subtreePrefetch.vllm.log,245,16,83,0.6608816246740228
/Users/jiangnanhugo/workspace/power-sharpening/Subtree-Prefetching-Power-Sharpening/case_studies/logs-entropycut/mbpp/2026-09-21/vllm/dataset-mbpp.model-qwen3.5-9b.alpha4.0.steps100.blocks-1.prefetch-budget-20.rank-accept_first.cut-entropy4.0.samples20.maxnew1024.seed10086.subtreePrefetch.vllm.log,245,17,83,0.6608816246740228
/Users/jiangnanhugo/workspace/power-sharpening/Subtree-Prefetching-Power-Sharpening/case_studies/logs-entropycut/mbpp/2026-09-21/vllm/dataset-mbpp.model-qwen3.5-9b.alpha4.0.steps100.blocks-1.prefetch-budget-20.rank-accept_first.cut-entropy4.0.samples20.maxnew1024.seed10086.subtreePrefetch.vllm.log,245,18,83,0.6608816246740228
/Users/jiangnanhugo/workspace/power-sharpening/Subtree-Prefetching-Power-Sharpening/case_studies/logs-entropycut/mbpp/2026-09-21/vllm/dataset-mbpp.model-qwen3.5-9b.alpha4.0.steps100.blocks-1.prefetch-budget-20.rank-accept_first.cut-entropy4.0.samples20.maxnew1024.seed10086.subtreePrefetch.vllm.log,245,19,83,0.6608816246740228
/Users/jiangnanhugo/workspace/power-sharpening/Subtree-Prefetching-Power-Sharpening/case_studies/logs-entropycut/mbpp/2026-09-21/vllm/dataset-mbpp.model-qwen3.5-9b.alpha4.0.steps100.blocks-1.prefetch-budget-20.rank-accept_first.cut-entropy4.0.samples20.maxnew1024.seed10086.subtreePrefetch.vllm.log,246,0,125,0.04291436058733323
/Users/jiangnanhugo/workspace/power-sharpening/Subtree-Prefetching-Power-Sharpening/case_studies/logs-entropycut/mbpp/2026-09-21/vllm/dataset-mbpp.model-qwen3.5-9b.alpha4.0.steps100.blocks-1.prefetch-budget-20.rank-accept_first.cut-entropy4.0.samples20.maxnew1024.seed10086.subtreePrefetch.vllm.log,246,1,28,0.8682696704403855
/Users/jiangnanhugo/workspace/power-sharpening/Subtree-Prefetching-Power-Sharpening/case_studies/logs-entropycut/mbpp/2026-09-21/vllm/dataset-mbpp.model-qwen3.5-9b.alpha4.0.steps100.blocks-1.prefetch-budget-20.rank-accept_first.cut-entropy4.0.samples20.maxnew1024.seed10086.subtreePrefetch.vllm.log,246,2,28,0.8682696704403855
/Users/jiangnanhugo/workspace/power-sharpening/Subtree-Prefetching-Power-Sharpening/case_studies/logs-entropycut/mbpp/2026-09-21/vllm/dataset-mbpp.model-qwen3.5-9b.alpha4.0.steps100.blocks-1.prefetch-budget-20.rank-accept_first.cut-entropy4.0.samples20.maxnew1024.seed10086.subtreePrefetch.vllm.log,246,3,28,0.8682696704403855
/Users/jiangnanhugo/workspace/power-sharpening/Subtree-Prefetching-Power-Sharpening/case_studies/logs-entropycut/mbpp/2026-09-21/vllm/dataset-mbpp.model-qwen3.5-9b.alpha4.0.steps100.blocks-1.prefetch-budget-20.rank-accept_first.cut-entropy4.0.samples20.maxnew1024.seed10086.subtreePrefetch.vllm.log,246,4,28,0.8682696704403855
/Users/jiangnanhugo/workspace/power-sharpening/Subtree-Prefetching-Power-Sharpening/case_studies/logs-entropycut/mbpp/2026-09-21/vllm/dataset-mbpp.model-qwen3.5-9b.alpha4.0.steps100.blocks-1.prefetch-budget-20.rank-accept_first.cut-entropy4.0.samples20.maxnew1024.seed10086.subtreePrefetch.vllm.log,246,5,28,0.8682696704403855
/Users/jiangnanhugo/workspace/power-sharpening/Subtree-Prefetching-Power-Sharpening/case_studies/logs-entropycut/mbpp/2026-09-21/vllm/dataset-mbpp.model-qwen3.5-9b.alpha4.0.steps100.blocks-1.prefetch-budget-20.rank-accept_first.cut-entropy4.0.samples20.maxnew1024.seed10086.subtreePrefetch.vllm.log,246,6,28,0.8682696704403855
/Users/jiangnanhugo/workspace/power-sharpening/Subtree-Prefetching-Power-Sharpening/case_studies/logs-entropycut/mbpp/2026-09-21/vllm/dataset-mbpp.model-qwen3.5-9b.alpha4.0.steps100.blocks-1.prefetch-budget-20.rank-accept_first.cut-entropy4.0.samples20.maxnew1024.seed10086.subtreePrefetch.vllm.log,246,7,28,0.8682696704403855
/Users/jiangnanhugo/workspace/power-sharpening/Subtree-Prefetching-Power-Sharpening/case_studies/logs-entropycut/mbpp/2026-09-21/vllm/dataset-mbpp.model-qwen3.5-9b.alpha4.0.steps100.blocks-1.prefetch-budget-20.rank-accept_first.cut-entropy4.0.samples20.maxnew1024.seed10086.subtreePrefetch.vllm.log,246,8,28,0.8682696704403855
/Users/jiangnanhugo/workspace/power-sharpening/Subtree-Prefetching-Power-Sharpening/case_studies/logs-entropycut/mbpp/2026-09-21/vllm/dataset-mbpp.model-qwen3.5-9b.alpha4.0.steps100.blocks-1.prefetch-budget-20.rank-accept_first.cut-entropy4.0.samples20.maxnew1024.seed10086.subtreePrefetch.vllm.log,246,9,28,0.8682696704403855
/Users/jiangnanhugo/workspace/power-sharpening/Subtree-Prefetching-Power-Sharpening/case_studies/logs-entropycut/mbpp/2026-09-21/vllm/dataset-mbpp.model-qwen3.5-9b.alpha4.0.steps100.blocks-1.prefetch-budget-20.rank-accept_first.cut-entropy4.0.samples20.maxnew1024.seed10086.subtreePrefetch.vllm.log,246,10,28,0.8682696704403855
/Users/jiangnanhugo/workspace/power-sharpening/Subtree-Prefetching-Power-Sharpening/case_studies/logs-entropycut/mbpp/2026-09-21/vllm/dataset-mbpp.model-qwen3.5-9b.alpha4.0.steps100.blocks-1.prefetch-budget-20.rank-accept_first.cut-entropy4.0.samples20.maxnew1024.seed10086.subtreePrefetch.vllm.log,246,11,28,0.8682696704403855
/Users/jiangnanhugo/workspace/power-sharpening/Subtree-Prefetching-Power-Sharpening/case_studies/logs-entropycut/mbpp/2026-09-21/vllm/dataset-mbpp.model-qwen3.5-9b.alpha4.0.steps100.blocks-1.prefetch-budget-20.rank-accept_first.cut-entropy4.0.samples20.maxnew1024.seed10086.subtreePrefetch.vllm.log,246,12,28,0.8682696704403855
/Users/jiangnanhugo/workspace/power-sharpening/Subtree-Prefetching-Power-Sharpening/case_studies/logs-entropycut/mbpp/2026-09-21/vllm/dataset-mbpp.model-qwen3.5-9b.alpha4.0.steps100.blocks-1.prefetch-budget-20.rank-accept_first.cut-entropy4.0.samples20.maxnew1024.seed10086.subtreePrefetch.vllm.log,246,13,28,0.8682696704403855
/Users/jiangnanhugo/workspace/power-sharpening/Subtree-Prefetching-Power-Sharpening/case_studies/logs-entropycut/mbpp/2026-09-21/vllm/dataset-mbpp.model-qwen3.5-9b.alpha4.0.steps100.blocks-1.prefetch-budget-20.rank-accept_first.cut-entropy4.0.samples20.maxnew1024.seed10086.subtreePrefetch.vllm.log,246,14,28,0.8682696704403855
/Users/jiangnanhugo/workspace/power-sharpening/Subtree-Prefetching-Power-Sharpening/case_studies/logs-entropycut/mbpp/2026-09-21/vllm/dataset-mbpp.model-qwen3.5-9b.alpha4.0.steps100.blocks-1.prefetch-budget-20.rank-accept_first.cut-entropy4.0.samples20.maxnew1024.seed10086.subtreePrefetch.vllm.log,246,15,28,0.8682696704403855
/Users/jiangnanhugo/workspace/power-sharpening/Subtree-Prefetching-Power-Sharpening/case_studies/logs-entropycut/mbpp/2026-09-21/vllm/dataset-mbpp.model-qwen3.5-9b.alpha4.0.steps100.blocks-1.prefetch-budget-20.rank-accept_first.cut-entropy4.0.samples20.maxnew1024.seed10086.subtreePrefetch.vllm.log,246,16,28,0.8682696704403855
/Users/jiangnanhugo/workspace/power-sharpening/Subtree-Prefetching-Power-Sharpening/case_studies/logs-entropycut/mbpp/2026-09-21/vllm/dataset-mbpp.model-qwen3.5-9b.alpha4.0.steps100.blocks-1.prefetch-budget-20.rank-accept_first.cut-entropy4.0.samples20.maxnew1024.seed10086.subtreePrefetch.vllm.log,246,17,28,0.8682696704403855
/Users/jiangnanhugo/workspace/power-sharpening/Subtree-Prefetching-Power-Sharpening/case_studies/logs-entropycut/mbpp/2026-09-21/vllm/dataset-mbpp.model-qwen3.5-9b.alpha4.0.steps100.blocks-1.prefetch-budget-20.rank-accept_first.cut-entropy4.0.samples20.maxnew1024.seed10086.subtreePrefetch.vllm.log,246,18,28,0.8682696704403855
/Users/jiangnanhugo/workspace/power-sharpening/Subtree-Prefetching-Power-Sharpening/case_studies/logs-entropycut/mbpp/2026-09-21/vllm/dataset-mbpp.model-qwen3.5-9b.alpha4.0.steps100.blocks-1.prefetch-budget-20.rank-accept_first.cut-entropy4.0.samples20.maxnew1024.seed10086.subtreePrefetch.vllm.log,246,19,28,0.8682696704403855
/Users/jiangnanhugo/workspace/power-sharpening/Subtree-Prefetching-Power-Sharpening/case_studies/logs-entropycut/mbpp/2026-09-21/vllm/dataset-mbpp.model-qwen3.5-9b.alpha4.0.steps100.blocks-1.prefetch-budget-20.rank-accept_first.cut-entropy4.0.samples20.maxnew1024.seed10086.subtreePrefetch.vllm.log,247,0,28,0.8682696704403855
/Users/jiangnanhugo/workspace/power-sharpening/Subtree-Prefetching-Power-Sharpening/case_studies/logs-entropycut/mbpp/2026-09-21/vllm/dataset-mbpp.model-qwen3.5-9b.alpha4.0.steps100.blocks-1.prefetch-budget-20.rank-accept_first.cut-entropy4.0.samples20.maxnew1024.seed10086.subtreePrefetch.vllm.log,247,1,28,0.8682696704403855
/Users/jiangnanhugo/workspace/power-sharpening/Subtree-Prefetching-Power-Sharpening/case_studies/logs-entropycut/mbpp/2026-09-21/vllm/dataset-mbpp.model-qwen3.5-9b.alpha4.0.steps100.blocks-1.prefetch-budget-20.rank-accept_first.cut-entropy4.0.samples20.maxnew1024.seed10086.subtreePrefetch.vllm.log,247,2,28,0.8682696704403855
/Users/jiangnanhugo/workspace/power-sharpening/Subtree-Prefetching-Power-Sharpening/case_studies/logs-entropycut/mbpp/2026-09-21/vllm/dataset-mbpp.model-qwen3.5-9b.alpha4.0.steps100.blocks-1.prefetch-budget-20.rank-accept_first.cut-entropy4.0.samples20.maxnew1024.seed10086.subtreePrefetch.vllm.log,247,3,28,0.8682696704403855
/Users/jiangnanhugo/workspace/power-sharpening/Subtree-Prefetching-Power-Sharpening/case_studies/logs-entropycut/mbpp/2026-09-21/vllm/dataset-mbpp.model-qwen3.5-9b.alpha4.0.steps100.blocks-1.prefetch-budget-20.rank-accept_first.cut-entropy4.0.samples20.maxnew1024.seed10086.subtreePrefetch.vllm.log,247,4,28,0.8682696704403855
/Users/jiangnanhugo/workspace/power-sharpening/Subtree-Prefetching-Power-Sharpening/case_studies/logs-entropycut/mbpp/2026-09-21/vllm/dataset-mbpp.model-qwen3.5-9b.alpha4.0.steps100.blocks-1.prefetch-budget-20.rank-accept_first.cut-entropy4.0.samples20.maxnew1024.seed10086.subtreePrefetch.vllm.log,247,5,28,0.8682696704403855
/Users/jiangnanhugo/workspace/power-sharpening/Subtree-Prefetching-Power-Sharpening/case_studies/logs-entropycut/mbpp/2026-09-21/vllm/dataset-mbpp.model-qwen3.5-9b.alpha4.0.steps100.blocks-1.prefetch-budget-20.rank-accept_first.cut-entropy4.0.samples20.maxnew1024.seed10086.subtreePrefetch.vllm.log,247,6,28,0.8682696704403855
/Users/jiangnanhugo/workspace/power-sharpening/Subtree-Prefetching-Power-Sharpening/case_studies/logs-entropycut/mbpp/2026-09-21/vllm/dataset-mbpp.model-qwen3.5-9b.alpha4.0.steps100.blocks-1.prefetch-budget-20.rank-accept_first.cut-entropy4.0.samples20.maxnew1024.seed10086.subtreePrefetch.vllm.log,247,7,28,0.8682696704403855
/Users/jiangnanhugo/workspace/power-sharpening/Subtree-Prefetching-Power-Sharpening/case_studies/logs-entropycut/mbpp/2026-09-21/vllm/dataset-mbpp.model-qwen3.5-9b.alpha4.0.steps100.blocks-1.prefetch-budget-20.rank-accept_first.cut-entropy4.0.samples20.maxnew1024.seed10086.subtreePrefetch.vllm.log,247,8,28,0.8682696704403855
/Users/jiangnanhugo/workspace/power-sharpening/Subtree-Prefetching-Power-Sharpening/case_studies/logs-entropycut/mbpp/2026-09-21/vllm/dataset-mbpp.model-qwen3.5-9b.alpha4.0.steps100.blocks-1.prefetch-budget-20.rank-accept_first.cut-entropy4.0.samples20.maxnew1024.seed10086.subtreePrefetch.vllm.log,247,9,28,0.8682696704403855
/Users/jiangnanhugo/workspace/power-sharpening/Subtree-Prefetching-Power-Sharpening/case_studies/logs-entropycut/mbpp/2026-09-21/vllm/dataset-mbpp.model-qwen3.5-9b.alpha4.0.steps100.blocks-1.prefetch-budget-20.rank-accept_first.cut-entropy4.0.samples20.maxnew1024.seed10086.subtreePrefetch.vllm.log,247,10,28,0.8682696704403855
/Users/jiangnanhugo/workspace/power-sharpening/Subtree-Prefetching-Power-Sharpening/case_studies/logs-entropycut/mbpp/2026-09-21/vllm/dataset-mbpp.model-qwen3.5-9b.alpha4.0.steps100.blocks-1.prefetch-budget-20.rank-accept_first.cut-entropy4.0.samples20.maxnew1024.seed10086.subtreePrefetch.vllm.log,247,11,28,0.8682696704403855
/Users/jiangnanhugo/workspace/power-sharpening/Subtree-Prefetching-Power-Sharpening/case_studies/logs-entropycut/mbpp/2026-09-21/vllm/dataset-mbpp.model-qwen3.5-9b.alpha4.0.steps100.blocks-1.prefetch-budget-20.rank-accept_first.cut-entropy4.0.samples20.maxnew1024.seed10086.subtreePrefetch.vllm.log,247,12,28,0.8682696704403855
/Users/jiangnanhugo/workspace/power-sharpening/Subtree-Prefetching-Power-Sharpening/case_studies/logs-entropycut/mbpp/2026-09-21/vllm/dataset-mbpp.model-qwen3.5-9b.alpha4.0.steps100.blocks-1.prefetch-budget-20.rank-accept_first.cut-entropy4.0.samples20.maxnew1024.seed10086.subtreePrefetch.vllm.log,247,13,28,0.8682696704403855
/Users/jiangnanhugo/workspace/power-sharpening/Subtree-Prefetching-Power-Sharpening/case_studies/logs-entropycut/mbpp/2026-09-21/vllm/dataset-mbpp.model-qwen3.5-9b.alpha4.0.steps100.blocks-1.prefetch-budget-20.rank-accept_first.cut-entropy4.0.samples20.maxnew1024.seed10086.subtreePrefetch.vllm.log,247,14,28,0.8682696704403855
/Users/jiangnanhugo/workspace/power-sharpening/Subtree-Prefetching-Power-Sharpening/case_studies/logs-entropycut/mbpp/2026-09-21/vllm/dataset-mbpp.model-qwen3.5-9b.alpha4.0.steps100.blocks-1.prefetch-budget-20.rank-accept_first.cut-entropy4.0.samples20.maxnew1024.seed10086.subtreePrefetch.vllm.log,247,15,28,0.8682696704403855
/Users/jiangnanhugo/workspace/power-sharpening/Subtree-Prefetching-Power-Sharpening/case_studies/logs-entropycut/mbpp/2026-09-21/vllm/dataset-mbpp.model-qwen3.5-9b.alpha4.0.steps100.blocks-1.prefetch-budget-20.rank-accept_first.cut-entropy4.0.samples20.maxnew1024.seed10086.subtreePrefetch.vllm.log,247,16,28,0.8682696704403855
/Users/jiangnanhugo/workspace/power-sharpening/Subtree-Prefetching-Power-Sharpening/case_studies/logs-entropycut/mbpp/2026-09-21/vllm/dataset-mbpp.model-qwen3.5-9b.alpha4.0.steps100.blocks-1.prefetch-budget-20.rank-accept_first.cut-entropy4.0.samples20.maxnew1024.seed10086.subtreePrefetch.vllm.log,247,17,28,0.8682696704403855
/Users/jiangnanhugo/workspace/power-sharpening/Subtree-Prefetching-Power-Sharpening/case_studies/logs-entropycut/mbpp/2026-09-21/vllm/dataset-mbpp.model-qwen3.5-9b.alpha4.0.steps100.blocks-1.prefetch-budget-20.rank-accept_first.cut-entropy4.0.samples20.maxnew1024.seed10086.subtreePrefetch.vllm.log,247,18,28,0.8682696704403855
/Users/jiangnanhugo/workspace/power-sharpening/Subtree-Prefetching-Power-Sharpening/case_studies/logs-entropycut/mbpp/2026-09-21/vllm/dataset-mbpp.model-qwen3.5-9b.alpha4.0.steps100.blocks-1.prefetch-budget-20.rank-accept_first.cut-entropy4.0.samples20.maxnew1024.seed10086.subtreePrefetch.vllm.log,247,19,28,0.8682696704403855
/Users/jiangnanhugo/workspace/power-sharpening/Subtree-Prefetching-Power-Sharpening/case_studies/logs-entropycut/mbpp/2026-09-21/vllm/dataset-mbpp.model-qwen3.5-9b.alpha4.0.steps100.blocks-1.prefetch-budget-20.rank-accept_first.cut-entropy4.0.samples20.maxnew1024.seed10086.subtreePrefetch.vllm.log,248,0,28,0.8682696704403855
/Users/jiangnanhugo/workspace/power-sharpening/Subtree-Prefetching-Power-Sharpening/case_studies/logs-entropycut/mbpp/2026-09-21/vllm/dataset-mbpp.model-qwen3.5-9b.alpha4.0.steps100.blocks-1.prefetch-budget-20.rank-accept_first.cut-entropy4.0.samples20.maxnew1024.seed10086.subtreePrefetch.vllm.log,248,1,45,0.05577930049452782
/Users/jiangnanhugo/workspace/power-sharpening/Subtree-Prefetching-Power-Sharpening/case_studies/logs-entropycut/mbpp/2026-09-21/vllm/dataset-mbpp.model-qwen3.5-9b.alpha4.0.steps100.blocks-1.prefetch-budget-20.rank-accept_first.cut-entropy4.0.samples20.maxnew1024.seed10086.subtreePrefetch.vllm.log,248,2,28,0.8682696704403855
/Users/jiangnanhugo/workspace/power-sharpening/Subtree-Prefetching-Power-Sharpening/case_studies/logs-entropycut/mbpp/2026-09-21/vllm/dataset-mbpp.model-qwen3.5-9b.alpha4.0.steps100.blocks-1.prefetch-budget-20.rank-accept_first.cut-entropy4.0.samples20.maxnew1024.seed10086.subtreePrefetch.vllm.log,248,3,28,0.8682696704403855
/Users/jiangnanhugo/workspace/power-sharpening/Subtree-Prefetching-Power-Sharpening/case_studies/logs-entropycut/mbpp/2026-09-21/vllm/dataset-mbpp.model-qwen3.5-9b.alpha4.0.steps100.blocks-1.prefetch-budget-20.rank-accept_first.cut-entropy4.0.samples20.maxnew1024.seed10086.subtreePrefetch.vllm.log,248,4,28,0.8682696704403855
/Users/jiangnanhugo/workspace/power-sharpening/Subtree-Prefetching-Power-Sharpening/case_studies/logs-entropycut/mbpp/2026-09-21/vllm/dataset-mbpp.model-qwen3.5-9b.alpha4.0.steps100.blocks-1.prefetch-budget-20.rank-accept_first.cut-entropy4.0.samples20.maxnew1024.seed10086.subtreePrefetch.vllm.log,248,5,28,0.8682696704403855
/Users/jiangnanhugo/workspace/power-sharpening/Subtree-Prefetching-Power-Sharpening/case_studies/logs-entropycut/mbpp/2026-09-21/vllm/dataset-mbpp.model-qwen3.5-9b.alpha4.0.steps100.blocks-1.prefetch-budget-20.rank-accept_first.cut-entropy4.0.samples20.maxnew1024.seed10086.subtreePrefetch.vllm.log,248,6,28,0.8682696704403855
/Users/jiangnanhugo/workspace/power-sharpening/Subtree-Prefetching-Power-Sharpening/case_studies/logs-entropycut/mbpp/2026-09-21/vllm/dataset-mbpp.model-qwen3.5-9b.alpha4.0.steps100.blocks-1.prefetch-budget-20.rank-accept_first.cut-entropy4.0.samples20.maxnew1024.seed10086.subtreePrefetch.vllm.log,248,7,28,0.8682696704403855
/Users/jiangnanhugo/workspace/power-sharpening/Subtree-Prefetching-Power-Sharpening/case_studies/logs-entropycut/mbpp/2026-09-21/vllm/dataset-mbpp.model-qwen3.5-9b.alpha4.0.steps100.blocks-1.prefetch-budget-20.rank-accept_first.cut-entropy4.0.samples20.maxnew1024.seed10086.subtreePrefetch.vllm.log,248,8,28,0.8682696704403855
/Users/jiangnanhugo/workspace/power-sharpening/Subtree-Prefetching-Power-Sharpening/case_studies/logs-entropycut/mbpp/2026-09-21/vllm/dataset-mbpp.model-qwen3.5-9b.alpha4.0.steps100.blocks-1.prefetch-budget-20.rank-accept_first.cut-entropy4.0.samples20.maxnew1024.seed10086.subtreePrefetch.vllm.log,248,9,28,0.8682696704403855
/Users/jiangnanhugo/workspace/power-sharpening/Subtree-Prefetching-Power-Sharpening/case_studies/logs-entropycut/mbpp/2026-09-21/vllm/dataset-mbpp.model-qwen3.5-9b.alpha4.0.steps100.blocks-1.prefetch-budget-20.rank-accept_first.cut-entropy4.0.samples20.maxnew1024.seed10086.subtreePrefetch.vllm.log,248,10,28,0.8682696704403855
/Users/jiangnanhugo/workspace/power-sharpening/Subtree-Prefetching-Power-Sharpening/case_studies/logs-entropycut/mbpp/2026-09-21/vllm/dataset-mbpp.model-qwen3.5-9b.alpha4.0.steps100.blocks-1.prefetch-budget-20.rank-accept_first.cut-entropy4.0.samples20.maxnew1024.seed10086.subtreePrefetch.vllm.log,248,11,28,0.8682696704403855
/Users/jiangnanhugo/workspace/power-sharpening/Subtree-Prefetching-Power-Sharpening/case_studies/logs-entropycut/mbpp/2026-09-21/vllm/dataset-mbpp.model-qwen3.5-9b.alpha4.0.steps100.blocks-1.prefetch-budget-20.rank-accept_first.cut-entropy4.0.samples20.maxnew1024.seed10086.subtreePrefetch.vllm.log,248,12,28,0.8682696704403855
/Users/jiangnanhugo/workspace/power-sharpening/Subtree-Prefetching-Power-Sharpening/case_studies/logs-entropycut/mbpp/2026-09-21/vllm/dataset-mbpp.model-qwen3.5-9b.alpha4.0.steps100.blocks-1.prefetch-budget-20.rank-accept_first.cut-entropy4.0.samples20.maxnew1024.seed10086.subtreePrefetch.vllm.log,248,13,28,0.8682696704403855
/Users/jiangnanhugo/workspace/power-sharpening/Subtree-Prefetching-Power-Sharpening/case_studies/logs-entropycut/mbpp/2026-09-21/vllm/dataset-mbpp.model-qwen3.5-9b.alpha4.0.steps100.blocks-1.prefetch-budget-20.rank-accept_first.cut-entropy4.0.samples20.maxnew1024.seed10086.subtreePrefetch.vllm.log,248,14,28,0.8682696704403855
/Users/jiangnanhugo/workspace/power-sharpening/Subtree-Prefetching-Power-Sharpening/case_studies/logs-entropycut/mbpp/2026-09-21/vllm/dataset-mbpp.model-qwen3.5-9b.alpha4.0.steps100.blocks-1.prefetch-budget-20.rank-accept_first.cut-entropy4.0.samples20.maxnew1024.seed10086.subtreePrefetch.vllm.log,248,15,28,0.8682696704403855
/Users/jiangnanhugo/workspace/power-sharpening/Subtree-Prefetching-Power-Sharpening/case_studies/logs-entropycut/mbpp/2026-09-21/vllm/dataset-mbpp.model-qwen3.5-9b.alpha4.0.steps100.blocks-1.prefetch-budget-20.rank-accept_first.cut-entropy4.0.samples20.maxnew1024.seed10086.subtreePrefetch.vllm.log,248,16,28,0.8682696704403855
/Users/jiangnanhugo/workspace/power-sharpening/Subtree-Prefetching-Power-Sharpening/case_studies/logs-entropycut/mbpp/2026-09-21/vllm/dataset-mbpp.model-qwen3.5-9b.alpha4.0.steps100.blocks-1.prefetch-budget-20.rank-accept_first.cut-entropy4.0.samples20.maxnew1024.seed10086.subtreePrefetch.vllm.log,248,17,28,0.8682696704403855
/Users/jiangnanhugo/workspace/power-sharpening/Subtree-Prefetching-Power-Sharpening/case_studies/logs-entropycut/mbpp/2026-09-21/vllm/dataset-mbpp.model-qwen3.5-9b.alpha4.0.steps100.blocks-1.prefetch-budget-20.rank-accept_first.cut-entropy4.0.samples20.maxnew1024.seed10086.subtreePrefetch.vllm.log,248,18,28,0.8682696704403855
/Users/jiangnanhugo/workspace/power-sharpening/Subtree-Prefetching-Power-Sharpening/case_studies/logs-entropycut/mbpp/2026-09-21/vllm/dataset-mbpp.model-qwen3.5-9b.alpha4.0.steps100.blocks-1.prefetch-budget-20.rank-accept_first.cut-entropy4.0.samples20.maxnew1024.seed10086.subtreePrefetch.vllm.log,248,19,28,0.8682696704403855
/Users/jiangnanhugo/workspace/power-sharpening/Subtree-Prefetching-Power-Sharpening/case_studies/logs-entropycut/mbpp/2026-09-21/vllm/dataset-mbpp.model-qwen3.5-9b.alpha4.0.steps100.blocks-1.prefetch-budget-20.rank-accept_first.cut-entropy4.0.samples20.maxnew1024.seed10086.subtreePrefetch.vllm.log,249,0,28,0.7605966863342494
/Users/jiangnanhugo/workspace/power-sharpening/Subtree-Prefetching-Power-Sharpening/case_studies/logs-entropycut/mbpp/2026-09-21/vllm/dataset-mbpp.model-qwen3.5-9b.alpha4.0.steps100.blocks-1.prefetch-budget-20.rank-accept_first.cut-entropy4.0.samples20.maxnew1024.seed10086.subtreePrefetch.vllm.log,249,1,28,0.7605966863342494
/Users/jiangnanhugo/workspace/power-sharpening/Subtree-Prefetching-Power-Sharpening/case_studies/logs-entropycut/mbpp/2026-09-21/vllm/dataset-mbpp.model-qwen3.5-9b.alpha4.0.steps100.blocks-1.prefetch-budget-20.rank-accept_first.cut-entropy4.0.samples20.maxnew1024.seed10086.subtreePrefetch.vllm.log,249,2,28,0.7605966863342494
/Users/jiangnanhugo/workspace/power-sharpening/Subtree-Prefetching-Power-Sharpening/case_studies/logs-entropycut/mbpp/2026-09-21/vllm/dataset-mbpp.model-qwen3.5-9b.alpha4.0.steps100.blocks-1.prefetch-budget-20.rank-accept_first.cut-entropy4.0.samples20.maxnew1024.seed10086.subtreePrefetch.vllm.log,249,3,28,0.7605966863342494
/Users/jiangnanhugo/workspace/power-sharpening/Subtree-Prefetching-Power-Sharpening/case_studies/logs-entropycut/mbpp/2026-09-21/vllm/dataset-mbpp.model-qwen3.5-9b.alpha4.0.steps100.blocks-1.prefetch-budget-20.rank-accept_first.cut-entropy4.0.samples20.maxnew1024.seed10086.subtreePrefetch.vllm.log,249,4,28,0.7605966863342494
/Users/jiangnanhugo/workspace/power-sharpening/Subtree-Prefetching-Power-Sharpening/case_studies/logs-entropycut/mbpp/2026-09-21/vllm/dataset-mbpp.model-qwen3.5-9b.alpha4.0.steps100.blocks-1.prefetch-budget-20.rank-accept_first.cut-entropy4.0.samples20.maxnew1024.seed10086.subtreePrefetch.vllm.log,249,5,28,0.7605966863342494
/Users/jiangnanhugo/workspace/power-sharpening/Subtree-Prefetching-Power-Sharpening/case_studies/logs-entropycut/mbpp/2026-09-21/vllm/dataset-mbpp.model-qwen3.5-9b.alpha4.0.steps100.blocks-1.prefetch-budget-20.rank-accept_first.cut-entropy4.0.samples20.maxnew1024.seed10086.subtreePrefetch.vllm.log,249,6,28,0.7605966863342494
/Users/jiangnanhugo/workspace/power-sharpening/Subtree-Prefetching-Power-Sharpening/case_studies/logs-entropycut/mbpp/2026-09-21/vllm/dataset-mbpp.model-qwen3.5-9b.alpha4.0.steps100.blocks-1.prefetch-budget-20.rank-accept_first.cut-entropy4.0.samples20.maxnew1024.seed10086.subtreePrefetch.vllm.log,249,7,28,0.7605966863342494
/Users/jiangnanhugo/workspace/power-sharpening/Subtree-Prefetching-Power-Sharpening/case_studies/logs-entropycut/mbpp/2026-09-21/vllm/dataset-mbpp.model-qwen3.5-9b.alpha4.0.steps100.blocks-1.prefetch-budget-20.rank-accept_first.cut-entropy4.0.samples20.maxnew1024.seed10086.subtreePrefetch.vllm.log,249,8,28,0.7605966863342494
/Users/jiangnanhugo/workspace/power-sharpening/Subtree-Prefetching-Power-Sharpening/case_studies/logs-entropycut/mbpp/2026-09-21/vllm/dataset-mbpp.model-qwen3.5-9b.alpha4.0.steps100.blocks-1.prefetch-budget-20.rank-accept_first.cut-entropy4.0.samples20.maxnew1024.seed10086.subtreePrefetch.vllm.log,249,9,28,0.7605966863342494
/Users/jiangnanhugo/workspace/power-sharpening/Subtree-Prefetching-Power-Sharpening/case_studies/logs-entropycut/mbpp/2026-09-21/vllm/dataset-mbpp.model-qwen3.5-9b.alpha4.0.steps100.blocks-1.prefetch-budget-20.rank-accept_first.cut-entropy4.0.samples20.maxnew1024.seed10086.subtreePrefetch.vllm.log,249,10,28,0.7605966863342494
/Users/jiangnanhugo/workspace/power-sharpening/Subtree-Prefetching-Power-Sharpening/case_studies/logs-entropycut/mbpp/2026-09-21/vllm/dataset-mbpp.model-qwen3.5-9b.alpha4.0.steps100.blocks-1.prefetch-budget-20.rank-accept_first.cut-entropy4.0.samples20.maxnew1024.seed10086.subtreePrefetch.vllm.log,249,11,28,0.7605966863342494
/Users/jiangnanhugo/workspace/power-sharpening/Subtree-Prefetching-Power-Sharpening/case_studies/logs-entropycut/mbpp/2026-09-21/vllm/dataset-mbpp.model-qwen3.5-9b.alpha4.0.steps100.blocks-1.prefetch-budget-20.rank-accept_first.cut-entropy4.0.samples20.maxnew1024.seed10086.subtreePrefetch.vllm.log,249,12,28,0.7605966863342494
/Users/jiangnanhugo/workspace/power-sharpening/Subtree-Prefetching-Power-Sharpening/case_studies/logs-entropycut/mbpp/2026-09-21/vllm/dataset-mbpp.model-qwen3.5-9b.alpha4.0.steps100.blocks-1.prefetch-budget-20.rank-accept_first.cut-entropy4.0.samples20.maxnew1024.seed10086.subtreePrefetch.vllm.log,249,13,28,0.7605966863342494
/Users/jiangnanhugo/workspace/power-sharpening/Subtree-Prefetching-Power-Sharpening/case_studies/logs-entropycut/mbpp/2026-09-21/vllm/dataset-mbpp.model-qwen3.5-9b.alpha4.0.steps100.blocks-1.prefetch-budget-20.rank-accept_first.cut-entropy4.0.samples20.maxnew1024.seed10086.subtreePrefetch.vllm.log,249,14,28,0.7605966863342494
/Users/jiangnanhugo/workspace/power-sharpening/Subtree-Prefetching-Power-Sharpening/case_studies/logs-entropycut/mbpp/2026-09-21/vllm/dataset-mbpp.model-qwen3.5-9b.alpha4.0.steps100.blocks-1.prefetch-budget-20.rank-accept_first.cut-entropy4.0.samples20.maxnew1024.seed10086.subtreePrefetch.vllm.log,249,15,28,0.7605966863342494
/Users/jiangnanhugo/workspace/power-sharpening/Subtree-Prefetching-Power-Sharpening/case_studies/logs-entropycut/mbpp/2026-09-21/vllm/dataset-mbpp.model-qwen3.5-9b.alpha4.0.steps100.blocks-1.prefetch-budget-20.rank-accept_first.cut-entropy4.0.samples20.maxnew1024.seed10086.subtreePrefetch.vllm.log,249,16,28,0.7605966863342494
/Users/jiangnanhugo/workspace/power-sharpening/Subtree-Prefetching-Power-Sharpening/case_studies/logs-entropycut/mbpp/2026-09-21/vllm/dataset-mbpp.model-qwen3.5-9b.alpha4.0.steps100.blocks-1.prefetch-budget-20.rank-accept_first.cut-entropy4.0.samples20.maxnew1024.seed10086.subtreePrefetch.vllm.log,249,17,28,0.7605966863342494
/Users/jiangnanhugo/workspace/power-sharpening/Subtree-Prefetching-Power-Sharpening/case_studies/logs-entropycut/mbpp/2026-09-21/vllm/dataset-mbpp.model-qwen3.5-9b.alpha4.0.steps100.blocks-1.prefetch-budget-20.rank-accept_first.cut-entropy4.0.samples20.maxnew1024.seed10086.subtreePrefetch.vllm.log,249,18,28,0.7605966863342494
/Users/jiangnanhugo/workspace/power-sharpening/Subtree-Prefetching-Power-Sharpening/case_studies/logs-entropycut/mbpp/2026-09-21/vllm/dataset-mbpp.model-qwen3.5-9b.alpha4.0.steps100.blocks-1.prefetch-budget-20.rank-accept_first.cut-entropy4.0.samples20.maxnew1024.seed10086.subtreePrefetch.vllm.log,249,19,28,0.7605966863342494
/Users/jiangnanhugo/workspace/power-sharpening/Subtree-Prefetching-Power-Sharpening/case_studies/logs-entropycut/mbpp/2026-09-21/vllm/dataset-mbpp.model-qwen3.5-9b.alpha4.0.steps100.blocks-1.prefetch-budget-20.rank-accept_first.cut-entropy4.0.samples20.maxnew1024.seed10086.subtreePrefetch.vllm.log,250,0,28,0.7605966863342494
/Users/jiangnanhugo/workspace/power-sharpening/Subtree-Prefetching-Power-Sharpening/case_studies/logs-entropycut/mbpp/2026-09-21/vllm/dataset-mbpp.model-qwen3.5-9b.alpha4.0.steps100.blocks-1.prefetch-budget-20.rank-accept_first.cut-entropy4.0.samples20.maxnew1024.seed10086.subtreePrefetch.vllm.log,250,1,28,0.7605966863342494
/Users/jiangnanhugo/workspace/power-sharpening/Subtree-Prefetching-Power-Sharpening/case_studies/logs-entropycut/mbpp/2026-09-21/vllm/dataset-mbpp.model-qwen3.5-9b.alpha4.0.steps100.blocks-1.prefetch-budget-20.rank-accept_first.cut-entropy4.0.samples20.maxnew1024.seed10086.subtreePrefetch.vllm.log,250,2,28,0.7605966863342494
/Users/jiangnanhugo/workspace/power-sharpening/Subtree-Prefetching-Power-Sharpening/case_studies/logs-entropycut/mbpp/2026-09-21/vllm/dataset-mbpp.model-qwen3.5-9b.alpha4.0.steps100.blocks-1.prefetch-budget-20.rank-accept_first.cut-entropy4.0.samples20.maxnew1024.seed10086.subtreePrefetch.vllm.log,250,3,253,0.10268960054132845
/Users/jiangnanhugo/workspace/power-sharpening/Subtree-Prefetching-Power-Sharpening/case_studies/logs-entropycut/mbpp/2026-09-21/vllm/dataset-mbpp.model-qwen3.5-9b.alpha4.0.steps100.blocks-1.prefetch-budget-20.rank-accept_first.cut-entropy4.0.samples20.maxnew1024.seed10086.subtreePrefetch.vllm.log,250,4,28,0.7605966863342494
/Users/jiangnanhugo/workspace/power-sharpening/Subtree-Prefetching-Power-Sharpening/case_studies/logs-entropycut/mbpp/2026-09-21/vllm/dataset-mbpp.model-qwen3.5-9b.alpha4.0.steps100.blocks-1.prefetch-budget-20.rank-accept_first.cut-entropy4.0.samples20.maxnew1024.seed10086.subtreePrefetch.vllm.log,250,5,28,0.7605966863342494
/Users/jiangnanhugo/workspace/power-sharpening/Subtree-Prefetching-Power-Sharpening/case_studies/logs-entropycut/mbpp/2026-09-21/vllm/dataset-mbpp.model-qwen3.5-9b.alpha4.0.steps100.blocks-1.prefetch-budget-20.rank-accept_first.cut-entropy4.0.samples20.maxnew1024.seed10086.subtreePrefetch.vllm.log,250,6,28,0.7605966863342494
/Users/jiangnanhugo/workspace/power-sharpening/Subtree-Prefetching-Power-Sharpening/case_studies/logs-entropycut/mbpp/2026-09-21/vllm/dataset-mbpp.model-qwen3.5-9b.alpha4.0.steps100.blocks-1.prefetch-budget-20.rank-accept_first.cut-entropy4.0.samples20.maxnew1024.seed10086.subtreePrefetch.vllm.log,250,7,28,0.7605966863342494
/Users/jiangnanhugo/workspace/power-sharpening/Subtree-Prefetching-Power-Sharpening/case_studies/logs-entropycut/mbpp/2026-09-21/vllm/dataset-mbpp.model-qwen3.5-9b.alpha4.0.steps100.blocks-1.prefetch-budget-20.rank-accept_first.cut-entropy4.0.samples20.maxnew1024.seed10086.subtreePrefetch.vllm.log,250,8,28,0.7605966863342494
/Users/jiangnanhugo/workspace/power-sharpening/Subtree-Prefetching-Power-Sharpening/case_studies/logs-entropycut/mbpp/2026-09-21/vllm/dataset-mbpp.model-qwen3.5-9b.alpha4.0.steps100.blocks-1.prefetch-budget-20.rank-accept_first.cut-entropy4.0.samples20.maxnew1024.seed10086.subtreePrefetch.vllm.log,250,9,27,0.0021774160635878634
/Users/jiangnanhugo/workspace/power-sharpening/Subtree-Prefetching-Power-Sharpening/case_studies/logs-entropycut/mbpp/2026-09-21/vllm/dataset-mbpp.model-qwen3.5-9b.alpha4.0.steps100.blocks-1.prefetch-budget-20.rank-accept_first.cut-entropy4.0.samples20.maxnew1024.seed10086.subtreePrefetch.vllm.log,250,10,28,0.7605966863342494
/Users/jiangnanhugo/workspace/power-sharpening/Subtree-Prefetching-Power-Sharpening/case_studies/logs-entropycut/mbpp/2026-09-21/vllm/dataset-mbpp.model-qwen3.5-9b.alpha4.0.steps100.blocks-1.prefetch-budget-20.rank-accept_first.cut-entropy4.0.samples20.maxnew1024.seed10086.subtreePrefetch.vllm.log,250,11,28,0.7605966863342494
/Users/jiangnanhugo/workspace/power-sharpening/Subtree-Prefetching-Power-Sharpening/case_studies/logs-entropycut/mbpp/2026-09-21/vllm/dataset-mbpp.model-qwen3.5-9b.alpha4.0.steps100.blocks-1.prefetch-budget-20.rank-accept_first.cut-entropy4.0.samples20.maxnew1024.seed10086.subtreePrefetch.vllm.log,250,12,28,0.7605966863342494
/Users/jiangnanhugo/workspace/power-sharpening/Subtree-Prefetching-Power-Sharpening/case_studies/logs-entropycut/mbpp/2026-09-21/vllm/dataset-mbpp.model-qwen3.5-9b.alpha4.0.steps100.blocks-1.prefetch-budget-20.rank-accept_first.cut-entropy4.0.samples20.maxnew1024.seed10086.subtreePrefetch.vllm.log,250,13,28,0.7605966863342494
/Users/jiangnanhugo/workspace/power-sharpening/Subtree-Prefetching-Power-Sharpening/case_studies/logs-entropycut/mbpp/2026-09-21/vllm/dataset-mbpp.model-qwen3.5-9b.alpha4.0.steps100.blocks-1.prefetch-budget-20.rank-accept_first.cut-entropy4.0.samples20.maxnew1024.seed10086.subtreePrefetch.vllm.log,250,14,28,0.7605966863342494
/Users/jiangnanhugo/workspace/power-sharpening/Subtree-Prefetching-Power-Sharpening/case_studies/logs-entropycut/mbpp/2026-09-21/vllm/dataset-mbpp.model-qwen3.5-9b.alpha4.0.steps100.blocks-1.prefetch-budget-20.rank-accept_first.cut-entropy4.0.samples20.maxnew1024.seed10086.subtreePrefetch.vllm.log,250,15,28,0.7605966863342494
/Users/jiangnanhugo/workspace/power-sharpening/Subtree-Prefetching-Power-Sharpening/case_studies/logs-entropycut/mbpp/2026-09-21/vllm/dataset-mbpp.model-qwen3.5-9b.alpha4.0.steps100.blocks-1.prefetch-budget-20.rank-accept_first.cut-entropy4.0.samples20.maxnew1024.seed10086.subtreePrefetch.vllm.log,250,16,28,0.7605966863342494
/Users/jiangnanhugo/workspace/power-sharpening/Subtree-Prefetching-Power-Sharpening/case_studies/logs-entropycut/mbpp/2026-09-21/vllm/dataset-mbpp.model-qwen3.5-9b.alpha4.0.steps100.blocks-1.prefetch-budget-20.rank-accept_first.cut-entropy4.0.samples20.maxnew1024.seed10086.subtreePrefetch.vllm.log,250,17,28,0.7605966863342494
/Users/jiangnanhugo/workspace/power-sharpening/Subtree-Prefetching-Power-Sharpening/case_studies/logs-entropycut/mbpp/2026-09-21/vllm/dataset-mbpp.model-qwen3.5-9b.alpha4.0.steps100.blocks-1.prefetch-budget-20.rank-accept_first.cut-entropy4.0.samples20.maxnew1024.seed10086.subtreePrefetch.vllm.log,250,18,28,0.7605966863342494
/Users/jiangnanhugo/workspace/power-sharpening/Subtree-Prefetching-Power-Sharpening/case_studies/logs-entropycut/mbpp/2026-09-21/vllm/dataset-mbpp.model-qwen3.5-9b.alpha4.0.steps100.blocks-1.prefetch-budget-20.rank-accept_first.cut-entropy4.0.samples20.maxnew1024.seed10086.subtreePrefetch.vllm.log,250,19,28,0.7605966863342494
/Users/jiangnanhugo/workspace/power-sharpening/Subtree-Prefetching-Power-Sharpening/case_studies/logs-entropycut/mbpp/2026-09-21/vllm/dataset-mbpp.model-qwen3.5-9b.alpha4.0.steps100.blocks-1.prefetch-budget-20.rank-accept_first.cut-entropy4.0.samples20.maxnew1024.seed10086.subtreePrefetch.vllm.log,251,0,28,0.7605966863342494
/Users/jiangnanhugo/workspace/power-sharpening/Subtree-Prefetching-Power-Sharpening/case_studies/logs-entropycut/mbpp/2026-09-21/vllm/dataset-mbpp.model-qwen3.5-9b.alpha4.0.steps100.blocks-1.prefetch-budget-20.rank-accept_first.cut-entropy4.0.samples20.maxnew1024.seed10086.subtreePrefetch.vllm.log,251,1,28,0.7605966863342494
/Users/jiangnanhugo/workspace/power-sharpening/Subtree-Prefetching-Power-Sharpening/case_studies/logs-entropycut/mbpp/2026-09-21/vllm/dataset-mbpp.model-qwen3.5-9b.alpha4.0.steps100.blocks-1.prefetch-budget-20.rank-accept_first.cut-entropy4.0.samples20.maxnew1024.seed10086.subtreePrefetch.vllm.log,251,2,28,0.7605966863342494
/Users/jiangnanhugo/workspace/power-sharpening/Subtree-Prefetching-Power-Sharpening/case_studies/logs-entropycut/mbpp/2026-09-21/vllm/dataset-mbpp.model-qwen3.5-9b.alpha4.0.steps100.blocks-1.prefetch-budget-20.rank-accept_first.cut-entropy4.0.samples20.maxnew1024.seed10086.subtreePrefetch.vllm.log,251,3,28,0.7605966863342494
/Users/jiangnanhugo/workspace/power-sharpening/Subtree-Prefetching-Power-Sharpening/case_studies/logs-entropycut/mbpp/2026-09-21/vllm/dataset-mbpp.model-qwen3.5-9b.alpha4.0.steps100.blocks-1.prefetch-budget-20.rank-accept_first.cut-entropy4.0.samples20.maxnew1024.seed10086.subtreePrefetch.vllm.log,251,4,28,0.7605966863342494
/Users/jiangnanhugo/workspace/power-sharpening/Subtree-Prefetching-Power-Sharpening/case_studies/logs-entropycut/mbpp/2026-09-21/vllm/dataset-mbpp.model-qwen3.5-9b.alpha4.0.steps100.blocks-1.prefetch-budget-20.rank-accept_first.cut-entropy4.0.samples20.maxnew1024.seed10086.subtreePrefetch.vllm.log,251,5,28,0.7605966863342494
/Users/jiangnanhugo/workspace/power-sharpening/Subtree-Prefetching-Power-Sharpening/case_studies/logs-entropycut/mbpp/2026-09-21/vllm/dataset-mbpp.model-qwen3.5-9b.alpha4.0.steps100.blocks-1.prefetch-budget-20.rank-accept_first.cut-entropy4.0.samples20.maxnew1024.seed10086.subtreePrefetch.vllm.log,251,6,27,0.0021774160635878634
/Users/jiangnanhugo/workspace/power-sharpening/Subtree-Prefetching-Power-Sharpening/case_studies/logs-entropycut/mbpp/2026-09-21/vllm/dataset-mbpp.model-qwen3.5-9b.alpha4.0.steps100.blocks-1.prefetch-budget-20.rank-accept_first.cut-entropy4.0.samples20.maxnew1024.seed10086.subtreePrefetch.vllm.log,251,7,28,0.7605966863342494
/Users/jiangnanhugo/workspace/power-sharpening/Subtree-Prefetching-Power-Sharpening/case_studies/logs-entropycut/mbpp/2026-09-21/vllm/dataset-mbpp.model-qwen3.5-9b.alpha4.0.steps100.blocks-1.prefetch-budget-20.rank-accept_first.cut-entropy4.0.samples20.maxnew1024.seed10086.subtreePrefetch.vllm.log,251,8,46,0.07169275724031311
/Users/jiangnanhugo/workspace/power-sharpening/Subtree-Prefetching-Power-Sharpening/case_studies/logs-entropycut/mbpp/2026-09-21/vllm/dataset-mbpp.model-qwen3.5-9b.alpha4.0.steps100.blocks-1.prefetch-budget-20.rank-accept_first.cut-entropy4.0.samples20.maxnew1024.seed10086.subtreePrefetch.vllm.log,251,9,28,0.7605966863342494
/Users/jiangnanhugo/workspace/power-sharpening/Subtree-Prefetching-Power-Sharpening/case_studies/logs-entropycut/mbpp/2026-09-21/vllm/dataset-mbpp.model-qwen3.5-9b.alpha4.0.steps100.blocks-1.prefetch-budget-20.rank-accept_first.cut-entropy4.0.samples20.maxnew1024.seed10086.subtreePrefetch.vllm.log,251,10,28,0.7605966863342494
/Users/jiangnanhugo/workspace/power-sharpening/Subtree-Prefetching-Power-Sharpening/case_studies/logs-entropycut/mbpp/2026-09-21/vllm/dataset-mbpp.model-qwen3.5-9b.alpha4.0.steps100.blocks-1.prefetch-budget-20.rank-accept_first.cut-entropy4.0.samples20.maxnew1024.seed10086.subtreePrefetch.vllm.log,251,11,28,0.7605966863342494
/Users/jiangnanhugo/workspace/power-sharpening/Subtree-Prefetching-Power-Sharpening/case_studies/logs-entropycut/mbpp/2026-09-21/vllm/dataset-mbpp.model-qwen3.5-9b.alpha4.0.steps100.blocks-1.prefetch-budget-20.rank-accept_first.cut-entropy4.0.samples20.maxnew1024.seed10086.subtreePrefetch.vllm.log,251,12,28,0.7605966863342494
/Users/jiangnanhugo/workspace/power-sharpening/Subtree-Prefetching-Power-Sharpening/case_studies/logs-entropycut/mbpp/2026-09-21/vllm/dataset-mbpp.model-qwen3.5-9b.alpha4.0.steps100.blocks-1.prefetch-budget-20.rank-accept_first.cut-entropy4.0.samples20.maxnew1024.seed10086.subtreePrefetch.vllm.log,251,13,28,0.7605966863342494
/Users/jiangnanhugo/workspace/power-sharpening/Subtree-Prefetching-Power-Sharpening/case_studies/logs-entropycut/mbpp/2026-09-21/vllm/dataset-mbpp.model-qwen3.5-9b.alpha4.0.steps100.blocks-1.prefetch-budget-20.rank-accept_first.cut-entropy4.0.samples20.maxnew1024.seed10086.subtreePrefetch.vllm.log,251,14,46,0.07169275724031311
/Users/jiangnanhugo/workspace/power-sharpening/Subtree-Prefetching-Power-Sharpening/case_studies/logs-entropycut/mbpp/2026-09-21/vllm/dataset-mbpp.model-qwen3.5-9b.alpha4.0.steps100.blocks-1.prefetch-budget-20.rank-accept_first.cut-entropy4.0.samples20.maxnew1024.seed10086.subtreePrefetch.vllm.log,251,15,28,0.7605966863342494
/Users/jiangnanhugo/workspace/power-sharpening/Subtree-Prefetching-Power-Sharpening/case_studies/logs-entropycut/mbpp/2026-09-21/vllm/dataset-mbpp.model-qwen3.5-9b.alpha4.0.steps100.blocks-1.prefetch-budget-20.rank-accept_first.cut-entropy4.0.samples20.maxnew1024.seed10086.subtreePrefetch.vllm.log,251,16,28,0.7605966863342494
/Users/jiangnanhugo/workspace/power-sharpening/Subtree-Prefetching-Power-Sharpening/case_studies/logs-entropycut/mbpp/2026-09-21/vllm/dataset-mbpp.model-qwen3.5-9b.alpha4.0.steps100.blocks-1.prefetch-budget-20.rank-accept_first.cut-entropy4.0.samples20.maxnew1024.seed10086.subtreePrefetch.vllm.log,251,17,28,0.7605966863342494
/Users/jiangnanhugo/workspace/power-sharpening/Subtree-Prefetching-Power-Sharpening/case_studies/logs-entropycut/mbpp/2026-09-21/vllm/dataset-mbpp.model-qwen3.5-9b.alpha4.0.steps100.blocks-1.prefetch-budget-20.rank-accept_first.cut-entropy4.0.samples20.maxnew1024.seed10086.subtreePrefetch.vllm.log,251,18,28,0.7605966863342494
/Users/jiangnanhugo/workspace/power-sharpening/Subtree-Prefetching-Power-Sharpening/case_studies/logs-entropycut/mbpp/2026-09-21/vllm/dataset-mbpp.model-qwen3.5-9b.alpha4.0.steps100.blocks-1.prefetch-budget-20.rank-accept_first.cut-entropy4.0.samples20.maxnew1024.seed10086.subtreePrefetch.vllm.log,251,19,28,0.7605966863342494
/Users/jiangnanhugo/workspace/power-sharpening/Subtree-Prefetching-Power-Sharpening/case_studies/logs-entropycut/mbpp/2026-09-21/vllm/dataset-mbpp.model-qwen3.5-9b.alpha4.0.steps100.blocks-1.prefetch-budget-20.rank-accept_first.cut-entropy4.0.samples20.maxnew1024.seed10086.subtreePrefetch.vllm.log,252,0,28,0.7605966863342494
/Users/jiangnanhugo/workspace/power-sharpening/Subtree-Prefetching-Power-Sharpening/case_studies/logs-entropycut/mbpp/2026-09-21/vllm/dataset-mbpp.model-qwen3.5-9b.alpha4.0.steps100.blocks-1.prefetch-budget-20.rank-accept_first.cut-entropy4.0.samples20.maxnew1024.seed10086.subtreePrefetch.vllm.log,252,1,28,0.7605966863342494
/Users/jiangnanhugo/workspace/power-sharpening/Subtree-Prefetching-Power-Sharpening/case_studies/logs-entropycut/mbpp/2026-09-21/vllm/dataset-mbpp.model-qwen3.5-9b.alpha4.0.steps100.blocks-1.prefetch-budget-20.rank-accept_first.cut-entropy4.0.samples20.maxnew1024.seed10086.subtreePrefetch.vllm.log,252,2,28,0.7605966863342494
/Users/jiangnanhugo/workspace/power-sharpening/Subtree-Prefetching-Power-Sharpening/case_studies/logs-entropycut/mbpp/2026-09-21/vllm/dataset-mbpp.model-qwen3.5-9b.alpha4.0.steps100.blocks-1.prefetch-budget-20.rank-accept_first.cut-entropy4.0.samples20.maxnew1024.seed10086.subtreePrefetch.vllm.log,252,3,28,0.7605966863342494
/Users/jiangnanhugo/workspace/power-sharpening/Subtree-Prefetching-Power-Sharpening/case_studies/logs-entropycut/mbpp/2026-09-21/vllm/dataset-mbpp.model-qwen3.5-9b.alpha4.0.steps100.blocks-1.prefetch-budget-20.rank-accept_first.cut-entropy4.0.samples20.maxnew1024.seed10086.subtreePrefetch.vllm.log,252,4,28,0.7605966863342494
/Users/jiangnanhugo/workspace/power-sharpening/Subtree-Prefetching-Power-Sharpening/case_studies/logs-entropycut/mbpp/2026-09-21/vllm/dataset-mbpp.model-qwen3.5-9b.alpha4.0.steps100.blocks-1.prefetch-budget-20.rank-accept_first.cut-entropy4.0.samples20.maxnew1024.seed10086.subtreePrefetch.vllm.log,252,5,28,0.7605966863342494
/Users/jiangnanhugo/workspace/power-sharpening/Subtree-Prefetching-Power-Sharpening/case_studies/logs-entropycut/mbpp/2026-09-21/vllm/dataset-mbpp.model-qwen3.5-9b.alpha4.0.steps100.blocks-1.prefetch-budget-20.rank-accept_first.cut-entropy4.0.samples20.maxnew1024.seed10086.subtreePrefetch.vllm.log,252,6,28,0.7605966863342494
/Users/jiangnanhugo/workspace/power-sharpening/Subtree-Prefetching-Power-Sharpening/case_studies/logs-entropycut/mbpp/2026-09-21/vllm/dataset-mbpp.model-qwen3.5-9b.alpha4.0.steps100.blocks-1.prefetch-budget-20.rank-accept_first.cut-entropy4.0.samples20.maxnew1024.seed10086.subtreePrefetch.vllm.log,252,7,28,0.7605966863342494
/Users/jiangnanhugo/workspace/power-sharpening/Subtree-Prefetching-Power-Sharpening/case_studies/logs-entropycut/mbpp/2026-09-21/vllm/dataset-mbpp.model-qwen3.5-9b.alpha4.0.steps100.blocks-1.prefetch-budget-20.rank-accept_first.cut-entropy4.0.samples20.maxnew1024.seed10086.subtreePrefetch.vllm.log,252,8,28,0.7605966863342494
/Users/jiangnanhugo/workspace/power-sharpening/Subtree-Prefetching-Power-Sharpening/case_studies/logs-entropycut/mbpp/2026-09-21/vllm/dataset-mbpp.model-qwen3.5-9b.alpha4.0.steps100.blocks-1.prefetch-budget-20.rank-accept_first.cut-entropy4.0.samples20.maxnew1024.seed10086.subtreePrefetch.vllm.log,252,9,28,0.7605966863342494
/Users/jiangnanhugo/workspace/power-sharpening/Subtree-Prefetching-Power-Sharpening/case_studies/logs-entropycut/mbpp/2026-09-21/vllm/dataset-mbpp.model-qwen3.5-9b.alpha4.0.steps100.blocks-1.prefetch-budget-20.rank-accept_first.cut-entropy4.0.samples20.maxnew1024.seed10086.subtreePrefetch.vllm.log,252,10,4,0.00645162861790751
/Users/jiangnanhugo/workspace/power-sharpening/Subtree-Prefetching-Power-Sharpening/case_studies/logs-entropycut/mbpp/2026-09-21/vllm/dataset-mbpp.model-qwen3.5-9b.alpha4.0.steps100.blocks-1.prefetch-budget-20.rank-accept_first.cut-entropy4.0.samples20.maxnew1024.seed10086.subtreePrefetch.vllm.log,252,11,28,0.7605966863342494
/Users/jiangnanhugo/workspace/power-sharpening/Subtree-Prefetching-Power-Sharpening/case_studies/logs-entropycut/mbpp/2026-09-21/vllm/dataset-mbpp.model-qwen3.5-9b.alpha4.0.steps100.blocks-1.prefetch-budget-20.rank-accept_first.cut-entropy4.0.samples20.maxnew1024.seed10086.subtreePrefetch.vllm.log,252,12,28,0.7605966863342494
/Users/jiangnanhugo/workspace/power-sharpening/Subtree-Prefetching-Power-Sharpening/case_studies/logs-entropycut/mbpp/2026-09-21/vllm/dataset-mbpp.model-qwen3.5-9b.alpha4.0.steps100.blocks-1.prefetch-budget-20.rank-accept_first.cut-entropy4.0.samples20.maxnew1024.seed10086.subtreePrefetch.vllm.log,252,13,253,0.10268960054132845
/Users/jiangnanhugo/workspace/power-sharpening/Subtree-Prefetching-Power-Sharpening/case_studies/logs-entropycut/mbpp/2026-09-21/vllm/dataset-mbpp.model-qwen3.5-9b.alpha4.0.steps100.blocks-1.prefetch-budget-20.rank-accept_first.cut-entropy4.0.samples20.maxnew1024.seed10086.subtreePrefetch.vllm.log,252,14,28,0.7605966863342494
/Users/jiangnanhugo/workspace/power-sharpening/Subtree-Prefetching-Power-Sharpening/case_studies/logs-entropycut/mbpp/2026-09-21/vllm/dataset-mbpp.model-qwen3.5-9b.alpha4.0.steps100.blocks-1.prefetch-budget-20.rank-accept_first.cut-entropy4.0.samples20.maxnew1024.seed10086.subtreePrefetch.vllm.log,252,15,28,0.7605966863342494
/Users/jiangnanhugo/workspace/power-sharpening/Subtree-Prefetching-Power-Sharpening/case_studies/logs-entropycut/mbpp/2026-09-21/vllm/dataset-mbpp.model-qwen3.5-9b.alpha4.0.steps100.blocks-1.prefetch-budget-20.rank-accept_first.cut-entropy4.0.samples20.maxnew1024.seed10086.subtreePrefetch.vllm.log,252,16,28,0.7605966863342494
/Users/jiangnanhugo/workspace/power-sharpening/Subtree-Prefetching-Power-Sharpening/case_studies/logs-entropycut/mbpp/2026-09-21/vllm/dataset-mbpp.model-qwen3.5-9b.alpha4.0.steps100.blocks-1.prefetch-budget-20.rank-accept_first.cut-entropy4.0.samples20.maxnew1024.seed10086.subtreePrefetch.vllm.log,252,17,28,0.7605966863342494
/Users/jiangnanhugo/workspace/power-sharpening/Subtree-Prefetching-Power-Sharpening/case_studies/logs-entropycut/mbpp/2026-09-21/vllm/dataset-mbpp.model-qwen3.5-9b.alpha4.0.steps100.blocks-1.prefetch-budget-20.rank-accept_first.cut-entropy4.0.samples20.maxnew1024.seed10086.subtreePrefetch.vllm.log,252,18,28,0.7605966863342494
/Users/jiangnanhugo/workspace/power-sharpening/Subtree-Prefetching-Power-Sharpening/case_studies/logs-entropycut/mbpp/2026-09-21/vllm/dataset-mbpp.model-qwen3.5-9b.alpha4.0.steps100.blocks-1.prefetch-budget-20.rank-accept_first.cut-entropy4.0.samples20.maxnew1024.seed10086.subtreePrefetch.vllm.log,252,19,28,0.7605966863342494
/Users/jiangnanhugo/workspace/power-sharpening/Subtree-Prefetching-Power-Sharpening/case_studies/logs-entropycut/mbpp/2026-09-21/vllm/dataset-mbpp.model-qwen3.5-9b.alpha4.0.steps100.blocks-1.prefetch-budget-20.rank-accept_first.cut-entropy4.0.samples20.maxnew1024.seed10086.subtreePrefetch.vllm.log,253,0,253,0.10268960054132845
/Users/jiangnanhugo/workspace/power-sharpening/Subtree-Prefetching-Power-Sharpening/case_studies/logs-entropycut/mbpp/2026-09-21/vllm/dataset-mbpp.model-qwen3.5-9b.alpha4.0.steps100.blocks-1.prefetch-budget-20.rank-accept_first.cut-entropy4.0.samples20.maxnew1024.seed10086.subtreePrefetch.vllm.log,253,1,28,0.7605966863342494
/Users/jiangnanhugo/workspace/power-sharpening/Subtree-Prefetching-Power-Sharpening/case_studies/logs-entropycut/mbpp/2026-09-21/vllm/dataset-mbpp.model-qwen3.5-9b.alpha4.0.steps100.blocks-1.prefetch-budget-20.rank-accept_first.cut-entropy4.0.samples20.maxnew1024.seed10086.subtreePrefetch.vllm.log,253,2,28,0.7605966863342494
/Users/jiangnanhugo/workspace/power-sharpening/Subtree-Prefetching-Power-Sharpening/case_studies/logs-entropycut/mbpp/2026-09-21/vllm/dataset-mbpp.model-qwen3.5-9b.alpha4.0.steps100.blocks-1.prefetch-budget-20.rank-accept_first.cut-entropy4.0.samples20.maxnew1024.seed10086.subtreePrefetch.vllm.log,253,3,28,0.7605966863342494
/Users/jiangnanhugo/workspace/power-sharpening/Subtree-Prefetching-Power-Sharpening/case_studies/logs-entropycut/mbpp/2026-09-21/vllm/dataset-mbpp.model-qwen3.5-9b.alpha4.0.steps100.blocks-1.prefetch-budget-20.rank-accept_first.cut-entropy4.0.samples20.maxnew1024.seed10086.subtreePrefetch.vllm.log,253,4,28,0.7605966863342494
/Users/jiangnanhugo/workspace/power-sharpening/Subtree-Prefetching-Power-Sharpening/case_studies/logs-entropycut/mbpp/2026-09-21/vllm/dataset-mbpp.model-qwen3.5-9b.alpha4.0.steps100.blocks-1.prefetch-budget-20.rank-accept_first.cut-entropy4.0.samples20.maxnew1024.seed10086.subtreePrefetch.vllm.log,253,5,28,0.7605966863342494
/Users/jiangnanhugo/workspace/power-sharpening/Subtree-Prefetching-Power-Sharpening/case_studies/logs-entropycut/mbpp/2026-09-21/vllm/dataset-mbpp.model-qwen3.5-9b.alpha4.0.steps100.blocks-1.prefetch-budget-20.rank-accept_first.cut-entropy4.0.samples20.maxnew1024.seed10086.subtreePrefetch.vllm.log,253,6,28,0.7605966863342494
/Users/jiangnanhugo/workspace/power-sharpening/Subtree-Prefetching-Power-Sharpening/case_studies/logs-entropycut/mbpp/2026-09-21/vllm/dataset-mbpp.model-qwen3.5-9b.alpha4.0.steps100.blocks-1.prefetch-budget-20.rank-accept_first.cut-entropy4.0.samples20.maxnew1024.seed10086.subtreePrefetch.vllm.log,253,7,28,0.7605966863342494
/Users/jiangnanhugo/workspace/power-sharpening/Subtree-Prefetching-Power-Sharpening/case_studies/logs-entropycut/mbpp/2026-09-21/vllm/dataset-mbpp.model-qwen3.5-9b.alpha4.0.steps100.blocks-1.prefetch-budget-20.rank-accept_first.cut-entropy4.0.samples20.maxnew1024.seed10086.subtreePrefetch.vllm.log,253,8,28,0.7605966863342494
/Users/jiangnanhugo/workspace/power-sharpening/Subtree-Prefetching-Power-Sharpening/case_studies/logs-entropycut/mbpp/2026-09-21/vllm/dataset-mbpp.model-qwen3.5-9b.alpha4.0.steps100.blocks-1.prefetch-budget-20.rank-accept_first.cut-entropy4.0.samples20.maxnew1024.seed10086.subtreePrefetch.vllm.log,253,9,28,0.7605966863342494
/Users/jiangnanhugo/workspace/power-sharpening/Subtree-Prefetching-Power-Sharpening/case_studies/logs-entropycut/mbpp/2026-09-21/vllm/dataset-mbpp.model-qwen3.5-9b.alpha4.0.steps100.blocks-1.prefetch-budget-20.rank-accept_first.cut-entropy4.0.samples20.maxnew1024.seed10086.subtreePrefetch.vllm.log,253,10,28,0.7605966863342494
/Users/jiangnanhugo/workspace/power-sharpening/Subtree-Prefetching-Power-Sharpening/case_studies/logs-entropycut/mbpp/2026-09-21/vllm/dataset-mbpp.model-qwen3.5-9b.alpha4.0.steps100.blocks-1.prefetch-budget-20.rank-accept_first.cut-entropy4.0.samples20.maxnew1024.seed10086.subtreePrefetch.vllm.log,253,11,28,0.7605966863342494
/Users/jiangnanhugo/workspace/power-sharpening/Subtree-Prefetching-Power-Sharpening/case_studies/logs-entropycut/mbpp/2026-09-21/vllm/dataset-mbpp.model-qwen3.5-9b.alpha4.0.steps100.blocks-1.prefetch-budget-20.rank-accept_first.cut-entropy4.0.samples20.maxnew1024.seed10086.subtreePrefetch.vllm.log,253,12,28,0.7605966863342494
/Users/jiangnanhugo/workspace/power-sharpening/Subtree-Prefetching-Power-Sharpening/case_studies/logs-entropycut/mbpp/2026-09-21/vllm/dataset-mbpp.model-qwen3.5-9b.alpha4.0.steps100.blocks-1.prefetch-budget-20.rank-accept_first.cut-entropy4.0.samples20.maxnew1024.seed10086.subtreePrefetch.vllm.log,253,13,28,0.7605966863342494
/Users/jiangnanhugo/workspace/power-sharpening/Subtree-Prefetching-Power-Sharpening/case_studies/logs-entropycut/mbpp/2026-09-21/vllm/dataset-mbpp.model-qwen3.5-9b.alpha4.0.steps100.blocks-1.prefetch-budget-20.rank-accept_first.cut-entropy4.0.samples20.maxnew1024.seed10086.subtreePrefetch.vllm.log,253,14,4,0.00645162861790751
/Users/jiangnanhugo/workspace/power-sharpening/Subtree-Prefetching-Power-Sharpening/case_studies/logs-entropycut/mbpp/2026-09-21/vllm/dataset-mbpp.model-qwen3.5-9b.alpha4.0.steps100.blocks-1.prefetch-budget-20.rank-accept_first.cut-entropy4.0.samples20.maxnew1024.seed10086.subtreePrefetch.vllm.log,253,15,28,0.7605966863342494
/Users/jiangnanhugo/workspace/power-sharpening/Subtree-Prefetching-Power-Sharpening/case_studies/logs-entropycut/mbpp/2026-09-21/vllm/dataset-mbpp.model-qwen3.5-9b.alpha4.0.steps100.blocks-1.prefetch-budget-20.rank-accept_first.cut-entropy4.0.samples20.maxnew1024.seed10086.subtreePrefetch.vllm.log,253,16,28,0.7605966863342494
/Users/jiangnanhugo/workspace/power-sharpening/Subtree-Prefetching-Power-Sharpening/case_studies/logs-entropycut/mbpp/2026-09-21/vllm/dataset-mbpp.model-qwen3.5-9b.alpha4.0.steps100.blocks-1.prefetch-budget-20.rank-accept_first.cut-entropy4.0.samples20.maxnew1024.seed10086.subtreePrefetch.vllm.log,253,17,28,0.7605966863342494
/Users/jiangnanhugo/workspace/power-sharpening/Subtree-Prefetching-Power-Sharpening/case_studies/logs-entropycut/mbpp/2026-09-21/vllm/dataset-mbpp.model-qwen3.5-9b.alpha4.0.steps100.blocks-1.prefetch-budget-20.rank-accept_first.cut-entropy4.0.samples20.maxnew1024.seed10086.subtreePrefetch.vllm.log,253,18,28,0.7605966863342494
/Users/jiangnanhugo/workspace/power-sharpening/Subtree-Prefetching-Power-Sharpening/case_studies/logs-entropycut/mbpp/2026-09-21/vllm/dataset-mbpp.model-qwen3.5-9b.alpha4.0.steps100.blocks-1.prefetch-budget-20.rank-accept_first.cut-entropy4.0.samples20.maxnew1024.seed10086.subtreePrefetch.vllm.log,253,19,28,0.7605966863342494
/Users/jiangnanhugo/workspace/power-sharpening/Subtree-Prefetching-Power-Sharpening/case_studies/logs-entropycut/mbpp/2026-09-21/vllm/dataset-mbpp.model-qwen3.5-9b.alpha4.0.steps100.blocks-1.prefetch-budget-20.rank-accept_first.cut-entropy4.0.samples20.maxnew1024.seed10086.subtreePrefetch.vllm.log,254,0,253,0.10268960054132845
/Users/jiangnanhugo/workspace/power-sharpening/Subtree-Prefetching-Power-Sharpening/case_studies/logs-entropycut/mbpp/2026-09-21/vllm/dataset-mbpp.model-qwen3.5-9b.alpha4.0.steps100.blocks-1.prefetch-budget-20.rank-accept_first.cut-entropy4.0.samples20.maxnew1024.seed10086.subtreePrefetch.vllm.log,254,1,28,0.7605966863342494
/Users/jiangnanhugo/workspace/power-sharpening/Subtree-Prefetching-Power-Sharpening/case_studies/logs-entropycut/mbpp/2026-09-21/vllm/dataset-mbpp.model-qwen3.5-9b.alpha4.0.steps100.blocks-1.prefetch-budget-20.rank-accept_first.cut-entropy4.0.samples20.maxnew1024.seed10086.subtreePrefetch.vllm.log,254,2,28,0.7605966863342494
/Users/jiangnanhugo/workspace/power-sharpening/Subtree-Prefetching-Power-Sharpening/case_studies/logs-entropycut/mbpp/2026-09-21/vllm/dataset-mbpp.model-qwen3.5-9b.alpha4.0.steps100.blocks-1.prefetch-budget-20.rank-accept_first.cut-entropy4.0.samples20.maxnew1024.seed10086.subtreePrefetch.vllm.log,254,3,28,0.7605966863342494
/Users/jiangnanhugo/workspace/power-sharpening/Subtree-Prefetching-Power-Sharpening/case_studies/logs-entropycut/mbpp/2026-09-21/vllm/dataset-mbpp.model-qwen3.5-9b.alpha4.0.steps100.blocks-1.prefetch-budget-20.rank-accept_first.cut-entropy4.0.samples20.maxnew1024.seed10086.subtreePrefetch.vllm.log,254,4,28,0.7605966863342494
/Users/jiangnanhugo/workspace/power-sharpening/Subtree-Prefetching-Power-Sharpening/case_studies/logs-entropycut/mbpp/2026-09-21/vllm/dataset-mbpp.model-qwen3.5-9b.alpha4.0.steps100.blocks-1.prefetch-budget-20.rank-accept_first.cut-entropy4.0.samples20.maxnew1024.seed10086.subtreePrefetch.vllm.log,254,5,28,0.7605966863342494
/Users/jiangnanhugo/workspace/power-sharpening/Subtree-Prefetching-Power-Sharpening/case_studies/logs-entropycut/mbpp/2026-09-21/vllm/dataset-mbpp.model-qwen3.5-9b.alpha4.0.steps100.blocks-1.prefetch-budget-20.rank-accept_first.cut-entropy4.0.samples20.maxnew1024.seed10086.subtreePrefetch.vllm.log,254,6,28,0.7605966863342494
/Users/jiangnanhugo/workspace/power-sharpening/Subtree-Prefetching-Power-Sharpening/case_studies/logs-entropycut/mbpp/2026-09-21/vllm/dataset-mbpp.model-qwen3.5-9b.alpha4.0.steps100.blocks-1.prefetch-budget-20.rank-accept_first.cut-entropy4.0.samples20.maxnew1024.seed10086.subtreePrefetch.vllm.log,254,7,28,0.7605966863342494
/Users/jiangnanhugo/workspace/power-sharpening/Subtree-Prefetching-Power-Sharpening/case_studies/logs-entropycut/mbpp/2026-09-21/vllm/dataset-mbpp.model-qwen3.5-9b.alpha4.0.steps100.blocks-1.prefetch-budget-20.rank-accept_first.cut-entropy4.0.samples20.maxnew1024.seed10086.subtreePrefetch.vllm.log,254,8,28,0.7605966863342494
/Users/jiangnanhugo/workspace/power-sharpening/Subtree-Prefetching-Power-Sharpening/case_studies/logs-entropycut/mbpp/2026-09-21/vllm/dataset-mbpp.model-qwen3.5-9b.alpha4.0.steps100.blocks-1.prefetch-budget-20.rank-accept_first.cut-entropy4.0.samples20.maxnew1024.seed10086.subtreePrefetch.vllm.log,254,9,28,0.7605966863342494
/Users/jiangnanhugo/workspace/power-sharpening/Subtree-Prefetching-Power-Sharpening/case_studies/logs-entropycut/mbpp/2026-09-21/vllm/dataset-mbpp.model-qwen3.5-9b.alpha4.0.steps100.blocks-1.prefetch-budget-20.rank-accept_first.cut-entropy4.0.samples20.maxnew1024.seed10086.subtreePrefetch.vllm.log,254,10,28,0.7605966863342494
/Users/jiangnanhugo/workspace/power-sharpening/Subtree-Prefetching-Power-Sharpening/case_studies/logs-entropycut/mbpp/2026-09-21/vllm/dataset-mbpp.model-qwen3.5-9b.alpha4.0.steps100.blocks-1.prefetch-budget-20.rank-accept_first.cut-entropy4.0.samples20.maxnew1024.seed10086.subtreePrefetch.vllm.log,254,11,28,0.7605966863342494
/Users/jiangnanhugo/workspace/power-sharpening/Subtree-Prefetching-Power-Sharpening/case_studies/logs-entropycut/mbpp/2026-09-21/vllm/dataset-mbpp.model-qwen3.5-9b.alpha4.0.steps100.blocks-1.prefetch-budget-20.rank-accept_first.cut-entropy4.0.samples20.maxnew1024.seed10086.subtreePrefetch.vllm.log,254,12,28,0.7605966863342494
/Users/jiangnanhugo/workspace/power-sharpening/Subtree-Prefetching-Power-Sharpening/case_studies/logs-entropycut/mbpp/2026-09-21/vllm/dataset-mbpp.model-qwen3.5-9b.alpha4.0.steps100.blocks-1.prefetch-budget-20.rank-accept_first.cut-entropy4.0.samples20.maxnew1024.seed10086.subtreePrefetch.vllm.log,254,13,28,0.7605966863342494
/Users/jiangnanhugo/workspace/power-sharpening/Subtree-Prefetching-Power-Sharpening/case_studies/logs-entropycut/mbpp/2026-09-21/vllm/dataset-mbpp.model-qwen3.5-9b.alpha4.0.steps100.blocks-1.prefetch-budget-20.rank-accept_first.cut-entropy4.0.samples20.maxnew1024.seed10086.subtreePrefetch.vllm.log,254,14,28,0.7605966863342494
/Users/jiangnanhugo/workspace/power-sharpening/Subtree-Prefetching-Power-Sharpening/case_studies/logs-entropycut/mbpp/2026-09-21/vllm/dataset-mbpp.model-qwen3.5-9b.alpha4.0.steps100.blocks-1.prefetch-budget-20.rank-accept_first.cut-entropy4.0.samples20.maxnew1024.seed10086.subtreePrefetch.vllm.log,254,15,28,0.7605966863342494
/Users/jiangnanhugo/workspace/power-sharpening/Subtree-Prefetching-Power-Sharpening/case_studies/logs-entropycut/mbpp/2026-09-21/vllm/dataset-mbpp.model-qwen3.5-9b.alpha4.0.steps100.blocks-1.prefetch-budget-20.rank-accept_first.cut-entropy4.0.samples20.maxnew1024.seed10086.subtreePrefetch.vllm.log,254,16,28,0.7605966863342494
/Users/jiangnanhugo/workspace/power-sharpening/Subtree-Prefetching-Power-Sharpening/case_studies/logs-entropycut/mbpp/2026-09-21/vllm/dataset-mbpp.model-qwen3.5-9b.alpha4.0.steps100.blocks-1.prefetch-budget-20.rank-accept_first.cut-entropy4.0.samples20.maxnew1024.seed10086.subtreePrefetch.vllm.log,254,17,28,0.7605966863342494
/Users/jiangnanhugo/workspace/power-sharpening/Subtree-Prefetching-Power-Sharpening/case_studies/logs-entropycut/mbpp/2026-09-21/vllm/dataset-mbpp.model-qwen3.5-9b.alpha4.0.steps100.blocks-1.prefetch-budget-20.rank-accept_first.cut-entropy4.0.samples20.maxnew1024.seed10086.subtreePrefetch.vllm.log,254,18,28,0.7605966863342494
/Users/jiangnanhugo/workspace/power-sharpening/Subtree-Prefetching-Power-Sharpening/case_studies/logs-entropycut/mbpp/2026-09-21/vllm/dataset-mbpp.model-qwen3.5-9b.alpha4.0.steps100.blocks-1.prefetch-budget-20.rank-accept_first.cut-entropy4.0.samples20.maxnew1024.seed10086.subtreePrefetch.vllm.log,254,19,28,0.7605966863342494
/Users/jiangnanhugo/workspace/power-sharpening/Subtree-Prefetching-Power-Sharpening/case_studies/logs-entropycut/mbpp/2026-09-21/vllm/dataset-mbpp.model-qwen3.5-9b.alpha4.0.steps100.blocks-1.prefetch-budget-20.rank-accept_first.cut-entropy4.0.samples20.maxnew1024.seed10086.subtreePrefetch.vllm.log,255,0,28,0.7605966863342494
/Users/jiangnanhugo/workspace/power-sharpening/Subtree-Prefetching-Power-Sharpening/case_studies/logs-entropycut/mbpp/2026-09-21/vllm/dataset-mbpp.model-qwen3.5-9b.alpha4.0.steps100.blocks-1.prefetch-budget-20.rank-accept_first.cut-entropy4.0.samples20.maxnew1024.seed10086.subtreePrefetch.vllm.log,255,1,28,0.7605966863342494
/Users/jiangnanhugo/workspace/power-sharpening/Subtree-Prefetching-Power-Sharpening/case_studies/logs-entropycut/mbpp/2026-09-21/vllm/dataset-mbpp.model-qwen3.5-9b.alpha4.0.steps100.blocks-1.prefetch-budget-20.rank-accept_first.cut-entropy4.0.samples20.maxnew1024.seed10086.subtreePrefetch.vllm.log,255,2,28,0.7605966863342494
/Users/jiangnanhugo/workspace/power-sharpening/Subtree-Prefetching-Power-Sharpening/case_studies/logs-entropycut/mbpp/2026-09-21/vllm/dataset-mbpp.model-qwen3.5-9b.alpha4.0.steps100.blocks-1.prefetch-budget-20.rank-accept_first.cut-entropy4.0.samples20.maxnew1024.seed10086.subtreePrefetch.vllm.log,255,3,28,0.7605966863342494
/Users/jiangnanhugo/workspace/power-sharpening/Subtree-Prefetching-Power-Sharpening/case_studies/logs-entropycut/mbpp/2026-09-21/vllm/dataset-mbpp.model-qwen3.5-9b.alpha4.0.steps100.blocks-1.prefetch-budget-20.rank-accept_first.cut-entropy4.0.samples20.maxnew1024.seed10086.subtreePrefetch.vllm.log,255,4,28,0.7605966863342494
/Users/jiangnanhugo/workspace/power-sharpening/Subtree-Prefetching-Power-Sharpening/case_studies/logs-entropycut/mbpp/2026-09-21/vllm/dataset-mbpp.model-qwen3.5-9b.alpha4.0.steps100.blocks-1.prefetch-budget-20.rank-accept_first.cut-entropy4.0.samples20.maxnew1024.seed10086.subtreePrefetch.vllm.log,255,5,28,0.7605966863342494
/Users/jiangnanhugo/workspace/power-sharpening/Subtree-Prefetching-Power-Sharpening/case_studies/logs-entropycut/mbpp/2026-09-21/vllm/dataset-mbpp.model-qwen3.5-9b.alpha4.0.steps100.blocks-1.prefetch-budget-20.rank-accept_first.cut-entropy4.0.samples20.maxnew1024.seed10086.subtreePrefetch.vllm.log,255,6,28,0.7605966863342494
/Users/jiangnanhugo/workspace/power-sharpening/Subtree-Prefetching-Power-Sharpening/case_studies/logs-entropycut/mbpp/2026-09-21/vllm/dataset-mbpp.model-qwen3.5-9b.alpha4.0.steps100.blocks-1.prefetch-budget-20.rank-accept_first.cut-entropy4.0.samples20.maxnew1024.seed10086.subtreePrefetch.vllm.log,255,7,28,0.7605966863342494
/Users/jiangnanhugo/workspace/power-sharpening/Subtree-Prefetching-Power-Sharpening/case_studies/logs-entropycut/mbpp/2026-09-21/vllm/dataset-mbpp.model-qwen3.5-9b.alpha4.0.steps100.blocks-1.prefetch-budget-20.rank-accept_first.cut-entropy4.0.samples20.maxnew1024.seed10086.subtreePrefetch.vllm.log,255,8,28,0.7605966863342494
/Users/jiangnanhugo/workspace/power-sharpening/Subtree-Prefetching-Power-Sharpening/case_studies/logs-entropycut/mbpp/2026-09-21/vllm/dataset-mbpp.model-qwen3.5-9b.alpha4.0.steps100.blocks-1.prefetch-budget-20.rank-accept_first.cut-entropy4.0.samples20.maxnew1024.seed10086.subtreePrefetch.vllm.log,255,9,28,0.7605966863342494
/Users/jiangnanhugo/workspace/power-sharpening/Subtree-Prefetching-Power-Sharpening/case_studies/logs-entropycut/mbpp/2026-09-21/vllm/dataset-mbpp.model-qwen3.5-9b.alpha4.0.steps100.blocks-1.prefetch-budget-20.rank-accept_first.cut-entropy4.0.samples20.maxnew1024.seed10086.subtreePrefetch.vllm.log,255,10,28,0.7605966863342494
/Users/jiangnanhugo/workspace/power-sharpening/Subtree-Prefetching-Power-Sharpening/case_studies/logs-entropycut/mbpp/2026-09-21/vllm/dataset-mbpp.model-qwen3.5-9b.alpha4.0.steps100.blocks-1.prefetch-budget-20.rank-accept_first.cut-entropy4.0.samples20.maxnew1024.seed10086.subtreePrefetch.vllm.log,255,11,28,0.7605966863342494
/Users/jiangnanhugo/workspace/power-sharpening/Subtree-Prefetching-Power-Sharpening/case_studies/logs-entropycut/mbpp/2026-09-21/vllm/dataset-mbpp.model-qwen3.5-9b.alpha4.0.steps100.blocks-1.prefetch-budget-20.rank-accept_first.cut-entropy4.0.samples20.maxnew1024.seed10086.subtreePrefetch.vllm.log,255,12,28,0.7605966863342494
/Users/jiangnanhugo/workspace/power-sharpening/Subtree-Prefetching-Power-Sharpening/case_studies/logs-entropycut/mbpp/2026-09-21/vllm/dataset-mbpp.model-qwen3.5-9b.alpha4.0.steps100.blocks-1.prefetch-budget-20.rank-accept_first.cut-entropy4.0.samples20.maxnew1024.seed10086.subtreePrefetch.vllm.log,255,13,28,0.7605966863342494
/Users/jiangnanhugo/workspace/power-sharpening/Subtree-Prefetching-Power-Sharpening/case_studies/logs-entropycut/mbpp/2026-09-21/vllm/dataset-mbpp.model-qwen3.5-9b.alpha4.0.steps100.blocks-1.prefetch-budget-20.rank-accept_first.cut-entropy4.0.samples20.maxnew1024.seed10086.subtreePrefetch.vllm.log,255,14,28,0.7605966863342494
/Users/jiangnanhugo/workspace/power-sharpening/Subtree-Prefetching-Power-Sharpening/case_studies/logs-entropycut/mbpp/2026-09-21/vllm/dataset-mbpp.model-qwen3.5-9b.alpha4.0.steps100.blocks-1.prefetch-budget-20.rank-accept_first.cut-entropy4.0.samples20.maxnew1024.seed10086.subtreePrefetch.vllm.log,255,15,28,0.7605966863342494
/Users/jiangnanhugo/workspace/power-sharpening/Subtree-Prefetching-Power-Sharpening/case_studies/logs-entropycut/mbpp/2026-09-21/vllm/dataset-mbpp.model-qwen3.5-9b.alpha4.0.steps100.blocks-1.prefetch-budget-20.rank-accept_first.cut-entropy4.0.samples20.maxnew1024.seed10086.subtreePrefetch.vllm.log,255,16,28,0.7605966863342494
/Users/jiangnanhugo/workspace/power-sharpening/Subtree-Prefetching-Power-Sharpening/case_studies/logs-entropycut/mbpp/2026-09-21/vllm/dataset-mbpp.model-qwen3.5-9b.alpha4.0.steps100.blocks-1.prefetch-budget-20.rank-accept_first.cut-entropy4.0.samples20.maxnew1024.seed10086.subtreePrefetch.vllm.log,255,17,28,0.7605966863342494
/Users/jiangnanhugo/workspace/power-sharpening/Subtree-Prefetching-Power-Sharpening/case_studies/logs-entropycut/mbpp/2026-09-21/vllm/dataset-mbpp.model-qwen3.5-9b.alpha4.0.steps100.blocks-1.prefetch-budget-20.rank-accept_first.cut-entropy4.0.samples20.maxnew1024.seed10086.subtreePrefetch.vllm.log,255,18,28,0.7605966863342494
/Users/jiangnanhugo/workspace/power-sharpening/Subtree-Prefetching-Power-Sharpening/case_studies/logs-entropycut/mbpp/2026-09-21/vllm/dataset-mbpp.model-qwen3.5-9b.alpha4.0.steps100.blocks-1.prefetch-budget-20.rank-accept_first.cut-entropy4.0.samples20.maxnew1024.seed10086.subtreePrefetch.vllm.log,255,19,28,0.7605966863342494
/Users/jiangnanhugo/workspace/power-sharpening/Subtree-Prefetching-Power-Sharpening/case_studies/logs-entropycut/mbpp/2026-09-21/vllm/dataset-mbpp.model-qwen3.5-9b.alpha4.0.steps100.blocks-1.prefetch-budget-20.rank-accept_first.cut-entropy4.0.samples20.maxnew1024.seed10086.subtreePrefetch.vllm.log,256,0,28,0.7605966863342494
/Users/jiangnanhugo/workspace/power-sharpening/Subtree-Prefetching-Power-Sharpening/case_studies/logs-entropycut/mbpp/2026-09-21/vllm/dataset-mbpp.model-qwen3.5-9b.alpha4.0.steps100.blocks-1.prefetch-budget-20.rank-accept_first.cut-entropy4.0.samples20.maxnew1024.seed10086.subtreePrefetch.vllm.log,256,1,417,0.022781590371695453
/Users/jiangnanhugo/workspace/power-sharpening/Subtree-Prefetching-Power-Sharpening/case_studies/logs-entropycut/mbpp/2026-09-21/vllm/dataset-mbpp.model-qwen3.5-9b.alpha4.0.steps100.blocks-1.prefetch-budget-20.rank-accept_first.cut-entropy4.0.samples20.maxnew1024.seed10086.subtreePrefetch.vllm.log,256,2,28,0.7605966863342494
/Users/jiangnanhugo/workspace/power-sharpening/Subtree-Prefetching-Power-Sharpening/case_studies/logs-entropycut/mbpp/2026-09-21/vllm/dataset-mbpp.model-qwen3.5-9b.alpha4.0.steps100.blocks-1.prefetch-budget-20.rank-accept_first.cut-entropy4.0.samples20.maxnew1024.seed10086.subtreePrefetch.vllm.log,256,3,28,0.7605966863342494
/Users/jiangnanhugo/workspace/power-sharpening/Subtree-Prefetching-Power-Sharpening/case_studies/logs-entropycut/mbpp/2026-09-21/vllm/dataset-mbpp.model-qwen3.5-9b.alpha4.0.steps100.blocks-1.prefetch-budget-20.rank-accept_first.cut-entropy4.0.samples20.maxnew1024.seed10086.subtreePrefetch.vllm.log,256,4,28,0.7605966863342494
/Users/jiangnanhugo/workspace/power-sharpening/Subtree-Prefetching-Power-Sharpening/case_studies/logs-entropycut/mbpp/2026-09-21/vllm/dataset-mbpp.model-qwen3.5-9b.alpha4.0.steps100.blocks-1.prefetch-budget-20.rank-accept_first.cut-entropy4.0.samples20.maxnew1024.seed10086.subtreePrefetch.vllm.log,256,5,28,0.7605966863342494
/Users/jiangnanhugo/workspace/power-sharpening/Subtree-Prefetching-Power-Sharpening/case_studies/logs-entropycut/mbpp/2026-09-21/vllm/dataset-mbpp.model-qwen3.5-9b.alpha4.0.steps100.blocks-1.prefetch-budget-20.rank-accept_first.cut-entropy4.0.samples20.maxnew1024.seed10086.subtreePrefetch.vllm.log,256,6,28,0.7605966863342494
/Users/jiangnanhugo/workspace/power-sharpening/Subtree-Prefetching-Power-Sharpening/case_studies/logs-entropycut/mbpp/2026-09-21/vllm/dataset-mbpp.model-qwen3.5-9b.alpha4.0.steps100.blocks-1.prefetch-budget-20.rank-accept_first.cut-entropy4.0.samples20.maxnew1024.seed10086.subtreePrefetch.vllm.log,256,7,28,0.7605966863342494
/Users/jiangnanhugo/workspace/power-sharpening/Subtree-Prefetching-Power-Sharpening/case_studies/logs-entropycut/mbpp/2026-09-21/vllm/dataset-mbpp.model-qwen3.5-9b.alpha4.0.steps100.blocks-1.prefetch-budget-20.rank-accept_first.cut-entropy4.0.samples20.maxnew1024.seed10086.subtreePrefetch.vllm.log,256,8,28,0.7605966863342494
/Users/jiangnanhugo/workspace/power-sharpening/Subtree-Prefetching-Power-Sharpening/case_studies/logs-entropycut/mbpp/2026-09-21/vllm/dataset-mbpp.model-qwen3.5-9b.alpha4.0.steps100.blocks-1.prefetch-budget-20.rank-accept_first.cut-entropy4.0.samples20.maxnew1024.seed10086.subtreePrefetch.vllm.log,256,9,28,0.7605966863342494
/Users/jiangnanhugo/workspace/power-sharpening/Subtree-Prefetching-Power-Sharpening/case_studies/logs-entropycut/mbpp/2026-09-21/vllm/dataset-mbpp.model-qwen3.5-9b.alpha4.0.steps100.blocks-1.prefetch-budget-20.rank-accept_first.cut-entropy4.0.samples20.maxnew1024.seed10086.subtreePrefetch.vllm.log,256,10,28,0.7605966863342494
/Users/jiangnanhugo/workspace/power-sharpening/Subtree-Prefetching-Power-Sharpening/case_studies/logs-entropycut/mbpp/2026-09-21/vllm/dataset-mbpp.model-qwen3.5-9b.alpha4.0.steps100.blocks-1.prefetch-budget-20.rank-accept_first.cut-entropy4.0.samples20.maxnew1024.seed10086.subtreePrefetch.vllm.log,256,11,28,0.7605966863342494
/Users/jiangnanhugo/workspace/power-sharpening/Subtree-Prefetching-Power-Sharpening/case_studies/logs-entropycut/mbpp/2026-09-21/vllm/dataset-mbpp.model-qwen3.5-9b.alpha4.0.steps100.blocks-1.prefetch-budget-20.rank-accept_first.cut-entropy4.0.samples20.maxnew1024.seed10086.subtreePrefetch.vllm.log,256,12,28,0.7605966863342494
/Users/jiangnanhugo/workspace/power-sharpening/Subtree-Prefetching-Power-Sharpening/case_studies/logs-entropycut/mbpp/2026-09-21/vllm/dataset-mbpp.model-qwen3.5-9b.alpha4.0.steps100.blocks-1.prefetch-budget-20.rank-accept_first.cut-entropy4.0.samples20.maxnew1024.seed10086.subtreePrefetch.vllm.log,256,13,28,0.7605966863342494
/Users/jiangnanhugo/workspace/power-sharpening/Subtree-Prefetching-Power-Sharpening/case_studies/logs-entropycut/mbpp/2026-09-21/vllm/dataset-mbpp.model-qwen3.5-9b.alpha4.0.steps100.blocks-1.prefetch-budget-20.rank-accept_first.cut-entropy4.0.samples20.maxnew1024.seed10086.subtreePrefetch.vllm.log,256,14,28,0.7605966863342494
/Users/jiangnanhugo/workspace/power-sharpening/Subtree-Prefetching-Power-Sharpening/case_studies/logs-entropycut/mbpp/2026-09-21/vllm/dataset-mbpp.model-qwen3.5-9b.alpha4.0.steps100.blocks-1.prefetch-budget-20.rank-accept_first.cut-entropy4.0.samples20.maxnew1024.seed10086.subtreePrefetch.vllm.log,256,15,28,0.7605966863342494
/Users/jiangnanhugo/workspace/power-sharpening/Subtree-Prefetching-Power-Sharpening/case_studies/logs-entropycut/mbpp/2026-09-21/vllm/dataset-mbpp.model-qwen3.5-9b.alpha4.0.steps100.blocks-1.prefetch-budget-20.rank-accept_first.cut-entropy4.0.samples20.maxnew1024.seed10086.subtreePrefetch.vllm.log,256,16,28,0.7605966863342494
/Users/jiangnanhugo/workspace/power-sharpening/Subtree-Prefetching-Power-Sharpening/case_studies/logs-entropycut/mbpp/2026-09-21/vllm/dataset-mbpp.model-qwen3.5-9b.alpha4.0.steps100.blocks-1.prefetch-budget-20.rank-accept_first.cut-entropy4.0.samples20.maxnew1024.seed10086.subtreePrefetch.vllm.log,256,17,28,0.7605966863342494
/Users/jiangnanhugo/workspace/power-sharpening/Subtree-Prefetching-Power-Sharpening/case_studies/logs-entropycut/mbpp/2026-09-21/vllm/dataset-mbpp.model-qwen3.5-9b.alpha4.0.steps100.blocks-1.prefetch-budget-20.rank-accept_first.cut-entropy4.0.samples20.maxnew1024.seed10086.subtreePrefetch.vllm.log,256,18,28,0.7605966863342494
/Users/jiangnanhugo/workspace/power-sharpening/Subtree-Prefetching-Power-Sharpening/case_studies/logs-entropycut/mbpp/2026-09-21/vllm/dataset-mbpp.model-qwen3.5-9b.alpha4.0.steps100.blocks-1.prefetch-budget-20.rank-accept_first.cut-entropy4.0.samples20.maxnew1024.seed10086.subtreePrefetch.vllm.log,256,19,28,0.7605966863342494
/Users/jiangnanhugo/workspace/power-sharpening/Subtree-Prefetching-Power-Sharpening/case_studies/logs-entropycut/mbpp/2026-09-21/vllm/dataset-mbpp.model-qwen3.5-9b.alpha4.0.steps100.blocks-1.prefetch-budget-20.rank-accept_first.cut-entropy4.0.samples20.maxnew1024.seed10086.subtreePrefetch.vllm.log,257,0,28,0.7605966863342494
/Users/jiangnanhugo/workspace/power-sharpening/Subtree-Prefetching-Power-Sharpening/case_studies/logs-entropycut/mbpp/2026-09-21/vllm/dataset-mbpp.model-qwen3.5-9b.alpha4.0.steps100.blocks-1.prefetch-budget-20.rank-accept_first.cut-entropy4.0.samples20.maxnew1024.seed10086.subtreePrefetch.vllm.log,257,1,28,0.7605966863342494
/Users/jiangnanhugo/workspace/power-sharpening/Subtree-Prefetching-Power-Sharpening/case_studies/logs-entropycut/mbpp/2026-09-21/vllm/dataset-mbpp.model-qwen3.5-9b.alpha4.0.steps100.blocks-1.prefetch-budget-20.rank-accept_first.cut-entropy4.0.samples20.maxnew1024.seed10086.subtreePrefetch.vllm.log,257,2,28,0.7605966863342494
/Users/jiangnanhugo/workspace/power-sharpening/Subtree-Prefetching-Power-Sharpening/case_studies/logs-entropycut/mbpp/2026-09-21/vllm/dataset-mbpp.model-qwen3.5-9b.alpha4.0.steps100.blocks-1.prefetch-budget-20.rank-accept_first.cut-entropy4.0.samples20.maxnew1024.seed10086.subtreePrefetch.vllm.log,257,3,28,0.7605966863342494
/Users/jiangnanhugo/workspace/power-sharpening/Subtree-Prefetching-Power-Sharpening/case_studies/logs-entropycut/mbpp/2026-09-21/vllm/dataset-mbpp.model-qwen3.5-9b.alpha4.0.steps100.blocks-1.prefetch-budget-20.rank-accept_first.cut-entropy4.0.samples20.maxnew1024.seed10086.subtreePrefetch.vllm.log,257,4,28,0.7605966863342494
/Users/jiangnanhugo/workspace/power-sharpening/Subtree-Prefetching-Power-Sharpening/case_studies/logs-entropycut/mbpp/2026-09-21/vllm/dataset-mbpp.model-qwen3.5-9b.alpha4.0.steps100.blocks-1.prefetch-budget-20.rank-accept_first.cut-entropy4.0.samples20.maxnew1024.seed10086.subtreePrefetch.vllm.log,257,5,28,0.7605966863342494
/Users/jiangnanhugo/workspace/power-sharpening/Subtree-Prefetching-Power-Sharpening/case_studies/logs-entropycut/mbpp/2026-09-21/vllm/dataset-mbpp.model-qwen3.5-9b.alpha4.0.steps100.blocks-1.prefetch-budget-20.rank-accept_first.cut-entropy4.0.samples20.maxnew1024.seed10086.subtreePrefetch.vllm.log,257,6,28,0.7605966863342494
/Users/jiangnanhugo/workspace/power-sharpening/Subtree-Prefetching-Power-Sharpening/case_studies/logs-entropycut/mbpp/2026-09-21/vllm/dataset-mbpp.model-qwen3.5-9b.alpha4.0.steps100.blocks-1.prefetch-budget-20.rank-accept_first.cut-entropy4.0.samples20.maxnew1024.seed10086.subtreePrefetch.vllm.log,257,7,28,0.7605966863342494
/Users/jiangnanhugo/workspace/power-sharpening/Subtree-Prefetching-Power-Sharpening/case_studies/logs-entropycut/mbpp/2026-09-21/vllm/dataset-mbpp.model-qwen3.5-9b.alpha4.0.steps100.blocks-1.prefetch-budget-20.rank-accept_first.cut-entropy4.0.samples20.maxnew1024.seed10086.subtreePrefetch.vllm.log,257,8,28,0.7605966863342494
/Users/jiangnanhugo/workspace/power-sharpening/Subtree-Prefetching-Power-Sharpening/case_studies/logs-entropycut/mbpp/2026-09-21/vllm/dataset-mbpp.model-qwen3.5-9b.alpha4.0.steps100.blocks-1.prefetch-budget-20.rank-accept_first.cut-entropy4.0.samples20.maxnew1024.seed10086.subtreePrefetch.vllm.log,257,9,28,0.7605966863342494
/Users/jiangnanhugo/workspace/power-sharpening/Subtree-Prefetching-Power-Sharpening/case_studies/logs-entropycut/mbpp/2026-09-21/vllm/dataset-mbpp.model-qwen3.5-9b.alpha4.0.steps100.blocks-1.prefetch-budget-20.rank-accept_first.cut-entropy4.0.samples20.maxnew1024.seed10086.subtreePrefetch.vllm.log,257,10,28,0.7605966863342494
/Users/jiangnanhugo/workspace/power-sharpening/Subtree-Prefetching-Power-Sharpening/case_studies/logs-entropycut/mbpp/2026-09-21/vllm/dataset-mbpp.model-qwen3.5-9b.alpha4.0.steps100.blocks-1.prefetch-budget-20.rank-accept_first.cut-entropy4.0.samples20.maxnew1024.seed10086.subtreePrefetch.vllm.log,257,11,28,0.7605966863342494
/Users/jiangnanhugo/workspace/power-sharpening/Subtree-Prefetching-Power-Sharpening/case_studies/logs-entropycut/mbpp/2026-09-21/vllm/dataset-mbpp.model-qwen3.5-9b.alpha4.0.steps100.blocks-1.prefetch-budget-20.rank-accept_first.cut-entropy4.0.samples20.maxnew1024.seed10086.subtreePrefetch.vllm.log,257,12,28,0.7605966863342494
/Users/jiangnanhugo/workspace/power-sharpening/Subtree-Prefetching-Power-Sharpening/case_studies/logs-entropycut/mbpp/2026-09-21/vllm/dataset-mbpp.model-qwen3.5-9b.alpha4.0.steps100.blocks-1.prefetch-budget-20.rank-accept_first.cut-entropy4.0.samples20.maxnew1024.seed10086.subtreePrefetch.vllm.log,257,13,28,0.7605966863342494
/Users/jiangnanhugo/workspace/power-sharpening/Subtree-Prefetching-Power-Sharpening/case_studies/logs-entropycut/mbpp/2026-09-21/vllm/dataset-mbpp.model-qwen3.5-9b.alpha4.0.steps100.blocks-1.prefetch-budget-20.rank-accept_first.cut-entropy4.0.samples20.maxnew1024.seed10086.subtreePrefetch.vllm.log,257,14,28,0.7605966863342494
/Users/jiangnanhugo/workspace/power-sharpening/Subtree-Prefetching-Power-Sharpening/case_studies/logs-entropycut/mbpp/2026-09-21/vllm/dataset-mbpp.model-qwen3.5-9b.alpha4.0.steps100.blocks-1.prefetch-budget-20.rank-accept_first.cut-entropy4.0.samples20.maxnew1024.seed10086.subtreePrefetch.vllm.log,257,15,28,0.7605966863342494
/Users/jiangnanhugo/workspace/power-sharpening/Subtree-Prefetching-Power-Sharpening/case_studies/logs-entropycut/mbpp/2026-09-21/vllm/dataset-mbpp.model-qwen3.5-9b.alpha4.0.steps100.blocks-1.prefetch-budget-20.rank-accept_first.cut-entropy4.0.samples20.maxnew1024.seed10086.subtreePrefetch.vllm.log,257,16,28,0.7605966863342494
/Users/jiangnanhugo/workspace/power-sharpening/Subtree-Prefetching-Power-Sharpening/case_studies/logs-entropycut/mbpp/2026-09-21/vllm/dataset-mbpp.model-qwen3.5-9b.alpha4.0.steps100.blocks-1.prefetch-budget-20.rank-accept_first.cut-entropy4.0.samples20.maxnew1024.seed10086.subtreePrefetch.vllm.log,257,17,141,0.003799337983309919
/Users/jiangnanhugo/workspace/power-sharpening/Subtree-Prefetching-Power-Sharpening/case_studies/logs-entropycut/mbpp/2026-09-21/vllm/dataset-mbpp.model-qwen3.5-9b.alpha4.0.steps100.blocks-1.prefetch-budget-20.rank-accept_first.cut-entropy4.0.samples20.maxnew1024.seed10086.subtreePrefetch.vllm.log,257,18,28,0.7605966863342494
/Users/jiangnanhugo/workspace/power-sharpening/Subtree-Prefetching-Power-Sharpening/case_studies/logs-entropycut/mbpp/2026-09-21/vllm/dataset-mbpp.model-qwen3.5-9b.alpha4.0.steps100.blocks-1.prefetch-budget-20.rank-accept_first.cut-entropy4.0.samples20.maxnew1024.seed10086.subtreePrefetch.vllm.log,257,19,28,0.7605966863342494
/Users/jiangnanhugo/workspace/power-sharpening/Subtree-Prefetching-Power-Sharpening/case_studies/logs-entropycut/mbpp/2026-09-21/vllm/dataset-mbpp.model-qwen3.5-9b.alpha4.0.steps100.blocks-1.prefetch-budget-20.rank-accept_first.cut-entropy4.0.samples20.maxnew1024.seed10086.subtreePrefetch.vllm.log,258,0,28,0.7605966863342494
/Users/jiangnanhugo/workspace/power-sharpening/Subtree-Prefetching-Power-Sharpening/case_studies/logs-entropycut/mbpp/2026-09-21/vllm/dataset-mbpp.model-qwen3.5-9b.alpha4.0.steps100.blocks-1.prefetch-budget-20.rank-accept_first.cut-entropy4.0.samples20.maxnew1024.seed10086.subtreePrefetch.vllm.log,258,1,28,0.7605966863342494
/Users/jiangnanhugo/workspace/power-sharpening/Subtree-Prefetching-Power-Sharpening/case_studies/logs-entropycut/mbpp/2026-09-21/vllm/dataset-mbpp.model-qwen3.5-9b.alpha4.0.steps100.blocks-1.prefetch-budget-20.rank-accept_first.cut-entropy4.0.samples20.maxnew1024.seed10086.subtreePrefetch.vllm.log,258,2,28,0.7605966863342494
/Users/jiangnanhugo/workspace/power-sharpening/Subtree-Prefetching-Power-Sharpening/case_studies/logs-entropycut/mbpp/2026-09-21/vllm/dataset-mbpp.model-qwen3.5-9b.alpha4.0.steps100.blocks-1.prefetch-budget-20.rank-accept_first.cut-entropy4.0.samples20.maxnew1024.seed10086.subtreePrefetch.vllm.log,258,3,28,0.7605966863342494
/Users/jiangnanhugo/workspace/power-sharpening/Subtree-Prefetching-Power-Sharpening/case_studies/logs-entropycut/mbpp/2026-09-21/vllm/dataset-mbpp.model-qwen3.5-9b.alpha4.0.steps100.blocks-1.prefetch-budget-20.rank-accept_first.cut-entropy4.0.samples20.maxnew1024.seed10086.subtreePrefetch.vllm.log,258,4,28,0.7605966863342494
/Users/jiangnanhugo/workspace/power-sharpening/Subtree-Prefetching-Power-Sharpening/case_studies/logs-entropycut/mbpp/2026-09-21/vllm/dataset-mbpp.model-qwen3.5-9b.alpha4.0.steps100.blocks-1.prefetch-budget-20.rank-accept_first.cut-entropy4.0.samples20.maxnew1024.seed10086.subtreePrefetch.vllm.log,258,5,28,0.7605966863342494
/Users/jiangnanhugo/workspace/power-sharpening/Subtree-Prefetching-Power-Sharpening/case_studies/logs-entropycut/mbpp/2026-09-21/vllm/dataset-mbpp.model-qwen3.5-9b.alpha4.0.steps100.blocks-1.prefetch-budget-20.rank-accept_first.cut-entropy4.0.samples20.maxnew1024.seed10086.subtreePrefetch.vllm.log,258,6,28,0.7605966863342494
/Users/jiangnanhugo/workspace/power-sharpening/Subtree-Prefetching-Power-Sharpening/case_studies/logs-entropycut/mbpp/2026-09-21/vllm/dataset-mbpp.model-qwen3.5-9b.alpha4.0.steps100.blocks-1.prefetch-budget-20.rank-accept_first.cut-entropy4.0.samples20.maxnew1024.seed10086.subtreePrefetch.vllm.log,258,7,28,0.7605966863342494
/Users/jiangnanhugo/workspace/power-sharpening/Subtree-Prefetching-Power-Sharpening/case_studies/logs-entropycut/mbpp/2026-09-21/vllm/dataset-mbpp.model-qwen3.5-9b.alpha4.0.steps100.blocks-1.prefetch-budget-20.rank-accept_first.cut-entropy4.0.samples20.maxnew1024.seed10086.subtreePrefetch.vllm.log,258,8,28,0.7605966863342494
/Users/jiangnanhugo/workspace/power-sharpening/Subtree-Prefetching-Power-Sharpening/case_studies/logs-entropycut/mbpp/2026-09-21/vllm/dataset-mbpp.model-qwen3.5-9b.alpha4.0.steps100.blocks-1.prefetch-budget-20.rank-accept_first.cut-entropy4.0.samples20.maxnew1024.seed10086.subtreePrefetch.vllm.log,258,9,28,0.7605966863342494
/Users/jiangnanhugo/workspace/power-sharpening/Subtree-Prefetching-Power-Sharpening/case_studies/logs-entropycut/mbpp/2026-09-21/vllm/dataset-mbpp.model-qwen3.5-9b.alpha4.0.steps100.blocks-1.prefetch-budget-20.rank-accept_first.cut-entropy4.0.samples20.maxnew1024.seed10086.subtreePrefetch.vllm.log,258,10,28,0.7605966863342494
/Users/jiangnanhugo/workspace/power-sharpening/Subtree-Prefetching-Power-Sharpening/case_studies/logs-entropycut/mbpp/2026-09-21/vllm/dataset-mbpp.model-qwen3.5-9b.alpha4.0.steps100.blocks-1.prefetch-budget-20.rank-accept_first.cut-entropy4.0.samples20.maxnew1024.seed10086.subtreePrefetch.vllm.log,258,11,28,0.7605966863342494
/Users/jiangnanhugo/workspace/power-sharpening/Subtree-Prefetching-Power-Sharpening/case_studies/logs-entropycut/mbpp/2026-09-21/vllm/dataset-mbpp.model-qwen3.5-9b.alpha4.0.steps100.blocks-1.prefetch-budget-20.rank-accept_first.cut-entropy4.0.samples20.maxnew1024.seed10086.subtreePrefetch.vllm.log,258,12,4,0.00645162861790751
/Users/jiangnanhugo/workspace/power-sharpening/Subtree-Prefetching-Power-Sharpening/case_studies/logs-entropycut/mbpp/2026-09-21/vllm/dataset-mbpp.model-qwen3.5-9b.alpha4.0.steps100.blocks-1.prefetch-budget-20.rank-accept_first.cut-entropy4.0.samples20.maxnew1024.seed10086.subtreePrefetch.vllm.log,258,13,28,0.7605966863342494
/Users/jiangnanhugo/workspace/power-sharpening/Subtree-Prefetching-Power-Sharpening/case_studies/logs-entropycut/mbpp/2026-09-21/vllm/dataset-mbpp.model-qwen3.5-9b.alpha4.0.steps100.blocks-1.prefetch-budget-20.rank-accept_first.cut-entropy4.0.samples20.maxnew1024.seed10086.subtreePrefetch.vllm.log,258,14,28,0.7605966863342494
/Users/jiangnanhugo/workspace/power-sharpening/Subtree-Prefetching-Power-Sharpening/case_studies/logs-entropycut/mbpp/2026-09-21/vllm/dataset-mbpp.model-qwen3.5-9b.alpha4.0.steps100.blocks-1.prefetch-budget-20.rank-accept_first.cut-entropy4.0.samples20.maxnew1024.seed10086.subtreePrefetch.vllm.log,258,15,28,0.7605966863342494
/Users/jiangnanhugo/workspace/power-sharpening/Subtree-Prefetching-Power-Sharpening/case_studies/logs-entropycut/mbpp/2026-09-21/vllm/dataset-mbpp.model-qwen3.5-9b.alpha4.0.steps100.blocks-1.prefetch-budget-20.rank-accept_first.cut-entropy4.0.samples20.maxnew1024.seed10086.subtreePrefetch.vllm.log,258,16,28,0.7605966863342494
/Users/jiangnanhugo/workspace/power-sharpening/Subtree-Prefetching-Power-Sharpening/case_studies/logs-entropycut/mbpp/2026-09-21/vllm/dataset-mbpp.model-qwen3.5-9b.alpha4.0.steps100.blocks-1.prefetch-budget-20.rank-accept_first.cut-entropy4.0.samples20.maxnew1024.seed10086.subtreePrefetch.vllm.log,258,17,28,0.7605966863342494
/Users/jiangnanhugo/workspace/power-sharpening/Subtree-Prefetching-Power-Sharpening/case_studies/logs-entropycut/mbpp/2026-09-21/vllm/dataset-mbpp.model-qwen3.5-9b.alpha4.0.steps100.blocks-1.prefetch-budget-20.rank-accept_first.cut-entropy4.0.samples20.maxnew1024.seed10086.subtreePrefetch.vllm.log,258,18,28,0.7605966863342494
/Users/jiangnanhugo/workspace/power-sharpening/Subtree-Prefetching-Power-Sharpening/case_studies/logs-entropycut/mbpp/2026-09-21/vllm/dataset-mbpp.model-qwen3.5-9b.alpha4.0.steps100.blocks-1.prefetch-budget-20.rank-accept_first.cut-entropy4.0.samples20.maxnew1024.seed10086.subtreePrefetch.vllm.log,258,19,28,0.7605966863342494
/Users/jiangnanhugo/workspace/power-sharpening/Subtree-Prefetching-Power-Sharpening/case_studies/logs-entropycut/mbpp/2026-09-21/vllm/dataset-mbpp.model-qwen3.5-9b.alpha4.0.steps100.blocks-1.prefetch-budget-20.rank-accept_first.cut-entropy4.0.samples20.maxnew1024.seed10086.subtreePrefetch.vllm.log,259,0,28,0.7605966863342494
/Users/jiangnanhugo/workspace/power-sharpening/Subtree-Prefetching-Power-Sharpening/case_studies/logs-entropycut/mbpp/2026-09-21/vllm/dataset-mbpp.model-qwen3.5-9b.alpha4.0.steps100.blocks-1.prefetch-budget-20.rank-accept_first.cut-entropy4.0.samples20.maxnew1024.seed10086.subtreePrefetch.vllm.log,259,1,28,0.7605966863342494
/Users/jiangnanhugo/workspace/power-sharpening/Subtree-Prefetching-Power-Sharpening/case_studies/logs-entropycut/mbpp/2026-09-21/vllm/dataset-mbpp.model-qwen3.5-9b.alpha4.0.steps100.blocks-1.prefetch-budget-20.rank-accept_first.cut-entropy4.0.samples20.maxnew1024.seed10086.subtreePrefetch.vllm.log,259,2,28,0.7605966863342494
/Users/jiangnanhugo/workspace/power-sharpening/Subtree-Prefetching-Power-Sharpening/case_studies/logs-entropycut/mbpp/2026-09-21/vllm/dataset-mbpp.model-qwen3.5-9b.alpha4.0.steps100.blocks-1.prefetch-budget-20.rank-accept_first.cut-entropy4.0.samples20.maxnew1024.seed10086.subtreePrefetch.vllm.log,259,3,28,0.7605966863342494
/Users/jiangnanhugo/workspace/power-sharpening/Subtree-Prefetching-Power-Sharpening/case_studies/logs-entropycut/mbpp/2026-09-21/vllm/dataset-mbpp.model-qwen3.5-9b.alpha4.0.steps100.blocks-1.prefetch-budget-20.rank-accept_first.cut-entropy4.0.samples20.maxnew1024.seed10086.subtreePrefetch.vllm.log,259,4,28,0.7605966863342494
/Users/jiangnanhugo/workspace/power-sharpening/Subtree-Prefetching-Power-Sharpening/case_studies/logs-entropycut/mbpp/2026-09-21/vllm/dataset-mbpp.model-qwen3.5-9b.alpha4.0.steps100.blocks-1.prefetch-budget-20.rank-accept_first.cut-entropy4.0.samples20.maxnew1024.seed10086.subtreePrefetch.vllm.log,259,5,28,0.7605966863342494
/Users/jiangnanhugo/workspace/power-sharpening/Subtree-Prefetching-Power-Sharpening/case_studies/logs-entropycut/mbpp/2026-09-21/vllm/dataset-mbpp.model-qwen3.5-9b.alpha4.0.steps100.blocks-1.prefetch-budget-20.rank-accept_first.cut-entropy4.0.samples20.maxnew1024.seed10086.subtreePrefetch.vllm.log,259,6,28,0.7605966863342494
/Users/jiangnanhugo/workspace/power-sharpening/Subtree-Prefetching-Power-Sharpening/case_studies/logs-entropycut/mbpp/2026-09-21/vllm/dataset-mbpp.model-qwen3.5-9b.alpha4.0.steps100.blocks-1.prefetch-budget-20.rank-accept_first.cut-entropy4.0.samples20.maxnew1024.seed10086.subtreePrefetch.vllm.log,259,7,28,0.7605966863342494
/Users/jiangnanhugo/workspace/power-sharpening/Subtree-Prefetching-Power-Sharpening/case_studies/logs-entropycut/mbpp/2026-09-21/vllm/dataset-mbpp.model-qwen3.5-9b.alpha4.0.steps100.blocks-1.prefetch-budget-20.rank-accept_first.cut-entropy4.0.samples20.maxnew1024.seed10086.subtreePrefetch.vllm.log,259,8,28,0.7605966863342494
/Users/jiangnanhugo/workspace/power-sharpening/Subtree-Prefetching-Power-Sharpening/case_studies/logs-entropycut/mbpp/2026-09-21/vllm/dataset-mbpp.model-qwen3.5-9b.alpha4.0.steps100.blocks-1.prefetch-budget-20.rank-accept_first.cut-entropy4.0.samples20.maxnew1024.seed10086.subtreePrefetch.vllm.log,259,9,28,0.7605966863342494
/Users/jiangnanhugo/workspace/power-sharpening/Subtree-Prefetching-Power-Sharpening/case_studies/logs-entropycut/mbpp/2026-09-21/vllm/dataset-mbpp.model-qwen3.5-9b.alpha4.0.steps100.blocks-1.prefetch-budget-20.rank-accept_first.cut-entropy4.0.samples20.maxnew1024.seed10086.subtreePrefetch.vllm.log,259,10,28,0.7605966863342494
/Users/jiangnanhugo/workspace/power-sharpening/Subtree-Prefetching-Power-Sharpening/case_studies/logs-entropycut/mbpp/2026-09-21/vllm/dataset-mbpp.model-qwen3.5-9b.alpha4.0.steps100.blocks-1.prefetch-budget-20.rank-accept_first.cut-entropy4.0.samples20.maxnew1024.seed10086.subtreePrefetch.vllm.log,259,11,28,0.7605966863342494
/Users/jiangnanhugo/workspace/power-sharpening/Subtree-Prefetching-Power-Sharpening/case_studies/logs-entropycut/mbpp/2026-09-21/vllm/dataset-mbpp.model-qwen3.5-9b.alpha4.0.steps100.blocks-1.prefetch-budget-20.rank-accept_first.cut-entropy4.0.samples20.maxnew1024.seed10086.subtreePrefetch.vllm.log,259,12,28,0.7605966863342494
/Users/jiangnanhugo/workspace/power-sharpening/Subtree-Prefetching-Power-Sharpening/case_studies/logs-entropycut/mbpp/2026-09-21/vllm/dataset-mbpp.model-qwen3.5-9b.alpha4.0.steps100.blocks-1.prefetch-budget-20.rank-accept_first.cut-entropy4.0.samples20.maxnew1024.seed10086.subtreePrefetch.vllm.log,259,13,28,0.7605966863342494
/Users/jiangnanhugo/workspace/power-sharpening/Subtree-Prefetching-Power-Sharpening/case_studies/logs-entropycut/mbpp/2026-09-21/vllm/dataset-mbpp.model-qwen3.5-9b.alpha4.0.steps100.blocks-1.prefetch-budget-20.rank-accept_first.cut-entropy4.0.samples20.maxnew1024.seed10086.subtreePrefetch.vllm.log,259,14,28,0.7605966863342494
/Users/jiangnanhugo/workspace/power-sharpening/Subtree-Prefetching-Power-Sharpening/case_studies/logs-entropycut/mbpp/2026-09-21/vllm/dataset-mbpp.model-qwen3.5-9b.alpha4.0.steps100.blocks-1.prefetch-budget-20.rank-accept_first.cut-entropy4.0.samples20.maxnew1024.seed10086.subtreePrefetch.vllm.log,259,15,28,0.7605966863342494
/Users/jiangnanhugo/workspace/power-sharpening/Subtree-Prefetching-Power-Sharpening/case_studies/logs-entropycut/mbpp/2026-09-21/vllm/dataset-mbpp.model-qwen3.5-9b.alpha4.0.steps100.blocks-1.prefetch-budget-20.rank-accept_first.cut-entropy4.0.samples20.maxnew1024.seed10086.subtreePrefetch.vllm.log,259,16,28,0.7605966863342494
/Users/jiangnanhugo/workspace/power-sharpening/Subtree-Prefetching-Power-Sharpening/case_studies/logs-entropycut/mbpp/2026-09-21/vllm/dataset-mbpp.model-qwen3.5-9b.alpha4.0.steps100.blocks-1.prefetch-budget-20.rank-accept_first.cut-entropy4.0.samples20.maxnew1024.seed10086.subtreePrefetch.vllm.log,259,17,28,0.7605966863342494
/Users/jiangnanhugo/workspace/power-sharpening/Subtree-Prefetching-Power-Sharpening/case_studies/logs-entropycut/mbpp/2026-09-21/vllm/dataset-mbpp.model-qwen3.5-9b.alpha4.0.steps100.blocks-1.prefetch-budget-20.rank-accept_first.cut-entropy4.0.samples20.maxnew1024.seed10086.subtreePrefetch.vllm.log,259,18,28,0.7605966863342494
/Users/jiangnanhugo/workspace/power-sharpening/Subtree-Prefetching-Power-Sharpening/case_studies/logs-entropycut/mbpp/2026-09-21/vllm/dataset-mbpp.model-qwen3.5-9b.alpha4.0.steps100.blocks-1.prefetch-budget-20.rank-accept_first.cut-entropy4.0.samples20.maxnew1024.seed10086.subtreePrefetch.vllm.log,259,19,28,0.7605966863342494
/Users/jiangnanhugo/workspace/power-sharpening/Subtree-Prefetching-Power-Sharpening/case_studies/logs-entropycut/mbpp/2026-09-21/vllm/dataset-mbpp.model-qwen3.5-9b.alpha4.0.steps100.blocks-1.prefetch-budget-20.rank-accept_first.cut-entropy4.0.samples20.maxnew1024.seed10086.subtreePrefetch.vllm.log,260,0,28,0.7605966863342494
/Users/jiangnanhugo/workspace/power-sharpening/Subtree-Prefetching-Power-Sharpening/case_studies/logs-entropycut/mbpp/2026-09-21/vllm/dataset-mbpp.model-qwen3.5-9b.alpha4.0.steps100.blocks-1.prefetch-budget-20.rank-accept_first.cut-entropy4.0.samples20.maxnew1024.seed10086.subtreePrefetch.vllm.log,260,1,28,0.7605966863342494
/Users/jiangnanhugo/workspace/power-sharpening/Subtree-Prefetching-Power-Sharpening/case_studies/logs-entropycut/mbpp/2026-09-21/vllm/dataset-mbpp.model-qwen3.5-9b.alpha4.0.steps100.blocks-1.prefetch-budget-20.rank-accept_first.cut-entropy4.0.samples20.maxnew1024.seed10086.subtreePrefetch.vllm.log,260,2,28,0.7605966863342494
/Users/jiangnanhugo/workspace/power-sharpening/Subtree-Prefetching-Power-Sharpening/case_studies/logs-entropycut/mbpp/2026-09-21/vllm/dataset-mbpp.model-qwen3.5-9b.alpha4.0.steps100.blocks-1.prefetch-budget-20.rank-accept_first.cut-entropy4.0.samples20.maxnew1024.seed10086.subtreePrefetch.vllm.log,260,3,28,0.7605966863342494
/Users/jiangnanhugo/workspace/power-sharpening/Subtree-Prefetching-Power-Sharpening/case_studies/logs-entropycut/mbpp/2026-09-21/vllm/dataset-mbpp.model-qwen3.5-9b.alpha4.0.steps100.blocks-1.prefetch-budget-20.rank-accept_first.cut-entropy4.0.samples20.maxnew1024.seed10086.subtreePrefetch.vllm.log,260,4,28,0.7605966863342494
/Users/jiangnanhugo/workspace/power-sharpening/Subtree-Prefetching-Power-Sharpening/case_studies/logs-entropycut/mbpp/2026-09-21/vllm/dataset-mbpp.model-qwen3.5-9b.alpha4.0.steps100.blocks-1.prefetch-budget-20.rank-accept_first.cut-entropy4.0.samples20.maxnew1024.seed10086.subtreePrefetch.vllm.log,260,5,28,0.7605966863342494
/Users/jiangnanhugo/workspace/power-sharpening/Subtree-Prefetching-Power-Sharpening/case_studies/logs-entropycut/mbpp/2026-09-21/vllm/dataset-mbpp.model-qwen3.5-9b.alpha4.0.steps100.blocks-1.prefetch-budget-20.rank-accept_first.cut-entropy4.0.samples20.maxnew1024.seed10086.subtreePrefetch.vllm.log,260,6,28,0.7605966863342494
/Users/jiangnanhugo/workspace/power-sharpening/Subtree-Prefetching-Power-Sharpening/case_studies/logs-entropycut/mbpp/2026-09-21/vllm/dataset-mbpp.model-qwen3.5-9b.alpha4.0.steps100.blocks-1.prefetch-budget-20.rank-accept_first.cut-entropy4.0.samples20.maxnew1024.seed10086.subtreePrefetch.vllm.log,260,7,28,0.7605966863342494
/Users/jiangnanhugo/workspace/power-sharpening/Subtree-Prefetching-Power-Sharpening/case_studies/logs-entropycut/mbpp/2026-09-21/vllm/dataset-mbpp.model-qwen3.5-9b.alpha4.0.steps100.blocks-1.prefetch-budget-20.rank-accept_first.cut-entropy4.0.samples20.maxnew1024.seed10086.subtreePrefetch.vllm.log,260,8,28,0.7605966863342494
/Users/jiangnanhugo/workspace/power-sharpening/Subtree-Prefetching-Power-Sharpening/case_studies/logs-entropycut/mbpp/2026-09-21/vllm/dataset-mbpp.model-qwen3.5-9b.alpha4.0.steps100.blocks-1.prefetch-budget-20.rank-accept_first.cut-entropy4.0.samples20.maxnew1024.seed10086.subtreePrefetch.vllm.log,260,9,28,0.7605966863342494
/Users/jiangnanhugo/workspace/power-sharpening/Subtree-Prefetching-Power-Sharpening/case_studies/logs-entropycut/mbpp/2026-09-21/vllm/dataset-mbpp.model-qwen3.5-9b.alpha4.0.steps100.blocks-1.prefetch-budget-20.rank-accept_first.cut-entropy4.0.samples20.maxnew1024.seed10086.subtreePrefetch.vllm.log,260,10,28,0.7605966863342494
/Users/jiangnanhugo/workspace/power-sharpening/Subtree-Prefetching-Power-Sharpening/case_studies/logs-entropycut/mbpp/2026-09-21/vllm/dataset-mbpp.model-qwen3.5-9b.alpha4.0.steps100.blocks-1.prefetch-budget-20.rank-accept_first.cut-entropy4.0.samples20.maxnew1024.seed10086.subtreePrefetch.vllm.log,260,11,28,0.7605966863342494
/Users/jiangnanhugo/workspace/power-sharpening/Subtree-Prefetching-Power-Sharpening/case_studies/logs-entropycut/mbpp/2026-09-21/vllm/dataset-mbpp.model-qwen3.5-9b.alpha4.0.steps100.blocks-1.prefetch-budget-20.rank-accept_first.cut-entropy4.0.samples20.maxnew1024.seed10086.subtreePrefetch.vllm.log,260,12,28,0.7605966863342494
/Users/jiangnanhugo/workspace/power-sharpening/Subtree-Prefetching-Power-Sharpening/case_studies/logs-entropycut/mbpp/2026-09-21/vllm/dataset-mbpp.model-qwen3.5-9b.alpha4.0.steps100.blocks-1.prefetch-budget-20.rank-accept_first.cut-entropy4.0.samples20.maxnew1024.seed10086.subtreePrefetch.vllm.log,260,13,28,0.7605966863342494
/Users/jiangnanhugo/workspace/power-sharpening/Subtree-Prefetching-Power-Sharpening/case_studies/logs-entropycut/mbpp/2026-09-21/vllm/dataset-mbpp.model-qwen3.5-9b.alpha4.0.steps100.blocks-1.prefetch-budget-20.rank-accept_first.cut-entropy4.0.samples20.maxnew1024.seed10086.subtreePrefetch.vllm.log,260,14,28,0.7605966863342494
/Users/jiangnanhugo/workspace/power-sharpening/Subtree-Prefetching-Power-Sharpening/case_studies/logs-entropycut/mbpp/2026-09-21/vllm/dataset-mbpp.model-qwen3.5-9b.alpha4.0.steps100.blocks-1.prefetch-budget-20.rank-accept_first.cut-entropy4.0.samples20.maxnew1024.seed10086.subtreePrefetch.vllm.log,260,15,28,0.7605966863342494
/Users/jiangnanhugo/workspace/power-sharpening/Subtree-Prefetching-Power-Sharpening/case_studies/logs-entropycut/mbpp/2026-09-21/vllm/dataset-mbpp.model-qwen3.5-9b.alpha4.0.steps100.blocks-1.prefetch-budget-20.rank-accept_first.cut-entropy4.0.samples20.maxnew1024.seed10086.subtreePrefetch.vllm.log,260,16,28,0.7605966863342494
/Users/jiangnanhugo/workspace/power-sharpening/Subtree-Prefetching-Power-Sharpening/case_studies/logs-entropycut/mbpp/2026-09-21/vllm/dataset-mbpp.model-qwen3.5-9b.alpha4.0.steps100.blocks-1.prefetch-budget-20.rank-accept_first.cut-entropy4.0.samples20.maxnew1024.seed10086.subtreePrefetch.vllm.log,260,17,28,0.7605966863342494
/Users/jiangnanhugo/workspace/power-sharpening/Subtree-Prefetching-Power-Sharpening/case_studies/logs-entropycut/mbpp/2026-09-21/vllm/dataset-mbpp.model-qwen3.5-9b.alpha4.0.steps100.blocks-1.prefetch-budget-20.rank-accept_first.cut-entropy4.0.samples20.maxnew1024.seed10086.subtreePrefetch.vllm.log,260,18,28,0.7605966863342494
/Users/jiangnanhugo/workspace/power-sharpening/Subtree-Prefetching-Power-Sharpening/case_studies/logs-entropycut/mbpp/2026-09-21/vllm/dataset-mbpp.model-qwen3.5-9b.alpha4.0.steps100.blocks-1.prefetch-budget-20.rank-accept_first.cut-entropy4.0.samples20.maxnew1024.seed10086.subtreePrefetch.vllm.log,260,19,28,0.7605966863342494
/Users/jiangnanhugo/workspace/power-sharpening/Subtree-Prefetching-Power-Sharpening/case_studies/logs-entropycut/mbpp/2026-09-21/vllm/dataset-mbpp.model-qwen3.5-9b.alpha4.0.steps100.blocks-1.prefetch-budget-20.rank-accept_first.cut-entropy4.0.samples20.maxnew1024.seed10086.subtreePrefetch.vllm.log,261,0,28,0.7605966863342494
/Users/jiangnanhugo/workspace/power-sharpening/Subtree-Prefetching-Power-Sharpening/case_studies/logs-entropycut/mbpp/2026-09-21/vllm/dataset-mbpp.model-qwen3.5-9b.alpha4.0.steps100.blocks-1.prefetch-budget-20.rank-accept_first.cut-entropy4.0.samples20.maxnew1024.seed10086.subtreePrefetch.vllm.log,261,1,28,0.7605966863342494
/Users/jiangnanhugo/workspace/power-sharpening/Subtree-Prefetching-Power-Sharpening/case_studies/logs-entropycut/mbpp/2026-09-21/vllm/dataset-mbpp.model-qwen3.5-9b.alpha4.0.steps100.blocks-1.prefetch-budget-20.rank-accept_first.cut-entropy4.0.samples20.maxnew1024.seed10086.subtreePrefetch.vllm.log,261,2,253,0.10268960054132845
/Users/jiangnanhugo/workspace/power-sharpening/Subtree-Prefetching-Power-Sharpening/case_studies/logs-entropycut/mbpp/2026-09-21/vllm/dataset-mbpp.model-qwen3.5-9b.alpha4.0.steps100.blocks-1.prefetch-budget-20.rank-accept_first.cut-entropy4.0.samples20.maxnew1024.seed10086.subtreePrefetch.vllm.log,261,3,28,0.7605966863342494
/Users/jiangnanhugo/workspace/power-sharpening/Subtree-Prefetching-Power-Sharpening/case_studies/logs-entropycut/mbpp/2026-09-21/vllm/dataset-mbpp.model-qwen3.5-9b.alpha4.0.steps100.blocks-1.prefetch-budget-20.rank-accept_first.cut-entropy4.0.samples20.maxnew1024.seed10086.subtreePrefetch.vllm.log,261,4,28,0.7605966863342494
/Users/jiangnanhugo/workspace/power-sharpening/Subtree-Prefetching-Power-Sharpening/case_studies/logs-entropycut/mbpp/2026-09-21/vllm/dataset-mbpp.model-qwen3.5-9b.alpha4.0.steps100.blocks-1.prefetch-budget-20.rank-accept_first.cut-entropy4.0.samples20.maxnew1024.seed10086.subtreePrefetch.vllm.log,261,5,28,0.7605966863342494
/Users/jiangnanhugo/workspace/power-sharpening/Subtree-Prefetching-Power-Sharpening/case_studies/logs-entropycut/mbpp/2026-09-21/vllm/dataset-mbpp.model-qwen3.5-9b.alpha4.0.steps100.blocks-1.prefetch-budget-20.rank-accept_first.cut-entropy4.0.samples20.maxnew1024.seed10086.subtreePrefetch.vllm.log,261,6,253,0.10268960054132845
/Users/jiangnanhugo/workspace/power-sharpening/Subtree-Prefetching-Power-Sharpening/case_studies/logs-entropycut/mbpp/2026-09-21/vllm/dataset-mbpp.model-qwen3.5-9b.alpha4.0.steps100.blocks-1.prefetch-budget-20.rank-accept_first.cut-entropy4.0.samples20.maxnew1024.seed10086.subtreePrefetch.vllm.log,261,7,28,0.7605966863342494
/Users/jiangnanhugo/workspace/power-sharpening/Subtree-Prefetching-Power-Sharpening/case_studies/logs-entropycut/mbpp/2026-09-21/vllm/dataset-mbpp.model-qwen3.5-9b.alpha4.0.steps100.blocks-1.prefetch-budget-20.rank-accept_first.cut-entropy4.0.samples20.maxnew1024.seed10086.subtreePrefetch.vllm.log,261,8,28,0.7605966863342494
/Users/jiangnanhugo/workspace/power-sharpening/Subtree-Prefetching-Power-Sharpening/case_studies/logs-entropycut/mbpp/2026-09-21/vllm/dataset-mbpp.model-qwen3.5-9b.alpha4.0.steps100.blocks-1.prefetch-budget-20.rank-accept_first.cut-entropy4.0.samples20.maxnew1024.seed10086.subtreePrefetch.vllm.log,261,9,28,0.7605966863342494
/Users/jiangnanhugo/workspace/power-sharpening/Subtree-Prefetching-Power-Sharpening/case_studies/logs-entropycut/mbpp/2026-09-21/vllm/dataset-mbpp.model-qwen3.5-9b.alpha4.0.steps100.blocks-1.prefetch-budget-20.rank-accept_first.cut-entropy4.0.samples20.maxnew1024.seed10086.subtreePrefetch.vllm.log,261,10,28,0.7605966863342494
/Users/jiangnanhugo/workspace/power-sharpening/Subtree-Prefetching-Power-Sharpening/case_studies/logs-entropycut/mbpp/2026-09-21/vllm/dataset-mbpp.model-qwen3.5-9b.alpha4.0.steps100.blocks-1.prefetch-budget-20.rank-accept_first.cut-entropy4.0.samples20.maxnew1024.seed10086.subtreePrefetch.vllm.log,261,11,28,0.7605966863342494
/Users/jiangnanhugo/workspace/power-sharpening/Subtree-Prefetching-Power-Sharpening/case_studies/logs-entropycut/mbpp/2026-09-21/vllm/dataset-mbpp.model-qwen3.5-9b.alpha4.0.steps100.blocks-1.prefetch-budget-20.rank-accept_first.cut-entropy4.0.samples20.maxnew1024.seed10086.subtreePrefetch.vllm.log,261,12,28,0.7605966863342494
/Users/jiangnanhugo/workspace/power-sharpening/Subtree-Prefetching-Power-Sharpening/case_studies/logs-entropycut/mbpp/2026-09-21/vllm/dataset-mbpp.model-qwen3.5-9b.alpha4.0.steps100.blocks-1.prefetch-budget-20.rank-accept_first.cut-entropy4.0.samples20.maxnew1024.seed10086.subtreePrefetch.vllm.log,261,13,28,0.7605966863342494
/Users/jiangnanhugo/workspace/power-sharpening/Subtree-Prefetching-Power-Sharpening/case_studies/logs-entropycut/mbpp/2026-09-21/vllm/dataset-mbpp.model-qwen3.5-9b.alpha4.0.steps100.blocks-1.prefetch-budget-20.rank-accept_first.cut-entropy4.0.samples20.maxnew1024.seed10086.subtreePrefetch.vllm.log,261,14,28,0.7605966863342494
/Users/jiangnanhugo/workspace/power-sharpening/Subtree-Prefetching-Power-Sharpening/case_studies/logs-entropycut/mbpp/2026-09-21/vllm/dataset-mbpp.model-qwen3.5-9b.alpha4.0.steps100.blocks-1.prefetch-budget-20.rank-accept_first.cut-entropy4.0.samples20.maxnew1024.seed10086.subtreePrefetch.vllm.log,261,15,28,0.7605966863342494
/Users/jiangnanhugo/workspace/power-sharpening/Subtree-Prefetching-Power-Sharpening/case_studies/logs-entropycut/mbpp/2026-09-21/vllm/dataset-mbpp.model-qwen3.5-9b.alpha4.0.steps100.blocks-1.prefetch-budget-20.rank-accept_first.cut-entropy4.0.samples20.maxnew1024.seed10086.subtreePrefetch.vllm.log,261,16,28,0.7605966863342494
/Users/jiangnanhugo/workspace/power-sharpening/Subtree-Prefetching-Power-Sharpening/case_studies/logs-entropycut/mbpp/2026-09-21/vllm/dataset-mbpp.model-qwen3.5-9b.alpha4.0.steps100.blocks-1.prefetch-budget-20.rank-accept_first.cut-entropy4.0.samples20.maxnew1024.seed10086.subtreePrefetch.vllm.log,261,17,28,0.7605966863342494
/Users/jiangnanhugo/workspace/power-sharpening/Subtree-Prefetching-Power-Sharpening/case_studies/logs-entropycut/mbpp/2026-09-21/vllm/dataset-mbpp.model-qwen3.5-9b.alpha4.0.steps100.blocks-1.prefetch-budget-20.rank-accept_first.cut-entropy4.0.samples20.maxnew1024.seed10086.subtreePrefetch.vllm.log,261,18,28,0.7605966863342494
/Users/jiangnanhugo/workspace/power-sharpening/Subtree-Prefetching-Power-Sharpening/case_studies/logs-entropycut/mbpp/2026-09-21/vllm/dataset-mbpp.model-qwen3.5-9b.alpha4.0.steps100.blocks-1.prefetch-budget-20.rank-accept_first.cut-entropy4.0.samples20.maxnew1024.seed10086.subtreePrefetch.vllm.log,261,19,28,0.7605966863342494
/Users/jiangnanhugo/workspace/power-sharpening/Subtree-Prefetching-Power-Sharpening/case_studies/logs-entropycut/mbpp/2026-09-21/vllm/dataset-mbpp.model-qwen3.5-9b.alpha4.0.steps100.blocks-1.prefetch-budget-20.rank-accept_first.cut-entropy4.0.samples20.maxnew1024.seed10086.subtreePrefetch.vllm.log,262,0,253,0.10268960054132845
/Users/jiangnanhugo/workspace/power-sharpening/Subtree-Prefetching-Power-Sharpening/case_studies/logs-entropycut/mbpp/2026-09-21/vllm/dataset-mbpp.model-qwen3.5-9b.alpha4.0.steps100.blocks-1.prefetch-budget-20.rank-accept_first.cut-entropy4.0.samples20.maxnew1024.seed10086.subtreePrefetch.vllm.log,262,1,28,0.7605966863342494
/Users/jiangnanhugo/workspace/power-sharpening/Subtree-Prefetching-Power-Sharpening/case_studies/logs-entropycut/mbpp/2026-09-21/vllm/dataset-mbpp.model-qwen3.5-9b.alpha4.0.steps100.blocks-1.prefetch-budget-20.rank-accept_first.cut-entropy4.0.samples20.maxnew1024.seed10086.subtreePrefetch.vllm.log,262,2,28,0.7605966863342494
/Users/jiangnanhugo/workspace/power-sharpening/Subtree-Prefetching-Power-Sharpening/case_studies/logs-entropycut/mbpp/2026-09-21/vllm/dataset-mbpp.model-qwen3.5-9b.alpha4.0.steps100.blocks-1.prefetch-budget-20.rank-accept_first.cut-entropy4.0.samples20.maxnew1024.seed10086.subtreePrefetch.vllm.log,262,3,28,0.7605966863342494
/Users/jiangnanhugo/workspace/power-sharpening/Subtree-Prefetching-Power-Sharpening/case_studies/logs-entropycut/mbpp/2026-09-21/vllm/dataset-mbpp.model-qwen3.5-9b.alpha4.0.steps100.blocks-1.prefetch-budget-20.rank-accept_first.cut-entropy4.0.samples20.maxnew1024.seed10086.subtreePrefetch.vllm.log,262,4,28,0.7605966863342494
/Users/jiangnanhugo/workspace/power-sharpening/Subtree-Prefetching-Power-Sharpening/case_studies/logs-entropycut/mbpp/2026-09-21/vllm/dataset-mbpp.model-qwen3.5-9b.alpha4.0.steps100.blocks-1.prefetch-budget-20.rank-accept_first.cut-entropy4.0.samples20.maxnew1024.seed10086.subtreePrefetch.vllm.log,262,5,28,0.7605966863342494
/Users/jiangnanhugo/workspace/power-sharpening/Subtree-Prefetching-Power-Sharpening/case_studies/logs-entropycut/mbpp/2026-09-21/vllm/dataset-mbpp.model-qwen3.5-9b.alpha4.0.steps100.blocks-1.prefetch-budget-20.rank-accept_first.cut-entropy4.0.samples20.maxnew1024.seed10086.subtreePrefetch.vllm.log,262,6,28,0.7605966863342494
/Users/jiangnanhugo/workspace/power-sharpening/Subtree-Prefetching-Power-Sharpening/case_studies/logs-entropycut/mbpp/2026-09-21/vllm/dataset-mbpp.model-qwen3.5-9b.alpha4.0.steps100.blocks-1.prefetch-budget-20.rank-accept_first.cut-entropy4.0.samples20.maxnew1024.seed10086.subtreePrefetch.vllm.log,262,7,28,0.7605966863342494
/Users/jiangnanhugo/workspace/power-sharpening/Subtree-Prefetching-Power-Sharpening/case_studies/logs-entropycut/mbpp/2026-09-21/vllm/dataset-mbpp.model-qwen3.5-9b.alpha4.0.steps100.blocks-1.prefetch-budget-20.rank-accept_first.cut-entropy4.0.samples20.maxnew1024.seed10086.subtreePrefetch.vllm.log,262,8,28,0.7605966863342494
/Users/jiangnanhugo/workspace/power-sharpening/Subtree-Prefetching-Power-Sharpening/case_studies/logs-entropycut/mbpp/2026-09-21/vllm/dataset-mbpp.model-qwen3.5-9b.alpha4.0.steps100.blocks-1.prefetch-budget-20.rank-accept_first.cut-entropy4.0.samples20.maxnew1024.seed10086.subtreePrefetch.vllm.log,262,9,28,0.7605966863342494
/Users/jiangnanhugo/workspace/power-sharpening/Subtree-Prefetching-Power-Sharpening/case_studies/logs-entropycut/mbpp/2026-09-21/vllm/dataset-mbpp.model-qwen3.5-9b.alpha4.0.steps100.blocks-1.prefetch-budget-20.rank-accept_first.cut-entropy4.0.samples20.maxnew1024.seed10086.subtreePrefetch.vllm.log,262,10,28,0.7605966863342494
/Users/jiangnanhugo/workspace/power-sharpening/Subtree-Prefetching-Power-Sharpening/case_studies/logs-entropycut/mbpp/2026-09-21/vllm/dataset-mbpp.model-qwen3.5-9b.alpha4.0.steps100.blocks-1.prefetch-budget-20.rank-accept_first.cut-entropy4.0.samples20.maxnew1024.seed10086.subtreePrefetch.vllm.log,262,11,28,0.7605966863342494
/Users/jiangnanhugo/workspace/power-sharpening/Subtree-Prefetching-Power-Sharpening/case_studies/logs-entropycut/mbpp/2026-09-21/vllm/dataset-mbpp.model-qwen3.5-9b.alpha4.0.steps100.blocks-1.prefetch-budget-20.rank-accept_first.cut-entropy4.0.samples20.maxnew1024.seed10086.subtreePrefetch.vllm.log,262,12,28,0.7605966863342494
/Users/jiangnanhugo/workspace/power-sharpening/Subtree-Prefetching-Power-Sharpening/case_studies/logs-entropycut/mbpp/2026-09-21/vllm/dataset-mbpp.model-qwen3.5-9b.alpha4.0.steps100.blocks-1.prefetch-budget-20.rank-accept_first.cut-entropy4.0.samples20.maxnew1024.seed10086.subtreePrefetch.vllm.log,262,13,28,0.7605966863342494
/Users/jiangnanhugo/workspace/power-sharpening/Subtree-Prefetching-Power-Sharpening/case_studies/logs-entropycut/mbpp/2026-09-21/vllm/dataset-mbpp.model-qwen3.5-9b.alpha4.0.steps100.blocks-1.prefetch-budget-20.rank-accept_first.cut-entropy4.0.samples20.maxnew1024.seed10086.subtreePrefetch.vllm.log,262,14,28,0.7605966863342494
/Users/jiangnanhugo/workspace/power-sharpening/Subtree-Prefetching-Power-Sharpening/case_studies/logs-entropycut/mbpp/2026-09-21/vllm/dataset-mbpp.model-qwen3.5-9b.alpha4.0.steps100.blocks-1.prefetch-budget-20.rank-accept_first.cut-entropy4.0.samples20.maxnew1024.seed10086.subtreePrefetch.vllm.log,262,15,28,0.7605966863342494
/Users/jiangnanhugo/workspace/power-sharpening/Subtree-Prefetching-Power-Sharpening/case_studies/logs-entropycut/mbpp/2026-09-21/vllm/dataset-mbpp.model-qwen3.5-9b.alpha4.0.steps100.blocks-1.prefetch-budget-20.rank-accept_first.cut-entropy4.0.samples20.maxnew1024.seed10086.subtreePrefetch.vllm.log,262,16,28,0.7605966863342494
/Users/jiangnanhugo/workspace/power-sharpening/Subtree-Prefetching-Power-Sharpening/case_studies/logs-entropycut/mbpp/2026-09-21/vllm/dataset-mbpp.model-qwen3.5-9b.alpha4.0.steps100.blocks-1.prefetch-budget-20.rank-accept_first.cut-entropy4.0.samples20.maxnew1024.seed10086.subtreePrefetch.vllm.log,262,17,28,0.7605966863342494
/Users/jiangnanhugo/workspace/power-sharpening/Subtree-Prefetching-Power-Sharpening/case_studies/logs-entropycut/mbpp/2026-09-21/vllm/dataset-mbpp.model-qwen3.5-9b.alpha4.0.steps100.blocks-1.prefetch-budget-20.rank-accept_first.cut-entropy4.0.samples20.maxnew1024.seed10086.subtreePrefetch.vllm.log,262,18,28,0.7605966863342494
/Users/jiangnanhugo/workspace/power-sharpening/Subtree-Prefetching-Power-Sharpening/case_studies/logs-entropycut/mbpp/2026-09-21/vllm/dataset-mbpp.model-qwen3.5-9b.alpha4.0.steps100.blocks-1.prefetch-budget-20.rank-accept_first.cut-entropy4.0.samples20.maxnew1024.seed10086.subtreePrefetch.vllm.log,262,19,28,0.7605966863342494
/Users/jiangnanhugo/workspace/power-sharpening/Subtree-Prefetching-Power-Sharpening/case_studies/logs-entropycut/mbpp/2026-09-21/vllm/dataset-mbpp.model-qwen3.5-9b.alpha4.0.steps100.blocks-1.prefetch-budget-20.rank-accept_first.cut-entropy4.0.samples20.maxnew1024.seed10086.subtreePrefetch.vllm.log,263,0,28,0.7605966863342494
/Users/jiangnanhugo/workspace/power-sharpening/Subtree-Prefetching-Power-Sharpening/case_studies/logs-entropycut/mbpp/2026-09-21/vllm/dataset-mbpp.model-qwen3.5-9b.alpha4.0.steps100.blocks-1.prefetch-budget-20.rank-accept_first.cut-entropy4.0.samples20.maxnew1024.seed10086.subtreePrefetch.vllm.log,263,1,28,0.7605966863342494
/Users/jiangnanhugo/workspace/power-sharpening/Subtree-Prefetching-Power-Sharpening/case_studies/logs-entropycut/mbpp/2026-09-21/vllm/dataset-mbpp.model-qwen3.5-9b.alpha4.0.steps100.blocks-1.prefetch-budget-20.rank-accept_first.cut-entropy4.0.samples20.maxnew1024.seed10086.subtreePrefetch.vllm.log,263,2,28,0.7605966863342494
/Users/jiangnanhugo/workspace/power-sharpening/Subtree-Prefetching-Power-Sharpening/case_studies/logs-entropycut/mbpp/2026-09-21/vllm/dataset-mbpp.model-qwen3.5-9b.alpha4.0.steps100.blocks-1.prefetch-budget-20.rank-accept_first.cut-entropy4.0.samples20.maxnew1024.seed10086.subtreePrefetch.vllm.log,263,3,28,0.7605966863342494
/Users/jiangnanhugo/workspace/power-sharpening/Subtree-Prefetching-Power-Sharpening/case_studies/logs-entropycut/mbpp/2026-09-21/vllm/dataset-mbpp.model-qwen3.5-9b.alpha4.0.steps100.blocks-1.prefetch-budget-20.rank-accept_first.cut-entropy4.0.samples20.maxnew1024.seed10086.subtreePrefetch.vllm.log,263,4,28,0.7605966863342494
/Users/jiangnanhugo/workspace/power-sharpening/Subtree-Prefetching-Power-Sharpening/case_studies/logs-entropycut/mbpp/2026-09-21/vllm/dataset-mbpp.model-qwen3.5-9b.alpha4.0.steps100.blocks-1.prefetch-budget-20.rank-accept_first.cut-entropy4.0.samples20.maxnew1024.seed10086.subtreePrefetch.vllm.log,263,5,28,0.7605966863342494
/Users/jiangnanhugo/workspace/power-sharpening/Subtree-Prefetching-Power-Sharpening/case_studies/logs-entropycut/mbpp/2026-09-21/vllm/dataset-mbpp.model-qwen3.5-9b.alpha4.0.steps100.blocks-1.prefetch-budget-20.rank-accept_first.cut-entropy4.0.samples20.maxnew1024.seed10086.subtreePrefetch.vllm.log,263,6,28,0.7605966863342494
/Users/jiangnanhugo/workspace/power-sharpening/Subtree-Prefetching-Power-Sharpening/case_studies/logs-entropycut/mbpp/2026-09-21/vllm/dataset-mbpp.model-qwen3.5-9b.alpha4.0.steps100.blocks-1.prefetch-budget-20.rank-accept_first.cut-entropy4.0.samples20.maxnew1024.seed10086.subtreePrefetch.vllm.log,263,7,28,0.7605966863342494
/Users/jiangnanhugo/workspace/power-sharpening/Subtree-Prefetching-Power-Sharpening/case_studies/logs-entropycut/mbpp/2026-09-21/vllm/dataset-mbpp.model-qwen3.5-9b.alpha4.0.steps100.blocks-1.prefetch-budget-20.rank-accept_first.cut-entropy4.0.samples20.maxnew1024.seed10086.subtreePrefetch.vllm.log,263,8,28,0.7605966863342494
/Users/jiangnanhugo/workspace/power-sharpening/Subtree-Prefetching-Power-Sharpening/case_studies/logs-entropycut/mbpp/2026-09-21/vllm/dataset-mbpp.model-qwen3.5-9b.alpha4.0.steps100.blocks-1.prefetch-budget-20.rank-accept_first.cut-entropy4.0.samples20.maxnew1024.seed10086.subtreePrefetch.vllm.log,263,9,28,0.7605966863342494
/Users/jiangnanhugo/workspace/power-sharpening/Subtree-Prefetching-Power-Sharpening/case_studies/logs-entropycut/mbpp/2026-09-21/vllm/dataset-mbpp.model-qwen3.5-9b.alpha4.0.steps100.blocks-1.prefetch-budget-20.rank-accept_first.cut-entropy4.0.samples20.maxnew1024.seed10086.subtreePrefetch.vllm.log,263,10,28,0.7605966863342494
/Users/jiangnanhugo/workspace/power-sharpening/Subtree-Prefetching-Power-Sharpening/case_studies/logs-entropycut/mbpp/2026-09-21/vllm/dataset-mbpp.model-qwen3.5-9b.alpha4.0.steps100.blocks-1.prefetch-budget-20.rank-accept_first.cut-entropy4.0.samples20.maxnew1024.seed10086.subtreePrefetch.vllm.log,263,11,28,0.7605966863342494
/Users/jiangnanhugo/workspace/power-sharpening/Subtree-Prefetching-Power-Sharpening/case_studies/logs-entropycut/mbpp/2026-09-21/vllm/dataset-mbpp.model-qwen3.5-9b.alpha4.0.steps100.blocks-1.prefetch-budget-20.rank-accept_first.cut-entropy4.0.samples20.maxnew1024.seed10086.subtreePrefetch.vllm.log,263,12,28,0.7605966863342494
/Users/jiangnanhugo/workspace/power-sharpening/Subtree-Prefetching-Power-Sharpening/case_studies/logs-entropycut/mbpp/2026-09-21/vllm/dataset-mbpp.model-qwen3.5-9b.alpha4.0.steps100.blocks-1.prefetch-budget-20.rank-accept_first.cut-entropy4.0.samples20.maxnew1024.seed10086.subtreePrefetch.vllm.log,263,13,28,0.7605966863342494
/Users/jiangnanhugo/workspace/power-sharpening/Subtree-Prefetching-Power-Sharpening/case_studies/logs-entropycut/mbpp/2026-09-21/vllm/dataset-mbpp.model-qwen3.5-9b.alpha4.0.steps100.blocks-1.prefetch-budget-20.rank-accept_first.cut-entropy4.0.samples20.maxnew1024.seed10086.subtreePrefetch.vllm.log,263,14,28,0.7605966863342494
/Users/jiangnanhugo/workspace/power-sharpening/Subtree-Prefetching-Power-Sharpening/case_studies/logs-entropycut/mbpp/2026-09-21/vllm/dataset-mbpp.model-qwen3.5-9b.alpha4.0.steps100.blocks-1.prefetch-budget-20.rank-accept_first.cut-entropy4.0.samples20.maxnew1024.seed10086.subtreePrefetch.vllm.log,263,15,28,0.7605966863342494
/Users/jiangnanhugo/workspace/power-sharpening/Subtree-Prefetching-Power-Sharpening/case_studies/logs-entropycut/mbpp/2026-09-21/vllm/dataset-mbpp.model-qwen3.5-9b.alpha4.0.steps100.blocks-1.prefetch-budget-20.rank-accept_first.cut-entropy4.0.samples20.maxnew1024.seed10086.subtreePrefetch.vllm.log,263,16,28,0.7605966863342494
/Users/jiangnanhugo/workspace/power-sharpening/Subtree-Prefetching-Power-Sharpening/case_studies/logs-entropycut/mbpp/2026-09-21/vllm/dataset-mbpp.model-qwen3.5-9b.alpha4.0.steps100.blocks-1.prefetch-budget-20.rank-accept_first.cut-entropy4.0.samples20.maxnew1024.seed10086.subtreePrefetch.vllm.log,263,17,28,0.7605966863342494
/Users/jiangnanhugo/workspace/power-sharpening/Subtree-Prefetching-Power-Sharpening/case_studies/logs-entropycut/mbpp/2026-09-21/vllm/dataset-mbpp.model-qwen3.5-9b.alpha4.0.steps100.blocks-1.prefetch-budget-20.rank-accept_first.cut-entropy4.0.samples20.maxnew1024.seed10086.subtreePrefetch.vllm.log,263,18,28,0.7605966863342494
/Users/jiangnanhugo/workspace/power-sharpening/Subtree-Prefetching-Power-Sharpening/case_studies/logs-entropycut/mbpp/2026-09-21/vllm/dataset-mbpp.model-qwen3.5-9b.alpha4.0.steps100.blocks-1.prefetch-budget-20.rank-accept_first.cut-entropy4.0.samples20.maxnew1024.seed10086.subtreePrefetch.vllm.log,263,19,28,0.7605966863342494
/Users/jiangnanhugo/workspace/power-sharpening/Subtree-Prefetching-Power-Sharpening/case_studies/logs-entropycut/mbpp/2026-09-21/vllm/dataset-mbpp.model-qwen3.5-9b.alpha4.0.steps100.blocks-1.prefetch-budget-20.rank-accept_first.cut-entropy4.0.samples20.maxnew1024.seed10086.subtreePrefetch.vllm.log,264,0,28,0.7605966863342494
/Users/jiangnanhugo/workspace/power-sharpening/Subtree-Prefetching-Power-Sharpening/case_studies/logs-entropycut/mbpp/2026-09-21/vllm/dataset-mbpp.model-qwen3.5-9b.alpha4.0.steps100.blocks-1.prefetch-budget-20.rank-accept_first.cut-entropy4.0.samples20.maxnew1024.seed10086.subtreePrefetch.vllm.log,264,1,28,0.7605966863342494
/Users/jiangnanhugo/workspace/power-sharpening/Subtree-Prefetching-Power-Sharpening/case_studies/logs-entropycut/mbpp/2026-09-21/vllm/dataset-mbpp.model-qwen3.5-9b.alpha4.0.steps100.blocks-1.prefetch-budget-20.rank-accept_first.cut-entropy4.0.samples20.maxnew1024.seed10086.subtreePrefetch.vllm.log,264,2,28,0.7605966863342494
/Users/jiangnanhugo/workspace/power-sharpening/Subtree-Prefetching-Power-Sharpening/case_studies/logs-entropycut/mbpp/2026-09-21/vllm/dataset-mbpp.model-qwen3.5-9b.alpha4.0.steps100.blocks-1.prefetch-budget-20.rank-accept_first.cut-entropy4.0.samples20.maxnew1024.seed10086.subtreePrefetch.vllm.log,264,3,28,0.7605966863342494
/Users/jiangnanhugo/workspace/power-sharpening/Subtree-Prefetching-Power-Sharpening/case_studies/logs-entropycut/mbpp/2026-09-21/vllm/dataset-mbpp.model-qwen3.5-9b.alpha4.0.steps100.blocks-1.prefetch-budget-20.rank-accept_first.cut-entropy4.0.samples20.maxnew1024.seed10086.subtreePrefetch.vllm.log,264,4,28,0.7605966863342494
/Users/jiangnanhugo/workspace/power-sharpening/Subtree-Prefetching-Power-Sharpening/case_studies/logs-entropycut/mbpp/2026-09-21/vllm/dataset-mbpp.model-qwen3.5-9b.alpha4.0.steps100.blocks-1.prefetch-budget-20.rank-accept_first.cut-entropy4.0.samples20.maxnew1024.seed10086.subtreePrefetch.vllm.log,264,5,28,0.7605966863342494
/Users/jiangnanhugo/workspace/power-sharpening/Subtree-Prefetching-Power-Sharpening/case_studies/logs-entropycut/mbpp/2026-09-21/vllm/dataset-mbpp.model-qwen3.5-9b.alpha4.0.steps100.blocks-1.prefetch-budget-20.rank-accept_first.cut-entropy4.0.samples20.maxnew1024.seed10086.subtreePrefetch.vllm.log,264,6,28,0.7605966863342494
/Users/jiangnanhugo/workspace/power-sharpening/Subtree-Prefetching-Power-Sharpening/case_studies/logs-entropycut/mbpp/2026-09-21/vllm/dataset-mbpp.model-qwen3.5-9b.alpha4.0.steps100.blocks-1.prefetch-budget-20.rank-accept_first.cut-entropy4.0.samples20.maxnew1024.seed10086.subtreePrefetch.vllm.log,264,7,28,0.7605966863342494
/Users/jiangnanhugo/workspace/power-sharpening/Subtree-Prefetching-Power-Sharpening/case_studies/logs-entropycut/mbpp/2026-09-21/vllm/dataset-mbpp.model-qwen3.5-9b.alpha4.0.steps100.blocks-1.prefetch-budget-20.rank-accept_first.cut-entropy4.0.samples20.maxnew1024.seed10086.subtreePrefetch.vllm.log,264,8,28,0.7605966863342494
/Users/jiangnanhugo/workspace/power-sharpening/Subtree-Prefetching-Power-Sharpening/case_studies/logs-entropycut/mbpp/2026-09-21/vllm/dataset-mbpp.model-qwen3.5-9b.alpha4.0.steps100.blocks-1.prefetch-budget-20.rank-accept_first.cut-entropy4.0.samples20.maxnew1024.seed10086.subtreePrefetch.vllm.log,264,9,28,0.7605966863342494
/Users/jiangnanhugo/workspace/power-sharpening/Subtree-Prefetching-Power-Sharpening/case_studies/logs-entropycut/mbpp/2026-09-21/vllm/dataset-mbpp.model-qwen3.5-9b.alpha4.0.steps100.blocks-1.prefetch-budget-20.rank-accept_first.cut-entropy4.0.samples20.maxnew1024.seed10086.subtreePrefetch.vllm.log,264,10,28,0.7605966863342494
/Users/jiangnanhugo/workspace/power-sharpening/Subtree-Prefetching-Power-Sharpening/case_studies/logs-entropycut/mbpp/2026-09-21/vllm/dataset-mbpp.model-qwen3.5-9b.alpha4.0.steps100.blocks-1.prefetch-budget-20.rank-accept_first.cut-entropy4.0.samples20.maxnew1024.seed10086.subtreePrefetch.vllm.log,264,11,28,0.7605966863342494
/Users/jiangnanhugo/workspace/power-sharpening/Subtree-Prefetching-Power-Sharpening/case_studies/logs-entropycut/mbpp/2026-09-21/vllm/dataset-mbpp.model-qwen3.5-9b.alpha4.0.steps100.blocks-1.prefetch-budget-20.rank-accept_first.cut-entropy4.0.samples20.maxnew1024.seed10086.subtreePrefetch.vllm.log,264,12,28,0.7605966863342494
/Users/jiangnanhugo/workspace/power-sharpening/Subtree-Prefetching-Power-Sharpening/case_studies/logs-entropycut/mbpp/2026-09-21/vllm/dataset-mbpp.model-qwen3.5-9b.alpha4.0.steps100.blocks-1.prefetch-budget-20.rank-accept_first.cut-entropy4.0.samples20.maxnew1024.seed10086.subtreePrefetch.vllm.log,264,13,28,0.7605966863342494
/Users/jiangnanhugo/workspace/power-sharpening/Subtree-Prefetching-Power-Sharpening/case_studies/logs-entropycut/mbpp/2026-09-21/vllm/dataset-mbpp.model-qwen3.5-9b.alpha4.0.steps100.blocks-1.prefetch-budget-20.rank-accept_first.cut-entropy4.0.samples20.maxnew1024.seed10086.subtreePrefetch.vllm.log,264,14,28,0.7605966863342494
/Users/jiangnanhugo/workspace/power-sharpening/Subtree-Prefetching-Power-Sharpening/case_studies/logs-entropycut/mbpp/2026-09-21/vllm/dataset-mbpp.model-qwen3.5-9b.alpha4.0.steps100.blocks-1.prefetch-budget-20.rank-accept_first.cut-entropy4.0.samples20.maxnew1024.seed10086.subtreePrefetch.vllm.log,264,15,28,0.7605966863342494
/Users/jiangnanhugo/workspace/power-sharpening/Subtree-Prefetching-Power-Sharpening/case_studies/logs-entropycut/mbpp/2026-09-21/vllm/dataset-mbpp.model-qwen3.5-9b.alpha4.0.steps100.blocks-1.prefetch-budget-20.rank-accept_first.cut-entropy4.0.samples20.maxnew1024.seed10086.subtreePrefetch.vllm.log,264,16,28,0.7605966863342494
/Users/jiangnanhugo/workspace/power-sharpening/Subtree-Prefetching-Power-Sharpening/case_studies/logs-entropycut/mbpp/2026-09-21/vllm/dataset-mbpp.model-qwen3.5-9b.alpha4.0.steps100.blocks-1.prefetch-budget-20.rank-accept_first.cut-entropy4.0.samples20.maxnew1024.seed10086.subtreePrefetch.vllm.log,264,17,28,0.7605966863342494
/Users/jiangnanhugo/workspace/power-sharpening/Subtree-Prefetching-Power-Sharpening/case_studies/logs-entropycut/mbpp/2026-09-21/vllm/dataset-mbpp.model-qwen3.5-9b.alpha4.0.steps100.blocks-1.prefetch-budget-20.rank-accept_first.cut-entropy4.0.samples20.maxnew1024.seed10086.subtreePrefetch.vllm.log,264,18,28,0.7605966863342494
/Users/jiangnanhugo/workspace/power-sharpening/Subtree-Prefetching-Power-Sharpening/case_studies/logs-entropycut/mbpp/2026-09-21/vllm/dataset-mbpp.model-qwen3.5-9b.alpha4.0.steps100.blocks-1.prefetch-budget-20.rank-accept_first.cut-entropy4.0.samples20.maxnew1024.seed10086.subtreePrefetch.vllm.log,264,19,28,0.7605966863342494
/Users/jiangnanhugo/workspace/power-sharpening/Subtree-Prefetching-Power-Sharpening/case_studies/logs-entropycut/mbpp/2026-09-21/vllm/dataset-mbpp.model-qwen3.5-9b.alpha4.0.steps100.blocks-1.prefetch-budget-20.rank-accept_first.cut-entropy4.0.samples20.maxnew1024.seed10086.subtreePrefetch.vllm.log,265,0,28,0.7605966863342494
/Users/jiangnanhugo/workspace/power-sharpening/Subtree-Prefetching-Power-Sharpening/case_studies/logs-entropycut/mbpp/2026-09-21/vllm/dataset-mbpp.model-qwen3.5-9b.alpha4.0.steps100.blocks-1.prefetch-budget-20.rank-accept_first.cut-entropy4.0.samples20.maxnew1024.seed10086.subtreePrefetch.vllm.log,265,1,28,0.7605966863342494
/Users/jiangnanhugo/workspace/power-sharpening/Subtree-Prefetching-Power-Sharpening/case_studies/logs-entropycut/mbpp/2026-09-21/vllm/dataset-mbpp.model-qwen3.5-9b.alpha4.0.steps100.blocks-1.prefetch-budget-20.rank-accept_first.cut-entropy4.0.samples20.maxnew1024.seed10086.subtreePrefetch.vllm.log,265,2,28,0.7605966863342494
/Users/jiangnanhugo/workspace/power-sharpening/Subtree-Prefetching-Power-Sharpening/case_studies/logs-entropycut/mbpp/2026-09-21/vllm/dataset-mbpp.model-qwen3.5-9b.alpha4.0.steps100.blocks-1.prefetch-budget-20.rank-accept_first.cut-entropy4.0.samples20.maxnew1024.seed10086.subtreePrefetch.vllm.log,265,3,28,0.7605966863342494
/Users/jiangnanhugo/workspace/power-sharpening/Subtree-Prefetching-Power-Sharpening/case_studies/logs-entropycut/mbpp/2026-09-21/vllm/dataset-mbpp.model-qwen3.5-9b.alpha4.0.steps100.blocks-1.prefetch-budget-20.rank-accept_first.cut-entropy4.0.samples20.maxnew1024.seed10086.subtreePrefetch.vllm.log,265,4,28,0.7605966863342494
/Users/jiangnanhugo/workspace/power-sharpening/Subtree-Prefetching-Power-Sharpening/case_studies/logs-entropycut/mbpp/2026-09-21/vllm/dataset-mbpp.model-qwen3.5-9b.alpha4.0.steps100.blocks-1.prefetch-budget-20.rank-accept_first.cut-entropy4.0.samples20.maxnew1024.seed10086.subtreePrefetch.vllm.log,265,5,28,0.7605966863342494
/Users/jiangnanhugo/workspace/power-sharpening/Subtree-Prefetching-Power-Sharpening/case_studies/logs-entropycut/mbpp/2026-09-21/vllm/dataset-mbpp.model-qwen3.5-9b.alpha4.0.steps100.blocks-1.prefetch-budget-20.rank-accept_first.cut-entropy4.0.samples20.maxnew1024.seed10086.subtreePrefetch.vllm.log,265,6,28,0.7605966863342494
/Users/jiangnanhugo/workspace/power-sharpening/Subtree-Prefetching-Power-Sharpening/case_studies/logs-entropycut/mbpp/2026-09-21/vllm/dataset-mbpp.model-qwen3.5-9b.alpha4.0.steps100.blocks-1.prefetch-budget-20.rank-accept_first.cut-entropy4.0.samples20.maxnew1024.seed10086.subtreePrefetch.vllm.log,265,7,28,0.7605966863342494
/Users/jiangnanhugo/workspace/power-sharpening/Subtree-Prefetching-Power-Sharpening/case_studies/logs-entropycut/mbpp/2026-09-21/vllm/dataset-mbpp.model-qwen3.5-9b.alpha4.0.steps100.blocks-1.prefetch-budget-20.rank-accept_first.cut-entropy4.0.samples20.maxnew1024.seed10086.subtreePrefetch.vllm.log,265,8,28,0.7605966863342494
/Users/jiangnanhugo/workspace/power-sharpening/Subtree-Prefetching-Power-Sharpening/case_studies/logs-entropycut/mbpp/2026-09-21/vllm/dataset-mbpp.model-qwen3.5-9b.alpha4.0.steps100.blocks-1.prefetch-budget-20.rank-accept_first.cut-entropy4.0.samples20.maxnew1024.seed10086.subtreePrefetch.vllm.log,265,9,28,0.7605966863342494
/Users/jiangnanhugo/workspace/power-sharpening/Subtree-Prefetching-Power-Sharpening/case_studies/logs-entropycut/mbpp/2026-09-21/vllm/dataset-mbpp.model-qwen3.5-9b.alpha4.0.steps100.blocks-1.prefetch-budget-20.rank-accept_first.cut-entropy4.0.samples20.maxnew1024.seed10086.subtreePrefetch.vllm.log,265,10,28,0.7605966863342494
/Users/jiangnanhugo/workspace/power-sharpening/Subtree-Prefetching-Power-Sharpening/case_studies/logs-entropycut/mbpp/2026-09-21/vllm/dataset-mbpp.model-qwen3.5-9b.alpha4.0.steps100.blocks-1.prefetch-budget-20.rank-accept_first.cut-entropy4.0.samples20.maxnew1024.seed10086.subtreePrefetch.vllm.log,265,11,28,0.7605966863342494
/Users/jiangnanhugo/workspace/power-sharpening/Subtree-Prefetching-Power-Sharpening/case_studies/logs-entropycut/mbpp/2026-09-21/vllm/dataset-mbpp.model-qwen3.5-9b.alpha4.0.steps100.blocks-1.prefetch-budget-20.rank-accept_first.cut-entropy4.0.samples20.maxnew1024.seed10086.subtreePrefetch.vllm.log,265,12,28,0.7605966863342494
/Users/jiangnanhugo/workspace/power-sharpening/Subtree-Prefetching-Power-Sharpening/case_studies/logs-entropycut/mbpp/2026-09-21/vllm/dataset-mbpp.model-qwen3.5-9b.alpha4.0.steps100.blocks-1.prefetch-budget-20.rank-accept_first.cut-entropy4.0.samples20.maxnew1024.seed10086.subtreePrefetch.vllm.log,265,13,28,0.7605966863342494
/Users/jiangnanhugo/workspace/power-sharpening/Subtree-Prefetching-Power-Sharpening/case_studies/logs-entropycut/mbpp/2026-09-21/vllm/dataset-mbpp.model-qwen3.5-9b.alpha4.0.steps100.blocks-1.prefetch-budget-20.rank-accept_first.cut-entropy4.0.samples20.maxnew1024.seed10086.subtreePrefetch.vllm.log,265,14,28,0.7605966863342494
/Users/jiangnanhugo/workspace/power-sharpening/Subtree-Prefetching-Power-Sharpening/case_studies/logs-entropycut/mbpp/2026-09-21/vllm/dataset-mbpp.model-qwen3.5-9b.alpha4.0.steps100.blocks-1.prefetch-budget-20.rank-accept_first.cut-entropy4.0.samples20.maxnew1024.seed10086.subtreePrefetch.vllm.log,265,15,28,0.7605966863342494
/Users/jiangnanhugo/workspace/power-sharpening/Subtree-Prefetching-Power-Sharpening/case_studies/logs-entropycut/mbpp/2026-09-21/vllm/dataset-mbpp.model-qwen3.5-9b.alpha4.0.steps100.blocks-1.prefetch-budget-20.rank-accept_first.cut-entropy4.0.samples20.maxnew1024.seed10086.subtreePrefetch.vllm.log,265,16,28,0.7605966863342494
/Users/jiangnanhugo/workspace/power-sharpening/Subtree-Prefetching-Power-Sharpening/case_studies/logs-entropycut/mbpp/2026-09-21/vllm/dataset-mbpp.model-qwen3.5-9b.alpha4.0.steps100.blocks-1.prefetch-budget-20.rank-accept_first.cut-entropy4.0.samples20.maxnew1024.seed10086.subtreePrefetch.vllm.log,265,17,28,0.7605966863342494
/Users/jiangnanhugo/workspace/power-sharpening/Subtree-Prefetching-Power-Sharpening/case_studies/logs-entropycut/mbpp/2026-09-21/vllm/dataset-mbpp.model-qwen3.5-9b.alpha4.0.steps100.blocks-1.prefetch-budget-20.rank-accept_first.cut-entropy4.0.samples20.maxnew1024.seed10086.subtreePrefetch.vllm.log,265,18,28,0.7605966863342494
/Users/jiangnanhugo/workspace/power-sharpening/Subtree-Prefetching-Power-Sharpening/case_studies/logs-entropycut/mbpp/2026-09-21/vllm/dataset-mbpp.model-qwen3.5-9b.alpha4.0.steps100.blocks-1.prefetch-budget-20.rank-accept_first.cut-entropy4.0.samples20.maxnew1024.seed10086.subtreePrefetch.vllm.log,265,19,28,0.7605966863342494
/Users/jiangnanhugo/workspace/power-sharpening/Subtree-Prefetching-Power-Sharpening/case_studies/logs-entropycut/mbpp/2026-09-21/vllm/dataset-mbpp.model-qwen3.5-9b.alpha4.0.steps100.blocks-1.prefetch-budget-20.rank-accept_first.cut-entropy4.0.samples20.maxnew1024.seed10086.subtreePrefetch.vllm.log,266,0,46,0.07169275724031311
/Users/jiangnanhugo/workspace/power-sharpening/Subtree-Prefetching-Power-Sharpening/case_studies/logs-entropycut/mbpp/2026-09-21/vllm/dataset-mbpp.model-qwen3.5-9b.alpha4.0.steps100.blocks-1.prefetch-budget-20.rank-accept_first.cut-entropy4.0.samples20.maxnew1024.seed10086.subtreePrefetch.vllm.log,266,1,28,0.7605966863342494
/Users/jiangnanhugo/workspace/power-sharpening/Subtree-Prefetching-Power-Sharpening/case_studies/logs-entropycut/mbpp/2026-09-21/vllm/dataset-mbpp.model-qwen3.5-9b.alpha4.0.steps100.blocks-1.prefetch-budget-20.rank-accept_first.cut-entropy4.0.samples20.maxnew1024.seed10086.subtreePrefetch.vllm.log,266,2,28,0.7605966863342494
/Users/jiangnanhugo/workspace/power-sharpening/Subtree-Prefetching-Power-Sharpening/case_studies/logs-entropycut/mbpp/2026-09-21/vllm/dataset-mbpp.model-qwen3.5-9b.alpha4.0.steps100.blocks-1.prefetch-budget-20.rank-accept_first.cut-entropy4.0.samples20.maxnew1024.seed10086.subtreePrefetch.vllm.log,266,3,28,0.7605966863342494
/Users/jiangnanhugo/workspace/power-sharpening/Subtree-Prefetching-Power-Sharpening/case_studies/logs-entropycut/mbpp/2026-09-21/vllm/dataset-mbpp.model-qwen3.5-9b.alpha4.0.steps100.blocks-1.prefetch-budget-20.rank-accept_first.cut-entropy4.0.samples20.maxnew1024.seed10086.subtreePrefetch.vllm.log,266,4,28,0.7605966863342494
/Users/jiangnanhugo/workspace/power-sharpening/Subtree-Prefetching-Power-Sharpening/case_studies/logs-entropycut/mbpp/2026-09-21/vllm/dataset-mbpp.model-qwen3.5-9b.alpha4.0.steps100.blocks-1.prefetch-budget-20.rank-accept_first.cut-entropy4.0.samples20.maxnew1024.seed10086.subtreePrefetch.vllm.log,266,5,28,0.7605966863342494
/Users/jiangnanhugo/workspace/power-sharpening/Subtree-Prefetching-Power-Sharpening/case_studies/logs-entropycut/mbpp/2026-09-21/vllm/dataset-mbpp.model-qwen3.5-9b.alpha4.0.steps100.blocks-1.prefetch-budget-20.rank-accept_first.cut-entropy4.0.samples20.maxnew1024.seed10086.subtreePrefetch.vllm.log,266,6,28,0.7605966863342494
/Users/jiangnanhugo/workspace/power-sharpening/Subtree-Prefetching-Power-Sharpening/case_studies/logs-entropycut/mbpp/2026-09-21/vllm/dataset-mbpp.model-qwen3.5-9b.alpha4.0.steps100.blocks-1.prefetch-budget-20.rank-accept_first.cut-entropy4.0.samples20.maxnew1024.seed10086.subtreePrefetch.vllm.log,266,7,28,0.7605966863342494
/Users/jiangnanhugo/workspace/power-sharpening/Subtree-Prefetching-Power-Sharpening/case_studies/logs-entropycut/mbpp/2026-09-21/vllm/dataset-mbpp.model-qwen3.5-9b.alpha4.0.steps100.blocks-1.prefetch-budget-20.rank-accept_first.cut-entropy4.0.samples20.maxnew1024.seed10086.subtreePrefetch.vllm.log,266,8,28,0.7605966863342494
/Users/jiangnanhugo/workspace/power-sharpening/Subtree-Prefetching-Power-Sharpening/case_studies/logs-entropycut/mbpp/2026-09-21/vllm/dataset-mbpp.model-qwen3.5-9b.alpha4.0.steps100.blocks-1.prefetch-budget-20.rank-accept_first.cut-entropy4.0.samples20.maxnew1024.seed10086.subtreePrefetch.vllm.log,266,9,28,0.7605966863342494
/Users/jiangnanhugo/workspace/power-sharpening/Subtree-Prefetching-Power-Sharpening/case_studies/logs-entropycut/mbpp/2026-09-21/vllm/dataset-mbpp.model-qwen3.5-9b.alpha4.0.steps100.blocks-1.prefetch-budget-20.rank-accept_first.cut-entropy4.0.samples20.maxnew1024.seed10086.subtreePrefetch.vllm.log,266,10,28,0.7605966863342494
/Users/jiangnanhugo/workspace/power-sharpening/Subtree-Prefetching-Power-Sharpening/case_studies/logs-entropycut/mbpp/2026-09-21/vllm/dataset-mbpp.model-qwen3.5-9b.alpha4.0.steps100.blocks-1.prefetch-budget-20.rank-accept_first.cut-entropy4.0.samples20.maxnew1024.seed10086.subtreePrefetch.vllm.log,266,11,28,0.7605966863342494
/Users/jiangnanhugo/workspace/power-sharpening/Subtree-Prefetching-Power-Sharpening/case_studies/logs-entropycut/mbpp/2026-09-21/vllm/dataset-mbpp.model-qwen3.5-9b.alpha4.0.steps100.blocks-1.prefetch-budget-20.rank-accept_first.cut-entropy4.0.samples20.maxnew1024.seed10086.subtreePrefetch.vllm.log,266,12,28,0.7605966863342494
/Users/jiangnanhugo/workspace/power-sharpening/Subtree-Prefetching-Power-Sharpening/case_studies/logs-entropycut/mbpp/2026-09-21/vllm/dataset-mbpp.model-qwen3.5-9b.alpha4.0.steps100.blocks-1.prefetch-budget-20.rank-accept_first.cut-entropy4.0.samples20.maxnew1024.seed10086.subtreePrefetch.vllm.log,266,13,28,0.7605966863342494
/Users/jiangnanhugo/workspace/power-sharpening/Subtree-Prefetching-Power-Sharpening/case_studies/logs-entropycut/mbpp/2026-09-21/vllm/dataset-mbpp.model-qwen3.5-9b.alpha4.0.steps100.blocks-1.prefetch-budget-20.rank-accept_first.cut-entropy4.0.samples20.maxnew1024.seed10086.subtreePrefetch.vllm.log,266,14,28,0.7605966863342494
/Users/jiangnanhugo/workspace/power-sharpening/Subtree-Prefetching-Power-Sharpening/case_studies/logs-entropycut/mbpp/2026-09-21/vllm/dataset-mbpp.model-qwen3.5-9b.alpha4.0.steps100.blocks-1.prefetch-budget-20.rank-accept_first.cut-entropy4.0.samples20.maxnew1024.seed10086.subtreePrefetch.vllm.log,266,15,28,0.7605966863342494
/Users/jiangnanhugo/workspace/power-sharpening/Subtree-Prefetching-Power-Sharpening/case_studies/logs-entropycut/mbpp/2026-09-21/vllm/dataset-mbpp.model-qwen3.5-9b.alpha4.0.steps100.blocks-1.prefetch-budget-20.rank-accept_first.cut-entropy4.0.samples20.maxnew1024.seed10086.subtreePrefetch.vllm.log,266,16,28,0.7605966863342494
/Users/jiangnanhugo/workspace/power-sharpening/Subtree-Prefetching-Power-Sharpening/case_studies/logs-entropycut/mbpp/2026-09-21/vllm/dataset-mbpp.model-qwen3.5-9b.alpha4.0.steps100.blocks-1.prefetch-budget-20.rank-accept_first.cut-entropy4.0.samples20.maxnew1024.seed10086.subtreePrefetch.vllm.log,266,17,28,0.7605966863342494
/Users/jiangnanhugo/workspace/power-sharpening/Subtree-Prefetching-Power-Sharpening/case_studies/logs-entropycut/mbpp/2026-09-21/vllm/dataset-mbpp.model-qwen3.5-9b.alpha4.0.steps100.blocks-1.prefetch-budget-20.rank-accept_first.cut-entropy4.0.samples20.maxnew1024.seed10086.subtreePrefetch.vllm.log,266,18,28,0.7605966863342494
/Users/jiangnanhugo/workspace/power-sharpening/Subtree-Prefetching-Power-Sharpening/case_studies/logs-entropycut/mbpp/2026-09-21/vllm/dataset-mbpp.model-qwen3.5-9b.alpha4.0.steps100.blocks-1.prefetch-budget-20.rank-accept_first.cut-entropy4.0.samples20.maxnew1024.seed10086.subtreePrefetch.vllm.log,266,19,28,0.7605966863342494
/Users/jiangnanhugo/workspace/power-sharpening/Subtree-Prefetching-Power-Sharpening/case_studies/logs-entropycut/mbpp/2026-09-21/vllm/dataset-mbpp.model-qwen3.5-9b.alpha4.0.steps100.blocks-1.prefetch-budget-20.rank-accept_first.cut-entropy4.0.samples20.maxnew1024.seed10086.subtreePrefetch.vllm.log,267,0,28,0.7605966863342494
/Users/jiangnanhugo/workspace/power-sharpening/Subtree-Prefetching-Power-Sharpening/case_studies/logs-entropycut/mbpp/2026-09-21/vllm/dataset-mbpp.model-qwen3.5-9b.alpha4.0.steps100.blocks-1.prefetch-budget-20.rank-accept_first.cut-entropy4.0.samples20.maxnew1024.seed10086.subtreePrefetch.vllm.log,267,1,28,0.7605966863342494
/Users/jiangnanhugo/workspace/power-sharpening/Subtree-Prefetching-Power-Sharpening/case_studies/logs-entropycut/mbpp/2026-09-21/vllm/dataset-mbpp.model-qwen3.5-9b.alpha4.0.steps100.blocks-1.prefetch-budget-20.rank-accept_first.cut-entropy4.0.samples20.maxnew1024.seed10086.subtreePrefetch.vllm.log,267,2,28,0.7605966863342494
/Users/jiangnanhugo/workspace/power-sharpening/Subtree-Prefetching-Power-Sharpening/case_studies/logs-entropycut/mbpp/2026-09-21/vllm/dataset-mbpp.model-qwen3.5-9b.alpha4.0.steps100.blocks-1.prefetch-budget-20.rank-accept_first.cut-entropy4.0.samples20.maxnew1024.seed10086.subtreePrefetch.vllm.log,267,3,4,0.00645162861790751
/Users/jiangnanhugo/workspace/power-sharpening/Subtree-Prefetching-Power-Sharpening/case_studies/logs-entropycut/mbpp/2026-09-21/vllm/dataset-mbpp.model-qwen3.5-9b.alpha4.0.steps100.blocks-1.prefetch-budget-20.rank-accept_first.cut-entropy4.0.samples20.maxnew1024.seed10086.subtreePrefetch.vllm.log,267,4,28,0.7605966863342494
/Users/jiangnanhugo/workspace/power-sharpening/Subtree-Prefetching-Power-Sharpening/case_studies/logs-entropycut/mbpp/2026-09-21/vllm/dataset-mbpp.model-qwen3.5-9b.alpha4.0.steps100.blocks-1.prefetch-budget-20.rank-accept_first.cut-entropy4.0.samples20.maxnew1024.seed10086.subtreePrefetch.vllm.log,267,5,28,0.7605966863342494
/Users/jiangnanhugo/workspace/power-sharpening/Subtree-Prefetching-Power-Sharpening/case_studies/logs-entropycut/mbpp/2026-09-21/vllm/dataset-mbpp.model-qwen3.5-9b.alpha4.0.steps100.blocks-1.prefetch-budget-20.rank-accept_first.cut-entropy4.0.samples20.maxnew1024.seed10086.subtreePrefetch.vllm.log,267,6,28,0.7605966863342494
/Users/jiangnanhugo/workspace/power-sharpening/Subtree-Prefetching-Power-Sharpening/case_studies/logs-entropycut/mbpp/2026-09-21/vllm/dataset-mbpp.model-qwen3.5-9b.alpha4.0.steps100.blocks-1.prefetch-budget-20.rank-accept_first.cut-entropy4.0.samples20.maxnew1024.seed10086.subtreePrefetch.vllm.log,267,7,28,0.7605966863342494
/Users/jiangnanhugo/workspace/power-sharpening/Subtree-Prefetching-Power-Sharpening/case_studies/logs-entropycut/mbpp/2026-09-21/vllm/dataset-mbpp.model-qwen3.5-9b.alpha4.0.steps100.blocks-1.prefetch-budget-20.rank-accept_first.cut-entropy4.0.samples20.maxnew1024.seed10086.subtreePrefetch.vllm.log,267,8,28,0.7605966863342494
/Users/jiangnanhugo/workspace/power-sharpening/Subtree-Prefetching-Power-Sharpening/case_studies/logs-entropycut/mbpp/2026-09-21/vllm/dataset-mbpp.model-qwen3.5-9b.alpha4.0.steps100.blocks-1.prefetch-budget-20.rank-accept_first.cut-entropy4.0.samples20.maxnew1024.seed10086.subtreePrefetch.vllm.log,267,9,28,0.7605966863342494
/Users/jiangnanhugo/workspace/power-sharpening/Subtree-Prefetching-Power-Sharpening/case_studies/logs-entropycut/mbpp/2026-09-21/vllm/dataset-mbpp.model-qwen3.5-9b.alpha4.0.steps100.blocks-1.prefetch-budget-20.rank-accept_first.cut-entropy4.0.samples20.maxnew1024.seed10086.subtreePrefetch.vllm.log,267,10,28,0.7605966863342494
/Users/jiangnanhugo/workspace/power-sharpening/Subtree-Prefetching-Power-Sharpening/case_studies/logs-entropycut/mbpp/2026-09-21/vllm/dataset-mbpp.model-qwen3.5-9b.alpha4.0.steps100.blocks-1.prefetch-budget-20.rank-accept_first.cut-entropy4.0.samples20.maxnew1024.seed10086.subtreePrefetch.vllm.log,267,11,28,0.7605966863342494
/Users/jiangnanhugo/workspace/power-sharpening/Subtree-Prefetching-Power-Sharpening/case_studies/logs-entropycut/mbpp/2026-09-21/vllm/dataset-mbpp.model-qwen3.5-9b.alpha4.0.steps100.blocks-1.prefetch-budget-20.rank-accept_first.cut-entropy4.0.samples20.maxnew1024.seed10086.subtreePrefetch.vllm.log,267,12,28,0.7605966863342494
/Users/jiangnanhugo/workspace/power-sharpening/Subtree-Prefetching-Power-Sharpening/case_studies/logs-entropycut/mbpp/2026-09-21/vllm/dataset-mbpp.model-qwen3.5-9b.alpha4.0.steps100.blocks-1.prefetch-budget-20.rank-accept_first.cut-entropy4.0.samples20.maxnew1024.seed10086.subtreePrefetch.vllm.log,267,13,28,0.7605966863342494
/Users/jiangnanhugo/workspace/power-sharpening/Subtree-Prefetching-Power-Sharpening/case_studies/logs-entropycut/mbpp/2026-09-21/vllm/dataset-mbpp.model-qwen3.5-9b.alpha4.0.steps100.blocks-1.prefetch-budget-20.rank-accept_first.cut-entropy4.0.samples20.maxnew1024.seed10086.subtreePrefetch.vllm.log,267,14,28,0.7605966863342494
/Users/jiangnanhugo/workspace/power-sharpening/Subtree-Prefetching-Power-Sharpening/case_studies/logs-entropycut/mbpp/2026-09-21/vllm/dataset-mbpp.model-qwen3.5-9b.alpha4.0.steps100.blocks-1.prefetch-budget-20.rank-accept_first.cut-entropy4.0.samples20.maxnew1024.seed10086.subtreePrefetch.vllm.log,267,15,28,0.7605966863342494
/Users/jiangnanhugo/workspace/power-sharpening/Subtree-Prefetching-Power-Sharpening/case_studies/logs-entropycut/mbpp/2026-09-21/vllm/dataset-mbpp.model-qwen3.5-9b.alpha4.0.steps100.blocks-1.prefetch-budget-20.rank-accept_first.cut-entropy4.0.samples20.maxnew1024.seed10086.subtreePrefetch.vllm.log,267,16,28,0.7605966863342494
/Users/jiangnanhugo/workspace/power-sharpening/Subtree-Prefetching-Power-Sharpening/case_studies/logs-entropycut/mbpp/2026-09-21/vllm/dataset-mbpp.model-qwen3.5-9b.alpha4.0.steps100.blocks-1.prefetch-budget-20.rank-accept_first.cut-entropy4.0.samples20.maxnew1024.seed10086.subtreePrefetch.vllm.log,267,17,28,0.7605966863342494
/Users/jiangnanhugo/workspace/power-sharpening/Subtree-Prefetching-Power-Sharpening/case_studies/logs-entropycut/mbpp/2026-09-21/vllm/dataset-mbpp.model-qwen3.5-9b.alpha4.0.steps100.blocks-1.prefetch-budget-20.rank-accept_first.cut-entropy4.0.samples20.maxnew1024.seed10086.subtreePrefetch.vllm.log,267,18,28,0.7605966863342494
/Users/jiangnanhugo/workspace/power-sharpening/Subtree-Prefetching-Power-Sharpening/case_studies/logs-entropycut/mbpp/2026-09-21/vllm/dataset-mbpp.model-qwen3.5-9b.alpha4.0.steps100.blocks-1.prefetch-budget-20.rank-accept_first.cut-entropy4.0.samples20.maxnew1024.seed10086.subtreePrefetch.vllm.log,267,19,28,0.7605966863342494
/Users/jiangnanhugo/workspace/power-sharpening/Subtree-Prefetching-Power-Sharpening/case_studies/logs-entropycut/mbpp/2026-09-21/vllm/dataset-mbpp.model-qwen3.5-9b.alpha4.0.steps100.blocks-1.prefetch-budget-20.rank-accept_first.cut-entropy4.0.samples20.maxnew1024.seed10086.subtreePrefetch.vllm.log,268,0,28,0.7605966863342494
/Users/jiangnanhugo/workspace/power-sharpening/Subtree-Prefetching-Power-Sharpening/case_studies/logs-entropycut/mbpp/2026-09-21/vllm/dataset-mbpp.model-qwen3.5-9b.alpha4.0.steps100.blocks-1.prefetch-budget-20.rank-accept_first.cut-entropy4.0.samples20.maxnew1024.seed10086.subtreePrefetch.vllm.log,268,1,28,0.7605966863342494
/Users/jiangnanhugo/workspace/power-sharpening/Subtree-Prefetching-Power-Sharpening/case_studies/logs-entropycut/mbpp/2026-09-21/vllm/dataset-mbpp.model-qwen3.5-9b.alpha4.0.steps100.blocks-1.prefetch-budget-20.rank-accept_first.cut-entropy4.0.samples20.maxnew1024.seed10086.subtreePrefetch.vllm.log,268,2,28,0.7605966863342494
/Users/jiangnanhugo/workspace/power-sharpening/Subtree-Prefetching-Power-Sharpening/case_studies/logs-entropycut/mbpp/2026-09-21/vllm/dataset-mbpp.model-qwen3.5-9b.alpha4.0.steps100.blocks-1.prefetch-budget-20.rank-accept_first.cut-entropy4.0.samples20.maxnew1024.seed10086.subtreePrefetch.vllm.log,268,3,28,0.7605966863342494
/Users/jiangnanhugo/workspace/power-sharpening/Subtree-Prefetching-Power-Sharpening/case_studies/logs-entropycut/mbpp/2026-09-21/vllm/dataset-mbpp.model-qwen3.5-9b.alpha4.0.steps100.blocks-1.prefetch-budget-20.rank-accept_first.cut-entropy4.0.samples20.maxnew1024.seed10086.subtreePrefetch.vllm.log,268,4,28,0.7605966863342494
/Users/jiangnanhugo/workspace/power-sharpening/Subtree-Prefetching-Power-Sharpening/case_studies/logs-entropycut/mbpp/2026-09-21/vllm/dataset-mbpp.model-qwen3.5-9b.alpha4.0.steps100.blocks-1.prefetch-budget-20.rank-accept_first.cut-entropy4.0.samples20.maxnew1024.seed10086.subtreePrefetch.vllm.log,268,5,28,0.7605966863342494
/Users/jiangnanhugo/workspace/power-sharpening/Subtree-Prefetching-Power-Sharpening/case_studies/logs-entropycut/mbpp/2026-09-21/vllm/dataset-mbpp.model-qwen3.5-9b.alpha4.0.steps100.blocks-1.prefetch-budget-20.rank-accept_first.cut-entropy4.0.samples20.maxnew1024.seed10086.subtreePrefetch.vllm.log,268,6,28,0.7605966863342494
/Users/jiangnanhugo/workspace/power-sharpening/Subtree-Prefetching-Power-Sharpening/case_studies/logs-entropycut/mbpp/2026-09-21/vllm/dataset-mbpp.model-qwen3.5-9b.alpha4.0.steps100.blocks-1.prefetch-budget-20.rank-accept_first.cut-entropy4.0.samples20.maxnew1024.seed10086.subtreePrefetch.vllm.log,268,7,28,0.7605966863342494
/Users/jiangnanhugo/workspace/power-sharpening/Subtree-Prefetching-Power-Sharpening/case_studies/logs-entropycut/mbpp/2026-09-21/vllm/dataset-mbpp.model-qwen3.5-9b.alpha4.0.steps100.blocks-1.prefetch-budget-20.rank-accept_first.cut-entropy4.0.samples20.maxnew1024.seed10086.subtreePrefetch.vllm.log,268,8,28,0.7605966863342494
/Users/jiangnanhugo/workspace/power-sharpening/Subtree-Prefetching-Power-Sharpening/case_studies/logs-entropycut/mbpp/2026-09-21/vllm/dataset-mbpp.model-qwen3.5-9b.alpha4.0.steps100.blocks-1.prefetch-budget-20.rank-accept_first.cut-entropy4.0.samples20.maxnew1024.seed10086.subtreePrefetch.vllm.log,268,9,28,0.7605966863342494
/Users/jiangnanhugo/workspace/power-sharpening/Subtree-Prefetching-Power-Sharpening/case_studies/logs-entropycut/mbpp/2026-09-21/vllm/dataset-mbpp.model-qwen3.5-9b.alpha4.0.steps100.blocks-1.prefetch-budget-20.rank-accept_first.cut-entropy4.0.samples20.maxnew1024.seed10086.subtreePrefetch.vllm.log,268,10,28,0.7605966863342494
/Users/jiangnanhugo/workspace/power-sharpening/Subtree-Prefetching-Power-Sharpening/case_studies/logs-entropycut/mbpp/2026-09-21/vllm/dataset-mbpp.model-qwen3.5-9b.alpha4.0.steps100.blocks-1.prefetch-budget-20.rank-accept_first.cut-entropy4.0.samples20.maxnew1024.seed10086.subtreePrefetch.vllm.log,268,11,28,0.7605966863342494
/Users/jiangnanhugo/workspace/power-sharpening/Subtree-Prefetching-Power-Sharpening/case_studies/logs-entropycut/mbpp/2026-09-21/vllm/dataset-mbpp.model-qwen3.5-9b.alpha4.0.steps100.blocks-1.prefetch-budget-20.rank-accept_first.cut-entropy4.0.samples20.maxnew1024.seed10086.subtreePrefetch.vllm.log,268,12,28,0.7605966863342494
/Users/jiangnanhugo/workspace/power-sharpening/Subtree-Prefetching-Power-Sharpening/case_studies/logs-entropycut/mbpp/2026-09-21/vllm/dataset-mbpp.model-qwen3.5-9b.alpha4.0.steps100.blocks-1.prefetch-budget-20.rank-accept_first.cut-entropy4.0.samples20.maxnew1024.seed10086.subtreePrefetch.vllm.log,268,13,28,0.7605966863342494
/Users/jiangnanhugo/workspace/power-sharpening/Subtree-Prefetching-Power-Sharpening/case_studies/logs-entropycut/mbpp/2026-09-21/vllm/dataset-mbpp.model-qwen3.5-9b.alpha4.0.steps100.blocks-1.prefetch-budget-20.rank-accept_first.cut-entropy4.0.samples20.maxnew1024.seed10086.subtreePrefetch.vllm.log,268,14,28,0.7605966863342494
/Users/jiangnanhugo/workspace/power-sharpening/Subtree-Prefetching-Power-Sharpening/case_studies/logs-entropycut/mbpp/2026-09-21/vllm/dataset-mbpp.model-qwen3.5-9b.alpha4.0.steps100.blocks-1.prefetch-budget-20.rank-accept_first.cut-entropy4.0.samples20.maxnew1024.seed10086.subtreePrefetch.vllm.log,268,15,28,0.7605966863342494
/Users/jiangnanhugo/workspace/power-sharpening/Subtree-Prefetching-Power-Sharpening/case_studies/logs-entropycut/mbpp/2026-09-21/vllm/dataset-mbpp.model-qwen3.5-9b.alpha4.0.steps100.blocks-1.prefetch-budget-20.rank-accept_first.cut-entropy4.0.samples20.maxnew1024.seed10086.subtreePrefetch.vllm.log,268,16,27,0.0021774160635878634
/Users/jiangnanhugo/workspace/power-sharpening/Subtree-Prefetching-Power-Sharpening/case_studies/logs-entropycut/mbpp/2026-09-21/vllm/dataset-mbpp.model-qwen3.5-9b.alpha4.0.steps100.blocks-1.prefetch-budget-20.rank-accept_first.cut-entropy4.0.samples20.maxnew1024.seed10086.subtreePrefetch.vllm.log,268,17,28,0.7605966863342494
/Users/jiangnanhugo/workspace/power-sharpening/Subtree-Prefetching-Power-Sharpening/case_studies/logs-entropycut/mbpp/2026-09-21/vllm/dataset-mbpp.model-qwen3.5-9b.alpha4.0.steps100.blocks-1.prefetch-budget-20.rank-accept_first.cut-entropy4.0.samples20.maxnew1024.seed10086.subtreePrefetch.vllm.log,268,18,28,0.7605966863342494
/Users/jiangnanhugo/workspace/power-sharpening/Subtree-Prefetching-Power-Sharpening/case_studies/logs-entropycut/mbpp/2026-09-21/vllm/dataset-mbpp.model-qwen3.5-9b.alpha4.0.steps100.blocks-1.prefetch-budget-20.rank-accept_first.cut-entropy4.0.samples20.maxnew1024.seed10086.subtreePrefetch.vllm.log,268,19,28,0.7605966863342494
/Users/jiangnanhugo/workspace/power-sharpening/Subtree-Prefetching-Power-Sharpening/case_studies/logs-entropycut/mbpp/2026-09-21/vllm/dataset-mbpp.model-qwen3.5-9b.alpha4.0.steps100.blocks-1.prefetch-budget-20.rank-accept_first.cut-entropy4.0.samples20.maxnew1024.seed10086.subtreePrefetch.vllm.log,269,0,46,0.07169275724031311
/Users/jiangnanhugo/workspace/power-sharpening/Subtree-Prefetching-Power-Sharpening/case_studies/logs-entropycut/mbpp/2026-09-21/vllm/dataset-mbpp.model-qwen3.5-9b.alpha4.0.steps100.blocks-1.prefetch-budget-20.rank-accept_first.cut-entropy4.0.samples20.maxnew1024.seed10086.subtreePrefetch.vllm.log,269,1,28,0.7605966863342494
/Users/jiangnanhugo/workspace/power-sharpening/Subtree-Prefetching-Power-Sharpening/case_studies/logs-entropycut/mbpp/2026-09-21/vllm/dataset-mbpp.model-qwen3.5-9b.alpha4.0.steps100.blocks-1.prefetch-budget-20.rank-accept_first.cut-entropy4.0.samples20.maxnew1024.seed10086.subtreePrefetch.vllm.log,269,2,28,0.7605966863342494
/Users/jiangnanhugo/workspace/power-sharpening/Subtree-Prefetching-Power-Sharpening/case_studies/logs-entropycut/mbpp/2026-09-21/vllm/dataset-mbpp.model-qwen3.5-9b.alpha4.0.steps100.blocks-1.prefetch-budget-20.rank-accept_first.cut-entropy4.0.samples20.maxnew1024.seed10086.subtreePrefetch.vllm.log,269,3,28,0.7605966863342494
/Users/jiangnanhugo/workspace/power-sharpening/Subtree-Prefetching-Power-Sharpening/case_studies/logs-entropycut/mbpp/2026-09-21/vllm/dataset-mbpp.model-qwen3.5-9b.alpha4.0.steps100.blocks-1.prefetch-budget-20.rank-accept_first.cut-entropy4.0.samples20.maxnew1024.seed10086.subtreePrefetch.vllm.log,269,4,28,0.7605966863342494
/Users/jiangnanhugo/workspace/power-sharpening/Subtree-Prefetching-Power-Sharpening/case_studies/logs-entropycut/mbpp/2026-09-21/vllm/dataset-mbpp.model-qwen3.5-9b.alpha4.0.steps100.blocks-1.prefetch-budget-20.rank-accept_first.cut-entropy4.0.samples20.maxnew1024.seed10086.subtreePrefetch.vllm.log,269,5,28,0.7605966863342494
/Users/jiangnanhugo/workspace/power-sharpening/Subtree-Prefetching-Power-Sharpening/case_studies/logs-entropycut/mbpp/2026-09-21/vllm/dataset-mbpp.model-qwen3.5-9b.alpha4.0.steps100.blocks-1.prefetch-budget-20.rank-accept_first.cut-entropy4.0.samples20.maxnew1024.seed10086.subtreePrefetch.vllm.log,269,6,28,0.7605966863342494
/Users/jiangnanhugo/workspace/power-sharpening/Subtree-Prefetching-Power-Sharpening/case_studies/logs-entropycut/mbpp/2026-09-21/vllm/dataset-mbpp.model-qwen3.5-9b.alpha4.0.steps100.blocks-1.prefetch-budget-20.rank-accept_first.cut-entropy4.0.samples20.maxnew1024.seed10086.subtreePrefetch.vllm.log,269,7,28,0.7605966863342494
/Users/jiangnanhugo/workspace/power-sharpening/Subtree-Prefetching-Power-Sharpening/case_studies/logs-entropycut/mbpp/2026-09-21/vllm/dataset-mbpp.model-qwen3.5-9b.alpha4.0.steps100.blocks-1.prefetch-budget-20.rank-accept_first.cut-entropy4.0.samples20.maxnew1024.seed10086.subtreePrefetch.vllm.log,269,8,28,0.7605966863342494
/Users/jiangnanhugo/workspace/power-sharpening/Subtree-Prefetching-Power-Sharpening/case_studies/logs-entropycut/mbpp/2026-09-21/vllm/dataset-mbpp.model-qwen3.5-9b.alpha4.0.steps100.blocks-1.prefetch-budget-20.rank-accept_first.cut-entropy4.0.samples20.maxnew1024.seed10086.subtreePrefetch.vllm.log,269,9,28,0.7605966863342494
/Users/jiangnanhugo/workspace/power-sharpening/Subtree-Prefetching-Power-Sharpening/case_studies/logs-entropycut/mbpp/2026-09-21/vllm/dataset-mbpp.model-qwen3.5-9b.alpha4.0.steps100.blocks-1.prefetch-budget-20.rank-accept_first.cut-entropy4.0.samples20.maxnew1024.seed10086.subtreePrefetch.vllm.log,269,10,28,0.7605966863342494
/Users/jiangnanhugo/workspace/power-sharpening/Subtree-Prefetching-Power-Sharpening/case_studies/logs-entropycut/mbpp/2026-09-21/vllm/dataset-mbpp.model-qwen3.5-9b.alpha4.0.steps100.blocks-1.prefetch-budget-20.rank-accept_first.cut-entropy4.0.samples20.maxnew1024.seed10086.subtreePrefetch.vllm.log,269,11,4,0.00645162861790751
/Users/jiangnanhugo/workspace/power-sharpening/Subtree-Prefetching-Power-Sharpening/case_studies/logs-entropycut/mbpp/2026-09-21/vllm/dataset-mbpp.model-qwen3.5-9b.alpha4.0.steps100.blocks-1.prefetch-budget-20.rank-accept_first.cut-entropy4.0.samples20.maxnew1024.seed10086.subtreePrefetch.vllm.log,269,12,28,0.7605966863342494
/Users/jiangnanhugo/workspace/power-sharpening/Subtree-Prefetching-Power-Sharpening/case_studies/logs-entropycut/mbpp/2026-09-21/vllm/dataset-mbpp.model-qwen3.5-9b.alpha4.0.steps100.blocks-1.prefetch-budget-20.rank-accept_first.cut-entropy4.0.samples20.maxnew1024.seed10086.subtreePrefetch.vllm.log,269,13,28,0.7605966863342494
/Users/jiangnanhugo/workspace/power-sharpening/Subtree-Prefetching-Power-Sharpening/case_studies/logs-entropycut/mbpp/2026-09-21/vllm/dataset-mbpp.model-qwen3.5-9b.alpha4.0.steps100.blocks-1.prefetch-budget-20.rank-accept_first.cut-entropy4.0.samples20.maxnew1024.seed10086.subtreePrefetch.vllm.log,269,14,28,0.7605966863342494
/Users/jiangnanhugo/workspace/power-sharpening/Subtree-Prefetching-Power-Sharpening/case_studies/logs-entropycut/mbpp/2026-09-21/vllm/dataset-mbpp.model-qwen3.5-9b.alpha4.0.steps100.blocks-1.prefetch-budget-20.rank-accept_first.cut-entropy4.0.samples20.maxnew1024.seed10086.subtreePrefetch.vllm.log,269,15,28,0.7605966863342494
/Users/jiangnanhugo/workspace/power-sharpening/Subtree-Prefetching-Power-Sharpening/case_studies/logs-entropycut/mbpp/2026-09-21/vllm/dataset-mbpp.model-qwen3.5-9b.alpha4.0.steps100.blocks-1.prefetch-budget-20.rank-accept_first.cut-entropy4.0.samples20.maxnew1024.seed10086.subtreePrefetch.vllm.log,269,16,28,0.7605966863342494
/Users/jiangnanhugo/workspace/power-sharpening/Subtree-Prefetching-Power-Sharpening/case_studies/logs-entropycut/mbpp/2026-09-21/vllm/dataset-mbpp.model-qwen3.5-9b.alpha4.0.steps100.blocks-1.prefetch-budget-20.rank-accept_first.cut-entropy4.0.samples20.maxnew1024.seed10086.subtreePrefetch.vllm.log,269,17,28,0.7605966863342494
/Users/jiangnanhugo/workspace/power-sharpening/Subtree-Prefetching-Power-Sharpening/case_studies/logs-entropycut/mbpp/2026-09-21/vllm/dataset-mbpp.model-qwen3.5-9b.alpha4.0.steps100.blocks-1.prefetch-budget-20.rank-accept_first.cut-entropy4.0.samples20.maxnew1024.seed10086.subtreePrefetch.vllm.log,269,18,28,0.7605966863342494
/Users/jiangnanhugo/workspace/power-sharpening/Subtree-Prefetching-Power-Sharpening/case_studies/logs-entropycut/mbpp/2026-09-21/vllm/dataset-mbpp.model-qwen3.5-9b.alpha4.0.steps100.blocks-1.prefetch-budget-20.rank-accept_first.cut-entropy4.0.samples20.maxnew1024.seed10086.subtreePrefetch.vllm.log,269,19,28,0.7605966863342494
/Users/jiangnanhugo/workspace/power-sharpening/Subtree-Prefetching-Power-Sharpening/case_studies/logs-entropycut/mbpp/2026-09-21/vllm/dataset-mbpp.model-qwen3.5-9b.alpha4.0.steps100.blocks-1.prefetch-budget-20.rank-accept_first.cut-entropy4.0.samples20.maxnew1024.seed10086.subtreePrefetch.vllm.log,270,0,28,0.7605966863342494
/Users/jiangnanhugo/workspace/power-sharpening/Subtree-Prefetching-Power-Sharpening/case_studies/logs-entropycut/mbpp/2026-09-21/vllm/dataset-mbpp.model-qwen3.5-9b.alpha4.0.steps100.blocks-1.prefetch-budget-20.rank-accept_first.cut-entropy4.0.samples20.maxnew1024.seed10086.subtreePrefetch.vllm.log,270,1,28,0.7605966863342494
/Users/jiangnanhugo/workspace/power-sharpening/Subtree-Prefetching-Power-Sharpening/case_studies/logs-entropycut/mbpp/2026-09-21/vllm/dataset-mbpp.model-qwen3.5-9b.alpha4.0.steps100.blocks-1.prefetch-budget-20.rank-accept_first.cut-entropy4.0.samples20.maxnew1024.seed10086.subtreePrefetch.vllm.log,270,2,28,0.7605966863342494
/Users/jiangnanhugo/workspace/power-sharpening/Subtree-Prefetching-Power-Sharpening/case_studies/logs-entropycut/mbpp/2026-09-21/vllm/dataset-mbpp.model-qwen3.5-9b.alpha4.0.steps100.blocks-1.prefetch-budget-20.rank-accept_first.cut-entropy4.0.samples20.maxnew1024.seed10086.subtreePrefetch.vllm.log,270,3,28,0.7605966863342494
/Users/jiangnanhugo/workspace/power-sharpening/Subtree-Prefetching-Power-Sharpening/case_studies/logs-entropycut/mbpp/2026-09-21/vllm/dataset-mbpp.model-qwen3.5-9b.alpha4.0.steps100.blocks-1.prefetch-budget-20.rank-accept_first.cut-entropy4.0.samples20.maxnew1024.seed10086.subtreePrefetch.vllm.log,270,4,28,0.7605966863342494
/Users/jiangnanhugo/workspace/power-sharpening/Subtree-Prefetching-Power-Sharpening/case_studies/logs-entropycut/mbpp/2026-09-21/vllm/dataset-mbpp.model-qwen3.5-9b.alpha4.0.steps100.blocks-1.prefetch-budget-20.rank-accept_first.cut-entropy4.0.samples20.maxnew1024.seed10086.subtreePrefetch.vllm.log,270,5,28,0.7605966863342494
/Users/jiangnanhugo/workspace/power-sharpening/Subtree-Prefetching-Power-Sharpening/case_studies/logs-entropycut/mbpp/2026-09-21/vllm/dataset-mbpp.model-qwen3.5-9b.alpha4.0.steps100.blocks-1.prefetch-budget-20.rank-accept_first.cut-entropy4.0.samples20.maxnew1024.seed10086.subtreePrefetch.vllm.log,270,6,28,0.7605966863342494
/Users/jiangnanhugo/workspace/power-sharpening/Subtree-Prefetching-Power-Sharpening/case_studies/logs-entropycut/mbpp/2026-09-21/vllm/dataset-mbpp.model-qwen3.5-9b.alpha4.0.steps100.blocks-1.prefetch-budget-20.rank-accept_first.cut-entropy4.0.samples20.maxnew1024.seed10086.subtreePrefetch.vllm.log,270,7,28,0.7605966863342494
/Users/jiangnanhugo/workspace/power-sharpening/Subtree-Prefetching-Power-Sharpening/case_studies/logs-entropycut/mbpp/2026-09-21/vllm/dataset-mbpp.model-qwen3.5-9b.alpha4.0.steps100.blocks-1.prefetch-budget-20.rank-accept_first.cut-entropy4.0.samples20.maxnew1024.seed10086.subtreePrefetch.vllm.log,270,8,28,0.7605966863342494
/Users/jiangnanhugo/workspace/power-sharpening/Subtree-Prefetching-Power-Sharpening/case_studies/logs-entropycut/mbpp/2026-09-21/vllm/dataset-mbpp.model-qwen3.5-9b.alpha4.0.steps100.blocks-1.prefetch-budget-20.rank-accept_first.cut-entropy4.0.samples20.maxnew1024.seed10086.subtreePrefetch.vllm.log,270,9,28,0.7605966863342494
/Users/jiangnanhugo/workspace/power-sharpening/Subtree-Prefetching-Power-Sharpening/case_studies/logs-entropycut/mbpp/2026-09-21/vllm/dataset-mbpp.model-qwen3.5-9b.alpha4.0.steps100.blocks-1.prefetch-budget-20.rank-accept_first.cut-entropy4.0.samples20.maxnew1024.seed10086.subtreePrefetch.vllm.log,270,10,28,0.7605966863342494
/Users/jiangnanhugo/workspace/power-sharpening/Subtree-Prefetching-Power-Sharpening/case_studies/logs-entropycut/mbpp/2026-09-21/vllm/dataset-mbpp.model-qwen3.5-9b.alpha4.0.steps100.blocks-1.prefetch-budget-20.rank-accept_first.cut-entropy4.0.samples20.maxnew1024.seed10086.subtreePrefetch.vllm.log,270,11,28,0.7605966863342494
/Users/jiangnanhugo/workspace/power-sharpening/Subtree-Prefetching-Power-Sharpening/case_studies/logs-entropycut/mbpp/2026-09-21/vllm/dataset-mbpp.model-qwen3.5-9b.alpha4.0.steps100.blocks-1.prefetch-budget-20.rank-accept_first.cut-entropy4.0.samples20.maxnew1024.seed10086.subtreePrefetch.vllm.log,270,12,4,0.00645162861790751
/Users/jiangnanhugo/workspace/power-sharpening/Subtree-Prefetching-Power-Sharpening/case_studies/logs-entropycut/mbpp/2026-09-21/vllm/dataset-mbpp.model-qwen3.5-9b.alpha4.0.steps100.blocks-1.prefetch-budget-20.rank-accept_first.cut-entropy4.0.samples20.maxnew1024.seed10086.subtreePrefetch.vllm.log,270,13,28,0.7605966863342494
/Users/jiangnanhugo/workspace/power-sharpening/Subtree-Prefetching-Power-Sharpening/case_studies/logs-entropycut/mbpp/2026-09-21/vllm/dataset-mbpp.model-qwen3.5-9b.alpha4.0.steps100.blocks-1.prefetch-budget-20.rank-accept_first.cut-entropy4.0.samples20.maxnew1024.seed10086.subtreePrefetch.vllm.log,270,14,28,0.7605966863342494
/Users/jiangnanhugo/workspace/power-sharpening/Subtree-Prefetching-Power-Sharpening/case_studies/logs-entropycut/mbpp/2026-09-21/vllm/dataset-mbpp.model-qwen3.5-9b.alpha4.0.steps100.blocks-1.prefetch-budget-20.rank-accept_first.cut-entropy4.0.samples20.maxnew1024.seed10086.subtreePrefetch.vllm.log,270,15,28,0.7605966863342494
/Users/jiangnanhugo/workspace/power-sharpening/Subtree-Prefetching-Power-Sharpening/case_studies/logs-entropycut/mbpp/2026-09-21/vllm/dataset-mbpp.model-qwen3.5-9b.alpha4.0.steps100.blocks-1.prefetch-budget-20.rank-accept_first.cut-entropy4.0.samples20.maxnew1024.seed10086.subtreePrefetch.vllm.log,270,16,28,0.7605966863342494
/Users/jiangnanhugo/workspace/power-sharpening/Subtree-Prefetching-Power-Sharpening/case_studies/logs-entropycut/mbpp/2026-09-21/vllm/dataset-mbpp.model-qwen3.5-9b.alpha4.0.steps100.blocks-1.prefetch-budget-20.rank-accept_first.cut-entropy4.0.samples20.maxnew1024.seed10086.subtreePrefetch.vllm.log,270,17,28,0.7605966863342494
/Users/jiangnanhugo/workspace/power-sharpening/Subtree-Prefetching-Power-Sharpening/case_studies/logs-entropycut/mbpp/2026-09-21/vllm/dataset-mbpp.model-qwen3.5-9b.alpha4.0.steps100.blocks-1.prefetch-budget-20.rank-accept_first.cut-entropy4.0.samples20.maxnew1024.seed10086.subtreePrefetch.vllm.log,270,18,28,0.7605966863342494
/Users/jiangnanhugo/workspace/power-sharpening/Subtree-Prefetching-Power-Sharpening/case_studies/logs-entropycut/mbpp/2026-09-21/vllm/dataset-mbpp.model-qwen3.5-9b.alpha4.0.steps100.blocks-1.prefetch-budget-20.rank-accept_first.cut-entropy4.0.samples20.maxnew1024.seed10086.subtreePrefetch.vllm.log,270,19,28,0.7605966863342494
/Users/jiangnanhugo/workspace/power-sharpening/Subtree-Prefetching-Power-Sharpening/case_studies/logs-entropycut/mbpp/2026-09-21/vllm/dataset-mbpp.model-qwen3.5-9b.alpha4.0.steps100.blocks-1.prefetch-budget-20.rank-accept_first.cut-entropy4.0.samples20.maxnew1024.seed10086.subtreePrefetch.vllm.log,271,0,28,0.7605966863342494
/Users/jiangnanhugo/workspace/power-sharpening/Subtree-Prefetching-Power-Sharpening/case_studies/logs-entropycut/mbpp/2026-09-21/vllm/dataset-mbpp.model-qwen3.5-9b.alpha4.0.steps100.blocks-1.prefetch-budget-20.rank-accept_first.cut-entropy4.0.samples20.maxnew1024.seed10086.subtreePrefetch.vllm.log,271,1,28,0.7605966863342494
/Users/jiangnanhugo/workspace/power-sharpening/Subtree-Prefetching-Power-Sharpening/case_studies/logs-entropycut/mbpp/2026-09-21/vllm/dataset-mbpp.model-qwen3.5-9b.alpha4.0.steps100.blocks-1.prefetch-budget-20.rank-accept_first.cut-entropy4.0.samples20.maxnew1024.seed10086.subtreePrefetch.vllm.log,271,2,28,0.7605966863342494
/Users/jiangnanhugo/workspace/power-sharpening/Subtree-Prefetching-Power-Sharpening/case_studies/logs-entropycut/mbpp/2026-09-21/vllm/dataset-mbpp.model-qwen3.5-9b.alpha4.0.steps100.blocks-1.prefetch-budget-20.rank-accept_first.cut-entropy4.0.samples20.maxnew1024.seed10086.subtreePrefetch.vllm.log,271,3,28,0.7605966863342494
/Users/jiangnanhugo/workspace/power-sharpening/Subtree-Prefetching-Power-Sharpening/case_studies/logs-entropycut/mbpp/2026-09-21/vllm/dataset-mbpp.model-qwen3.5-9b.alpha4.0.steps100.blocks-1.prefetch-budget-20.rank-accept_first.cut-entropy4.0.samples20.maxnew1024.seed10086.subtreePrefetch.vllm.log,271,4,28,0.7605966863342494
/Users/jiangnanhugo/workspace/power-sharpening/Subtree-Prefetching-Power-Sharpening/case_studies/logs-entropycut/mbpp/2026-09-21/vllm/dataset-mbpp.model-qwen3.5-9b.alpha4.0.steps100.blocks-1.prefetch-budget-20.rank-accept_first.cut-entropy4.0.samples20.maxnew1024.seed10086.subtreePrefetch.vllm.log,271,5,28,0.7605966863342494
/Users/jiangnanhugo/workspace/power-sharpening/Subtree-Prefetching-Power-Sharpening/case_studies/logs-entropycut/mbpp/2026-09-21/vllm/dataset-mbpp.model-qwen3.5-9b.alpha4.0.steps100.blocks-1.prefetch-budget-20.rank-accept_first.cut-entropy4.0.samples20.maxnew1024.seed10086.subtreePrefetch.vllm.log,271,6,28,0.7605966863342494
/Users/jiangnanhugo/workspace/power-sharpening/Subtree-Prefetching-Power-Sharpening/case_studies/logs-entropycut/mbpp/2026-09-21/vllm/dataset-mbpp.model-qwen3.5-9b.alpha4.0.steps100.blocks-1.prefetch-budget-20.rank-accept_first.cut-entropy4.0.samples20.maxnew1024.seed10086.subtreePrefetch.vllm.log,271,7,28,0.7605966863342494
/Users/jiangnanhugo/workspace/power-sharpening/Subtree-Prefetching-Power-Sharpening/case_studies/logs-entropycut/mbpp/2026-09-21/vllm/dataset-mbpp.model-qwen3.5-9b.alpha4.0.steps100.blocks-1.prefetch-budget-20.rank-accept_first.cut-entropy4.0.samples20.maxnew1024.seed10086.subtreePrefetch.vllm.log,271,8,28,0.7605966863342494
/Users/jiangnanhugo/workspace/power-sharpening/Subtree-Prefetching-Power-Sharpening/case_studies/logs-entropycut/mbpp/2026-09-21/vllm/dataset-mbpp.model-qwen3.5-9b.alpha4.0.steps100.blocks-1.prefetch-budget-20.rank-accept_first.cut-entropy4.0.samples20.maxnew1024.seed10086.subtreePrefetch.vllm.log,271,9,28,0.7605966863342494
/Users/jiangnanhugo/workspace/power-sharpening/Subtree-Prefetching-Power-Sharpening/case_studies/logs-entropycut/mbpp/2026-09-21/vllm/dataset-mbpp.model-qwen3.5-9b.alpha4.0.steps100.blocks-1.prefetch-budget-20.rank-accept_first.cut-entropy4.0.samples20.maxnew1024.seed10086.subtreePrefetch.vllm.log,271,10,28,0.7605966863342494
/Users/jiangnanhugo/workspace/power-sharpening/Subtree-Prefetching-Power-Sharpening/case_studies/logs-entropycut/mbpp/2026-09-21/vllm/dataset-mbpp.model-qwen3.5-9b.alpha4.0.steps100.blocks-1.prefetch-budget-20.rank-accept_first.cut-entropy4.0.samples20.maxnew1024.seed10086.subtreePrefetch.vllm.log,271,11,28,0.7605966863342494
/Users/jiangnanhugo/workspace/power-sharpening/Subtree-Prefetching-Power-Sharpening/case_studies/logs-entropycut/mbpp/2026-09-21/vllm/dataset-mbpp.model-qwen3.5-9b.alpha4.0.steps100.blocks-1.prefetch-budget-20.rank-accept_first.cut-entropy4.0.samples20.maxnew1024.seed10086.subtreePrefetch.vllm.log,271,12,28,0.7605966863342494
/Users/jiangnanhugo/workspace/power-sharpening/Subtree-Prefetching-Power-Sharpening/case_studies/logs-entropycut/mbpp/2026-09-21/vllm/dataset-mbpp.model-qwen3.5-9b.alpha4.0.steps100.blocks-1.prefetch-budget-20.rank-accept_first.cut-entropy4.0.samples20.maxnew1024.seed10086.subtreePrefetch.vllm.log,271,13,28,0.7605966863342494
/Users/jiangnanhugo/workspace/power-sharpening/Subtree-Prefetching-Power-Sharpening/case_studies/logs-entropycut/mbpp/2026-09-21/vllm/dataset-mbpp.model-qwen3.5-9b.alpha4.0.steps100.blocks-1.prefetch-budget-20.rank-accept_first.cut-entropy4.0.samples20.maxnew1024.seed10086.subtreePrefetch.vllm.log,271,14,28,0.7605966863342494
/Users/jiangnanhugo/workspace/power-sharpening/Subtree-Prefetching-Power-Sharpening/case_studies/logs-entropycut/mbpp/2026-09-21/vllm/dataset-mbpp.model-qwen3.5-9b.alpha4.0.steps100.blocks-1.prefetch-budget-20.rank-accept_first.cut-entropy4.0.samples20.maxnew1024.seed10086.subtreePrefetch.vllm.log,271,15,28,0.7605966863342494
/Users/jiangnanhugo/workspace/power-sharpening/Subtree-Prefetching-Power-Sharpening/case_studies/logs-entropycut/mbpp/2026-09-21/vllm/dataset-mbpp.model-qwen3.5-9b.alpha4.0.steps100.blocks-1.prefetch-budget-20.rank-accept_first.cut-entropy4.0.samples20.maxnew1024.seed10086.subtreePrefetch.vllm.log,271,16,28,0.7605966863342494
/Users/jiangnanhugo/workspace/power-sharpening/Subtree-Prefetching-Power-Sharpening/case_studies/logs-entropycut/mbpp/2026-09-21/vllm/dataset-mbpp.model-qwen3.5-9b.alpha4.0.steps100.blocks-1.prefetch-budget-20.rank-accept_first.cut-entropy4.0.samples20.maxnew1024.seed10086.subtreePrefetch.vllm.log,271,17,28,0.7605966863342494
/Users/jiangnanhugo/workspace/power-sharpening/Subtree-Prefetching-Power-Sharpening/case_studies/logs-entropycut/mbpp/2026-09-21/vllm/dataset-mbpp.model-qwen3.5-9b.alpha4.0.steps100.blocks-1.prefetch-budget-20.rank-accept_first.cut-entropy4.0.samples20.maxnew1024.seed10086.subtreePrefetch.vllm.log,271,18,28,0.7605966863342494
/Users/jiangnanhugo/workspace/power-sharpening/Subtree-Prefetching-Power-Sharpening/case_studies/logs-entropycut/mbpp/2026-09-21/vllm/dataset-mbpp.model-qwen3.5-9b.alpha4.0.steps100.blocks-1.prefetch-budget-20.rank-accept_first.cut-entropy4.0.samples20.maxnew1024.seed10086.subtreePrefetch.vllm.log,271,19,28,0.7605966863342494
/Users/jiangnanhugo/workspace/power-sharpening/Subtree-Prefetching-Power-Sharpening/case_studies/logs-entropycut/mbpp/2026-09-21/vllm/dataset-mbpp.model-qwen3.5-9b.alpha4.0.steps100.blocks-1.prefetch-budget-20.rank-accept_first.cut-entropy4.0.samples20.maxnew1024.seed10086.subtreePrefetch.vllm.log,272,0,28,0.7605966863342494
/Users/jiangnanhugo/workspace/power-sharpening/Subtree-Prefetching-Power-Sharpening/case_studies/logs-entropycut/mbpp/2026-09-21/vllm/dataset-mbpp.model-qwen3.5-9b.alpha4.0.steps100.blocks-1.prefetch-budget-20.rank-accept_first.cut-entropy4.0.samples20.maxnew1024.seed10086.subtreePrefetch.vllm.log,272,1,28,0.7605966863342494
/Users/jiangnanhugo/workspace/power-sharpening/Subtree-Prefetching-Power-Sharpening/case_studies/logs-entropycut/mbpp/2026-09-21/vllm/dataset-mbpp.model-qwen3.5-9b.alpha4.0.steps100.blocks-1.prefetch-budget-20.rank-accept_first.cut-entropy4.0.samples20.maxnew1024.seed10086.subtreePrefetch.vllm.log,272,2,28,0.7605966863342494
/Users/jiangnanhugo/workspace/power-sharpening/Subtree-Prefetching-Power-Sharpening/case_studies/logs-entropycut/mbpp/2026-09-21/vllm/dataset-mbpp.model-qwen3.5-9b.alpha4.0.steps100.blocks-1.prefetch-budget-20.rank-accept_first.cut-entropy4.0.samples20.maxnew1024.seed10086.subtreePrefetch.vllm.log,272,3,28,0.7605966863342494
/Users/jiangnanhugo/workspace/power-sharpening/Subtree-Prefetching-Power-Sharpening/case_studies/logs-entropycut/mbpp/2026-09-21/vllm/dataset-mbpp.model-qwen3.5-9b.alpha4.0.steps100.blocks-1.prefetch-budget-20.rank-accept_first.cut-entropy4.0.samples20.maxnew1024.seed10086.subtreePrefetch.vllm.log,272,4,28,0.7605966863342494
/Users/jiangnanhugo/workspace/power-sharpening/Subtree-Prefetching-Power-Sharpening/case_studies/logs-entropycut/mbpp/2026-09-21/vllm/dataset-mbpp.model-qwen3.5-9b.alpha4.0.steps100.blocks-1.prefetch-budget-20.rank-accept_first.cut-entropy4.0.samples20.maxnew1024.seed10086.subtreePrefetch.vllm.log,272,5,28,0.7605966863342494
/Users/jiangnanhugo/workspace/power-sharpening/Subtree-Prefetching-Power-Sharpening/case_studies/logs-entropycut/mbpp/2026-09-21/vllm/dataset-mbpp.model-qwen3.5-9b.alpha4.0.steps100.blocks-1.prefetch-budget-20.rank-accept_first.cut-entropy4.0.samples20.maxnew1024.seed10086.subtreePrefetch.vllm.log,272,6,28,0.7605966863342494
/Users/jiangnanhugo/workspace/power-sharpening/Subtree-Prefetching-Power-Sharpening/case_studies/logs-entropycut/mbpp/2026-09-21/vllm/dataset-mbpp.model-qwen3.5-9b.alpha4.0.steps100.blocks-1.prefetch-budget-20.rank-accept_first.cut-entropy4.0.samples20.maxnew1024.seed10086.subtreePrefetch.vllm.log,272,7,28,0.7605966863342494
/Users/jiangnanhugo/workspace/power-sharpening/Subtree-Prefetching-Power-Sharpening/case_studies/logs-entropycut/mbpp/2026-09-21/vllm/dataset-mbpp.model-qwen3.5-9b.alpha4.0.steps100.blocks-1.prefetch-budget-20.rank-accept_first.cut-entropy4.0.samples20.maxnew1024.seed10086.subtreePrefetch.vllm.log,272,8,28,0.7605966863342494
/Users/jiangnanhugo/workspace/power-sharpening/Subtree-Prefetching-Power-Sharpening/case_studies/logs-entropycut/mbpp/2026-09-21/vllm/dataset-mbpp.model-qwen3.5-9b.alpha4.0.steps100.blocks-1.prefetch-budget-20.rank-accept_first.cut-entropy4.0.samples20.maxnew1024.seed10086.subtreePrefetch.vllm.log,272,9,28,0.7605966863342494
/Users/jiangnanhugo/workspace/power-sharpening/Subtree-Prefetching-Power-Sharpening/case_studies/logs-entropycut/mbpp/2026-09-21/vllm/dataset-mbpp.model-qwen3.5-9b.alpha4.0.steps100.blocks-1.prefetch-budget-20.rank-accept_first.cut-entropy4.0.samples20.maxnew1024.seed10086.subtreePrefetch.vllm.log,272,10,28,0.7605966863342494
/Users/jiangnanhugo/workspace/power-sharpening/Subtree-Prefetching-Power-Sharpening/case_studies/logs-entropycut/mbpp/2026-09-21/vllm/dataset-mbpp.model-qwen3.5-9b.alpha4.0.steps100.blocks-1.prefetch-budget-20.rank-accept_first.cut-entropy4.0.samples20.maxnew1024.seed10086.subtreePrefetch.vllm.log,272,11,28,0.7605966863342494
/Users/jiangnanhugo/workspace/power-sharpening/Subtree-Prefetching-Power-Sharpening/case_studies/logs-entropycut/mbpp/2026-09-21/vllm/dataset-mbpp.model-qwen3.5-9b.alpha4.0.steps100.blocks-1.prefetch-budget-20.rank-accept_first.cut-entropy4.0.samples20.maxnew1024.seed10086.subtreePrefetch.vllm.log,272,12,28,0.7605966863342494
/Users/jiangnanhugo/workspace/power-sharpening/Subtree-Prefetching-Power-Sharpening/case_studies/logs-entropycut/mbpp/2026-09-21/vllm/dataset-mbpp.model-qwen3.5-9b.alpha4.0.steps100.blocks-1.prefetch-budget-20.rank-accept_first.cut-entropy4.0.samples20.maxnew1024.seed10086.subtreePrefetch.vllm.log,272,13,28,0.7605966863342494
/Users/jiangnanhugo/workspace/power-sharpening/Subtree-Prefetching-Power-Sharpening/case_studies/logs-entropycut/mbpp/2026-09-21/vllm/dataset-mbpp.model-qwen3.5-9b.alpha4.0.steps100.blocks-1.prefetch-budget-20.rank-accept_first.cut-entropy4.0.samples20.maxnew1024.seed10086.subtreePrefetch.vllm.log,272,14,28,0.7605966863342494
/Users/jiangnanhugo/workspace/power-sharpening/Subtree-Prefetching-Power-Sharpening/case_studies/logs-entropycut/mbpp/2026-09-21/vllm/dataset-mbpp.model-qwen3.5-9b.alpha4.0.steps100.blocks-1.prefetch-budget-20.rank-accept_first.cut-entropy4.0.samples20.maxnew1024.seed10086.subtreePrefetch.vllm.log,272,15,28,0.7605966863342494
/Users/jiangnanhugo/workspace/power-sharpening/Subtree-Prefetching-Power-Sharpening/case_studies/logs-entropycut/mbpp/2026-09-21/vllm/dataset-mbpp.model-qwen3.5-9b.alpha4.0.steps100.blocks-1.prefetch-budget-20.rank-accept_first.cut-entropy4.0.samples20.maxnew1024.seed10086.subtreePrefetch.vllm.log,272,16,22,0.00031221859715704187
/Users/jiangnanhugo/workspace/power-sharpening/Subtree-Prefetching-Power-Sharpening/case_studies/logs-entropycut/mbpp/2026-09-21/vllm/dataset-mbpp.model-qwen3.5-9b.alpha4.0.steps100.blocks-1.prefetch-budget-20.rank-accept_first.cut-entropy4.0.samples20.maxnew1024.seed10086.subtreePrefetch.vllm.log,272,17,28,0.7605966863342494
/Users/jiangnanhugo/workspace/power-sharpening/Subtree-Prefetching-Power-Sharpening/case_studies/logs-entropycut/mbpp/2026-09-21/vllm/dataset-mbpp.model-qwen3.5-9b.alpha4.0.steps100.blocks-1.prefetch-budget-20.rank-accept_first.cut-entropy4.0.samples20.maxnew1024.seed10086.subtreePrefetch.vllm.log,272,18,28,0.7605966863342494
/Users/jiangnanhugo/workspace/power-sharpening/Subtree-Prefetching-Power-Sharpening/case_studies/logs-entropycut/mbpp/2026-09-21/vllm/dataset-mbpp.model-qwen3.5-9b.alpha4.0.steps100.blocks-1.prefetch-budget-20.rank-accept_first.cut-entropy4.0.samples20.maxnew1024.seed10086.subtreePrefetch.vllm.log,272,19,28,0.7605966863342494
/Users/jiangnanhugo/workspace/power-sharpening/Subtree-Prefetching-Power-Sharpening/case_studies/logs-entropycut/mbpp/2026-09-21/vllm/dataset-mbpp.model-qwen3.5-9b.alpha4.0.steps100.blocks-1.prefetch-budget-20.rank-accept_first.cut-entropy4.0.samples20.maxnew1024.seed10086.subtreePrefetch.vllm.log,273,0,28,0.7605966863342494
/Users/jiangnanhugo/workspace/power-sharpening/Subtree-Prefetching-Power-Sharpening/case_studies/logs-entropycut/mbpp/2026-09-21/vllm/dataset-mbpp.model-qwen3.5-9b.alpha4.0.steps100.blocks-1.prefetch-budget-20.rank-accept_first.cut-entropy4.0.samples20.maxnew1024.seed10086.subtreePrefetch.vllm.log,273,1,28,0.7605966863342494
/Users/jiangnanhugo/workspace/power-sharpening/Subtree-Prefetching-Power-Sharpening/case_studies/logs-entropycut/mbpp/2026-09-21/vllm/dataset-mbpp.model-qwen3.5-9b.alpha4.0.steps100.blocks-1.prefetch-budget-20.rank-accept_first.cut-entropy4.0.samples20.maxnew1024.seed10086.subtreePrefetch.vllm.log,273,2,28,0.7605966863342494
/Users/jiangnanhugo/workspace/power-sharpening/Subtree-Prefetching-Power-Sharpening/case_studies/logs-entropycut/mbpp/2026-09-21/vllm/dataset-mbpp.model-qwen3.5-9b.alpha4.0.steps100.blocks-1.prefetch-budget-20.rank-accept_first.cut-entropy4.0.samples20.maxnew1024.seed10086.subtreePrefetch.vllm.log,273,3,28,0.7605966863342494
/Users/jiangnanhugo/workspace/power-sharpening/Subtree-Prefetching-Power-Sharpening/case_studies/logs-entropycut/mbpp/2026-09-21/vllm/dataset-mbpp.model-qwen3.5-9b.alpha4.0.steps100.blocks-1.prefetch-budget-20.rank-accept_first.cut-entropy4.0.samples20.maxnew1024.seed10086.subtreePrefetch.vllm.log,273,4,28,0.7605966863342494
/Users/jiangnanhugo/workspace/power-sharpening/Subtree-Prefetching-Power-Sharpening/case_studies/logs-entropycut/mbpp/2026-09-21/vllm/dataset-mbpp.model-qwen3.5-9b.alpha4.0.steps100.blocks-1.prefetch-budget-20.rank-accept_first.cut-entropy4.0.samples20.maxnew1024.seed10086.subtreePrefetch.vllm.log,273,5,253,0.10268960054132845
/Users/jiangnanhugo/workspace/power-sharpening/Subtree-Prefetching-Power-Sharpening/case_studies/logs-entropycut/mbpp/2026-09-21/vllm/dataset-mbpp.model-qwen3.5-9b.alpha4.0.steps100.blocks-1.prefetch-budget-20.rank-accept_first.cut-entropy4.0.samples20.maxnew1024.seed10086.subtreePrefetch.vllm.log,273,6,28,0.7605966863342494
/Users/jiangnanhugo/workspace/power-sharpening/Subtree-Prefetching-Power-Sharpening/case_studies/logs-entropycut/mbpp/2026-09-21/vllm/dataset-mbpp.model-qwen3.5-9b.alpha4.0.steps100.blocks-1.prefetch-budget-20.rank-accept_first.cut-entropy4.0.samples20.maxnew1024.seed10086.subtreePrefetch.vllm.log,273,7,28,0.7605966863342494
/Users/jiangnanhugo/workspace/power-sharpening/Subtree-Prefetching-Power-Sharpening/case_studies/logs-entropycut/mbpp/2026-09-21/vllm/dataset-mbpp.model-qwen3.5-9b.alpha4.0.steps100.blocks-1.prefetch-budget-20.rank-accept_first.cut-entropy4.0.samples20.maxnew1024.seed10086.subtreePrefetch.vllm.log,273,8,28,0.7605966863342494
/Users/jiangnanhugo/workspace/power-sharpening/Subtree-Prefetching-Power-Sharpening/case_studies/logs-entropycut/mbpp/2026-09-21/vllm/dataset-mbpp.model-qwen3.5-9b.alpha4.0.steps100.blocks-1.prefetch-budget-20.rank-accept_first.cut-entropy4.0.samples20.maxnew1024.seed10086.subtreePrefetch.vllm.log,273,9,28,0.7605966863342494
/Users/jiangnanhugo/workspace/power-sharpening/Subtree-Prefetching-Power-Sharpening/case_studies/logs-entropycut/mbpp/2026-09-21/vllm/dataset-mbpp.model-qwen3.5-9b.alpha4.0.steps100.blocks-1.prefetch-budget-20.rank-accept_first.cut-entropy4.0.samples20.maxnew1024.seed10086.subtreePrefetch.vllm.log,273,10,28,0.7605966863342494
/Users/jiangnanhugo/workspace/power-sharpening/Subtree-Prefetching-Power-Sharpening/case_studies/logs-entropycut/mbpp/2026-09-21/vllm/dataset-mbpp.model-qwen3.5-9b.alpha4.0.steps100.blocks-1.prefetch-budget-20.rank-accept_first.cut-entropy4.0.samples20.maxnew1024.seed10086.subtreePrefetch.vllm.log,273,11,28,0.7605966863342494
/Users/jiangnanhugo/workspace/power-sharpening/Subtree-Prefetching-Power-Sharpening/case_studies/logs-entropycut/mbpp/2026-09-21/vllm/dataset-mbpp.model-qwen3.5-9b.alpha4.0.steps100.blocks-1.prefetch-budget-20.rank-accept_first.cut-entropy4.0.samples20.maxnew1024.seed10086.subtreePrefetch.vllm.log,273,12,28,0.7605966863342494
/Users/jiangnanhugo/workspace/power-sharpening/Subtree-Prefetching-Power-Sharpening/case_studies/logs-entropycut/mbpp/2026-09-21/vllm/dataset-mbpp.model-qwen3.5-9b.alpha4.0.steps100.blocks-1.prefetch-budget-20.rank-accept_first.cut-entropy4.0.samples20.maxnew1024.seed10086.subtreePrefetch.vllm.log,273,13,28,0.7605966863342494
/Users/jiangnanhugo/workspace/power-sharpening/Subtree-Prefetching-Power-Sharpening/case_studies/logs-entropycut/mbpp/2026-09-21/vllm/dataset-mbpp.model-qwen3.5-9b.alpha4.0.steps100.blocks-1.prefetch-budget-20.rank-accept_first.cut-entropy4.0.samples20.maxnew1024.seed10086.subtreePrefetch.vllm.log,273,14,28,0.7605966863342494
/Users/jiangnanhugo/workspace/power-sharpening/Subtree-Prefetching-Power-Sharpening/case_studies/logs-entropycut/mbpp/2026-09-21/vllm/dataset-mbpp.model-qwen3.5-9b.alpha4.0.steps100.blocks-1.prefetch-budget-20.rank-accept_first.cut-entropy4.0.samples20.maxnew1024.seed10086.subtreePrefetch.vllm.log,273,15,28,0.7605966863342494
/Users/jiangnanhugo/workspace/power-sharpening/Subtree-Prefetching-Power-Sharpening/case_studies/logs-entropycut/mbpp/2026-09-21/vllm/dataset-mbpp.model-qwen3.5-9b.alpha4.0.steps100.blocks-1.prefetch-budget-20.rank-accept_first.cut-entropy4.0.samples20.maxnew1024.seed10086.subtreePrefetch.vllm.log,273,16,28,0.7605966863342494
/Users/jiangnanhugo/workspace/power-sharpening/Subtree-Prefetching-Power-Sharpening/case_studies/logs-entropycut/mbpp/2026-09-21/vllm/dataset-mbpp.model-qwen3.5-9b.alpha4.0.steps100.blocks-1.prefetch-budget-20.rank-accept_first.cut-entropy4.0.samples20.maxnew1024.seed10086.subtreePrefetch.vllm.log,273,17,28,0.7605966863342494
/Users/jiangnanhugo/workspace/power-sharpening/Subtree-Prefetching-Power-Sharpening/case_studies/logs-entropycut/mbpp/2026-09-21/vllm/dataset-mbpp.model-qwen3.5-9b.alpha4.0.steps100.blocks-1.prefetch-budget-20.rank-accept_first.cut-entropy4.0.samples20.maxnew1024.seed10086.subtreePrefetch.vllm.log,273,18,28,0.7605966863342494
/Users/jiangnanhugo/workspace/power-sharpening/Subtree-Prefetching-Power-Sharpening/case_studies/logs-entropycut/mbpp/2026-09-21/vllm/dataset-mbpp.model-qwen3.5-9b.alpha4.0.steps100.blocks-1.prefetch-budget-20.rank-accept_first.cut-entropy4.0.samples20.maxnew1024.seed10086.subtreePrefetch.vllm.log,273,19,28,0.7605966863342494
/Users/jiangnanhugo/workspace/power-sharpening/Subtree-Prefetching-Power-Sharpening/case_studies/logs-entropycut/mbpp/2026-09-21/vllm/dataset-mbpp.model-qwen3.5-9b.alpha4.0.steps100.blocks-1.prefetch-budget-20.rank-accept_first.cut-entropy4.0.samples20.maxnew1024.seed10086.subtreePrefetch.vllm.log,274,0,28,0.7605966863342494
/Users/jiangnanhugo/workspace/power-sharpening/Subtree-Prefetching-Power-Sharpening/case_studies/logs-entropycut/mbpp/2026-09-21/vllm/dataset-mbpp.model-qwen3.5-9b.alpha4.0.steps100.blocks-1.prefetch-budget-20.rank-accept_first.cut-entropy4.0.samples20.maxnew1024.seed10086.subtreePrefetch.vllm.log,274,1,28,0.7605966863342494
/Users/jiangnanhugo/workspace/power-sharpening/Subtree-Prefetching-Power-Sharpening/case_studies/logs-entropycut/mbpp/2026-09-21/vllm/dataset-mbpp.model-qwen3.5-9b.alpha4.0.steps100.blocks-1.prefetch-budget-20.rank-accept_first.cut-entropy4.0.samples20.maxnew1024.seed10086.subtreePrefetch.vllm.log,274,2,28,0.7605966863342494
/Users/jiangnanhugo/workspace/power-sharpening/Subtree-Prefetching-Power-Sharpening/case_studies/logs-entropycut/mbpp/2026-09-21/vllm/dataset-mbpp.model-qwen3.5-9b.alpha4.0.steps100.blocks-1.prefetch-budget-20.rank-accept_first.cut-entropy4.0.samples20.maxnew1024.seed10086.subtreePrefetch.vllm.log,274,3,28,0.7605966863342494
/Users/jiangnanhugo/workspace/power-sharpening/Subtree-Prefetching-Power-Sharpening/case_studies/logs-entropycut/mbpp/2026-09-21/vllm/dataset-mbpp.model-qwen3.5-9b.alpha4.0.steps100.blocks-1.prefetch-budget-20.rank-accept_first.cut-entropy4.0.samples20.maxnew1024.seed10086.subtreePrefetch.vllm.log,274,4,681,0.00928803462485675
/Users/jiangnanhugo/workspace/power-sharpening/Subtree-Prefetching-Power-Sharpening/case_studies/logs-entropycut/mbpp/2026-09-21/vllm/dataset-mbpp.model-qwen3.5-9b.alpha4.0.steps100.blocks-1.prefetch-budget-20.rank-accept_first.cut-entropy4.0.samples20.maxnew1024.seed10086.subtreePrefetch.vllm.log,274,5,28,0.7605966863342494
/Users/jiangnanhugo/workspace/power-sharpening/Subtree-Prefetching-Power-Sharpening/case_studies/logs-entropycut/mbpp/2026-09-21/vllm/dataset-mbpp.model-qwen3.5-9b.alpha4.0.steps100.blocks-1.prefetch-budget-20.rank-accept_first.cut-entropy4.0.samples20.maxnew1024.seed10086.subtreePrefetch.vllm.log,274,6,28,0.7605966863342494
/Users/jiangnanhugo/workspace/power-sharpening/Subtree-Prefetching-Power-Sharpening/case_studies/logs-entropycut/mbpp/2026-09-21/vllm/dataset-mbpp.model-qwen3.5-9b.alpha4.0.steps100.blocks-1.prefetch-budget-20.rank-accept_first.cut-entropy4.0.samples20.maxnew1024.seed10086.subtreePrefetch.vllm.log,274,7,28,0.7605966863342494
/Users/jiangnanhugo/workspace/power-sharpening/Subtree-Prefetching-Power-Sharpening/case_studies/logs-entropycut/mbpp/2026-09-21/vllm/dataset-mbpp.model-qwen3.5-9b.alpha4.0.steps100.blocks-1.prefetch-budget-20.rank-accept_first.cut-entropy4.0.samples20.maxnew1024.seed10086.subtreePrefetch.vllm.log,274,8,28,0.7605966863342494
/Users/jiangnanhugo/workspace/power-sharpening/Subtree-Prefetching-Power-Sharpening/case_studies/logs-entropycut/mbpp/2026-09-21/vllm/dataset-mbpp.model-qwen3.5-9b.alpha4.0.steps100.blocks-1.prefetch-budget-20.rank-accept_first.cut-entropy4.0.samples20.maxnew1024.seed10086.subtreePrefetch.vllm.log,274,9,28,0.7605966863342494
/Users/jiangnanhugo/workspace/power-sharpening/Subtree-Prefetching-Power-Sharpening/case_studies/logs-entropycut/mbpp/2026-09-21/vllm/dataset-mbpp.model-qwen3.5-9b.alpha4.0.steps100.blocks-1.prefetch-budget-20.rank-accept_first.cut-entropy4.0.samples20.maxnew1024.seed10086.subtreePrefetch.vllm.log,274,10,28,0.7605966863342494
/Users/jiangnanhugo/workspace/power-sharpening/Subtree-Prefetching-Power-Sharpening/case_studies/logs-entropycut/mbpp/2026-09-21/vllm/dataset-mbpp.model-qwen3.5-9b.alpha4.0.steps100.blocks-1.prefetch-budget-20.rank-accept_first.cut-entropy4.0.samples20.maxnew1024.seed10086.subtreePrefetch.vllm.log,274,11,28,0.7605966863342494
/Users/jiangnanhugo/workspace/power-sharpening/Subtree-Prefetching-Power-Sharpening/case_studies/logs-entropycut/mbpp/2026-09-21/vllm/dataset-mbpp.model-qwen3.5-9b.alpha4.0.steps100.blocks-1.prefetch-budget-20.rank-accept_first.cut-entropy4.0.samples20.maxnew1024.seed10086.subtreePrefetch.vllm.log,274,12,28,0.7605966863342494
/Users/jiangnanhugo/workspace/power-sharpening/Subtree-Prefetching-Power-Sharpening/case_studies/logs-entropycut/mbpp/2026-09-21/vllm/dataset-mbpp.model-qwen3.5-9b.alpha4.0.steps100.blocks-1.prefetch-budget-20.rank-accept_first.cut-entropy4.0.samples20.maxnew1024.seed10086.subtreePrefetch.vllm.log,274,13,28,0.7605966863342494
/Users/jiangnanhugo/workspace/power-sharpening/Subtree-Prefetching-Power-Sharpening/case_studies/logs-entropycut/mbpp/2026-09-21/vllm/dataset-mbpp.model-qwen3.5-9b.alpha4.0.steps100.blocks-1.prefetch-budget-20.rank-accept_first.cut-entropy4.0.samples20.maxnew1024.seed10086.subtreePrefetch.vllm.log,274,14,28,0.7605966863342494
/Users/jiangnanhugo/workspace/power-sharpening/Subtree-Prefetching-Power-Sharpening/case_studies/logs-entropycut/mbpp/2026-09-21/vllm/dataset-mbpp.model-qwen3.5-9b.alpha4.0.steps100.blocks-1.prefetch-budget-20.rank-accept_first.cut-entropy4.0.samples20.maxnew1024.seed10086.subtreePrefetch.vllm.log,274,15,28,0.7605966863342494
/Users/jiangnanhugo/workspace/power-sharpening/Subtree-Prefetching-Power-Sharpening/case_studies/logs-entropycut/mbpp/2026-09-21/vllm/dataset-mbpp.model-qwen3.5-9b.alpha4.0.steps100.blocks-1.prefetch-budget-20.rank-accept_first.cut-entropy4.0.samples20.maxnew1024.seed10086.subtreePrefetch.vllm.log,274,16,28,0.7605966863342494
/Users/jiangnanhugo/workspace/power-sharpening/Subtree-Prefetching-Power-Sharpening/case_studies/logs-entropycut/mbpp/2026-09-21/vllm/dataset-mbpp.model-qwen3.5-9b.alpha4.0.steps100.blocks-1.prefetch-budget-20.rank-accept_first.cut-entropy4.0.samples20.maxnew1024.seed10086.subtreePrefetch.vllm.log,274,17,28,0.7605966863342494
/Users/jiangnanhugo/workspace/power-sharpening/Subtree-Prefetching-Power-Sharpening/case_studies/logs-entropycut/mbpp/2026-09-21/vllm/dataset-mbpp.model-qwen3.5-9b.alpha4.0.steps100.blocks-1.prefetch-budget-20.rank-accept_first.cut-entropy4.0.samples20.maxnew1024.seed10086.subtreePrefetch.vllm.log,274,18,28,0.7605966863342494
/Users/jiangnanhugo/workspace/power-sharpening/Subtree-Prefetching-Power-Sharpening/case_studies/logs-entropycut/mbpp/2026-09-21/vllm/dataset-mbpp.model-qwen3.5-9b.alpha4.0.steps100.blocks-1.prefetch-budget-20.rank-accept_first.cut-entropy4.0.samples20.maxnew1024.seed10086.subtreePrefetch.vllm.log,274,19,28,0.7605966863342494
/Users/jiangnanhugo/workspace/power-sharpening/Subtree-Prefetching-Power-Sharpening/case_studies/logs-entropycut/mbpp/2026-09-21/vllm/dataset-mbpp.model-qwen3.5-9b.alpha4.0.steps100.blocks-1.prefetch-budget-20.rank-accept_first.cut-entropy4.0.samples20.maxnew1024.seed10086.subtreePrefetch.vllm.log,275,0,28,0.7605966863342494
/Users/jiangnanhugo/workspace/power-sharpening/Subtree-Prefetching-Power-Sharpening/case_studies/logs-entropycut/mbpp/2026-09-21/vllm/dataset-mbpp.model-qwen3.5-9b.alpha4.0.steps100.blocks-1.prefetch-budget-20.rank-accept_first.cut-entropy4.0.samples20.maxnew1024.seed10086.subtreePrefetch.vllm.log,275,1,28,0.7605966863342494
/Users/jiangnanhugo/workspace/power-sharpening/Subtree-Prefetching-Power-Sharpening/case_studies/logs-entropycut/mbpp/2026-09-21/vllm/dataset-mbpp.model-qwen3.5-9b.alpha4.0.steps100.blocks-1.prefetch-budget-20.rank-accept_first.cut-entropy4.0.samples20.maxnew1024.seed10086.subtreePrefetch.vllm.log,275,2,28,0.7605966863342494
/Users/jiangnanhugo/workspace/power-sharpening/Subtree-Prefetching-Power-Sharpening/case_studies/logs-entropycut/mbpp/2026-09-21/vllm/dataset-mbpp.model-qwen3.5-9b.alpha4.0.steps100.blocks-1.prefetch-budget-20.rank-accept_first.cut-entropy4.0.samples20.maxnew1024.seed10086.subtreePrefetch.vllm.log,275,3,28,0.7605966863342494
/Users/jiangnanhugo/workspace/power-sharpening/Subtree-Prefetching-Power-Sharpening/case_studies/logs-entropycut/mbpp/2026-09-21/vllm/dataset-mbpp.model-qwen3.5-9b.alpha4.0.steps100.blocks-1.prefetch-budget-20.rank-accept_first.cut-entropy4.0.samples20.maxnew1024.seed10086.subtreePrefetch.vllm.log,275,4,28,0.7605966863342494
/Users/jiangnanhugo/workspace/power-sharpening/Subtree-Prefetching-Power-Sharpening/case_studies/logs-entropycut/mbpp/2026-09-21/vllm/dataset-mbpp.model-qwen3.5-9b.alpha4.0.steps100.blocks-1.prefetch-budget-20.rank-accept_first.cut-entropy4.0.samples20.maxnew1024.seed10086.subtreePrefetch.vllm.log,275,5,28,0.7605966863342494
/Users/jiangnanhugo/workspace/power-sharpening/Subtree-Prefetching-Power-Sharpening/case_studies/logs-entropycut/mbpp/2026-09-21/vllm/dataset-mbpp.model-qwen3.5-9b.alpha4.0.steps100.blocks-1.prefetch-budget-20.rank-accept_first.cut-entropy4.0.samples20.maxnew1024.seed10086.subtreePrefetch.vllm.log,275,6,28,0.7605966863342494
/Users/jiangnanhugo/workspace/power-sharpening/Subtree-Prefetching-Power-Sharpening/case_studies/logs-entropycut/mbpp/2026-09-21/vllm/dataset-mbpp.model-qwen3.5-9b.alpha4.0.steps100.blocks-1.prefetch-budget-20.rank-accept_first.cut-entropy4.0.samples20.maxnew1024.seed10086.subtreePrefetch.vllm.log,275,7,28,0.7605966863342494
/Users/jiangnanhugo/workspace/power-sharpening/Subtree-Prefetching-Power-Sharpening/case_studies/logs-entropycut/mbpp/2026-09-21/vllm/dataset-mbpp.model-qwen3.5-9b.alpha4.0.steps100.blocks-1.prefetch-budget-20.rank-accept_first.cut-entropy4.0.samples20.maxnew1024.seed10086.subtreePrefetch.vllm.log,275,8,28,0.7605966863342494
/Users/jiangnanhugo/workspace/power-sharpening/Subtree-Prefetching-Power-Sharpening/case_studies/logs-entropycut/mbpp/2026-09-21/vllm/dataset-mbpp.model-qwen3.5-9b.alpha4.0.steps100.blocks-1.prefetch-budget-20.rank-accept_first.cut-entropy4.0.samples20.maxnew1024.seed10086.subtreePrefetch.vllm.log,275,9,28,0.7605966863342494
/Users/jiangnanhugo/workspace/power-sharpening/Subtree-Prefetching-Power-Sharpening/case_studies/logs-entropycut/mbpp/2026-09-21/vllm/dataset-mbpp.model-qwen3.5-9b.alpha4.0.steps100.blocks-1.prefetch-budget-20.rank-accept_first.cut-entropy4.0.samples20.maxnew1024.seed10086.subtreePrefetch.vllm.log,275,10,28,0.7605966863342494
/Users/jiangnanhugo/workspace/power-sharpening/Subtree-Prefetching-Power-Sharpening/case_studies/logs-entropycut/mbpp/2026-09-21/vllm/dataset-mbpp.model-qwen3.5-9b.alpha4.0.steps100.blocks-1.prefetch-budget-20.rank-accept_first.cut-entropy4.0.samples20.maxnew1024.seed10086.subtreePrefetch.vllm.log,275,11,28,0.7605966863342494
/Users/jiangnanhugo/workspace/power-sharpening/Subtree-Prefetching-Power-Sharpening/case_studies/logs-entropycut/mbpp/2026-09-21/vllm/dataset-mbpp.model-qwen3.5-9b.alpha4.0.steps100.blocks-1.prefetch-budget-20.rank-accept_first.cut-entropy4.0.samples20.maxnew1024.seed10086.subtreePrefetch.vllm.log,275,12,28,0.7605966863342494
/Users/jiangnanhugo/workspace/power-sharpening/Subtree-Prefetching-Power-Sharpening/case_studies/logs-entropycut/mbpp/2026-09-21/vllm/dataset-mbpp.model-qwen3.5-9b.alpha4.0.steps100.blocks-1.prefetch-budget-20.rank-accept_first.cut-entropy4.0.samples20.maxnew1024.seed10086.subtreePrefetch.vllm.log,275,13,28,0.7605966863342494
/Users/jiangnanhugo/workspace/power-sharpening/Subtree-Prefetching-Power-Sharpening/case_studies/logs-entropycut/mbpp/2026-09-21/vllm/dataset-mbpp.model-qwen3.5-9b.alpha4.0.steps100.blocks-1.prefetch-budget-20.rank-accept_first.cut-entropy4.0.samples20.maxnew1024.seed10086.subtreePrefetch.vllm.log,275,14,28,0.7605966863342494
/Users/jiangnanhugo/workspace/power-sharpening/Subtree-Prefetching-Power-Sharpening/case_studies/logs-entropycut/mbpp/2026-09-21/vllm/dataset-mbpp.model-qwen3.5-9b.alpha4.0.steps100.blocks-1.prefetch-budget-20.rank-accept_first.cut-entropy4.0.samples20.maxnew1024.seed10086.subtreePrefetch.vllm.log,275,15,28,0.7605966863342494
/Users/jiangnanhugo/workspace/power-sharpening/Subtree-Prefetching-Power-Sharpening/case_studies/logs-entropycut/mbpp/2026-09-21/vllm/dataset-mbpp.model-qwen3.5-9b.alpha4.0.steps100.blocks-1.prefetch-budget-20.rank-accept_first.cut-entropy4.0.samples20.maxnew1024.seed10086.subtreePrefetch.vllm.log,275,16,28,0.7605966863342494
/Users/jiangnanhugo/workspace/power-sharpening/Subtree-Prefetching-Power-Sharpening/case_studies/logs-entropycut/mbpp/2026-09-21/vllm/dataset-mbpp.model-qwen3.5-9b.alpha4.0.steps100.blocks-1.prefetch-budget-20.rank-accept_first.cut-entropy4.0.samples20.maxnew1024.seed10086.subtreePrefetch.vllm.log,275,17,28,0.7605966863342494
/Users/jiangnanhugo/workspace/power-sharpening/Subtree-Prefetching-Power-Sharpening/case_studies/logs-entropycut/mbpp/2026-09-21/vllm/dataset-mbpp.model-qwen3.5-9b.alpha4.0.steps100.blocks-1.prefetch-budget-20.rank-accept_first.cut-entropy4.0.samples20.maxnew1024.seed10086.subtreePrefetch.vllm.log,275,18,28,0.7605966863342494
/Users/jiangnanhugo/workspace/power-sharpening/Subtree-Prefetching-Power-Sharpening/case_studies/logs-entropycut/mbpp/2026-09-21/vllm/dataset-mbpp.model-qwen3.5-9b.alpha4.0.steps100.blocks-1.prefetch-budget-20.rank-accept_first.cut-entropy4.0.samples20.maxnew1024.seed10086.subtreePrefetch.vllm.log,275,19,28,0.7605966863342494
/Users/jiangnanhugo/workspace/power-sharpening/Subtree-Prefetching-Power-Sharpening/case_studies/logs-entropycut/mbpp/2026-09-21/vllm/dataset-mbpp.model-qwen3.5-9b.alpha4.0.steps100.blocks-1.prefetch-budget-20.rank-accept_first.cut-entropy4.0.samples20.maxnew1024.seed10086.subtreePrefetch.vllm.log,276,0,28,0.7605966863342494
/Users/jiangnanhugo/workspace/power-sharpening/Subtree-Prefetching-Power-Sharpening/case_studies/logs-entropycut/mbpp/2026-09-21/vllm/dataset-mbpp.model-qwen3.5-9b.alpha4.0.steps100.blocks-1.prefetch-budget-20.rank-accept_first.cut-entropy4.0.samples20.maxnew1024.seed10086.subtreePrefetch.vllm.log,276,1,28,0.7605966863342494
/Users/jiangnanhugo/workspace/power-sharpening/Subtree-Prefetching-Power-Sharpening/case_studies/logs-entropycut/mbpp/2026-09-21/vllm/dataset-mbpp.model-qwen3.5-9b.alpha4.0.steps100.blocks-1.prefetch-budget-20.rank-accept_first.cut-entropy4.0.samples20.maxnew1024.seed10086.subtreePrefetch.vllm.log,276,2,28,0.7605966863342494
/Users/jiangnanhugo/workspace/power-sharpening/Subtree-Prefetching-Power-Sharpening/case_studies/logs-entropycut/mbpp/2026-09-21/vllm/dataset-mbpp.model-qwen3.5-9b.alpha4.0.steps100.blocks-1.prefetch-budget-20.rank-accept_first.cut-entropy4.0.samples20.maxnew1024.seed10086.subtreePrefetch.vllm.log,276,3,28,0.7605966863342494
/Users/jiangnanhugo/workspace/power-sharpening/Subtree-Prefetching-Power-Sharpening/case_studies/logs-entropycut/mbpp/2026-09-21/vllm/dataset-mbpp.model-qwen3.5-9b.alpha4.0.steps100.blocks-1.prefetch-budget-20.rank-accept_first.cut-entropy4.0.samples20.maxnew1024.seed10086.subtreePrefetch.vllm.log,276,4,28,0.7605966863342494
/Users/jiangnanhugo/workspace/power-sharpening/Subtree-Prefetching-Power-Sharpening/case_studies/logs-entropycut/mbpp/2026-09-21/vllm/dataset-mbpp.model-qwen3.5-9b.alpha4.0.steps100.blocks-1.prefetch-budget-20.rank-accept_first.cut-entropy4.0.samples20.maxnew1024.seed10086.subtreePrefetch.vllm.log,276,5,28,0.7605966863342494
/Users/jiangnanhugo/workspace/power-sharpening/Subtree-Prefetching-Power-Sharpening/case_studies/logs-entropycut/mbpp/2026-09-21/vllm/dataset-mbpp.model-qwen3.5-9b.alpha4.0.steps100.blocks-1.prefetch-budget-20.rank-accept_first.cut-entropy4.0.samples20.maxnew1024.seed10086.subtreePrefetch.vllm.log,276,6,28,0.7605966863342494
/Users/jiangnanhugo/workspace/power-sharpening/Subtree-Prefetching-Power-Sharpening/case_studies/logs-entropycut/mbpp/2026-09-21/vllm/dataset-mbpp.model-qwen3.5-9b.alpha4.0.steps100.blocks-1.prefetch-budget-20.rank-accept_first.cut-entropy4.0.samples20.maxnew1024.seed10086.subtreePrefetch.vllm.log,276,7,28,0.7605966863342494
/Users/jiangnanhugo/workspace/power-sharpening/Subtree-Prefetching-Power-Sharpening/case_studies/logs-entropycut/mbpp/2026-09-21/vllm/dataset-mbpp.model-qwen3.5-9b.alpha4.0.steps100.blocks-1.prefetch-budget-20.rank-accept_first.cut-entropy4.0.samples20.maxnew1024.seed10086.subtreePrefetch.vllm.log,276,8,28,0.7605966863342494
/Users/jiangnanhugo/workspace/power-sharpening/Subtree-Prefetching-Power-Sharpening/case_studies/logs-entropycut/mbpp/2026-09-21/vllm/dataset-mbpp.model-qwen3.5-9b.alpha4.0.steps100.blocks-1.prefetch-budget-20.rank-accept_first.cut-entropy4.0.samples20.maxnew1024.seed10086.subtreePrefetch.vllm.log,276,9,28,0.7605966863342494
/Users/jiangnanhugo/workspace/power-sharpening/Subtree-Prefetching-Power-Sharpening/case_studies/logs-entropycut/mbpp/2026-09-21/vllm/dataset-mbpp.model-qwen3.5-9b.alpha4.0.steps100.blocks-1.prefetch-budget-20.rank-accept_first.cut-entropy4.0.samples20.maxnew1024.seed10086.subtreePrefetch.vllm.log,276,10,28,0.7605966863342494
/Users/jiangnanhugo/workspace/power-sharpening/Subtree-Prefetching-Power-Sharpening/case_studies/logs-entropycut/mbpp/2026-09-21/vllm/dataset-mbpp.model-qwen3.5-9b.alpha4.0.steps100.blocks-1.prefetch-budget-20.rank-accept_first.cut-entropy4.0.samples20.maxnew1024.seed10086.subtreePrefetch.vllm.log,276,11,28,0.7605966863342494
/Users/jiangnanhugo/workspace/power-sharpening/Subtree-Prefetching-Power-Sharpening/case_studies/logs-entropycut/mbpp/2026-09-21/vllm/dataset-mbpp.model-qwen3.5-9b.alpha4.0.steps100.blocks-1.prefetch-budget-20.rank-accept_first.cut-entropy4.0.samples20.maxnew1024.seed10086.subtreePrefetch.vllm.log,276,12,28,0.7605966863342494
/Users/jiangnanhugo/workspace/power-sharpening/Subtree-Prefetching-Power-Sharpening/case_studies/logs-entropycut/mbpp/2026-09-21/vllm/dataset-mbpp.model-qwen3.5-9b.alpha4.0.steps100.blocks-1.prefetch-budget-20.rank-accept_first.cut-entropy4.0.samples20.maxnew1024.seed10086.subtreePrefetch.vllm.log,276,13,28,0.7605966863342494
/Users/jiangnanhugo/workspace/power-sharpening/Subtree-Prefetching-Power-Sharpening/case_studies/logs-entropycut/mbpp/2026-09-21/vllm/dataset-mbpp.model-qwen3.5-9b.alpha4.0.steps100.blocks-1.prefetch-budget-20.rank-accept_first.cut-entropy4.0.samples20.maxnew1024.seed10086.subtreePrefetch.vllm.log,276,14,28,0.7605966863342494
/Users/jiangnanhugo/workspace/power-sharpening/Subtree-Prefetching-Power-Sharpening/case_studies/logs-entropycut/mbpp/2026-09-21/vllm/dataset-mbpp.model-qwen3.5-9b.alpha4.0.steps100.blocks-1.prefetch-budget-20.rank-accept_first.cut-entropy4.0.samples20.maxnew1024.seed10086.subtreePrefetch.vllm.log,276,15,28,0.7605966863342494
/Users/jiangnanhugo/workspace/power-sharpening/Subtree-Prefetching-Power-Sharpening/case_studies/logs-entropycut/mbpp/2026-09-21/vllm/dataset-mbpp.model-qwen3.5-9b.alpha4.0.steps100.blocks-1.prefetch-budget-20.rank-accept_first.cut-entropy4.0.samples20.maxnew1024.seed10086.subtreePrefetch.vllm.log,276,16,28,0.7605966863342494
/Users/jiangnanhugo/workspace/power-sharpening/Subtree-Prefetching-Power-Sharpening/case_studies/logs-entropycut/mbpp/2026-09-21/vllm/dataset-mbpp.model-qwen3.5-9b.alpha4.0.steps100.blocks-1.prefetch-budget-20.rank-accept_first.cut-entropy4.0.samples20.maxnew1024.seed10086.subtreePrefetch.vllm.log,276,17,28,0.7605966863342494
/Users/jiangnanhugo/workspace/power-sharpening/Subtree-Prefetching-Power-Sharpening/case_studies/logs-entropycut/mbpp/2026-09-21/vllm/dataset-mbpp.model-qwen3.5-9b.alpha4.0.steps100.blocks-1.prefetch-budget-20.rank-accept_first.cut-entropy4.0.samples20.maxnew1024.seed10086.subtreePrefetch.vllm.log,276,18,28,0.7605966863342494
/Users/jiangnanhugo/workspace/power-sharpening/Subtree-Prefetching-Power-Sharpening/case_studies/logs-entropycut/mbpp/2026-09-21/vllm/dataset-mbpp.model-qwen3.5-9b.alpha4.0.steps100.blocks-1.prefetch-budget-20.rank-accept_first.cut-entropy4.0.samples20.maxnew1024.seed10086.subtreePrefetch.vllm.log,276,19,28,0.7605966863342494
/Users/jiangnanhugo/workspace/power-sharpening/Subtree-Prefetching-Power-Sharpening/case_studies/logs-entropycut/mbpp/2026-09-21/vllm/dataset-mbpp.model-qwen3.5-9b.alpha4.0.steps100.blocks-1.prefetch-budget-20.rank-accept_first.cut-entropy4.0.samples20.maxnew1024.seed10086.subtreePrefetch.vllm.log,277,0,28,0.7605966863342494
/Users/jiangnanhugo/workspace/power-sharpening/Subtree-Prefetching-Power-Sharpening/case_studies/logs-entropycut/mbpp/2026-09-21/vllm/dataset-mbpp.model-qwen3.5-9b.alpha4.0.steps100.blocks-1.prefetch-budget-20.rank-accept_first.cut-entropy4.0.samples20.maxnew1024.seed10086.subtreePrefetch.vllm.log,277,1,28,0.7605966863342494
/Users/jiangnanhugo/workspace/power-sharpening/Subtree-Prefetching-Power-Sharpening/case_studies/logs-entropycut/mbpp/2026-09-21/vllm/dataset-mbpp.model-qwen3.5-9b.alpha4.0.steps100.blocks-1.prefetch-budget-20.rank-accept_first.cut-entropy4.0.samples20.maxnew1024.seed10086.subtreePrefetch.vllm.log,277,2,28,0.7605966863342494
/Users/jiangnanhugo/workspace/power-sharpening/Subtree-Prefetching-Power-Sharpening/case_studies/logs-entropycut/mbpp/2026-09-21/vllm/dataset-mbpp.model-qwen3.5-9b.alpha4.0.steps100.blocks-1.prefetch-budget-20.rank-accept_first.cut-entropy4.0.samples20.maxnew1024.seed10086.subtreePrefetch.vllm.log,277,3,28,0.7605966863342494
/Users/jiangnanhugo/workspace/power-sharpening/Subtree-Prefetching-Power-Sharpening/case_studies/logs-entropycut/mbpp/2026-09-21/vllm/dataset-mbpp.model-qwen3.5-9b.alpha4.0.steps100.blocks-1.prefetch-budget-20.rank-accept_first.cut-entropy4.0.samples20.maxnew1024.seed10086.subtreePrefetch.vllm.log,277,4,28,0.7605966863342494
/Users/jiangnanhugo/workspace/power-sharpening/Subtree-Prefetching-Power-Sharpening/case_studies/logs-entropycut/mbpp/2026-09-21/vllm/dataset-mbpp.model-qwen3.5-9b.alpha4.0.steps100.blocks-1.prefetch-budget-20.rank-accept_first.cut-entropy4.0.samples20.maxnew1024.seed10086.subtreePrefetch.vllm.log,277,5,28,0.7605966863342494
/Users/jiangnanhugo/workspace/power-sharpening/Subtree-Prefetching-Power-Sharpening/case_studies/logs-entropycut/mbpp/2026-09-21/vllm/dataset-mbpp.model-qwen3.5-9b.alpha4.0.steps100.blocks-1.prefetch-budget-20.rank-accept_first.cut-entropy4.0.samples20.maxnew1024.seed10086.subtreePrefetch.vllm.log,277,6,28,0.7605966863342494
/Users/jiangnanhugo/workspace/power-sharpening/Subtree-Prefetching-Power-Sharpening/case_studies/logs-entropycut/mbpp/2026-09-21/vllm/dataset-mbpp.model-qwen3.5-9b.alpha4.0.steps100.blocks-1.prefetch-budget-20.rank-accept_first.cut-entropy4.0.samples20.maxnew1024.seed10086.subtreePrefetch.vllm.log,277,7,28,0.7605966863342494
/Users/jiangnanhugo/workspace/power-sharpening/Subtree-Prefetching-Power-Sharpening/case_studies/logs-entropycut/mbpp/2026-09-21/vllm/dataset-mbpp.model-qwen3.5-9b.alpha4.0.steps100.blocks-1.prefetch-budget-20.rank-accept_first.cut-entropy4.0.samples20.maxnew1024.seed10086.subtreePrefetch.vllm.log,277,8,28,0.7605966863342494
/Users/jiangnanhugo/workspace/power-sharpening/Subtree-Prefetching-Power-Sharpening/case_studies/logs-entropycut/mbpp/2026-09-21/vllm/dataset-mbpp.model-qwen3.5-9b.alpha4.0.steps100.blocks-1.prefetch-budget-20.rank-accept_first.cut-entropy4.0.samples20.maxnew1024.seed10086.subtreePrefetch.vllm.log,277,9,28,0.7605966863342494
/Users/jiangnanhugo/workspace/power-sharpening/Subtree-Prefetching-Power-Sharpening/case_studies/logs-entropycut/mbpp/2026-09-21/vllm/dataset-mbpp.model-qwen3.5-9b.alpha4.0.steps100.blocks-1.prefetch-budget-20.rank-accept_first.cut-entropy4.0.samples20.maxnew1024.seed10086.subtreePrefetch.vllm.log,277,10,28,0.7605966863342494
/Users/jiangnanhugo/workspace/power-sharpening/Subtree-Prefetching-Power-Sharpening/case_studies/logs-entropycut/mbpp/2026-09-21/vllm/dataset-mbpp.model-qwen3.5-9b.alpha4.0.steps100.blocks-1.prefetch-budget-20.rank-accept_first.cut-entropy4.0.samples20.maxnew1024.seed10086.subtreePrefetch.vllm.log,277,11,28,0.7605966863342494
/Users/jiangnanhugo/workspace/power-sharpening/Subtree-Prefetching-Power-Sharpening/case_studies/logs-entropycut/mbpp/2026-09-21/vllm/dataset-mbpp.model-qwen3.5-9b.alpha4.0.steps100.blocks-1.prefetch-budget-20.rank-accept_first.cut-entropy4.0.samples20.maxnew1024.seed10086.subtreePrefetch.vllm.log,277,12,28,0.7605966863342494
/Users/jiangnanhugo/workspace/power-sharpening/Subtree-Prefetching-Power-Sharpening/case_studies/logs-entropycut/mbpp/2026-09-21/vllm/dataset-mbpp.model-qwen3.5-9b.alpha4.0.steps100.blocks-1.prefetch-budget-20.rank-accept_first.cut-entropy4.0.samples20.maxnew1024.seed10086.subtreePrefetch.vllm.log,277,13,28,0.7605966863342494
/Users/jiangnanhugo/workspace/power-sharpening/Subtree-Prefetching-Power-Sharpening/case_studies/logs-entropycut/mbpp/2026-09-21/vllm/dataset-mbpp.model-qwen3.5-9b.alpha4.0.steps100.blocks-1.prefetch-budget-20.rank-accept_first.cut-entropy4.0.samples20.maxnew1024.seed10086.subtreePrefetch.vllm.log,277,14,28,0.7605966863342494
/Users/jiangnanhugo/workspace/power-sharpening/Subtree-Prefetching-Power-Sharpening/case_studies/logs-entropycut/mbpp/2026-09-21/vllm/dataset-mbpp.model-qwen3.5-9b.alpha4.0.steps100.blocks-1.prefetch-budget-20.rank-accept_first.cut-entropy4.0.samples20.maxnew1024.seed10086.subtreePrefetch.vllm.log,277,15,28,0.7605966863342494
/Users/jiangnanhugo/workspace/power-sharpening/Subtree-Prefetching-Power-Sharpening/case_studies/logs-entropycut/mbpp/2026-09-21/vllm/dataset-mbpp.model-qwen3.5-9b.alpha4.0.steps100.blocks-1.prefetch-budget-20.rank-accept_first.cut-entropy4.0.samples20.maxnew1024.seed10086.subtreePrefetch.vllm.log,277,16,28,0.7605966863342494
/Users/jiangnanhugo/workspace/power-sharpening/Subtree-Prefetching-Power-Sharpening/case_studies/logs-entropycut/mbpp/2026-09-21/vllm/dataset-mbpp.model-qwen3.5-9b.alpha4.0.steps100.blocks-1.prefetch-budget-20.rank-accept_first.cut-entropy4.0.samples20.maxnew1024.seed10086.subtreePrefetch.vllm.log,277,17,28,0.7605966863342494
/Users/jiangnanhugo/workspace/power-sharpening/Subtree-Prefetching-Power-Sharpening/case_studies/logs-entropycut/mbpp/2026-09-21/vllm/dataset-mbpp.model-qwen3.5-9b.alpha4.0.steps100.blocks-1.prefetch-budget-20.rank-accept_first.cut-entropy4.0.samples20.maxnew1024.seed10086.subtreePrefetch.vllm.log,277,18,28,0.7605966863342494
/Users/jiangnanhugo/workspace/power-sharpening/Subtree-Prefetching-Power-Sharpening/case_studies/logs-entropycut/mbpp/2026-09-21/vllm/dataset-mbpp.model-qwen3.5-9b.alpha4.0.steps100.blocks-1.prefetch-budget-20.rank-accept_first.cut-entropy4.0.samples20.maxnew1024.seed10086.subtreePrefetch.vllm.log,277,19,28,0.7605966863342494
/Users/jiangnanhugo/workspace/power-sharpening/Subtree-Prefetching-Power-Sharpening/case_studies/logs-entropycut/mbpp/2026-09-21/vllm/dataset-mbpp.model-qwen3.5-9b.alpha4.0.steps100.blocks-1.prefetch-budget-20.rank-accept_first.cut-entropy4.0.samples20.maxnew1024.seed10086.subtreePrefetch.vllm.log,278,0,253,0.10268960054132845
/Users/jiangnanhugo/workspace/power-sharpening/Subtree-Prefetching-Power-Sharpening/case_studies/logs-entropycut/mbpp/2026-09-21/vllm/dataset-mbpp.model-qwen3.5-9b.alpha4.0.steps100.blocks-1.prefetch-budget-20.rank-accept_first.cut-entropy4.0.samples20.maxnew1024.seed10086.subtreePrefetch.vllm.log,278,1,28,0.7605966863342494
/Users/jiangnanhugo/workspace/power-sharpening/Subtree-Prefetching-Power-Sharpening/case_studies/logs-entropycut/mbpp/2026-09-21/vllm/dataset-mbpp.model-qwen3.5-9b.alpha4.0.steps100.blocks-1.prefetch-budget-20.rank-accept_first.cut-entropy4.0.samples20.maxnew1024.seed10086.subtreePrefetch.vllm.log,278,2,28,0.7605966863342494
/Users/jiangnanhugo/workspace/power-sharpening/Subtree-Prefetching-Power-Sharpening/case_studies/logs-entropycut/mbpp/2026-09-21/vllm/dataset-mbpp.model-qwen3.5-9b.alpha4.0.steps100.blocks-1.prefetch-budget-20.rank-accept_first.cut-entropy4.0.samples20.maxnew1024.seed10086.subtreePrefetch.vllm.log,278,3,28,0.7605966863342494
/Users/jiangnanhugo/workspace/power-sharpening/Subtree-Prefetching-Power-Sharpening/case_studies/logs-entropycut/mbpp/2026-09-21/vllm/dataset-mbpp.model-qwen3.5-9b.alpha4.0.steps100.blocks-1.prefetch-budget-20.rank-accept_first.cut-entropy4.0.samples20.maxnew1024.seed10086.subtreePrefetch.vllm.log,278,4,28,0.7605966863342494
/Users/jiangnanhugo/workspace/power-sharpening/Subtree-Prefetching-Power-Sharpening/case_studies/logs-entropycut/mbpp/2026-09-21/vllm/dataset-mbpp.model-qwen3.5-9b.alpha4.0.steps100.blocks-1.prefetch-budget-20.rank-accept_first.cut-entropy4.0.samples20.maxnew1024.seed10086.subtreePrefetch.vllm.log,278,5,28,0.7605966863342494
/Users/jiangnanhugo/workspace/power-sharpening/Subtree-Prefetching-Power-Sharpening/case_studies/logs-entropycut/mbpp/2026-09-21/vllm/dataset-mbpp.model-qwen3.5-9b.alpha4.0.steps100.blocks-1.prefetch-budget-20.rank-accept_first.cut-entropy4.0.samples20.maxnew1024.seed10086.subtreePrefetch.vllm.log,278,6,28,0.7605966863342494
/Users/jiangnanhugo/workspace/power-sharpening/Subtree-Prefetching-Power-Sharpening/case_studies/logs-entropycut/mbpp/2026-09-21/vllm/dataset-mbpp.model-qwen3.5-9b.alpha4.0.steps100.blocks-1.prefetch-budget-20.rank-accept_first.cut-entropy4.0.samples20.maxnew1024.seed10086.subtreePrefetch.vllm.log,278,7,28,0.7605966863342494
/Users/jiangnanhugo/workspace/power-sharpening/Subtree-Prefetching-Power-Sharpening/case_studies/logs-entropycut/mbpp/2026-09-21/vllm/dataset-mbpp.model-qwen3.5-9b.alpha4.0.steps100.blocks-1.prefetch-budget-20.rank-accept_first.cut-entropy4.0.samples20.maxnew1024.seed10086.subtreePrefetch.vllm.log,278,8,28,0.7605966863342494
/Users/jiangnanhugo/workspace/power-sharpening/Subtree-Prefetching-Power-Sharpening/case_studies/logs-entropycut/mbpp/2026-09-21/vllm/dataset-mbpp.model-qwen3.5-9b.alpha4.0.steps100.blocks-1.prefetch-budget-20.rank-accept_first.cut-entropy4.0.samples20.maxnew1024.seed10086.subtreePrefetch.vllm.log,278,9,28,0.7605966863342494
/Users/jiangnanhugo/workspace/power-sharpening/Subtree-Prefetching-Power-Sharpening/case_studies/logs-entropycut/mbpp/2026-09-21/vllm/dataset-mbpp.model-qwen3.5-9b.alpha4.0.steps100.blocks-1.prefetch-budget-20.rank-accept_first.cut-entropy4.0.samples20.maxnew1024.seed10086.subtreePrefetch.vllm.log,278,10,28,0.7605966863342494
/Users/jiangnanhugo/workspace/power-sharpening/Subtree-Prefetching-Power-Sharpening/case_studies/logs-entropycut/mbpp/2026-09-21/vllm/dataset-mbpp.model-qwen3.5-9b.alpha4.0.steps100.blocks-1.prefetch-budget-20.rank-accept_first.cut-entropy4.0.samples20.maxnew1024.seed10086.subtreePrefetch.vllm.log,278,11,28,0.7605966863342494
/Users/jiangnanhugo/workspace/power-sharpening/Subtree-Prefetching-Power-Sharpening/case_studies/logs-entropycut/mbpp/2026-09-21/vllm/dataset-mbpp.model-qwen3.5-9b.alpha4.0.steps100.blocks-1.prefetch-budget-20.rank-accept_first.cut-entropy4.0.samples20.maxnew1024.seed10086.subtreePrefetch.vllm.log,278,12,28,0.7605966863342494
/Users/jiangnanhugo/workspace/power-sharpening/Subtree-Prefetching-Power-Sharpening/case_studies/logs-entropycut/mbpp/2026-09-21/vllm/dataset-mbpp.model-qwen3.5-9b.alpha4.0.steps100.blocks-1.prefetch-budget-20.rank-accept_first.cut-entropy4.0.samples20.maxnew1024.seed10086.subtreePrefetch.vllm.log,278,13,28,0.7605966863342494
/Users/jiangnanhugo/workspace/power-sharpening/Subtree-Prefetching-Power-Sharpening/case_studies/logs-entropycut/mbpp/2026-09-21/vllm/dataset-mbpp.model-qwen3.5-9b.alpha4.0.steps100.blocks-1.prefetch-budget-20.rank-accept_first.cut-entropy4.0.samples20.maxnew1024.seed10086.subtreePrefetch.vllm.log,278,14,28,0.7605966863342494
/Users/jiangnanhugo/workspace/power-sharpening/Subtree-Prefetching-Power-Sharpening/case_studies/logs-entropycut/mbpp/2026-09-21/vllm/dataset-mbpp.model-qwen3.5-9b.alpha4.0.steps100.blocks-1.prefetch-budget-20.rank-accept_first.cut-entropy4.0.samples20.maxnew1024.seed10086.subtreePrefetch.vllm.log,278,15,28,0.7605966863342494
/Users/jiangnanhugo/workspace/power-sharpening/Subtree-Prefetching-Power-Sharpening/case_studies/logs-entropycut/mbpp/2026-09-21/vllm/dataset-mbpp.model-qwen3.5-9b.alpha4.0.steps100.blocks-1.prefetch-budget-20.rank-accept_first.cut-entropy4.0.samples20.maxnew1024.seed10086.subtreePrefetch.vllm.log,278,16,28,0.7605966863342494
/Users/jiangnanhugo/workspace/power-sharpening/Subtree-Prefetching-Power-Sharpening/case_studies/logs-entropycut/mbpp/2026-09-21/vllm/dataset-mbpp.model-qwen3.5-9b.alpha4.0.steps100.blocks-1.prefetch-budget-20.rank-accept_first.cut-entropy4.0.samples20.maxnew1024.seed10086.subtreePrefetch.vllm.log,278,17,28,0.7605966863342494
/Users/jiangnanhugo/workspace/power-sharpening/Subtree-Prefetching-Power-Sharpening/case_studies/logs-entropycut/mbpp/2026-09-21/vllm/dataset-mbpp.model-qwen3.5-9b.alpha4.0.steps100.blocks-1.prefetch-budget-20.rank-accept_first.cut-entropy4.0.samples20.maxnew1024.seed10086.subtreePrefetch.vllm.log,278,18,28,0.7605966863342494
/Users/jiangnanhugo/workspace/power-sharpening/Subtree-Prefetching-Power-Sharpening/case_studies/logs-entropycut/mbpp/2026-09-21/vllm/dataset-mbpp.model-qwen3.5-9b.alpha4.0.steps100.blocks-1.prefetch-budget-20.rank-accept_first.cut-entropy4.0.samples20.maxnew1024.seed10086.subtreePrefetch.vllm.log,278,19,28,0.7605966863342494
/Users/jiangnanhugo/workspace/power-sharpening/Subtree-Prefetching-Power-Sharpening/case_studies/logs-entropycut/mbpp/2026-09-21/vllm/dataset-mbpp.model-qwen3.5-9b.alpha4.0.steps100.blocks-1.prefetch-budget-20.rank-accept_first.cut-entropy4.0.samples20.maxnew1024.seed10086.subtreePrefetch.vllm.log,279,0,28,0.7605966863342494
/Users/jiangnanhugo/workspace/power-sharpening/Subtree-Prefetching-Power-Sharpening/case_studies/logs-entropycut/mbpp/2026-09-21/vllm/dataset-mbpp.model-qwen3.5-9b.alpha4.0.steps100.blocks-1.prefetch-budget-20.rank-accept_first.cut-entropy4.0.samples20.maxnew1024.seed10086.subtreePrefetch.vllm.log,279,1,28,0.7605966863342494
/Users/jiangnanhugo/workspace/power-sharpening/Subtree-Prefetching-Power-Sharpening/case_studies/logs-entropycut/mbpp/2026-09-21/vllm/dataset-mbpp.model-qwen3.5-9b.alpha4.0.steps100.blocks-1.prefetch-budget-20.rank-accept_first.cut-entropy4.0.samples20.maxnew1024.seed10086.subtreePrefetch.vllm.log,279,2,28,0.7605966863342494
/Users/jiangnanhugo/workspace/power-sharpening/Subtree-Prefetching-Power-Sharpening/case_studies/logs-entropycut/mbpp/2026-09-21/vllm/dataset-mbpp.model-qwen3.5-9b.alpha4.0.steps100.blocks-1.prefetch-budget-20.rank-accept_first.cut-entropy4.0.samples20.maxnew1024.seed10086.subtreePrefetch.vllm.log,279,3,28,0.7605966863342494
/Users/jiangnanhugo/workspace/power-sharpening/Subtree-Prefetching-Power-Sharpening/case_studies/logs-entropycut/mbpp/2026-09-21/vllm/dataset-mbpp.model-qwen3.5-9b.alpha4.0.steps100.blocks-1.prefetch-budget-20.rank-accept_first.cut-entropy4.0.samples20.maxnew1024.seed10086.subtreePrefetch.vllm.log,279,4,28,0.7605966863342494
/Users/jiangnanhugo/workspace/power-sharpening/Subtree-Prefetching-Power-Sharpening/case_studies/logs-entropycut/mbpp/2026-09-21/vllm/dataset-mbpp.model-qwen3.5-9b.alpha4.0.steps100.blocks-1.prefetch-budget-20.rank-accept_first.cut-entropy4.0.samples20.maxnew1024.seed10086.subtreePrefetch.vllm.log,279,5,28,0.7605966863342494
/Users/jiangnanhugo/workspace/power-sharpening/Subtree-Prefetching-Power-Sharpening/case_studies/logs-entropycut/mbpp/2026-09-21/vllm/dataset-mbpp.model-qwen3.5-9b.alpha4.0.steps100.blocks-1.prefetch-budget-20.rank-accept_first.cut-entropy4.0.samples20.maxnew1024.seed10086.subtreePrefetch.vllm.log,279,6,28,0.7605966863342494
/Users/jiangnanhugo/workspace/power-sharpening/Subtree-Prefetching-Power-Sharpening/case_studies/logs-entropycut/mbpp/2026-09-21/vllm/dataset-mbpp.model-qwen3.5-9b.alpha4.0.steps100.blocks-1.prefetch-budget-20.rank-accept_first.cut-entropy4.0.samples20.maxnew1024.seed10086.subtreePrefetch.vllm.log,279,7,28,0.7605966863342494
/Users/jiangnanhugo/workspace/power-sharpening/Subtree-Prefetching-Power-Sharpening/case_studies/logs-entropycut/mbpp/2026-09-21/vllm/dataset-mbpp.model-qwen3.5-9b.alpha4.0.steps100.blocks-1.prefetch-budget-20.rank-accept_first.cut-entropy4.0.samples20.maxnew1024.seed10086.subtreePrefetch.vllm.log,279,8,28,0.7605966863342494
/Users/jiangnanhugo/workspace/power-sharpening/Subtree-Prefetching-Power-Sharpening/case_studies/logs-entropycut/mbpp/2026-09-21/vllm/dataset-mbpp.model-qwen3.5-9b.alpha4.0.steps100.blocks-1.prefetch-budget-20.rank-accept_first.cut-entropy4.0.samples20.maxnew1024.seed10086.subtreePrefetch.vllm.log,279,9,28,0.7605966863342494
/Users/jiangnanhugo/workspace/power-sharpening/Subtree-Prefetching-Power-Sharpening/case_studies/logs-entropycut/mbpp/2026-09-21/vllm/dataset-mbpp.model-qwen3.5-9b.alpha4.0.steps100.blocks-1.prefetch-budget-20.rank-accept_first.cut-entropy4.0.samples20.maxnew1024.seed10086.subtreePrefetch.vllm.log,279,10,28,0.7605966863342494
/Users/jiangnanhugo/workspace/power-sharpening/Subtree-Prefetching-Power-Sharpening/case_studies/logs-entropycut/mbpp/2026-09-21/vllm/dataset-mbpp.model-qwen3.5-9b.alpha4.0.steps100.blocks-1.prefetch-budget-20.rank-accept_first.cut-entropy4.0.samples20.maxnew1024.seed10086.subtreePrefetch.vllm.log,279,11,28,0.7605966863342494
/Users/jiangnanhugo/workspace/power-sharpening/Subtree-Prefetching-Power-Sharpening/case_studies/logs-entropycut/mbpp/2026-09-21/vllm/dataset-mbpp.model-qwen3.5-9b.alpha4.0.steps100.blocks-1.prefetch-budget-20.rank-accept_first.cut-entropy4.0.samples20.maxnew1024.seed10086.subtreePrefetch.vllm.log,279,12,28,0.7605966863342494
/Users/jiangnanhugo/workspace/power-sharpening/Subtree-Prefetching-Power-Sharpening/case_studies/logs-entropycut/mbpp/2026-09-21/vllm/dataset-mbpp.model-qwen3.5-9b.alpha4.0.steps100.blocks-1.prefetch-budget-20.rank-accept_first.cut-entropy4.0.samples20.maxnew1024.seed10086.subtreePrefetch.vllm.log,279,13,28,0.7605966863342494
/Users/jiangnanhugo/workspace/power-sharpening/Subtree-Prefetching-Power-Sharpening/case_studies/logs-entropycut/mbpp/2026-09-21/vllm/dataset-mbpp.model-qwen3.5-9b.alpha4.0.steps100.blocks-1.prefetch-budget-20.rank-accept_first.cut-entropy4.0.samples20.maxnew1024.seed10086.subtreePrefetch.vllm.log,279,14,28,0.7605966863342494
/Users/jiangnanhugo/workspace/power-sharpening/Subtree-Prefetching-Power-Sharpening/case_studies/logs-entropycut/mbpp/2026-09-21/vllm/dataset-mbpp.model-qwen3.5-9b.alpha4.0.steps100.blocks-1.prefetch-budget-20.rank-accept_first.cut-entropy4.0.samples20.maxnew1024.seed10086.subtreePrefetch.vllm.log,279,15,28,0.7605966863342494
/Users/jiangnanhugo/workspace/power-sharpening/Subtree-Prefetching-Power-Sharpening/case_studies/logs-entropycut/mbpp/2026-09-21/vllm/dataset-mbpp.model-qwen3.5-9b.alpha4.0.steps100.blocks-1.prefetch-budget-20.rank-accept_first.cut-entropy4.0.samples20.maxnew1024.seed10086.subtreePrefetch.vllm.log,279,16,28,0.7605966863342494
/Users/jiangnanhugo/workspace/power-sharpening/Subtree-Prefetching-Power-Sharpening/case_studies/logs-entropycut/mbpp/2026-09-21/vllm/dataset-mbpp.model-qwen3.5-9b.alpha4.0.steps100.blocks-1.prefetch-budget-20.rank-accept_first.cut-entropy4.0.samples20.maxnew1024.seed10086.subtreePrefetch.vllm.log,279,17,28,0.7605966863342494
/Users/jiangnanhugo/workspace/power-sharpening/Subtree-Prefetching-Power-Sharpening/case_studies/logs-entropycut/mbpp/2026-09-21/vllm/dataset-mbpp.model-qwen3.5-9b.alpha4.0.steps100.blocks-1.prefetch-budget-20.rank-accept_first.cut-entropy4.0.samples20.maxnew1024.seed10086.subtreePrefetch.vllm.log,279,18,28,0.7605966863342494
/Users/jiangnanhugo/workspace/power-sharpening/Subtree-Prefetching-Power-Sharpening/case_studies/logs-entropycut/mbpp/2026-09-21/vllm/dataset-mbpp.model-qwen3.5-9b.alpha4.0.steps100.blocks-1.prefetch-budget-20.rank-accept_first.cut-entropy4.0.samples20.maxnew1024.seed10086.subtreePrefetch.vllm.log,279,19,28,0.7605966863342494
/Users/jiangnanhugo/workspace/power-sharpening/Subtree-Prefetching-Power-Sharpening/case_studies/logs-entropycut/mbpp/2026-09-21/vllm/dataset-mbpp.model-qwen3.5-9b.alpha4.0.steps100.blocks-1.prefetch-budget-20.rank-accept_first.cut-entropy4.0.samples20.maxnew1024.seed10086.subtreePrefetch.vllm.log,280,0,28,0.7605966863342494
/Users/jiangnanhugo/workspace/power-sharpening/Subtree-Prefetching-Power-Sharpening/case_studies/logs-entropycut/mbpp/2026-09-21/vllm/dataset-mbpp.model-qwen3.5-9b.alpha4.0.steps100.blocks-1.prefetch-budget-20.rank-accept_first.cut-entropy4.0.samples20.maxnew1024.seed10086.subtreePrefetch.vllm.log,280,1,28,0.7605966863342494
/Users/jiangnanhugo/workspace/power-sharpening/Subtree-Prefetching-Power-Sharpening/case_studies/logs-entropycut/mbpp/2026-09-21/vllm/dataset-mbpp.model-qwen3.5-9b.alpha4.0.steps100.blocks-1.prefetch-budget-20.rank-accept_first.cut-entropy4.0.samples20.maxnew1024.seed10086.subtreePrefetch.vllm.log,280,2,28,0.7605966863342494
/Users/jiangnanhugo/workspace/power-sharpening/Subtree-Prefetching-Power-Sharpening/case_studies/logs-entropycut/mbpp/2026-09-21/vllm/dataset-mbpp.model-qwen3.5-9b.alpha4.0.steps100.blocks-1.prefetch-budget-20.rank-accept_first.cut-entropy4.0.samples20.maxnew1024.seed10086.subtreePrefetch.vllm.log,280,3,28,0.7605966863342494
/Users/jiangnanhugo/workspace/power-sharpening/Subtree-Prefetching-Power-Sharpening/case_studies/logs-entropycut/mbpp/2026-09-21/vllm/dataset-mbpp.model-qwen3.5-9b.alpha4.0.steps100.blocks-1.prefetch-budget-20.rank-accept_first.cut-entropy4.0.samples20.maxnew1024.seed10086.subtreePrefetch.vllm.log,280,4,28,0.7605966863342494
/Users/jiangnanhugo/workspace/power-sharpening/Subtree-Prefetching-Power-Sharpening/case_studies/logs-entropycut/mbpp/2026-09-21/vllm/dataset-mbpp.model-qwen3.5-9b.alpha4.0.steps100.blocks-1.prefetch-budget-20.rank-accept_first.cut-entropy4.0.samples20.maxnew1024.seed10086.subtreePrefetch.vllm.log,280,5,28,0.7605966863342494
/Users/jiangnanhugo/workspace/power-sharpening/Subtree-Prefetching-Power-Sharpening/case_studies/logs-entropycut/mbpp/2026-09-21/vllm/dataset-mbpp.model-qwen3.5-9b.alpha4.0.steps100.blocks-1.prefetch-budget-20.rank-accept_first.cut-entropy4.0.samples20.maxnew1024.seed10086.subtreePrefetch.vllm.log,280,6,28,0.7605966863342494
/Users/jiangnanhugo/workspace/power-sharpening/Subtree-Prefetching-Power-Sharpening/case_studies/logs-entropycut/mbpp/2026-09-21/vllm/dataset-mbpp.model-qwen3.5-9b.alpha4.0.steps100.blocks-1.prefetch-budget-20.rank-accept_first.cut-entropy4.0.samples20.maxnew1024.seed10086.subtreePrefetch.vllm.log,280,7,28,0.7605966863342494
/Users/jiangnanhugo/workspace/power-sharpening/Subtree-Prefetching-Power-Sharpening/case_studies/logs-entropycut/mbpp/2026-09-21/vllm/dataset-mbpp.model-qwen3.5-9b.alpha4.0.steps100.blocks-1.prefetch-budget-20.rank-accept_first.cut-entropy4.0.samples20.maxnew1024.seed10086.subtreePrefetch.vllm.log,280,8,28,0.7605966863342494
/Users/jiangnanhugo/workspace/power-sharpening/Subtree-Prefetching-Power-Sharpening/case_studies/logs-entropycut/mbpp/2026-09-21/vllm/dataset-mbpp.model-qwen3.5-9b.alpha4.0.steps100.blocks-1.prefetch-budget-20.rank-accept_first.cut-entropy4.0.samples20.maxnew1024.seed10086.subtreePrefetch.vllm.log,280,9,28,0.7605966863342494
/Users/jiangnanhugo/workspace/power-sharpening/Subtree-Prefetching-Power-Sharpening/case_studies/logs-entropycut/mbpp/2026-09-21/vllm/dataset-mbpp.model-qwen3.5-9b.alpha4.0.steps100.blocks-1.prefetch-budget-20.rank-accept_first.cut-entropy4.0.samples20.maxnew1024.seed10086.subtreePrefetch.vllm.log,280,10,28,0.7605966863342494
/Users/jiangnanhugo/workspace/power-sharpening/Subtree-Prefetching-Power-Sharpening/case_studies/logs-entropycut/mbpp/2026-09-21/vllm/dataset-mbpp.model-qwen3.5-9b.alpha4.0.steps100.blocks-1.prefetch-budget-20.rank-accept_first.cut-entropy4.0.samples20.maxnew1024.seed10086.subtreePrefetch.vllm.log,280,11,28,0.7605966863342494
/Users/jiangnanhugo/workspace/power-sharpening/Subtree-Prefetching-Power-Sharpening/case_studies/logs-entropycut/mbpp/2026-09-21/vllm/dataset-mbpp.model-qwen3.5-9b.alpha4.0.steps100.blocks-1.prefetch-budget-20.rank-accept_first.cut-entropy4.0.samples20.maxnew1024.seed10086.subtreePrefetch.vllm.log,280,12,28,0.7605966863342494
/Users/jiangnanhugo/workspace/power-sharpening/Subtree-Prefetching-Power-Sharpening/case_studies/logs-entropycut/mbpp/2026-09-21/vllm/dataset-mbpp.model-qwen3.5-9b.alpha4.0.steps100.blocks-1.prefetch-budget-20.rank-accept_first.cut-entropy4.0.samples20.maxnew1024.seed10086.subtreePrefetch.vllm.log,280,13,28,0.7605966863342494
/Users/jiangnanhugo/workspace/power-sharpening/Subtree-Prefetching-Power-Sharpening/case_studies/logs-entropycut/mbpp/2026-09-21/vllm/dataset-mbpp.model-qwen3.5-9b.alpha4.0.steps100.blocks-1.prefetch-budget-20.rank-accept_first.cut-entropy4.0.samples20.maxnew1024.seed10086.subtreePrefetch.vllm.log,280,14,28,0.7605966863342494
/Users/jiangnanhugo/workspace/power-sharpening/Subtree-Prefetching-Power-Sharpening/case_studies/logs-entropycut/mbpp/2026-09-21/vllm/dataset-mbpp.model-qwen3.5-9b.alpha4.0.steps100.blocks-1.prefetch-budget-20.rank-accept_first.cut-entropy4.0.samples20.maxnew1024.seed10086.subtreePrefetch.vllm.log,280,15,28,0.7605966863342494
/Users/jiangnanhugo/workspace/power-sharpening/Subtree-Prefetching-Power-Sharpening/case_studies/logs-entropycut/mbpp/2026-09-21/vllm/dataset-mbpp.model-qwen3.5-9b.alpha4.0.steps100.blocks-1.prefetch-budget-20.rank-accept_first.cut-entropy4.0.samples20.maxnew1024.seed10086.subtreePrefetch.vllm.log,280,16,28,0.7605966863342494
/Users/jiangnanhugo/workspace/power-sharpening/Subtree-Prefetching-Power-Sharpening/case_studies/logs-entropycut/mbpp/2026-09-21/vllm/dataset-mbpp.model-qwen3.5-9b.alpha4.0.steps100.blocks-1.prefetch-budget-20.rank-accept_first.cut-entropy4.0.samples20.maxnew1024.seed10086.subtreePrefetch.vllm.log,280,17,28,0.7605966863342494
/Users/jiangnanhugo/workspace/power-sharpening/Subtree-Prefetching-Power-Sharpening/case_studies/logs-entropycut/mbpp/2026-09-21/vllm/dataset-mbpp.model-qwen3.5-9b.alpha4.0.steps100.blocks-1.prefetch-budget-20.rank-accept_first.cut-entropy4.0.samples20.maxnew1024.seed10086.subtreePrefetch.vllm.log,280,18,28,0.7605966863342494
/Users/jiangnanhugo/workspace/power-sharpening/Subtree-Prefetching-Power-Sharpening/case_studies/logs-entropycut/mbpp/2026-09-21/vllm/dataset-mbpp.model-qwen3.5-9b.alpha4.0.steps100.blocks-1.prefetch-budget-20.rank-accept_first.cut-entropy4.0.samples20.maxnew1024.seed10086.subtreePrefetch.vllm.log,280,19,46,0.07169275724031311
/Users/jiangnanhugo/workspace/power-sharpening/Subtree-Prefetching-Power-Sharpening/case_studies/logs-entropycut/mbpp/2026-09-21/vllm/dataset-mbpp.model-qwen3.5-9b.alpha4.0.steps100.blocks-1.prefetch-budget-20.rank-accept_first.cut-entropy4.0.samples20.maxnew1024.seed10086.subtreePrefetch.vllm.log,281,0,28,0.7605966863342494
/Users/jiangnanhugo/workspace/power-sharpening/Subtree-Prefetching-Power-Sharpening/case_studies/logs-entropycut/mbpp/2026-09-21/vllm/dataset-mbpp.model-qwen3.5-9b.alpha4.0.steps100.blocks-1.prefetch-budget-20.rank-accept_first.cut-entropy4.0.samples20.maxnew1024.seed10086.subtreePrefetch.vllm.log,281,1,28,0.7605966863342494
/Users/jiangnanhugo/workspace/power-sharpening/Subtree-Prefetching-Power-Sharpening/case_studies/logs-entropycut/mbpp/2026-09-21/vllm/dataset-mbpp.model-qwen3.5-9b.alpha4.0.steps100.blocks-1.prefetch-budget-20.rank-accept_first.cut-entropy4.0.samples20.maxnew1024.seed10086.subtreePrefetch.vllm.log,281,2,28,0.7605966863342494
/Users/jiangnanhugo/workspace/power-sharpening/Subtree-Prefetching-Power-Sharpening/case_studies/logs-entropycut/mbpp/2026-09-21/vllm/dataset-mbpp.model-qwen3.5-9b.alpha4.0.steps100.blocks-1.prefetch-budget-20.rank-accept_first.cut-entropy4.0.samples20.maxnew1024.seed10086.subtreePrefetch.vllm.log,281,3,28,0.7605966863342494
/Users/jiangnanhugo/workspace/power-sharpening/Subtree-Prefetching-Power-Sharpening/case_studies/logs-entropycut/mbpp/2026-09-21/vllm/dataset-mbpp.model-qwen3.5-9b.alpha4.0.steps100.blocks-1.prefetch-budget-20.rank-accept_first.cut-entropy4.0.samples20.maxnew1024.seed10086.subtreePrefetch.vllm.log,281,4,28,0.7605966863342494
/Users/jiangnanhugo/workspace/power-sharpening/Subtree-Prefetching-Power-Sharpening/case_studies/logs-entropycut/mbpp/2026-09-21/vllm/dataset-mbpp.model-qwen3.5-9b.alpha4.0.steps100.blocks-1.prefetch-budget-20.rank-accept_first.cut-entropy4.0.samples20.maxnew1024.seed10086.subtreePrefetch.vllm.log,281,5,28,0.7605966863342494
/Users/jiangnanhugo/workspace/power-sharpening/Subtree-Prefetching-Power-Sharpening/case_studies/logs-entropycut/mbpp/2026-09-21/vllm/dataset-mbpp.model-qwen3.5-9b.alpha4.0.steps100.blocks-1.prefetch-budget-20.rank-accept_first.cut-entropy4.0.samples20.maxnew1024.seed10086.subtreePrefetch.vllm.log,281,6,28,0.7605966863342494
/Users/jiangnanhugo/workspace/power-sharpening/Subtree-Prefetching-Power-Sharpening/case_studies/logs-entropycut/mbpp/2026-09-21/vllm/dataset-mbpp.model-qwen3.5-9b.alpha4.0.steps100.blocks-1.prefetch-budget-20.rank-accept_first.cut-entropy4.0.samples20.maxnew1024.seed10086.subtreePrefetch.vllm.log,281,7,28,0.7605966863342494
/Users/jiangnanhugo/workspace/power-sharpening/Subtree-Prefetching-Power-Sharpening/case_studies/logs-entropycut/mbpp/2026-09-21/vllm/dataset-mbpp.model-qwen3.5-9b.alpha4.0.steps100.blocks-1.prefetch-budget-20.rank-accept_first.cut-entropy4.0.samples20.maxnew1024.seed10086.subtreePrefetch.vllm.log,281,8,28,0.7605966863342494
/Users/jiangnanhugo/workspace/power-sharpening/Subtree-Prefetching-Power-Sharpening/case_studies/logs-entropycut/mbpp/2026-09-21/vllm/dataset-mbpp.model-qwen3.5-9b.alpha4.0.steps100.blocks-1.prefetch-budget-20.rank-accept_first.cut-entropy4.0.samples20.maxnew1024.seed10086.subtreePrefetch.vllm.log,281,9,28,0.7605966863342494
/Users/jiangnanhugo/workspace/power-sharpening/Subtree-Prefetching-Power-Sharpening/case_studies/logs-entropycut/mbpp/2026-09-21/vllm/dataset-mbpp.model-qwen3.5-9b.alpha4.0.steps100.blocks-1.prefetch-budget-20.rank-accept_first.cut-entropy4.0.samples20.maxnew1024.seed10086.subtreePrefetch.vllm.log,281,10,28,0.7605966863342494
/Users/jiangnanhugo/workspace/power-sharpening/Subtree-Prefetching-Power-Sharpening/case_studies/logs-entropycut/mbpp/2026-09-21/vllm/dataset-mbpp.model-qwen3.5-9b.alpha4.0.steps100.blocks-1.prefetch-budget-20.rank-accept_first.cut-entropy4.0.samples20.maxnew1024.seed10086.subtreePrefetch.vllm.log,281,11,28,0.7605966863342494
/Users/jiangnanhugo/workspace/power-sharpening/Subtree-Prefetching-Power-Sharpening/case_studies/logs-entropycut/mbpp/2026-09-21/vllm/dataset-mbpp.model-qwen3.5-9b.alpha4.0.steps100.blocks-1.prefetch-budget-20.rank-accept_first.cut-entropy4.0.samples20.maxnew1024.seed10086.subtreePrefetch.vllm.log,281,12,28,0.7605966863342494
/Users/jiangnanhugo/workspace/power-sharpening/Subtree-Prefetching-Power-Sharpening/case_studies/logs-entropycut/mbpp/2026-09-21/vllm/dataset-mbpp.model-qwen3.5-9b.alpha4.0.steps100.blocks-1.prefetch-budget-20.rank-accept_first.cut-entropy4.0.samples20.maxnew1024.seed10086.subtreePrefetch.vllm.log,281,13,4,0.00645162861790751
/Users/jiangnanhugo/workspace/power-sharpening/Subtree-Prefetching-Power-Sharpening/case_studies/logs-entropycut/mbpp/2026-09-21/vllm/dataset-mbpp.model-qwen3.5-9b.alpha4.0.steps100.blocks-1.prefetch-budget-20.rank-accept_first.cut-entropy4.0.samples20.maxnew1024.seed10086.subtreePrefetch.vllm.log,281,14,28,0.7605966863342494
/Users/jiangnanhugo/workspace/power-sharpening/Subtree-Prefetching-Power-Sharpening/case_studies/logs-entropycut/mbpp/2026-09-21/vllm/dataset-mbpp.model-qwen3.5-9b.alpha4.0.steps100.blocks-1.prefetch-budget-20.rank-accept_first.cut-entropy4.0.samples20.maxnew1024.seed10086.subtreePrefetch.vllm.log,281,15,28,0.7605966863342494
/Users/jiangnanhugo/workspace/power-sharpening/Subtree-Prefetching-Power-Sharpening/case_studies/logs-entropycut/mbpp/2026-09-21/vllm/dataset-mbpp.model-qwen3.5-9b.alpha4.0.steps100.blocks-1.prefetch-budget-20.rank-accept_first.cut-entropy4.0.samples20.maxnew1024.seed10086.subtreePrefetch.vllm.log,281,16,28,0.7605966863342494
/Users/jiangnanhugo/workspace/power-sharpening/Subtree-Prefetching-Power-Sharpening/case_studies/logs-entropycut/mbpp/2026-09-21/vllm/dataset-mbpp.model-qwen3.5-9b.alpha4.0.steps100.blocks-1.prefetch-budget-20.rank-accept_first.cut-entropy4.0.samples20.maxnew1024.seed10086.subtreePrefetch.vllm.log,281,17,28,0.7605966863342494
/Users/jiangnanhugo/workspace/power-sharpening/Subtree-Prefetching-Power-Sharpening/case_studies/logs-entropycut/mbpp/2026-09-21/vllm/dataset-mbpp.model-qwen3.5-9b.alpha4.0.steps100.blocks-1.prefetch-budget-20.rank-accept_first.cut-entropy4.0.samples20.maxnew1024.seed10086.subtreePrefetch.vllm.log,281,18,28,0.7605966863342494
/Users/jiangnanhugo/workspace/power-sharpening/Subtree-Prefetching-Power-Sharpening/case_studies/logs-entropycut/mbpp/2026-09-21/vllm/dataset-mbpp.model-qwen3.5-9b.alpha4.0.steps100.blocks-1.prefetch-budget-20.rank-accept_first.cut-entropy4.0.samples20.maxnew1024.seed10086.subtreePrefetch.vllm.log,281,19,28,0.7605966863342494
/Users/jiangnanhugo/workspace/power-sharpening/Subtree-Prefetching-Power-Sharpening/case_studies/logs-entropycut/mbpp/2026-09-21/vllm/dataset-mbpp.model-qwen3.5-9b.alpha4.0.steps100.blocks-1.prefetch-budget-20.rank-accept_first.cut-entropy4.0.samples20.maxnew1024.seed10086.subtreePrefetch.vllm.log,282,0,28,0.7605966863342494
/Users/jiangnanhugo/workspace/power-sharpening/Subtree-Prefetching-Power-Sharpening/case_studies/logs-entropycut/mbpp/2026-09-21/vllm/dataset-mbpp.model-qwen3.5-9b.alpha4.0.steps100.blocks-1.prefetch-budget-20.rank-accept_first.cut-entropy4.0.samples20.maxnew1024.seed10086.subtreePrefetch.vllm.log,282,1,28,0.7605966863342494
/Users/jiangnanhugo/workspace/power-sharpening/Subtree-Prefetching-Power-Sharpening/case_studies/logs-entropycut/mbpp/2026-09-21/vllm/dataset-mbpp.model-qwen3.5-9b.alpha4.0.steps100.blocks-1.prefetch-budget-20.rank-accept_first.cut-entropy4.0.samples20.maxnew1024.seed10086.subtreePrefetch.vllm.log,282,2,28,0.7605966863342494
/Users/jiangnanhugo/workspace/power-sharpening/Subtree-Prefetching-Power-Sharpening/case_studies/logs-entropycut/mbpp/2026-09-21/vllm/dataset-mbpp.model-qwen3.5-9b.alpha4.0.steps100.blocks-1.prefetch-budget-20.rank-accept_first.cut-entropy4.0.samples20.maxnew1024.seed10086.subtreePrefetch.vllm.log,282,3,28,0.7605966863342494
/Users/jiangnanhugo/workspace/power-sharpening/Subtree-Prefetching-Power-Sharpening/case_studies/logs-entropycut/mbpp/2026-09-21/vllm/dataset-mbpp.model-qwen3.5-9b.alpha4.0.steps100.blocks-1.prefetch-budget-20.rank-accept_first.cut-entropy4.0.samples20.maxnew1024.seed10086.subtreePrefetch.vllm.log,282,4,28,0.7605966863342494
/Users/jiangnanhugo/workspace/power-sharpening/Subtree-Prefetching-Power-Sharpening/case_studies/logs-entropycut/mbpp/2026-09-21/vllm/dataset-mbpp.model-qwen3.5-9b.alpha4.0.steps100.blocks-1.prefetch-budget-20.rank-accept_first.cut-entropy4.0.samples20.maxnew1024.seed10086.subtreePrefetch.vllm.log,282,5,46,0.07169275724031311
/Users/jiangnanhugo/workspace/power-sharpening/Subtree-Prefetching-Power-Sharpening/case_studies/logs-entropycut/mbpp/2026-09-21/vllm/dataset-mbpp.model-qwen3.5-9b.alpha4.0.steps100.blocks-1.prefetch-budget-20.rank-accept_first.cut-entropy4.0.samples20.maxnew1024.seed10086.subtreePrefetch.vllm.log,282,6,28,0.7605966863342494
/Users/jiangnanhugo/workspace/power-sharpening/Subtree-Prefetching-Power-Sharpening/case_studies/logs-entropycut/mbpp/2026-09-21/vllm/dataset-mbpp.model-qwen3.5-9b.alpha4.0.steps100.blocks-1.prefetch-budget-20.rank-accept_first.cut-entropy4.0.samples20.maxnew1024.seed10086.subtreePrefetch.vllm.log,282,7,28,0.7605966863342494
/Users/jiangnanhugo/workspace/power-sharpening/Subtree-Prefetching-Power-Sharpening/case_studies/logs-entropycut/mbpp/2026-09-21/vllm/dataset-mbpp.model-qwen3.5-9b.alpha4.0.steps100.blocks-1.prefetch-budget-20.rank-accept_first.cut-entropy4.0.samples20.maxnew1024.seed10086.subtreePrefetch.vllm.log,282,8,28,0.7605966863342494
/Users/jiangnanhugo/workspace/power-sharpening/Subtree-Prefetching-Power-Sharpening/case_studies/logs-entropycut/mbpp/2026-09-21/vllm/dataset-mbpp.model-qwen3.5-9b.alpha4.0.steps100.blocks-1.prefetch-budget-20.rank-accept_first.cut-entropy4.0.samples20.maxnew1024.seed10086.subtreePrefetch.vllm.log,282,9,28,0.7605966863342494
/Users/jiangnanhugo/workspace/power-sharpening/Subtree-Prefetching-Power-Sharpening/case_studies/logs-entropycut/mbpp/2026-09-21/vllm/dataset-mbpp.model-qwen3.5-9b.alpha4.0.steps100.blocks-1.prefetch-budget-20.rank-accept_first.cut-entropy4.0.samples20.maxnew1024.seed10086.subtreePrefetch.vllm.log,282,10,28,0.7605966863342494
/Users/jiangnanhugo/workspace/power-sharpening/Subtree-Prefetching-Power-Sharpening/case_studies/logs-entropycut/mbpp/2026-09-21/vllm/dataset-mbpp.model-qwen3.5-9b.alpha4.0.steps100.blocks-1.prefetch-budget-20.rank-accept_first.cut-entropy4.0.samples20.maxnew1024.seed10086.subtreePrefetch.vllm.log,282,11,28,0.7605966863342494
/Users/jiangnanhugo/workspace/power-sharpening/Subtree-Prefetching-Power-Sharpening/case_studies/logs-entropycut/mbpp/2026-09-21/vllm/dataset-mbpp.model-qwen3.5-9b.alpha4.0.steps100.blocks-1.prefetch-budget-20.rank-accept_first.cut-entropy4.0.samples20.maxnew1024.seed10086.subtreePrefetch.vllm.log,282,12,28,0.7605966863342494
/Users/jiangnanhugo/workspace/power-sharpening/Subtree-Prefetching-Power-Sharpening/case_studies/logs-entropycut/mbpp/2026-09-21/vllm/dataset-mbpp.model-qwen3.5-9b.alpha4.0.steps100.blocks-1.prefetch-budget-20.rank-accept_first.cut-entropy4.0.samples20.maxnew1024.seed10086.subtreePrefetch.vllm.log,282,13,28,0.7605966863342494
/Users/jiangnanhugo/workspace/power-sharpening/Subtree-Prefetching-Power-Sharpening/case_studies/logs-entropycut/mbpp/2026-09-21/vllm/dataset-mbpp.model-qwen3.5-9b.alpha4.0.steps100.blocks-1.prefetch-budget-20.rank-accept_first.cut-entropy4.0.samples20.maxnew1024.seed10086.subtreePrefetch.vllm.log,282,14,28,0.7605966863342494
/Users/jiangnanhugo/workspace/power-sharpening/Subtree-Prefetching-Power-Sharpening/case_studies/logs-entropycut/mbpp/2026-09-21/vllm/dataset-mbpp.model-qwen3.5-9b.alpha4.0.steps100.blocks-1.prefetch-budget-20.rank-accept_first.cut-entropy4.0.samples20.maxnew1024.seed10086.subtreePrefetch.vllm.log,282,15,28,0.7605966863342494
/Users/jiangnanhugo/workspace/power-sharpening/Subtree-Prefetching-Power-Sharpening/case_studies/logs-entropycut/mbpp/2026-09-21/vllm/dataset-mbpp.model-qwen3.5-9b.alpha4.0.steps100.blocks-1.prefetch-budget-20.rank-accept_first.cut-entropy4.0.samples20.maxnew1024.seed10086.subtreePrefetch.vllm.log,282,16,28,0.7605966863342494
/Users/jiangnanhugo/workspace/power-sharpening/Subtree-Prefetching-Power-Sharpening/case_studies/logs-entropycut/mbpp/2026-09-21/vllm/dataset-mbpp.model-qwen3.5-9b.alpha4.0.steps100.blocks-1.prefetch-budget-20.rank-accept_first.cut-entropy4.0.samples20.maxnew1024.seed10086.subtreePrefetch.vllm.log,282,17,28,0.7605966863342494
/Users/jiangnanhugo/workspace/power-sharpening/Subtree-Prefetching-Power-Sharpening/case_studies/logs-entropycut/mbpp/2026-09-21/vllm/dataset-mbpp.model-qwen3.5-9b.alpha4.0.steps100.blocks-1.prefetch-budget-20.rank-accept_first.cut-entropy4.0.samples20.maxnew1024.seed10086.subtreePrefetch.vllm.log,282,18,28,0.7605966863342494
/Users/jiangnanhugo/workspace/power-sharpening/Subtree-Prefetching-Power-Sharpening/case_studies/logs-entropycut/mbpp/2026-09-21/vllm/dataset-mbpp.model-qwen3.5-9b.alpha4.0.steps100.blocks-1.prefetch-budget-20.rank-accept_first.cut-entropy4.0.samples20.maxnew1024.seed10086.subtreePrefetch.vllm.log,282,19,22,0.00031221859715704187
/Users/jiangnanhugo/workspace/power-sharpening/Subtree-Prefetching-Power-Sharpening/case_studies/logs-entropycut/mbpp/2026-09-21/vllm/dataset-mbpp.model-qwen3.5-9b.alpha4.0.steps100.blocks-1.prefetch-budget-20.rank-accept_first.cut-entropy4.0.samples20.maxnew1024.seed10086.subtreePrefetch.vllm.log,283,0,28,0.7605966863342494
/Users/jiangnanhugo/workspace/power-sharpening/Subtree-Prefetching-Power-Sharpening/case_studies/logs-entropycut/mbpp/2026-09-21/vllm/dataset-mbpp.model-qwen3.5-9b.alpha4.0.steps100.blocks-1.prefetch-budget-20.rank-accept_first.cut-entropy4.0.samples20.maxnew1024.seed10086.subtreePrefetch.vllm.log,283,1,28,0.7605966863342494
/Users/jiangnanhugo/workspace/power-sharpening/Subtree-Prefetching-Power-Sharpening/case_studies/logs-entropycut/mbpp/2026-09-21/vllm/dataset-mbpp.model-qwen3.5-9b.alpha4.0.steps100.blocks-1.prefetch-budget-20.rank-accept_first.cut-entropy4.0.samples20.maxnew1024.seed10086.subtreePrefetch.vllm.log,283,2,28,0.7605966863342494
/Users/jiangnanhugo/workspace/power-sharpening/Subtree-Prefetching-Power-Sharpening/case_studies/logs-entropycut/mbpp/2026-09-21/vllm/dataset-mbpp.model-qwen3.5-9b.alpha4.0.steps100.blocks-1.prefetch-budget-20.rank-accept_first.cut-entropy4.0.samples20.maxnew1024.seed10086.subtreePrefetch.vllm.log,283,3,28,0.7605966863342494
/Users/jiangnanhugo/workspace/power-sharpening/Subtree-Prefetching-Power-Sharpening/case_studies/logs-entropycut/mbpp/2026-09-21/vllm/dataset-mbpp.model-qwen3.5-9b.alpha4.0.steps100.blocks-1.prefetch-budget-20.rank-accept_first.cut-entropy4.0.samples20.maxnew1024.seed10086.subtreePrefetch.vllm.log,283,4,28,0.7605966863342494
/Users/jiangnanhugo/workspace/power-sharpening/Subtree-Prefetching-Power-Sharpening/case_studies/logs-entropycut/mbpp/2026-09-21/vllm/dataset-mbpp.model-qwen3.5-9b.alpha4.0.steps100.blocks-1.prefetch-budget-20.rank-accept_first.cut-entropy4.0.samples20.maxnew1024.seed10086.subtreePrefetch.vllm.log,283,5,28,0.7605966863342494
/Users/jiangnanhugo/workspace/power-sharpening/Subtree-Prefetching-Power-Sharpening/case_studies/logs-entropycut/mbpp/2026-09-21/vllm/dataset-mbpp.model-qwen3.5-9b.alpha4.0.steps100.blocks-1.prefetch-budget-20.rank-accept_first.cut-entropy4.0.samples20.maxnew1024.seed10086.subtreePrefetch.vllm.log,283,6,28,0.7605966863342494
/Users/jiangnanhugo/workspace/power-sharpening/Subtree-Prefetching-Power-Sharpening/case_studies/logs-entropycut/mbpp/2026-09-21/vllm/dataset-mbpp.model-qwen3.5-9b.alpha4.0.steps100.blocks-1.prefetch-budget-20.rank-accept_first.cut-entropy4.0.samples20.maxnew1024.seed10086.subtreePrefetch.vllm.log,283,7,28,0.7605966863342494
/Users/jiangnanhugo/workspace/power-sharpening/Subtree-Prefetching-Power-Sharpening/case_studies/logs-entropycut/mbpp/2026-09-21/vllm/dataset-mbpp.model-qwen3.5-9b.alpha4.0.steps100.blocks-1.prefetch-budget-20.rank-accept_first.cut-entropy4.0.samples20.maxnew1024.seed10086.subtreePrefetch.vllm.log,283,8,28,0.7605966863342494
/Users/jiangnanhugo/workspace/power-sharpening/Subtree-Prefetching-Power-Sharpening/case_studies/logs-entropycut/mbpp/2026-09-21/vllm/dataset-mbpp.model-qwen3.5-9b.alpha4.0.steps100.blocks-1.prefetch-budget-20.rank-accept_first.cut-entropy4.0.samples20.maxnew1024.seed10086.subtreePrefetch.vllm.log,283,9,28,0.7605966863342494
/Users/jiangnanhugo/workspace/power-sharpening/Subtree-Prefetching-Power-Sharpening/case_studies/logs-entropycut/mbpp/2026-09-21/vllm/dataset-mbpp.model-qwen3.5-9b.alpha4.0.steps100.blocks-1.prefetch-budget-20.rank-accept_first.cut-entropy4.0.samples20.maxnew1024.seed10086.subtreePrefetch.vllm.log,283,10,28,0.7605966863342494
/Users/jiangnanhugo/workspace/power-sharpening/Subtree-Prefetching-Power-Sharpening/case_studies/logs-entropycut/mbpp/2026-09-21/vllm/dataset-mbpp.model-qwen3.5-9b.alpha4.0.steps100.blocks-1.prefetch-budget-20.rank-accept_first.cut-entropy4.0.samples20.maxnew1024.seed10086.subtreePrefetch.vllm.log,283,11,28,0.7605966863342494
/Users/jiangnanhugo/workspace/power-sharpening/Subtree-Prefetching-Power-Sharpening/case_studies/logs-entropycut/mbpp/2026-09-21/vllm/dataset-mbpp.model-qwen3.5-9b.alpha4.0.steps100.blocks-1.prefetch-budget-20.rank-accept_first.cut-entropy4.0.samples20.maxnew1024.seed10086.subtreePrefetch.vllm.log,284,0,282,0.19952780914487234
/Users/jiangnanhugo/workspace/power-sharpening/Subtree-Prefetching-Power-Sharpening/case_studies/logs-entropycut/mbpp/2026-09-21/vllm/dataset-mbpp.model-qwen3.5-9b.alpha4.0.steps100.blocks-1.prefetch-budget-20.rank-accept_first.cut-entropy4.0.samples20.maxnew1024.seed10086.subtreePrefetch.vllm.log,284,1,396,0.03838108908894404
/Users/jiangnanhugo/workspace/power-sharpening/Subtree-Prefetching-Power-Sharpening/case_studies/logs-entropycut/mbpp/2026-09-21/vllm/dataset-mbpp.model-qwen3.5-9b.alpha4.0.steps100.blocks-1.prefetch-budget-20.rank-accept_first.cut-entropy4.0.samples20.maxnew1024.seed10086.subtreePrefetch.vllm.log,284,2,257,0.06367756856343489
/Users/jiangnanhugo/workspace/power-sharpening/Subtree-Prefetching-Power-Sharpening/case_studies/logs-entropycut/mbpp/2026-09-21/vllm/dataset-mbpp.model-qwen3.5-9b.alpha4.0.steps100.blocks-1.prefetch-budget-20.rank-accept_first.cut-entropy4.0.samples20.maxnew1024.seed10086.subtreePrefetch.vllm.log,284,3,282,0.19952780914487234
/Users/jiangnanhugo/workspace/power-sharpening/Subtree-Prefetching-Power-Sharpening/case_studies/logs-entropycut/mbpp/2026-09-21/vllm/dataset-mbpp.model-qwen3.5-9b.alpha4.0.steps100.blocks-1.prefetch-budget-20.rank-accept_first.cut-entropy4.0.samples20.maxnew1024.seed10086.subtreePrefetch.vllm.log,284,4,282,0.19952780914487234
/Users/jiangnanhugo/workspace/power-sharpening/Subtree-Prefetching-Power-Sharpening/case_studies/logs-entropycut/mbpp/2026-09-21/vllm/dataset-mbpp.model-qwen3.5-9b.alpha4.0.steps100.blocks-1.prefetch-budget-20.rank-accept_first.cut-entropy4.0.samples20.maxnew1024.seed10086.subtreePrefetch.vllm.log,284,5,75,0.042587960923831554
/Users/jiangnanhugo/workspace/power-sharpening/Subtree-Prefetching-Power-Sharpening/case_studies/logs-entropycut/mbpp/2026-09-21/vllm/dataset-mbpp.model-qwen3.5-9b.alpha4.0.steps100.blocks-1.prefetch-budget-20.rank-accept_first.cut-entropy4.0.samples20.maxnew1024.seed10086.subtreePrefetch.vllm.log,284,6,463,0.37299099035313305
/Users/jiangnanhugo/workspace/power-sharpening/Subtree-Prefetching-Power-Sharpening/case_studies/logs-entropycut/mbpp/2026-09-21/vllm/dataset-mbpp.model-qwen3.5-9b.alpha4.0.steps100.blocks-1.prefetch-budget-20.rank-accept_first.cut-entropy4.0.samples20.maxnew1024.seed10086.subtreePrefetch.vllm.log,284,7,282,0.19952780914487234
/Users/jiangnanhugo/workspace/power-sharpening/Subtree-Prefetching-Power-Sharpening/case_studies/logs-entropycut/mbpp/2026-09-21/vllm/dataset-mbpp.model-qwen3.5-9b.alpha4.0.steps100.blocks-1.prefetch-budget-20.rank-accept_first.cut-entropy4.0.samples20.maxnew1024.seed10086.subtreePrefetch.vllm.log,284,8,257,0.06367756856343489
/Users/jiangnanhugo/workspace/power-sharpening/Subtree-Prefetching-Power-Sharpening/case_studies/logs-entropycut/mbpp/2026-09-21/vllm/dataset-mbpp.model-qwen3.5-9b.alpha4.0.steps100.blocks-1.prefetch-budget-20.rank-accept_first.cut-entropy4.0.samples20.maxnew1024.seed10086.subtreePrefetch.vllm.log,284,9,227,0.010014026948674266
/Users/jiangnanhugo/workspace/power-sharpening/Subtree-Prefetching-Power-Sharpening/case_studies/logs-entropycut/mbpp/2026-09-21/vllm/dataset-mbpp.model-qwen3.5-9b.alpha4.0.steps100.blocks-1.prefetch-budget-20.rank-accept_first.cut-entropy4.0.samples20.maxnew1024.seed10086.subtreePrefetch.vllm.log,284,10,547,0.004888421599592656
/Users/jiangnanhugo/workspace/power-sharpening/Subtree-Prefetching-Power-Sharpening/case_studies/logs-entropycut/mbpp/2026-09-21/vllm/dataset-mbpp.model-qwen3.5-9b.alpha4.0.steps100.blocks-1.prefetch-budget-20.rank-accept_first.cut-entropy4.0.samples20.maxnew1024.seed10086.subtreePrefetch.vllm.log,284,11,75,0.042587960923831554
/Users/jiangnanhugo/workspace/power-sharpening/Subtree-Prefetching-Power-Sharpening/case_studies/logs-entropycut/mbpp/2026-09-21/vllm/dataset-mbpp.model-qwen3.5-9b.alpha4.0.steps100.blocks-1.prefetch-budget-20.rank-accept_first.cut-entropy4.0.samples20.maxnew1024.seed10086.subtreePrefetch.vllm.log,284,12,282,0.19952780914487234
/Users/jiangnanhugo/workspace/power-sharpening/Subtree-Prefetching-Power-Sharpening/case_studies/logs-entropycut/mbpp/2026-09-21/vllm/dataset-mbpp.model-qwen3.5-9b.alpha4.0.steps100.blocks-1.prefetch-budget-20.rank-accept_first.cut-entropy4.0.samples20.maxnew1024.seed10086.subtreePrefetch.vllm.log,284,13,463,0.37299099035313305
/Users/jiangnanhugo/workspace/power-sharpening/Subtree-Prefetching-Power-Sharpening/case_studies/logs-entropycut/mbpp/2026-09-21/vllm/dataset-mbpp.model-qwen3.5-9b.alpha4.0.steps100.blocks-1.prefetch-budget-20.rank-accept_first.cut-entropy4.0.samples20.maxnew1024.seed10086.subtreePrefetch.vllm.log,284,14,75,0.042587960923831554
/Users/jiangnanhugo/workspace/power-sharpening/Subtree-Prefetching-Power-Sharpening/case_studies/logs-entropycut/mbpp/2026-09-21/vllm/dataset-mbpp.model-qwen3.5-9b.alpha4.0.steps100.blocks-1.prefetch-budget-20.rank-accept_first.cut-entropy4.0.samples20.maxnew1024.seed10086.subtreePrefetch.vllm.log,284,15,59,0.0021335013385927154
/Users/jiangnanhugo/workspace/power-sharpening/Subtree-Prefetching-Power-Sharpening/case_studies/logs-entropycut/mbpp/2026-09-21/vllm/dataset-mbpp.model-qwen3.5-9b.alpha4.0.steps100.blocks-1.prefetch-budget-20.rank-accept_first.cut-entropy4.0.samples20.maxnew1024.seed10086.subtreePrefetch.vllm.log,284,16,463,0.37299099035313305
/Users/jiangnanhugo/workspace/power-sharpening/Subtree-Prefetching-Power-Sharpening/case_studies/logs-entropycut/mbpp/2026-09-21/vllm/dataset-mbpp.model-qwen3.5-9b.alpha4.0.steps100.blocks-1.prefetch-budget-20.rank-accept_first.cut-entropy4.0.samples20.maxnew1024.seed10086.subtreePrefetch.vllm.log,284,17,463,0.37299099035313305
/Users/jiangnanhugo/workspace/power-sharpening/Subtree-Prefetching-Power-Sharpening/case_studies/logs-entropycut/mbpp/2026-09-21/vllm/dataset-mbpp.model-qwen3.5-9b.alpha4.0.steps100.blocks-1.prefetch-budget-20.rank-accept_first.cut-entropy4.0.samples20.maxnew1024.seed10086.subtreePrefetch.vllm.log,284,18,145,0.0026272050671526225
/Users/jiangnanhugo/workspace/power-sharpening/Subtree-Prefetching-Power-Sharpening/case_studies/logs-entropycut/mbpp/2026-09-21/vllm/dataset-mbpp.model-qwen3.5-9b.alpha4.0.steps100.blocks-1.prefetch-budget-20.rank-accept_first.cut-entropy4.0.samples20.maxnew1024.seed10086.subtreePrefetch.vllm.log,284,19,257,0.06367756856343489
/Users/jiangnanhugo/workspace/power-sharpening/Subtree-Prefetching-Power-Sharpening/case_studies/logs-entropycut/mbpp/2026-09-21/vllm/dataset-mbpp.model-qwen3.5-9b.alpha4.0.steps100.blocks-1.prefetch-budget-20.rank-accept_first.cut-entropy4.0.samples20.maxnew1024.seed10086.subtreePrefetch.vllm.log,285,0,319,0.19274140405504
/Users/jiangnanhugo/workspace/power-sharpening/Subtree-Prefetching-Power-Sharpening/case_studies/logs-entropycut/mbpp/2026-09-21/vllm/dataset-mbpp.model-qwen3.5-9b.alpha4.0.steps100.blocks-1.prefetch-budget-20.rank-accept_first.cut-entropy4.0.samples20.maxnew1024.seed10086.subtreePrefetch.vllm.log,285,1,227,0.018121537977309036
/Users/jiangnanhugo/workspace/power-sharpening/Subtree-Prefetching-Power-Sharpening/case_studies/logs-entropycut/mbpp/2026-09-21/vllm/dataset-mbpp.model-qwen3.5-9b.alpha4.0.steps100.blocks-1.prefetch-budget-20.rank-accept_first.cut-entropy4.0.samples20.maxnew1024.seed10086.subtreePrefetch.vllm.log,285,2,75,0.08411143317544874
/Users/jiangnanhugo/workspace/power-sharpening/Subtree-Prefetching-Power-Sharpening/case_studies/logs-entropycut/mbpp/2026-09-21/vllm/dataset-mbpp.model-qwen3.5-9b.alpha4.0.steps100.blocks-1.prefetch-budget-20.rank-accept_first.cut-entropy4.0.samples20.maxnew1024.seed10086.subtreePrefetch.vllm.log,285,3,59,0.004213675681531706
/Users/jiangnanhugo/workspace/power-sharpening/Subtree-Prefetching-Power-Sharpening/case_studies/logs-entropycut/mbpp/2026-09-21/vllm/dataset-mbpp.model-qwen3.5-9b.alpha4.0.steps100.blocks-1.prefetch-budget-20.rank-accept_first.cut-entropy4.0.samples20.maxnew1024.seed10086.subtreePrefetch.vllm.log,285,4,288,0.13716339980919892
/Users/jiangnanhugo/workspace/power-sharpening/Subtree-Prefetching-Power-Sharpening/case_studies/logs-entropycut/mbpp/2026-09-21/vllm/dataset-mbpp.model-qwen3.5-9b.alpha4.0.steps100.blocks-1.prefetch-budget-20.rank-accept_first.cut-entropy4.0.samples20.maxnew1024.seed10086.subtreePrefetch.vllm.log,285,5,75,0.08411143317544874
/Users/jiangnanhugo/workspace/power-sharpening/Subtree-Prefetching-Power-Sharpening/case_studies/logs-entropycut/mbpp/2026-09-21/vllm/dataset-mbpp.model-qwen3.5-9b.alpha4.0.steps100.blocks-1.prefetch-budget-20.rank-accept_first.cut-entropy4.0.samples20.maxnew1024.seed10086.subtreePrefetch.vllm.log,285,6,288,0.13716339980919892
/Users/jiangnanhugo/workspace/power-sharpening/Subtree-Prefetching-Power-Sharpening/case_studies/logs-entropycut/mbpp/2026-09-21/vllm/dataset-mbpp.model-qwen3.5-9b.alpha4.0.steps100.blocks-1.prefetch-budget-20.rank-accept_first.cut-entropy4.0.samples20.maxnew1024.seed10086.subtreePrefetch.vllm.log,285,7,75,0.08411143317544874
/Users/jiangnanhugo/workspace/power-sharpening/Subtree-Prefetching-Power-Sharpening/case_studies/logs-entropycut/mbpp/2026-09-21/vllm/dataset-mbpp.model-qwen3.5-9b.alpha4.0.steps100.blocks-1.prefetch-budget-20.rank-accept_first.cut-entropy4.0.samples20.maxnew1024.seed10086.subtreePrefetch.vllm.log,285,8,75,0.08411143317544874
/Users/jiangnanhugo/workspace/power-sharpening/Subtree-Prefetching-Power-Sharpening/case_studies/logs-entropycut/mbpp/2026-09-21/vllm/dataset-mbpp.model-qwen3.5-9b.alpha4.0.steps100.blocks-1.prefetch-budget-20.rank-accept_first.cut-entropy4.0.samples20.maxnew1024.seed10086.subtreePrefetch.vllm.log,285,9,51,0.00891249600087202
/Users/jiangnanhugo/workspace/power-sharpening/Subtree-Prefetching-Power-Sharpening/case_studies/logs-entropycut/mbpp/2026-09-21/vllm/dataset-mbpp.model-qwen3.5-9b.alpha4.0.steps100.blocks-1.prefetch-budget-20.rank-accept_first.cut-entropy4.0.samples20.maxnew1024.seed10086.subtreePrefetch.vllm.log,285,10,319,0.19274140405504
/Users/jiangnanhugo/workspace/power-sharpening/Subtree-Prefetching-Power-Sharpening/case_studies/logs-entropycut/mbpp/2026-09-21/vllm/dataset-mbpp.model-qwen3.5-9b.alpha4.0.steps100.blocks-1.prefetch-budget-20.rank-accept_first.cut-entropy4.0.samples20.maxnew1024.seed10086.subtreePrefetch.vllm.log,285,11,288,0.13716339980919892
/Users/jiangnanhugo/workspace/power-sharpening/Subtree-Prefetching-Power-Sharpening/case_studies/logs-entropycut/mbpp/2026-09-21/vllm/dataset-mbpp.model-qwen3.5-9b.alpha4.0.steps100.blocks-1.prefetch-budget-20.rank-accept_first.cut-entropy4.0.samples20.maxnew1024.seed10086.subtreePrefetch.vllm.log,285,12,34,0.023304954463996396
/Users/jiangnanhugo/workspace/power-sharpening/Subtree-Prefetching-Power-Sharpening/case_studies/logs-entropycut/mbpp/2026-09-21/vllm/dataset-mbpp.model-qwen3.5-9b.alpha4.0.steps100.blocks-1.prefetch-budget-20.rank-accept_first.cut-entropy4.0.samples20.maxnew1024.seed10086.subtreePrefetch.vllm.log,285,13,80,0.0055732144058211405
/Users/jiangnanhugo/workspace/power-sharpening/Subtree-Prefetching-Power-Sharpening/case_studies/logs-entropycut/mbpp/2026-09-21/vllm/dataset-mbpp.model-qwen3.5-9b.alpha4.0.steps100.blocks-1.prefetch-budget-20.rank-accept_first.cut-entropy4.0.samples20.maxnew1024.seed10086.subtreePrefetch.vllm.log,285,14,138,0.03422915045241394
/Users/jiangnanhugo/workspace/power-sharpening/Subtree-Prefetching-Power-Sharpening/case_studies/logs-entropycut/mbpp/2026-09-21/vllm/dataset-mbpp.model-qwen3.5-9b.alpha4.0.steps100.blocks-1.prefetch-budget-20.rank-accept_first.cut-entropy4.0.samples20.maxnew1024.seed10086.subtreePrefetch.vllm.log,285,15,75,0.08411143317544874
/Users/jiangnanhugo/workspace/power-sharpening/Subtree-Prefetching-Power-Sharpening/case_studies/logs-entropycut/mbpp/2026-09-21/vllm/dataset-mbpp.model-qwen3.5-9b.alpha4.0.steps100.blocks-1.prefetch-budget-20.rank-accept_first.cut-entropy4.0.samples20.maxnew1024.seed10086.subtreePrefetch.vllm.log,285,16,288,0.13716339980919892
/Users/jiangnanhugo/workspace/power-sharpening/Subtree-Prefetching-Power-Sharpening/case_studies/logs-entropycut/mbpp/2026-09-21/vllm/dataset-mbpp.model-qwen3.5-9b.alpha4.0.steps100.blocks-1.prefetch-budget-20.rank-accept_first.cut-entropy4.0.samples20.maxnew1024.seed10086.subtreePrefetch.vllm.log,285,17,75,0.08411143317544874
/Users/jiangnanhugo/workspace/power-sharpening/Subtree-Prefetching-Power-Sharpening/case_studies/logs-entropycut/mbpp/2026-09-21/vllm/dataset-mbpp.model-qwen3.5-9b.alpha4.0.steps100.blocks-1.prefetch-budget-20.rank-accept_first.cut-entropy4.0.samples20.maxnew1024.seed10086.subtreePrefetch.vllm.log,285,18,51,0.00891249600087202
/Users/jiangnanhugo/workspace/power-sharpening/Subtree-Prefetching-Power-Sharpening/case_studies/logs-entropycut/mbpp/2026-09-21/vllm/dataset-mbpp.model-qwen3.5-9b.alpha4.0.steps100.blocks-1.prefetch-budget-20.rank-accept_first.cut-entropy4.0.samples20.maxnew1024.seed10086.subtreePrefetch.vllm.log,285,19,297,0.08058107805922274
/Users/jiangnanhugo/workspace/power-sharpening/Subtree-Prefetching-Power-Sharpening/case_studies/logs-entropycut/mbpp/2026-09-21/vllm/dataset-mbpp.model-qwen3.5-9b.alpha4.0.steps100.blocks-1.prefetch-budget-20.rank-accept_first.cut-entropy4.0.samples20.maxnew1024.seed10086.subtreePrefetch.vllm.log,286,0,345,0.06243572507746929
/Users/jiangnanhugo/workspace/power-sharpening/Subtree-Prefetching-Power-Sharpening/case_studies/logs-entropycut/mbpp/2026-09-21/vllm/dataset-mbpp.model-qwen3.5-9b.alpha4.0.steps100.blocks-1.prefetch-budget-20.rank-accept_first.cut-entropy4.0.samples20.maxnew1024.seed10086.subtreePrefetch.vllm.log,286,1,319,0.18884444411303378
/Users/jiangnanhugo/workspace/power-sharpening/Subtree-Prefetching-Power-Sharpening/case_studies/logs-entropycut/mbpp/2026-09-21/vllm/dataset-mbpp.model-qwen3.5-9b.alpha4.0.steps100.blocks-1.prefetch-budget-20.rank-accept_first.cut-entropy4.0.samples20.maxnew1024.seed10086.subtreePrefetch.vllm.log,286,2,319,0.18884444411303378
/Users/jiangnanhugo/workspace/power-sharpening/Subtree-Prefetching-Power-Sharpening/case_studies/logs-entropycut/mbpp/2026-09-21/vllm/dataset-mbpp.model-qwen3.5-9b.alpha4.0.steps100.blocks-1.prefetch-budget-20.rank-accept_first.cut-entropy4.0.samples20.maxnew1024.seed10086.subtreePrefetch.vllm.log,286,3,138,0.03518836711524519
/Users/jiangnanhugo/workspace/power-sharpening/Subtree-Prefetching-Power-Sharpening/case_studies/logs-entropycut/mbpp/2026-09-21/vllm/dataset-mbpp.model-qwen3.5-9b.alpha4.0.steps100.blocks-1.prefetch-budget-20.rank-accept_first.cut-entropy4.0.samples20.maxnew1024.seed10086.subtreePrefetch.vllm.log,286,4,102,0.03580373929506121
/Users/jiangnanhugo/workspace/power-sharpening/Subtree-Prefetching-Power-Sharpening/case_studies/logs-entropycut/mbpp/2026-09-21/vllm/dataset-mbpp.model-qwen3.5-9b.alpha4.0.steps100.blocks-1.prefetch-budget-20.rank-accept_first.cut-entropy4.0.samples20.maxnew1024.seed10086.subtreePrefetch.vllm.log,286,5,285,0.10277392953040106
/Users/jiangnanhugo/workspace/power-sharpening/Subtree-Prefetching-Power-Sharpening/case_studies/logs-entropycut/mbpp/2026-09-21/vllm/dataset-mbpp.model-qwen3.5-9b.alpha4.0.steps100.blocks-1.prefetch-budget-20.rank-accept_first.cut-entropy4.0.samples20.maxnew1024.seed10086.subtreePrefetch.vllm.log,286,6,285,0.10277392953040106
/Users/jiangnanhugo/workspace/power-sharpening/Subtree-Prefetching-Power-Sharpening/case_studies/logs-entropycut/mbpp/2026-09-21/vllm/dataset-mbpp.model-qwen3.5-9b.alpha4.0.steps100.blocks-1.prefetch-budget-20.rank-accept_first.cut-entropy4.0.samples20.maxnew1024.seed10086.subtreePrefetch.vllm.log,286,7,297,0.08283923263687631
/Users/jiangnanhugo/workspace/power-sharpening/Subtree-Prefetching-Power-Sharpening/case_studies/logs-entropycut/mbpp/2026-09-21/vllm/dataset-mbpp.model-qwen3.5-9b.alpha4.0.steps100.blocks-1.prefetch-budget-20.rank-accept_first.cut-entropy4.0.samples20.maxnew1024.seed10086.subtreePrefetch.vllm.log,286,8,75,0.08646852025386373
/Users/jiangnanhugo/workspace/power-sharpening/Subtree-Prefetching-Power-Sharpening/case_studies/logs-entropycut/mbpp/2026-09-21/vllm/dataset-mbpp.model-qwen3.5-9b.alpha4.0.steps100.blocks-1.prefetch-budget-20.rank-accept_first.cut-entropy4.0.samples20.maxnew1024.seed10086.subtreePrefetch.vllm.log,286,9,75,0.08646852025386373
/Users/jiangnanhugo/workspace/power-sharpening/Subtree-Prefetching-Power-Sharpening/case_studies/logs-entropycut/mbpp/2026-09-21/vllm/dataset-mbpp.model-qwen3.5-9b.alpha4.0.steps100.blocks-1.prefetch-budget-20.rank-accept_first.cut-entropy4.0.samples20.maxnew1024.seed10086.subtreePrefetch.vllm.log,286,10,28,0.014223581340206307
/Users/jiangnanhugo/workspace/power-sharpening/Subtree-Prefetching-Power-Sharpening/case_studies/logs-entropycut/mbpp/2026-09-21/vllm/dataset-mbpp.model-qwen3.5-9b.alpha4.0.steps100.blocks-1.prefetch-budget-20.rank-accept_first.cut-entropy4.0.samples20.maxnew1024.seed10086.subtreePrefetch.vllm.log,286,11,297,0.08283923263687631
/Users/jiangnanhugo/workspace/power-sharpening/Subtree-Prefetching-Power-Sharpening/case_studies/logs-entropycut/mbpp/2026-09-21/vllm/dataset-mbpp.model-qwen3.5-9b.alpha4.0.steps100.blocks-1.prefetch-budget-20.rank-accept_first.cut-entropy4.0.samples20.maxnew1024.seed10086.subtreePrefetch.vllm.log,286,12,167,0.020967482601915496
/Users/jiangnanhugo/workspace/power-sharpening/Subtree-Prefetching-Power-Sharpening/case_studies/logs-entropycut/mbpp/2026-09-21/vllm/dataset-mbpp.model-qwen3.5-9b.alpha4.0.steps100.blocks-1.prefetch-budget-20.rank-accept_first.cut-entropy4.0.samples20.maxnew1024.seed10086.subtreePrefetch.vllm.log,286,13,285,0.10277392953040106
/Users/jiangnanhugo/workspace/power-sharpening/Subtree-Prefetching-Power-Sharpening/case_studies/logs-entropycut/mbpp/2026-09-21/vllm/dataset-mbpp.model-qwen3.5-9b.alpha4.0.steps100.blocks-1.prefetch-budget-20.rank-accept_first.cut-entropy4.0.samples20.maxnew1024.seed10086.subtreePrefetch.vllm.log,286,14,198,0.024409100534322034
/Users/jiangnanhugo/workspace/power-sharpening/Subtree-Prefetching-Power-Sharpening/case_studies/logs-entropycut/mbpp/2026-09-21/vllm/dataset-mbpp.model-qwen3.5-9b.alpha4.0.steps100.blocks-1.prefetch-budget-20.rank-accept_first.cut-entropy4.0.samples20.maxnew1024.seed10086.subtreePrefetch.vllm.log,286,15,288,0.141007182575893
/Users/jiangnanhugo/workspace/power-sharpening/Subtree-Prefetching-Power-Sharpening/case_studies/logs-entropycut/mbpp/2026-09-21/vllm/dataset-mbpp.model-qwen3.5-9b.alpha4.0.steps100.blocks-1.prefetch-budget-20.rank-accept_first.cut-entropy4.0.samples20.maxnew1024.seed10086.subtreePrefetch.vllm.log,286,16,198,0.024409100534322034
/Users/jiangnanhugo/workspace/power-sharpening/Subtree-Prefetching-Power-Sharpening/case_studies/logs-entropycut/mbpp/2026-09-21/vllm/dataset-mbpp.model-qwen3.5-9b.alpha4.0.steps100.blocks-1.prefetch-budget-20.rank-accept_first.cut-entropy4.0.samples20.maxnew1024.seed10086.subtreePrefetch.vllm.log,286,17,75,0.08646852025386373
/Users/jiangnanhugo/workspace/power-sharpening/Subtree-Prefetching-Power-Sharpening/case_studies/logs-entropycut/mbpp/2026-09-21/vllm/dataset-mbpp.model-qwen3.5-9b.alpha4.0.steps100.blocks-1.prefetch-budget-20.rank-accept_first.cut-entropy4.0.samples20.maxnew1024.seed10086.subtreePrefetch.vllm.log,286,18,288,0.141007182575893
/Users/jiangnanhugo/workspace/power-sharpening/Subtree-Prefetching-Power-Sharpening/case_studies/logs-entropycut/mbpp/2026-09-21/vllm/dataset-mbpp.model-qwen3.5-9b.alpha4.0.steps100.blocks-1.prefetch-budget-20.rank-accept_first.cut-entropy4.0.samples20.maxnew1024.seed10086.subtreePrefetch.vllm.log,286,19,75,0.08646852025386373
/Users/jiangnanhugo/workspace/power-sharpening/Subtree-Prefetching-Power-Sharpening/case_studies/logs-entropycut/mbpp/2026-09-21/vllm/dataset-mbpp.model-qwen3.5-9b.alpha4.0.steps100.blocks-1.prefetch-budget-20.rank-accept_first.cut-entropy4.0.samples20.maxnew1024.seed10086.subtreePrefetch.vllm.log,287,0,285,0.10277392953491431
/Users/jiangnanhugo/workspace/power-sharpening/Subtree-Prefetching-Power-Sharpening/case_studies/logs-entropycut/mbpp/2026-09-21/vllm/dataset-mbpp.model-qwen3.5-9b.alpha4.0.steps100.blocks-1.prefetch-budget-20.rank-accept_first.cut-entropy4.0.samples20.maxnew1024.seed10086.subtreePrefetch.vllm.log,287,1,198,0.024409100535393944
/Users/jiangnanhugo/workspace/power-sharpening/Subtree-Prefetching-Power-Sharpening/case_studies/logs-entropycut/mbpp/2026-09-21/vllm/dataset-mbpp.model-qwen3.5-9b.alpha4.0.steps100.blocks-1.prefetch-budget-20.rank-accept_first.cut-entropy4.0.samples20.maxnew1024.seed10086.subtreePrefetch.vllm.log,287,2,288,0.14100718258208525
/Users/jiangnanhugo/workspace/power-sharpening/Subtree-Prefetching-Power-Sharpening/case_studies/logs-entropycut/mbpp/2026-09-21/vllm/dataset-mbpp.model-qwen3.5-9b.alpha4.0.steps100.blocks-1.prefetch-budget-20.rank-accept_first.cut-entropy4.0.samples20.maxnew1024.seed10086.subtreePrefetch.vllm.log,287,3,138,0.03518836711679046
/Users/jiangnanhugo/workspace/power-sharpening/Subtree-Prefetching-Power-Sharpening/case_studies/logs-entropycut/mbpp/2026-09-21/vllm/dataset-mbpp.model-qwen3.5-9b.alpha4.0.steps100.blocks-1.prefetch-budget-20.rank-accept_first.cut-entropy4.0.samples20.maxnew1024.seed10086.subtreePrefetch.vllm.log,287,4,345,0.06243572508021111
/Users/jiangnanhugo/workspace/power-sharpening/Subtree-Prefetching-Power-Sharpening/case_studies/logs-entropycut/mbpp/2026-09-21/vllm/dataset-mbpp.model-qwen3.5-9b.alpha4.0.steps100.blocks-1.prefetch-budget-20.rank-accept_first.cut-entropy4.0.samples20.maxnew1024.seed10086.subtreePrefetch.vllm.log,287,5,285,0.10277392953491431
/Users/jiangnanhugo/workspace/power-sharpening/Subtree-Prefetching-Power-Sharpening/case_studies/logs-entropycut/mbpp/2026-09-21/vllm/dataset-mbpp.model-qwen3.5-9b.alpha4.0.steps100.blocks-1.prefetch-budget-20.rank-accept_first.cut-entropy4.0.samples20.maxnew1024.seed10086.subtreePrefetch.vllm.log,287,6,59,0.004331757137792863
/Users/jiangnanhugo/workspace/power-sharpening/Subtree-Prefetching-Power-Sharpening/case_studies/logs-entropycut/mbpp/2026-09-21/vllm/dataset-mbpp.model-qwen3.5-9b.alpha4.0.steps100.blocks-1.prefetch-budget-20.rank-accept_first.cut-entropy4.0.samples20.maxnew1024.seed10086.subtreePrefetch.vllm.log,287,7,285,0.10277392953491431
/Users/jiangnanhugo/workspace/power-sharpening/Subtree-Prefetching-Power-Sharpening/case_studies/logs-entropycut/mbpp/2026-09-21/vllm/dataset-mbpp.model-qwen3.5-9b.alpha4.0.steps100.blocks-1.prefetch-budget-20.rank-accept_first.cut-entropy4.0.samples20.maxnew1024.seed10086.subtreePrefetch.vllm.log,287,8,75,0.08646852025766093
/Users/jiangnanhugo/workspace/power-sharpening/Subtree-Prefetching-Power-Sharpening/case_studies/logs-entropycut/mbpp/2026-09-21/vllm/dataset-mbpp.model-qwen3.5-9b.alpha4.0.steps100.blocks-1.prefetch-budget-20.rank-accept_first.cut-entropy4.0.samples20.maxnew1024.seed10086.subtreePrefetch.vllm.log,287,9,297,0.08283923264051415
/Users/jiangnanhugo/workspace/power-sharpening/Subtree-Prefetching-Power-Sharpening/case_studies/logs-entropycut/mbpp/2026-09-21/vllm/dataset-mbpp.model-qwen3.5-9b.alpha4.0.steps100.blocks-1.prefetch-budget-20.rank-accept_first.cut-entropy4.0.samples20.maxnew1024.seed10086.subtreePrefetch.vllm.log,287,10,80,0.0057293947392956426
/Users/jiangnanhugo/workspace/power-sharpening/Subtree-Prefetching-Power-Sharpening/case_studies/logs-entropycut/mbpp/2026-09-21/vllm/dataset-mbpp.model-qwen3.5-9b.alpha4.0.steps100.blocks-1.prefetch-budget-20.rank-accept_first.cut-entropy4.0.samples20.maxnew1024.seed10086.subtreePrefetch.vllm.log,287,11,28,0.014223581340830925
/Users/jiangnanhugo/workspace/power-sharpening/Subtree-Prefetching-Power-Sharpening/case_studies/logs-entropycut/mbpp/2026-09-21/vllm/dataset-mbpp.model-qwen3.5-9b.alpha4.0.steps100.blocks-1.prefetch-budget-20.rank-accept_first.cut-entropy4.0.samples20.maxnew1024.seed10086.subtreePrefetch.vllm.log,287,12,75,0.08646852025766093
/Users/jiangnanhugo/workspace/power-sharpening/Subtree-Prefetching-Power-Sharpening/case_studies/logs-entropycut/mbpp/2026-09-21/vllm/dataset-mbpp.model-qwen3.5-9b.alpha4.0.steps100.blocks-1.prefetch-budget-20.rank-accept_first.cut-entropy4.0.samples20.maxnew1024.seed10086.subtreePrefetch.vllm.log,287,13,75,0.08646852025766093
/Users/jiangnanhugo/workspace/power-sharpening/Subtree-Prefetching-Power-Sharpening/case_studies/logs-entropycut/mbpp/2026-09-21/vllm/dataset-mbpp.model-qwen3.5-9b.alpha4.0.steps100.blocks-1.prefetch-budget-20.rank-accept_first.cut-entropy4.0.samples20.maxnew1024.seed10086.subtreePrefetch.vllm.log,287,14,75,0.08646852025766093
/Users/jiangnanhugo/workspace/power-sharpening/Subtree-Prefetching-Power-Sharpening/case_studies/logs-entropycut/mbpp/2026-09-21/vllm/dataset-mbpp.model-qwen3.5-9b.alpha4.0.steps100.blocks-1.prefetch-budget-20.rank-accept_first.cut-entropy4.0.samples20.maxnew1024.seed10086.subtreePrefetch.vllm.log,287,15,285,0.10277392953491431
/Users/jiangnanhugo/workspace/power-sharpening/Subtree-Prefetching-Power-Sharpening/case_studies/logs-entropycut/mbpp/2026-09-21/vllm/dataset-mbpp.model-qwen3.5-9b.alpha4.0.steps100.blocks-1.prefetch-budget-20.rank-accept_first.cut-entropy4.0.samples20.maxnew1024.seed10086.subtreePrefetch.vllm.log,287,16,285,0.10277392953491431
/Users/jiangnanhugo/workspace/power-sharpening/Subtree-Prefetching-Power-Sharpening/case_studies/logs-entropycut/mbpp/2026-09-21/vllm/dataset-mbpp.model-qwen3.5-9b.alpha4.0.steps100.blocks-1.prefetch-budget-20.rank-accept_first.cut-entropy4.0.samples20.maxnew1024.seed10086.subtreePrefetch.vllm.log,287,17,28,0.014223581340830925
/Users/jiangnanhugo/workspace/power-sharpening/Subtree-Prefetching-Power-Sharpening/case_studies/logs-entropycut/mbpp/2026-09-21/vllm/dataset-mbpp.model-qwen3.5-9b.alpha4.0.steps100.blocks-1.prefetch-budget-20.rank-accept_first.cut-entropy4.0.samples20.maxnew1024.seed10086.subtreePrefetch.vllm.log,287,18,297,0.08283923264051415
/Users/jiangnanhugo/workspace/power-sharpening/Subtree-Prefetching-Power-Sharpening/case_studies/logs-entropycut/mbpp/2026-09-21/vllm/dataset-mbpp.model-qwen3.5-9b.alpha4.0.steps100.blocks-1.prefetch-budget-20.rank-accept_first.cut-entropy4.0.samples20.maxnew1024.seed10086.subtreePrefetch.vllm.log,287,19,75,0.08646852025766093
/Users/jiangnanhugo/workspace/power-sharpening/Subtree-Prefetching-Power-Sharpening/case_studies/logs-entropycut/mbpp/2026-09-21/vllm/dataset-mbpp.model-qwen3.5-9b.alpha4.0.steps100.blocks-1.prefetch-budget-20.rank-accept_first.cut-entropy4.0.samples20.maxnew1024.seed10086.subtreePrefetch.vllm.log,288,0,34,0.02371628278463142
/Users/jiangnanhugo/workspace/power-sharpening/Subtree-Prefetching-Power-Sharpening/case_studies/logs-entropycut/mbpp/2026-09-21/vllm/dataset-mbpp.model-qwen3.5-9b.alpha4.0.steps100.blocks-1.prefetch-budget-20.rank-accept_first.cut-entropy4.0.samples20.maxnew1024.seed10086.subtreePrefetch.vllm.log,288,1,288,0.13958430953392162
/Users/jiangnanhugo/workspace/power-sharpening/Subtree-Prefetching-Power-Sharpening/case_studies/logs-entropycut/mbpp/2026-09-21/vllm/dataset-mbpp.model-qwen3.5-9b.alpha4.0.steps100.blocks-1.prefetch-budget-20.rank-accept_first.cut-entropy4.0.samples20.maxnew1024.seed10086.subtreePrefetch.vllm.log,288,2,319,0.18693885559090379
/Users/jiangnanhugo/workspace/power-sharpening/Subtree-Prefetching-Power-Sharpening/case_studies/logs-entropycut/mbpp/2026-09-21/vllm/dataset-mbpp.model-qwen3.5-9b.alpha4.0.steps100.blocks-1.prefetch-budget-20.rank-accept_first.cut-entropy4.0.samples20.maxnew1024.seed10086.subtreePrefetch.vllm.log,288,3,297,0.08200331982177438
/Users/jiangnanhugo/workspace/power-sharpening/Subtree-Prefetching-Power-Sharpening/case_studies/logs-entropycut/mbpp/2026-09-21/vllm/dataset-mbpp.model-qwen3.5-9b.alpha4.0.steps100.blocks-1.prefetch-budget-20.rank-accept_first.cut-entropy4.0.samples20.maxnew1024.seed10086.subtreePrefetch.vllm.log,288,4,297,0.08200331982177438
/Users/jiangnanhugo/workspace/power-sharpening/Subtree-Prefetching-Power-Sharpening/case_studies/logs-entropycut/mbpp/2026-09-21/vllm/dataset-mbpp.model-qwen3.5-9b.alpha4.0.steps100.blocks-1.prefetch-budget-20.rank-accept_first.cut-entropy4.0.samples20.maxnew1024.seed10086.subtreePrefetch.vllm.log,288,5,75,0.08559598508082628
/Users/jiangnanhugo/workspace/power-sharpening/Subtree-Prefetching-Power-Sharpening/case_studies/logs-entropycut/mbpp/2026-09-21/vllm/dataset-mbpp.model-qwen3.5-9b.alpha4.0.steps100.blocks-1.prefetch-budget-20.rank-accept_first.cut-entropy4.0.samples20.maxnew1024.seed10086.subtreePrefetch.vllm.log,288,6,138,0.034833288898344236
/Users/jiangnanhugo/workspace/power-sharpening/Subtree-Prefetching-Power-Sharpening/case_studies/logs-entropycut/mbpp/2026-09-21/vllm/dataset-mbpp.model-qwen3.5-9b.alpha4.0.steps100.blocks-1.prefetch-budget-20.rank-accept_first.cut-entropy4.0.samples20.maxnew1024.seed10086.subtreePrefetch.vllm.log,288,7,288,0.13958430953392162
/Users/jiangnanhugo/workspace/power-sharpening/Subtree-Prefetching-Power-Sharpening/case_studies/logs-entropycut/mbpp/2026-09-21/vllm/dataset-mbpp.model-qwen3.5-9b.alpha4.0.steps100.blocks-1.prefetch-budget-20.rank-accept_first.cut-entropy4.0.samples20.maxnew1024.seed10086.subtreePrefetch.vllm.log,288,8,297,0.08200331982177438
/Users/jiangnanhugo/workspace/power-sharpening/Subtree-Prefetching-Power-Sharpening/case_studies/logs-entropycut/mbpp/2026-09-21/vllm/dataset-mbpp.model-qwen3.5-9b.alpha4.0.steps100.blocks-1.prefetch-budget-20.rank-accept_first.cut-entropy4.0.samples20.maxnew1024.seed10086.subtreePrefetch.vllm.log,288,9,134,0.0024971440622549475
/Users/jiangnanhugo/workspace/power-sharpening/Subtree-Prefetching-Power-Sharpening/case_studies/logs-entropycut/mbpp/2026-09-21/vllm/dataset-mbpp.model-qwen3.5-9b.alpha4.0.steps100.blocks-1.prefetch-budget-20.rank-accept_first.cut-entropy4.0.samples20.maxnew1024.seed10086.subtreePrefetch.vllm.log,288,10,285,0.10173685999199247
/Users/jiangnanhugo/workspace/power-sharpening/Subtree-Prefetching-Power-Sharpening/case_studies/logs-entropycut/mbpp/2026-09-21/vllm/dataset-mbpp.model-qwen3.5-9b.alpha4.0.steps100.blocks-1.prefetch-budget-20.rank-accept_first.cut-entropy4.0.samples20.maxnew1024.seed10086.subtreePrefetch.vllm.log,288,11,288,0.13958430953392162
/Users/jiangnanhugo/workspace/power-sharpening/Subtree-Prefetching-Power-Sharpening/case_studies/logs-entropycut/mbpp/2026-09-21/vllm/dataset-mbpp.model-qwen3.5-9b.alpha4.0.steps100.blocks-1.prefetch-budget-20.rank-accept_first.cut-entropy4.0.samples20.maxnew1024.seed10086.subtreePrefetch.vllm.log,288,12,319,0.18693885559090379
/Users/jiangnanhugo/workspace/power-sharpening/Subtree-Prefetching-Power-Sharpening/case_studies/logs-entropycut/mbpp/2026-09-21/vllm/dataset-mbpp.model-qwen3.5-9b.alpha4.0.steps100.blocks-1.prefetch-budget-20.rank-accept_first.cut-entropy4.0.samples20.maxnew1024.seed10086.subtreePrefetch.vllm.log,288,13,28,0.014080054251163347
/Users/jiangnanhugo/workspace/power-sharpening/Subtree-Prefetching-Power-Sharpening/case_studies/logs-entropycut/mbpp/2026-09-21/vllm/dataset-mbpp.model-qwen3.5-9b.alpha4.0.steps100.blocks-1.prefetch-budget-20.rank-accept_first.cut-entropy4.0.samples20.maxnew1024.seed10086.subtreePrefetch.vllm.log,288,14,285,0.10173685999199247
/Users/jiangnanhugo/workspace/power-sharpening/Subtree-Prefetching-Power-Sharpening/case_studies/logs-entropycut/mbpp/2026-09-21/vllm/dataset-mbpp.model-qwen3.5-9b.alpha4.0.steps100.blocks-1.prefetch-budget-20.rank-accept_first.cut-entropy4.0.samples20.maxnew1024.seed10086.subtreePrefetch.vllm.log,288,15,75,0.08559598508082628
/Users/jiangnanhugo/workspace/power-sharpening/Subtree-Prefetching-Power-Sharpening/case_studies/logs-entropycut/mbpp/2026-09-21/vllm/dataset-mbpp.model-qwen3.5-9b.alpha4.0.steps100.blocks-1.prefetch-budget-20.rank-accept_first.cut-entropy4.0.samples20.maxnew1024.seed10086.subtreePrefetch.vllm.log,288,16,75,0.08559598508082628
/Users/jiangnanhugo/workspace/power-sharpening/Subtree-Prefetching-Power-Sharpening/case_studies/logs-entropycut/mbpp/2026-09-21/vllm/dataset-mbpp.model-qwen3.5-9b.alpha4.0.steps100.blocks-1.prefetch-budget-20.rank-accept_first.cut-entropy4.0.samples20.maxnew1024.seed10086.subtreePrefetch.vllm.log,288,17,80,0.005671580653462897
/Users/jiangnanhugo/workspace/power-sharpening/Subtree-Prefetching-Power-Sharpening/case_studies/logs-entropycut/mbpp/2026-09-21/vllm/dataset-mbpp.model-qwen3.5-9b.alpha4.0.steps100.blocks-1.prefetch-budget-20.rank-accept_first.cut-entropy4.0.samples20.maxnew1024.seed10086.subtreePrefetch.vllm.log,288,18,288,0.13958430953392162
/Users/jiangnanhugo/workspace/power-sharpening/Subtree-Prefetching-Power-Sharpening/case_studies/logs-entropycut/mbpp/2026-09-21/vllm/dataset-mbpp.model-qwen3.5-9b.alpha4.0.steps100.blocks-1.prefetch-budget-20.rank-accept_first.cut-entropy4.0.samples20.maxnew1024.seed10086.subtreePrefetch.vllm.log,288,19,75,0.08559598508082628
/Users/jiangnanhugo/workspace/power-sharpening/Subtree-Prefetching-Power-Sharpening/case_studies/logs-entropycut/mbpp/2026-09-21/vllm/dataset-mbpp.model-qwen3.5-9b.alpha4.0.steps100.blocks-1.prefetch-budget-20.rank-accept_first.cut-entropy4.0.samples20.maxnew1024.seed10086.subtreePrefetch.vllm.log,289,0,102,0.03580373929506121
/Users/jiangnanhugo/workspace/power-sharpening/Subtree-Prefetching-Power-Sharpening/case_studies/logs-entropycut/mbpp/2026-09-21/vllm/dataset-mbpp.model-qwen3.5-9b.alpha4.0.steps100.blocks-1.prefetch-budget-20.rank-accept_first.cut-entropy4.0.samples20.maxnew1024.seed10086.subtreePrefetch.vllm.log,289,1,480,0.018891227539618177
/Users/jiangnanhugo/workspace/power-sharpening/Subtree-Prefetching-Power-Sharpening/case_studies/logs-entropycut/mbpp/2026-09-21/vllm/dataset-mbpp.model-qwen3.5-9b.alpha4.0.steps100.blocks-1.prefetch-budget-20.rank-accept_first.cut-entropy4.0.samples20.maxnew1024.seed10086.subtreePrefetch.vllm.log,289,2,319,0.18884444411303378
/Users/jiangnanhugo/workspace/power-sharpening/Subtree-Prefetching-Power-Sharpening/case_studies/logs-entropycut/mbpp/2026-09-21/vllm/dataset-mbpp.model-qwen3.5-9b.alpha4.0.steps100.blocks-1.prefetch-budget-20.rank-accept_first.cut-entropy4.0.samples20.maxnew1024.seed10086.subtreePrefetch.vllm.log,289,3,319,0.18884444411303378
/Users/jiangnanhugo/workspace/power-sharpening/Subtree-Prefetching-Power-Sharpening/case_studies/logs-entropycut/mbpp/2026-09-21/vllm/dataset-mbpp.model-qwen3.5-9b.alpha4.0.steps100.blocks-1.prefetch-budget-20.rank-accept_first.cut-entropy4.0.samples20.maxnew1024.seed10086.subtreePrefetch.vllm.log,289,4,151,0.000551541035454488
/Users/jiangnanhugo/workspace/power-sharpening/Subtree-Prefetching-Power-Sharpening/case_studies/logs-entropycut/mbpp/2026-09-21/vllm/dataset-mbpp.model-qwen3.5-9b.alpha4.0.steps100.blocks-1.prefetch-budget-20.rank-accept_first.cut-entropy4.0.samples20.maxnew1024.seed10086.subtreePrefetch.vllm.log,289,5,138,0.03518836711524519
/Users/jiangnanhugo/workspace/power-sharpening/Subtree-Prefetching-Power-Sharpening/case_studies/logs-entropycut/mbpp/2026-09-21/vllm/dataset-mbpp.model-qwen3.5-9b.alpha4.0.steps100.blocks-1.prefetch-budget-20.rank-accept_first.cut-entropy4.0.samples20.maxnew1024.seed10086.subtreePrefetch.vllm.log,289,6,75,0.08646852025386373
/Users/jiangnanhugo/workspace/power-sharpening/Subtree-Prefetching-Power-Sharpening/case_studies/logs-entropycut/mbpp/2026-09-21/vllm/dataset-mbpp.model-qwen3.5-9b.alpha4.0.steps100.blocks-1.prefetch-budget-20.rank-accept_first.cut-entropy4.0.samples20.maxnew1024.seed10086.subtreePrefetch.vllm.log,289,7,75,0.08646852025386373
/Users/jiangnanhugo/workspace/power-sharpening/Subtree-Prefetching-Power-Sharpening/case_studies/logs-entropycut/mbpp/2026-09-21/vllm/dataset-mbpp.model-qwen3.5-9b.alpha4.0.steps100.blocks-1.prefetch-budget-20.rank-accept_first.cut-entropy4.0.samples20.maxnew1024.seed10086.subtreePrefetch.vllm.log,289,8,319,0.18884444411303378
/Users/jiangnanhugo/workspace/power-sharpening/Subtree-Prefetching-Power-Sharpening/case_studies/logs-entropycut/mbpp/2026-09-21/vllm/dataset-mbpp.model-qwen3.5-9b.alpha4.0.steps100.blocks-1.prefetch-budget-20.rank-accept_first.cut-entropy4.0.samples20.maxnew1024.seed10086.subtreePrefetch.vllm.log,289,9,319,0.18884444411303378
/Users/jiangnanhugo/workspace/power-sharpening/Subtree-Prefetching-Power-Sharpening/case_studies/logs-entropycut/mbpp/2026-09-21/vllm/dataset-mbpp.model-qwen3.5-9b.alpha4.0.steps100.blocks-1.prefetch-budget-20.rank-accept_first.cut-entropy4.0.samples20.maxnew1024.seed10086.subtreePrefetch.vllm.log,289,10,138,0.03518836711524519
/Users/jiangnanhugo/workspace/power-sharpening/Subtree-Prefetching-Power-Sharpening/case_studies/logs-entropycut/mbpp/2026-09-21/vllm/dataset-mbpp.model-qwen3.5-9b.alpha4.0.steps100.blocks-1.prefetch-budget-20.rank-accept_first.cut-entropy4.0.samples20.maxnew1024.seed10086.subtreePrefetch.vllm.log,289,11,319,0.18884444411303378
/Users/jiangnanhugo/workspace/power-sharpening/Subtree-Prefetching-Power-Sharpening/case_studies/logs-entropycut/mbpp/2026-09-21/vllm/dataset-mbpp.model-qwen3.5-9b.alpha4.0.steps100.blocks-1.prefetch-budget-20.rank-accept_first.cut-entropy4.0.samples20.maxnew1024.seed10086.subtreePrefetch.vllm.log,289,12,285,0.10277392953040106
/Users/jiangnanhugo/workspace/power-sharpening/Subtree-Prefetching-Power-Sharpening/case_studies/logs-entropycut/mbpp/2026-09-21/vllm/dataset-mbpp.model-qwen3.5-9b.alpha4.0.steps100.blocks-1.prefetch-budget-20.rank-accept_first.cut-entropy4.0.samples20.maxnew1024.seed10086.subtreePrefetch.vllm.log,289,13,80,0.00572939473904404
/Users/jiangnanhugo/workspace/power-sharpening/Subtree-Prefetching-Power-Sharpening/case_studies/logs-entropycut/mbpp/2026-09-21/vllm/dataset-mbpp.model-qwen3.5-9b.alpha4.0.steps100.blocks-1.prefetch-budget-20.rank-accept_first.cut-entropy4.0.samples20.maxnew1024.seed10086.subtreePrefetch.vllm.log,289,14,51,0.00916225430800086
/Users/jiangnanhugo/workspace/power-sharpening/Subtree-Prefetching-Power-Sharpening/case_studies/logs-entropycut/mbpp/2026-09-21/vllm/dataset-mbpp.model-qwen3.5-9b.alpha4.0.steps100.blocks-1.prefetch-budget-20.rank-accept_first.cut-entropy4.0.samples20.maxnew1024.seed10086.subtreePrefetch.vllm.log,289,15,227,0.018629364813622998
/Users/jiangnanhugo/workspace/power-sharpening/Subtree-Prefetching-Power-Sharpening/case_studies/logs-entropycut/mbpp/2026-09-21/vllm/dataset-mbpp.model-qwen3.5-9b.alpha4.0.steps100.blocks-1.prefetch-budget-20.rank-accept_first.cut-entropy4.0.samples20.maxnew1024.seed10086.subtreePrefetch.vllm.log,289,16,319,0.18884444411303378
/Users/jiangnanhugo/workspace/power-sharpening/Subtree-Prefetching-Power-Sharpening/case_studies/logs-entropycut/mbpp/2026-09-21/vllm/dataset-mbpp.model-qwen3.5-9b.alpha4.0.steps100.blocks-1.prefetch-budget-20.rank-accept_first.cut-entropy4.0.samples20.maxnew1024.seed10086.subtreePrefetch.vllm.log,289,17,75,0.08646852025386373
/Users/jiangnanhugo/workspace/power-sharpening/Subtree-Prefetching-Power-Sharpening/case_studies/logs-entropycut/mbpp/2026-09-21/vllm/dataset-mbpp.model-qwen3.5-9b.alpha4.0.steps100.blocks-1.prefetch-budget-20.rank-accept_first.cut-entropy4.0.samples20.maxnew1024.seed10086.subtreePrefetch.vllm.log,289,18,319,0.18884444411303378
/Users/jiangnanhugo/workspace/power-sharpening/Subtree-Prefetching-Power-Sharpening/case_studies/logs-entropycut/mbpp/2026-09-21/vllm/dataset-mbpp.model-qwen3.5-9b.alpha4.0.steps100.blocks-1.prefetch-budget-20.rank-accept_first.cut-entropy4.0.samples20.maxnew1024.seed10086.subtreePrefetch.vllm.log,289,19,319,0.18884444411303378
/Users/jiangnanhugo/workspace/power-sharpening/Subtree-Prefetching-Power-Sharpening/case_studies/logs-entropycut/mbpp/2026-09-21/vllm/dataset-mbpp.model-qwen3.5-9b.alpha4.0.steps100.blocks-1.prefetch-budget-20.rank-accept_first.cut-entropy4.0.samples20.maxnew1024.seed10086.subtreePrefetch.vllm.log,290,0,285,0.10277392953495756
/Users/jiangnanhugo/workspace/power-sharpening/Subtree-Prefetching-Power-Sharpening/case_studies/logs-entropycut/mbpp/2026-09-21/vllm/dataset-mbpp.model-qwen3.5-9b.alpha4.0.steps100.blocks-1.prefetch-budget-20.rank-accept_first.cut-entropy4.0.samples20.maxnew1024.seed10086.subtreePrefetch.vllm.log,290,1,26,0.006065401234014662
/Users/jiangnanhugo/workspace/power-sharpening/Subtree-Prefetching-Power-Sharpening/case_studies/logs-entropycut/mbpp/2026-09-21/vllm/dataset-mbpp.model-qwen3.5-9b.alpha4.0.steps100.blocks-1.prefetch-budget-20.rank-accept_first.cut-entropy4.0.samples20.maxnew1024.seed10086.subtreePrefetch.vllm.log,290,2,285,0.10277392953495756
/Users/jiangnanhugo/workspace/power-sharpening/Subtree-Prefetching-Power-Sharpening/case_studies/logs-entropycut/mbpp/2026-09-21/vllm/dataset-mbpp.model-qwen3.5-9b.alpha4.0.steps100.blocks-1.prefetch-budget-20.rank-accept_first.cut-entropy4.0.samples20.maxnew1024.seed10086.subtreePrefetch.vllm.log,290,3,75,0.08646852025769733
/Users/jiangnanhugo/workspace/power-sharpening/Subtree-Prefetching-Power-Sharpening/case_studies/logs-entropycut/mbpp/2026-09-21/vllm/dataset-mbpp.model-qwen3.5-9b.alpha4.0.steps100.blocks-1.prefetch-budget-20.rank-accept_first.cut-entropy4.0.samples20.maxnew1024.seed10086.subtreePrefetch.vllm.log,290,4,345,0.0624357250802374
/Users/jiangnanhugo/workspace/power-sharpening/Subtree-Prefetching-Power-Sharpening/case_studies/logs-entropycut/mbpp/2026-09-21/vllm/dataset-mbpp.model-qwen3.5-9b.alpha4.0.steps100.blocks-1.prefetch-budget-20.rank-accept_first.cut-entropy4.0.samples20.maxnew1024.seed10086.subtreePrefetch.vllm.log,290,5,285,0.10277392953495756
/Users/jiangnanhugo/workspace/power-sharpening/Subtree-Prefetching-Power-Sharpening/case_studies/logs-entropycut/mbpp/2026-09-21/vllm/dataset-mbpp.model-qwen3.5-9b.alpha4.0.steps100.blocks-1.prefetch-budget-20.rank-accept_first.cut-entropy4.0.samples20.maxnew1024.seed10086.subtreePrefetch.vllm.log,290,6,75,0.08646852025769733
/Users/jiangnanhugo/workspace/power-sharpening/Subtree-Prefetching-Power-Sharpening/case_studies/logs-entropycut/mbpp/2026-09-21/vllm/dataset-mbpp.model-qwen3.5-9b.alpha4.0.steps100.blocks-1.prefetch-budget-20.rank-accept_first.cut-entropy4.0.samples20.maxnew1024.seed10086.subtreePrefetch.vllm.log,290,7,319,0.18884444412140625
/Users/jiangnanhugo/workspace/power-sharpening/Subtree-Prefetching-Power-Sharpening/case_studies/logs-entropycut/mbpp/2026-09-21/vllm/dataset-mbpp.model-qwen3.5-9b.alpha4.0.steps100.blocks-1.prefetch-budget-20.rank-accept_first.cut-entropy4.0.samples20.maxnew1024.seed10086.subtreePrefetch.vllm.log,290,8,59,0.0043317571377946874
/Users/jiangnanhugo/workspace/power-sharpening/Subtree-Prefetching-Power-Sharpening/case_studies/logs-entropycut/mbpp/2026-09-21/vllm/dataset-mbpp.model-qwen3.5-9b.alpha4.0.steps100.blocks-1.prefetch-budget-20.rank-accept_first.cut-entropy4.0.samples20.maxnew1024.seed10086.subtreePrefetch.vllm.log,290,9,297,0.08283923264054902
/Users/jiangnanhugo/workspace/power-sharpening/Subtree-Prefetching-Power-Sharpening/case_studies/logs-entropycut/mbpp/2026-09-21/vllm/dataset-mbpp.model-qwen3.5-9b.alpha4.0.steps100.blocks-1.prefetch-budget-20.rank-accept_first.cut-entropy4.0.samples20.maxnew1024.seed10086.subtreePrefetch.vllm.log,290,10,288,0.1410071825821446
/Users/jiangnanhugo/workspace/power-sharpening/Subtree-Prefetching-Power-Sharpening/case_studies/logs-entropycut/mbpp/2026-09-21/vllm/dataset-mbpp.model-qwen3.5-9b.alpha4.0.steps100.blocks-1.prefetch-budget-20.rank-accept_first.cut-entropy4.0.samples20.maxnew1024.seed10086.subtreePrefetch.vllm.log,290,11,319,0.18884444412140625
/Users/jiangnanhugo/workspace/power-sharpening/Subtree-Prefetching-Power-Sharpening/case_studies/logs-entropycut/mbpp/2026-09-21/vllm/dataset-mbpp.model-qwen3.5-9b.alpha4.0.steps100.blocks-1.prefetch-budget-20.rank-accept_first.cut-entropy4.0.samples20.maxnew1024.seed10086.subtreePrefetch.vllm.log,290,12,102,0.03580373929664858
/Users/jiangnanhugo/workspace/power-sharpening/Subtree-Prefetching-Power-Sharpening/case_studies/logs-entropycut/mbpp/2026-09-21/vllm/dataset-mbpp.model-qwen3.5-9b.alpha4.0.steps100.blocks-1.prefetch-budget-20.rank-accept_first.cut-entropy4.0.samples20.maxnew1024.seed10086.subtreePrefetch.vllm.log,290,13,34,0.0239580381774185
/Users/jiangnanhugo/workspace/power-sharpening/Subtree-Prefetching-Power-Sharpening/case_studies/logs-entropycut/mbpp/2026-09-21/vllm/dataset-mbpp.model-qwen3.5-9b.alpha4.0.steps100.blocks-1.prefetch-budget-20.rank-accept_first.cut-entropy4.0.samples20.maxnew1024.seed10086.subtreePrefetch.vllm.log,290,14,75,0.08646852025769733
/Users/jiangnanhugo/workspace/power-sharpening/Subtree-Prefetching-Power-Sharpening/case_studies/logs-entropycut/mbpp/2026-09-21/vllm/dataset-mbpp.model-qwen3.5-9b.alpha4.0.steps100.blocks-1.prefetch-budget-20.rank-accept_first.cut-entropy4.0.samples20.maxnew1024.seed10086.subtreePrefetch.vllm.log,290,15,177,0.003317069364907362
/Users/jiangnanhugo/workspace/power-sharpening/Subtree-Prefetching-Power-Sharpening/case_studies/logs-entropycut/mbpp/2026-09-21/vllm/dataset-mbpp.model-qwen3.5-9b.alpha4.0.steps100.blocks-1.prefetch-budget-20.rank-accept_first.cut-entropy4.0.samples20.maxnew1024.seed10086.subtreePrefetch.vllm.log,290,16,69,0.003292792062784386
/Users/jiangnanhugo/workspace/power-sharpening/Subtree-Prefetching-Power-Sharpening/case_studies/logs-entropycut/mbpp/2026-09-21/vllm/dataset-mbpp.model-qwen3.5-9b.alpha4.0.steps100.blocks-1.prefetch-budget-20.rank-accept_first.cut-entropy4.0.samples20.maxnew1024.seed10086.subtreePrefetch.vllm.log,290,17,102,0.03580373929664858
/Users/jiangnanhugo/workspace/power-sharpening/Subtree-Prefetching-Power-Sharpening/case_studies/logs-entropycut/mbpp/2026-09-21/vllm/dataset-mbpp.model-qwen3.5-9b.alpha4.0.steps100.blocks-1.prefetch-budget-20.rank-accept_first.cut-entropy4.0.samples20.maxnew1024.seed10086.subtreePrefetch.vllm.log,290,18,51,0.00916225430840707
/Users/jiangnanhugo/workspace/power-sharpening/Subtree-Prefetching-Power-Sharpening/case_studies/logs-entropycut/mbpp/2026-09-21/vllm/dataset-mbpp.model-qwen3.5-9b.alpha4.0.steps100.blocks-1.prefetch-budget-20.rank-accept_first.cut-entropy4.0.samples20.maxnew1024.seed10086.subtreePrefetch.vllm.log,290,19,198,0.02440910053540422
/Users/jiangnanhugo/workspace/power-sharpening/Subtree-Prefetching-Power-Sharpening/case_studies/logs-entropycut/mbpp/2026-09-21/vllm/dataset-mbpp.model-qwen3.5-9b.alpha4.0.steps100.blocks-1.prefetch-budget-20.rank-accept_first.cut-entropy4.0.samples20.maxnew1024.seed10086.subtreePrefetch.vllm.log,291,0,227,0.017575175632586506
/Users/jiangnanhugo/workspace/power-sharpening/Subtree-Prefetching-Power-Sharpening/case_studies/logs-entropycut/mbpp/2026-09-21/vllm/dataset-mbpp.model-qwen3.5-9b.alpha4.0.steps100.blocks-1.prefetch-budget-20.rank-accept_first.cut-entropy4.0.samples20.maxnew1024.seed10086.subtreePrefetch.vllm.log,291,1,319,0.19039607420908697
/Users/jiangnanhugo/workspace/power-sharpening/Subtree-Prefetching-Power-Sharpening/case_studies/logs-entropycut/mbpp/2026-09-21/vllm/dataset-mbpp.model-qwen3.5-9b.alpha4.0.steps100.blocks-1.prefetch-budget-20.rank-accept_first.cut-entropy4.0.samples20.maxnew1024.seed10086.subtreePrefetch.vllm.log,291,2,75,0.08274771766811334
/Users/jiangnanhugo/workspace/power-sharpening/Subtree-Prefetching-Power-Sharpening/case_studies/logs-entropycut/mbpp/2026-09-21/vllm/dataset-mbpp.model-qwen3.5-9b.alpha4.0.steps100.blocks-1.prefetch-budget-20.rank-accept_first.cut-entropy4.0.samples20.maxnew1024.seed10086.subtreePrefetch.vllm.log,291,3,285,0.1005926040989639
/Users/jiangnanhugo/workspace/power-sharpening/Subtree-Prefetching-Power-Sharpening/case_studies/logs-entropycut/mbpp/2026-09-21/vllm/dataset-mbpp.model-qwen3.5-9b.alpha4.0.steps100.blocks-1.prefetch-budget-20.rank-accept_first.cut-entropy4.0.samples20.maxnew1024.seed10086.subtreePrefetch.vllm.log,291,4,285,0.1005926040989639
/Users/jiangnanhugo/workspace/power-sharpening/Subtree-Prefetching-Power-Sharpening/case_studies/logs-entropycut/mbpp/2026-09-21/vllm/dataset-mbpp.model-qwen3.5-9b.alpha4.0.steps100.blocks-1.prefetch-budget-20.rank-accept_first.cut-entropy4.0.samples20.maxnew1024.seed10086.subtreePrefetch.vllm.log,291,5,75,0.08274771766811334
/Users/jiangnanhugo/workspace/power-sharpening/Subtree-Prefetching-Power-Sharpening/case_studies/logs-entropycut/mbpp/2026-09-21/vllm/dataset-mbpp.model-qwen3.5-9b.alpha4.0.steps100.blocks-1.prefetch-budget-20.rank-accept_first.cut-entropy4.0.samples20.maxnew1024.seed10086.subtreePrefetch.vllm.log,291,6,138,0.033674186382576896
/Users/jiangnanhugo/workspace/power-sharpening/Subtree-Prefetching-Power-Sharpening/case_studies/logs-entropycut/mbpp/2026-09-21/vllm/dataset-mbpp.model-qwen3.5-9b.alpha4.0.steps100.blocks-1.prefetch-budget-20.rank-accept_first.cut-entropy4.0.samples20.maxnew1024.seed10086.subtreePrefetch.vllm.log,291,7,319,0.19039607420908697
/Users/jiangnanhugo/workspace/power-sharpening/Subtree-Prefetching-Power-Sharpening/case_studies/logs-entropycut/mbpp/2026-09-21/vllm/dataset-mbpp.model-qwen3.5-9b.alpha4.0.steps100.blocks-1.prefetch-budget-20.rank-accept_first.cut-entropy4.0.samples20.maxnew1024.seed10086.subtreePrefetch.vllm.log,291,8,138,0.033674186382576896
/Users/jiangnanhugo/workspace/power-sharpening/Subtree-Prefetching-Power-Sharpening/case_studies/logs-entropycut/mbpp/2026-09-21/vllm/dataset-mbpp.model-qwen3.5-9b.alpha4.0.steps100.blocks-1.prefetch-budget-20.rank-accept_first.cut-entropy4.0.samples20.maxnew1024.seed10086.subtreePrefetch.vllm.log,291,9,61,0.0013313180513732682
/Users/jiangnanhugo/workspace/power-sharpening/Subtree-Prefetching-Power-Sharpening/case_studies/logs-entropycut/mbpp/2026-09-21/vllm/dataset-mbpp.model-qwen3.5-9b.alpha4.0.steps100.blocks-1.prefetch-budget-20.rank-accept_first.cut-entropy4.0.samples20.maxnew1024.seed10086.subtreePrefetch.vllm.log,291,10,285,0.1005926040989639
/Users/jiangnanhugo/workspace/power-sharpening/Subtree-Prefetching-Power-Sharpening/case_studies/logs-entropycut/mbpp/2026-09-21/vllm/dataset-mbpp.model-qwen3.5-9b.alpha4.0.steps100.blocks-1.prefetch-budget-20.rank-accept_first.cut-entropy4.0.samples20.maxnew1024.seed10086.subtreePrefetch.vllm.log,291,11,227,0.017575175632586506
/Users/jiangnanhugo/workspace/power-sharpening/Subtree-Prefetching-Power-Sharpening/case_studies/logs-entropycut/mbpp/2026-09-21/vllm/dataset-mbpp.model-qwen3.5-9b.alpha4.0.steps100.blocks-1.prefetch-budget-20.rank-accept_first.cut-entropy4.0.samples20.maxnew1024.seed10086.subtreePrefetch.vllm.log,291,12,78,0.0003748325974699006
/Users/jiangnanhugo/workspace/power-sharpening/Subtree-Prefetching-Power-Sharpening/case_studies/logs-entropycut/mbpp/2026-09-21/vllm/dataset-mbpp.model-qwen3.5-9b.alpha4.0.steps100.blocks-1.prefetch-budget-20.rank-accept_first.cut-entropy4.0.samples20.maxnew1024.seed10086.subtreePrefetch.vllm.log,291,13,75,0.08274771766811334
/Users/jiangnanhugo/workspace/power-sharpening/Subtree-Prefetching-Power-Sharpening/case_studies/logs-entropycut/mbpp/2026-09-21/vllm/dataset-mbpp.model-qwen3.5-9b.alpha4.0.steps100.blocks-1.prefetch-budget-20.rank-accept_first.cut-entropy4.0.samples20.maxnew1024.seed10086.subtreePrefetch.vllm.log,291,14,285,0.1005926040989639
/Users/jiangnanhugo/workspace/power-sharpening/Subtree-Prefetching-Power-Sharpening/case_studies/logs-entropycut/mbpp/2026-09-21/vllm/dataset-mbpp.model-qwen3.5-9b.alpha4.0.steps100.blocks-1.prefetch-budget-20.rank-accept_first.cut-entropy4.0.samples20.maxnew1024.seed10086.subtreePrefetch.vllm.log,291,15,75,0.08274771766811334
/Users/jiangnanhugo/workspace/power-sharpening/Subtree-Prefetching-Power-Sharpening/case_studies/logs-entropycut/mbpp/2026-09-21/vllm/dataset-mbpp.model-qwen3.5-9b.alpha4.0.steps100.blocks-1.prefetch-budget-20.rank-accept_first.cut-entropy4.0.samples20.maxnew1024.seed10086.subtreePrefetch.vllm.log,291,16,285,0.1005926040989639
/Users/jiangnanhugo/workspace/power-sharpening/Subtree-Prefetching-Power-Sharpening/case_studies/logs-entropycut/mbpp/2026-09-21/vllm/dataset-mbpp.model-qwen3.5-9b.alpha4.0.steps100.blocks-1.prefetch-budget-20.rank-accept_first.cut-entropy4.0.samples20.maxnew1024.seed10086.subtreePrefetch.vllm.log,291,17,285,0.1005926040989639
/Users/jiangnanhugo/workspace/power-sharpening/Subtree-Prefetching-Power-Sharpening/case_studies/logs-entropycut/mbpp/2026-09-21/vllm/dataset-mbpp.model-qwen3.5-9b.alpha4.0.steps100.blocks-1.prefetch-budget-20.rank-accept_first.cut-entropy4.0.samples20.maxnew1024.seed10086.subtreePrefetch.vllm.log,291,18,198,0.023223382819724053
/Users/jiangnanhugo/workspace/power-sharpening/Subtree-Prefetching-Power-Sharpening/case_studies/logs-entropycut/mbpp/2026-09-21/vllm/dataset-mbpp.model-qwen3.5-9b.alpha4.0.steps100.blocks-1.prefetch-budget-20.rank-accept_first.cut-entropy4.0.samples20.maxnew1024.seed10086.subtreePrefetch.vllm.log,291,19,51,0.008767995918700056
/Users/jiangnanhugo/workspace/power-sharpening/Subtree-Prefetching-Power-Sharpening/case_studies/logs-entropycut/mbpp/2026-09-21/vllm/dataset-mbpp.model-qwen3.5-9b.alpha4.0.steps100.blocks-1.prefetch-budget-20.rank-accept_first.cut-entropy4.0.samples20.maxnew1024.seed10086.subtreePrefetch.vllm.log,292,0,420,0.016263404344858207
/Users/jiangnanhugo/workspace/power-sharpening/Subtree-Prefetching-Power-Sharpening/case_studies/logs-entropycut/mbpp/2026-09-21/vllm/dataset-mbpp.model-qwen3.5-9b.alpha4.0.steps100.blocks-1.prefetch-budget-20.rank-accept_first.cut-entropy4.0.samples20.maxnew1024.seed10086.subtreePrefetch.vllm.log,292,1,297,0.08417152023165302
/Users/jiangnanhugo/workspace/power-sharpening/Subtree-Prefetching-Power-Sharpening/case_studies/logs-entropycut/mbpp/2026-09-21/vllm/dataset-mbpp.model-qwen3.5-9b.alpha4.0.steps100.blocks-1.prefetch-budget-20.rank-accept_first.cut-entropy4.0.samples20.maxnew1024.seed10086.subtreePrefetch.vllm.log,292,2,285,0.10446344244430042
/Users/jiangnanhugo/workspace/power-sharpening/Subtree-Prefetching-Power-Sharpening/case_studies/logs-entropycut/mbpp/2026-09-21/vllm/dataset-mbpp.model-qwen3.5-9b.alpha4.0.steps100.blocks-1.prefetch-budget-20.rank-accept_first.cut-entropy4.0.samples20.maxnew1024.seed10086.subtreePrefetch.vllm.log,292,3,288,0.14213856507167794
/Users/jiangnanhugo/workspace/power-sharpening/Subtree-Prefetching-Power-Sharpening/case_studies/logs-entropycut/mbpp/2026-09-21/vllm/dataset-mbpp.model-qwen3.5-9b.alpha4.0.steps100.blocks-1.prefetch-budget-20.rank-accept_first.cut-entropy4.0.samples20.maxnew1024.seed10086.subtreePrefetch.vllm.log,292,4,34,0.023809349595325716
/Users/jiangnanhugo/workspace/power-sharpening/Subtree-Prefetching-Power-Sharpening/case_studies/logs-entropycut/mbpp/2026-09-21/vllm/dataset-mbpp.model-qwen3.5-9b.alpha4.0.steps100.blocks-1.prefetch-budget-20.rank-accept_first.cut-entropy4.0.samples20.maxnew1024.seed10086.subtreePrefetch.vllm.log,292,5,138,0.034969980770894464
/Users/jiangnanhugo/workspace/power-sharpening/Subtree-Prefetching-Power-Sharpening/case_studies/logs-entropycut/mbpp/2026-09-21/vllm/dataset-mbpp.model-qwen3.5-9b.alpha4.0.steps100.blocks-1.prefetch-budget-20.rank-accept_first.cut-entropy4.0.samples20.maxnew1024.seed10086.subtreePrefetch.vllm.log,292,6,75,0.0859318785853881
/Users/jiangnanhugo/workspace/power-sharpening/Subtree-Prefetching-Power-Sharpening/case_studies/logs-entropycut/mbpp/2026-09-21/vllm/dataset-mbpp.model-qwen3.5-9b.alpha4.0.steps100.blocks-1.prefetch-budget-20.rank-accept_first.cut-entropy4.0.samples20.maxnew1024.seed10086.subtreePrefetch.vllm.log,292,7,80,0.005693836920509743
/Users/jiangnanhugo/workspace/power-sharpening/Subtree-Prefetching-Power-Sharpening/case_studies/logs-entropycut/mbpp/2026-09-21/vllm/dataset-mbpp.model-qwen3.5-9b.alpha4.0.steps100.blocks-1.prefetch-budget-20.rank-accept_first.cut-entropy4.0.samples20.maxnew1024.seed10086.subtreePrefetch.vllm.log,292,8,26,0.006027758088835959
/Users/jiangnanhugo/workspace/power-sharpening/Subtree-Prefetching-Power-Sharpening/case_studies/logs-entropycut/mbpp/2026-09-21/vllm/dataset-mbpp.model-qwen3.5-9b.alpha4.0.steps100.blocks-1.prefetch-budget-20.rank-accept_first.cut-entropy4.0.samples20.maxnew1024.seed10086.subtreePrefetch.vllm.log,292,9,319,0.1876724361120452
/Users/jiangnanhugo/workspace/power-sharpening/Subtree-Prefetching-Power-Sharpening/case_studies/logs-entropycut/mbpp/2026-09-21/vllm/dataset-mbpp.model-qwen3.5-9b.alpha4.0.steps100.blocks-1.prefetch-budget-20.rank-accept_first.cut-entropy4.0.samples20.maxnew1024.seed10086.subtreePrefetch.vllm.log,292,10,75,0.0859318785853881
/Users/jiangnanhugo/workspace/power-sharpening/Subtree-Prefetching-Power-Sharpening/case_studies/logs-entropycut/mbpp/2026-09-21/vllm/dataset-mbpp.model-qwen3.5-9b.alpha4.0.steps100.blocks-1.prefetch-budget-20.rank-accept_first.cut-entropy4.0.samples20.maxnew1024.seed10086.subtreePrefetch.vllm.log,292,11,288,0.14213856507167794
/Users/jiangnanhugo/workspace/power-sharpening/Subtree-Prefetching-Power-Sharpening/case_studies/logs-entropycut/mbpp/2026-09-21/vllm/dataset-mbpp.model-qwen3.5-9b.alpha4.0.steps100.blocks-1.prefetch-budget-20.rank-accept_first.cut-entropy4.0.samples20.maxnew1024.seed10086.subtreePrefetch.vllm.log,292,12,142,0.002390416773544861
/Users/jiangnanhugo/workspace/power-sharpening/Subtree-Prefetching-Power-Sharpening/case_studies/logs-entropycut/mbpp/2026-09-21/vllm/dataset-mbpp.model-qwen3.5-9b.alpha4.0.steps100.blocks-1.prefetch-budget-20.rank-accept_first.cut-entropy4.0.samples20.maxnew1024.seed10086.subtreePrefetch.vllm.log,292,13,28,0.014135306828283385
/Users/jiangnanhugo/workspace/power-sharpening/Subtree-Prefetching-Power-Sharpening/case_studies/logs-entropycut/mbpp/2026-09-21/vllm/dataset-mbpp.model-qwen3.5-9b.alpha4.0.steps100.blocks-1.prefetch-budget-20.rank-accept_first.cut-entropy4.0.samples20.maxnew1024.seed10086.subtreePrefetch.vllm.log,292,14,34,0.023809349595325716
/Users/jiangnanhugo/workspace/power-sharpening/Subtree-Prefetching-Power-Sharpening/case_studies/logs-entropycut/mbpp/2026-09-21/vllm/dataset-mbpp.model-qwen3.5-9b.alpha4.0.steps100.blocks-1.prefetch-budget-20.rank-accept_first.cut-entropy4.0.samples20.maxnew1024.seed10086.subtreePrefetch.vllm.log,292,15,138,0.034969980770894464
/Users/jiangnanhugo/workspace/power-sharpening/Subtree-Prefetching-Power-Sharpening/case_studies/logs-entropycut/mbpp/2026-09-21/vllm/dataset-mbpp.model-qwen3.5-9b.alpha4.0.steps100.blocks-1.prefetch-budget-20.rank-accept_first.cut-entropy4.0.samples20.maxnew1024.seed10086.subtreePrefetch.vllm.log,292,16,75,0.0859318785853881
/Users/jiangnanhugo/workspace/power-sharpening/Subtree-Prefetching-Power-Sharpening/case_studies/logs-entropycut/mbpp/2026-09-21/vllm/dataset-mbpp.model-qwen3.5-9b.alpha4.0.steps100.blocks-1.prefetch-budget-20.rank-accept_first.cut-entropy4.0.samples20.maxnew1024.seed10086.subtreePrefetch.vllm.log,292,17,288,0.14213856507167794
/Users/jiangnanhugo/workspace/power-sharpening/Subtree-Prefetching-Power-Sharpening/case_studies/logs-entropycut/mbpp/2026-09-21/vllm/dataset-mbpp.model-qwen3.5-9b.alpha4.0.steps100.blocks-1.prefetch-budget-20.rank-accept_first.cut-entropy4.0.samples20.maxnew1024.seed10086.subtreePrefetch.vllm.log,292,18,29,0.0016386479880175996
/Users/jiangnanhugo/workspace/power-sharpening/Subtree-Prefetching-Power-Sharpening/case_studies/logs-entropycut/mbpp/2026-09-21/vllm/dataset-mbpp.model-qwen3.5-9b.alpha4.0.steps100.blocks-1.prefetch-budget-20.rank-accept_first.cut-entropy4.0.samples20.maxnew1024.seed10086.subtreePrefetch.vllm.log,292,19,26,0.006027758088835959
/Users/jiangnanhugo/workspace/power-sharpening/Subtree-Prefetching-Power-Sharpening/case_studies/logs-entropycut/mbpp/2026-09-21/vllm/dataset-mbpp.model-qwen3.5-9b.alpha4.0.steps100.blocks-1.prefetch-budget-20.rank-accept_first.cut-entropy4.0.samples20.maxnew1024.seed10086.subtreePrefetch.vllm.log,293,0,288,0.14213856507801095
/Users/jiangnanhugo/workspace/power-sharpening/Subtree-Prefetching-Power-Sharpening/case_studies/logs-entropycut/mbpp/2026-09-21/vllm/dataset-mbpp.model-qwen3.5-9b.alpha4.0.steps100.blocks-1.prefetch-budget-20.rank-accept_first.cut-entropy4.0.samples20.maxnew1024.seed10086.subtreePrefetch.vllm.log,293,1,75,0.08593187858921682
/Users/jiangnanhugo/workspace/power-sharpening/Subtree-Prefetching-Power-Sharpening/case_studies/logs-entropycut/mbpp/2026-09-21/vllm/dataset-mbpp.model-qwen3.5-9b.alpha4.0.steps100.blocks-1.prefetch-budget-20.rank-accept_first.cut-entropy4.0.samples20.maxnew1024.seed10086.subtreePrefetch.vllm.log,293,2,319,0.18767243612040702
/Users/jiangnanhugo/workspace/power-sharpening/Subtree-Prefetching-Power-Sharpening/case_studies/logs-entropycut/mbpp/2026-09-21/vllm/dataset-mbpp.model-qwen3.5-9b.alpha4.0.steps100.blocks-1.prefetch-budget-20.rank-accept_first.cut-entropy4.0.samples20.maxnew1024.seed10086.subtreePrefetch.vllm.log,293,3,75,0.08593187858921682
/Users/jiangnanhugo/workspace/power-sharpening/Subtree-Prefetching-Power-Sharpening/case_studies/logs-entropycut/mbpp/2026-09-21/vllm/dataset-mbpp.model-qwen3.5-9b.alpha4.0.steps100.blocks-1.prefetch-budget-20.rank-accept_first.cut-entropy4.0.samples20.maxnew1024.seed10086.subtreePrefetch.vllm.log,293,4,303,0.006900999522692835
/Users/jiangnanhugo/workspace/power-sharpening/Subtree-Prefetching-Power-Sharpening/case_studies/logs-entropycut/mbpp/2026-09-21/vllm/dataset-mbpp.model-qwen3.5-9b.alpha4.0.steps100.blocks-1.prefetch-budget-20.rank-accept_first.cut-entropy4.0.samples20.maxnew1024.seed10086.subtreePrefetch.vllm.log,293,5,285,0.10446344244895482
/Users/jiangnanhugo/workspace/power-sharpening/Subtree-Prefetching-Power-Sharpening/case_studies/logs-entropycut/mbpp/2026-09-21/vllm/dataset-mbpp.model-qwen3.5-9b.alpha4.0.steps100.blocks-1.prefetch-budget-20.rank-accept_first.cut-entropy4.0.samples20.maxnew1024.seed10086.subtreePrefetch.vllm.log,293,6,297,0.0841715202354033
/Users/jiangnanhugo/workspace/power-sharpening/Subtree-Prefetching-Power-Sharpening/case_studies/logs-entropycut/mbpp/2026-09-21/vllm/dataset-mbpp.model-qwen3.5-9b.alpha4.0.steps100.blocks-1.prefetch-budget-20.rank-accept_first.cut-entropy4.0.samples20.maxnew1024.seed10086.subtreePrefetch.vllm.log,293,7,75,0.08593187858921682
/Users/jiangnanhugo/workspace/power-sharpening/Subtree-Prefetching-Power-Sharpening/case_studies/logs-entropycut/mbpp/2026-09-21/vllm/dataset-mbpp.model-qwen3.5-9b.alpha4.0.steps100.blocks-1.prefetch-budget-20.rank-accept_first.cut-entropy4.0.samples20.maxnew1024.seed10086.subtreePrefetch.vllm.log,293,8,285,0.10446344244895482
/Users/jiangnanhugo/workspace/power-sharpening/Subtree-Prefetching-Power-Sharpening/case_studies/logs-entropycut/mbpp/2026-09-21/vllm/dataset-mbpp.model-qwen3.5-9b.alpha4.0.steps100.blocks-1.prefetch-budget-20.rank-accept_first.cut-entropy4.0.samples20.maxnew1024.seed10086.subtreePrefetch.vllm.log,293,9,227,0.018251474496263527
/Users/jiangnanhugo/workspace/power-sharpening/Subtree-Prefetching-Power-Sharpening/case_studies/logs-entropycut/mbpp/2026-09-21/vllm/dataset-mbpp.model-qwen3.5-9b.alpha4.0.steps100.blocks-1.prefetch-budget-20.rank-accept_first.cut-entropy4.0.samples20.maxnew1024.seed10086.subtreePrefetch.vllm.log,293,10,75,0.08593187858921682
/Users/jiangnanhugo/workspace/power-sharpening/Subtree-Prefetching-Power-Sharpening/case_studies/logs-entropycut/mbpp/2026-09-21/vllm/dataset-mbpp.model-qwen3.5-9b.alpha4.0.steps100.blocks-1.prefetch-budget-20.rank-accept_first.cut-entropy4.0.samples20.maxnew1024.seed10086.subtreePrefetch.vllm.log,293,11,75,0.08593187858921682
/Users/jiangnanhugo/workspace/power-sharpening/Subtree-Prefetching-Power-Sharpening/case_studies/logs-entropycut/mbpp/2026-09-21/vllm/dataset-mbpp.model-qwen3.5-9b.alpha4.0.steps100.blocks-1.prefetch-budget-20.rank-accept_first.cut-entropy4.0.samples20.maxnew1024.seed10086.subtreePrefetch.vllm.log,293,12,319,0.18767243612040702
/Users/jiangnanhugo/workspace/power-sharpening/Subtree-Prefetching-Power-Sharpening/case_studies/logs-entropycut/mbpp/2026-09-21/vllm/dataset-mbpp.model-qwen3.5-9b.alpha4.0.steps100.blocks-1.prefetch-budget-20.rank-accept_first.cut-entropy4.0.samples20.maxnew1024.seed10086.subtreePrefetch.vllm.log,293,13,285,0.10446344244895482
/Users/jiangnanhugo/workspace/power-sharpening/Subtree-Prefetching-Power-Sharpening/case_studies/logs-entropycut/mbpp/2026-09-21/vllm/dataset-mbpp.model-qwen3.5-9b.alpha4.0.steps100.blocks-1.prefetch-budget-20.rank-accept_first.cut-entropy4.0.samples20.maxnew1024.seed10086.subtreePrefetch.vllm.log,293,14,177,0.003296482940701831
/Users/jiangnanhugo/workspace/power-sharpening/Subtree-Prefetching-Power-Sharpening/case_studies/logs-entropycut/mbpp/2026-09-21/vllm/dataset-mbpp.model-qwen3.5-9b.alpha4.0.steps100.blocks-1.prefetch-budget-20.rank-accept_first.cut-entropy4.0.samples20.maxnew1024.seed10086.subtreePrefetch.vllm.log,293,15,285,0.10446344244895482
/Users/jiangnanhugo/workspace/power-sharpening/Subtree-Prefetching-Power-Sharpening/case_studies/logs-entropycut/mbpp/2026-09-21/vllm/dataset-mbpp.model-qwen3.5-9b.alpha4.0.steps100.blocks-1.prefetch-budget-20.rank-accept_first.cut-entropy4.0.samples20.maxnew1024.seed10086.subtreePrefetch.vllm.log,293,16,142,0.0023904167736513667
/Users/jiangnanhugo/workspace/power-sharpening/Subtree-Prefetching-Power-Sharpening/case_studies/logs-entropycut/mbpp/2026-09-21/vllm/dataset-mbpp.model-qwen3.5-9b.alpha4.0.steps100.blocks-1.prefetch-budget-20.rank-accept_first.cut-entropy4.0.samples20.maxnew1024.seed10086.subtreePrefetch.vllm.log,293,17,75,0.08593187858921682
/Users/jiangnanhugo/workspace/power-sharpening/Subtree-Prefetching-Power-Sharpening/case_studies/logs-entropycut/mbpp/2026-09-21/vllm/dataset-mbpp.model-qwen3.5-9b.alpha4.0.steps100.blocks-1.prefetch-budget-20.rank-accept_first.cut-entropy4.0.samples20.maxnew1024.seed10086.subtreePrefetch.vllm.log,293,18,51,0.00910539144751327
/Users/jiangnanhugo/workspace/power-sharpening/Subtree-Prefetching-Power-Sharpening/case_studies/logs-entropycut/mbpp/2026-09-21/vllm/dataset-mbpp.model-qwen3.5-9b.alpha4.0.steps100.blocks-1.prefetch-budget-20.rank-accept_first.cut-entropy4.0.samples20.maxnew1024.seed10086.subtreePrefetch.vllm.log,293,19,75,0.08593187858921682
/Users/jiangnanhugo/workspace/power-sharpening/Subtree-Prefetching-Power-Sharpening/case_studies/logs-entropycut/mbpp/2026-09-21/vllm/dataset-mbpp.model-qwen3.5-9b.alpha4.0.steps100.blocks-1.prefetch-budget-20.rank-accept_first.cut-entropy4.0.samples20.maxnew1024.seed10086.subtreePrefetch.vllm.log,294,0,297,0.08417152023165302
/Users/jiangnanhugo/workspace/power-sharpening/Subtree-Prefetching-Power-Sharpening/case_studies/logs-entropycut/mbpp/2026-09-21/vllm/dataset-mbpp.model-qwen3.5-9b.alpha4.0.steps100.blocks-1.prefetch-budget-20.rank-accept_first.cut-entropy4.0.samples20.maxnew1024.seed10086.subtreePrefetch.vllm.log,294,1,297,0.08417152023165302
/Users/jiangnanhugo/workspace/power-sharpening/Subtree-Prefetching-Power-Sharpening/case_studies/logs-entropycut/mbpp/2026-09-21/vllm/dataset-mbpp.model-qwen3.5-9b.alpha4.0.steps100.blocks-1.prefetch-budget-20.rank-accept_first.cut-entropy4.0.samples20.maxnew1024.seed10086.subtreePrefetch.vllm.log,294,2,75,0.0859318785853881
/Users/jiangnanhugo/workspace/power-sharpening/Subtree-Prefetching-Power-Sharpening/case_studies/logs-entropycut/mbpp/2026-09-21/vllm/dataset-mbpp.model-qwen3.5-9b.alpha4.0.steps100.blocks-1.prefetch-budget-20.rank-accept_first.cut-entropy4.0.samples20.maxnew1024.seed10086.subtreePrefetch.vllm.log,294,3,288,0.14213856507167794
/Users/jiangnanhugo/workspace/power-sharpening/Subtree-Prefetching-Power-Sharpening/case_studies/logs-entropycut/mbpp/2026-09-21/vllm/dataset-mbpp.model-qwen3.5-9b.alpha4.0.steps100.blocks-1.prefetch-budget-20.rank-accept_first.cut-entropy4.0.samples20.maxnew1024.seed10086.subtreePrefetch.vllm.log,294,4,288,0.14213856507167794
/Users/jiangnanhugo/workspace/power-sharpening/Subtree-Prefetching-Power-Sharpening/case_studies/logs-entropycut/mbpp/2026-09-21/vllm/dataset-mbpp.model-qwen3.5-9b.alpha4.0.steps100.blocks-1.prefetch-budget-20.rank-accept_first.cut-entropy4.0.samples20.maxnew1024.seed10086.subtreePrefetch.vllm.log,294,5,288,0.14213856507167794
/Users/jiangnanhugo/workspace/power-sharpening/Subtree-Prefetching-Power-Sharpening/case_studies/logs-entropycut/mbpp/2026-09-21/vllm/dataset-mbpp.model-qwen3.5-9b.alpha4.0.steps100.blocks-1.prefetch-budget-20.rank-accept_first.cut-entropy4.0.samples20.maxnew1024.seed10086.subtreePrefetch.vllm.log,294,6,138,0.034969980770894464
/Users/jiangnanhugo/workspace/power-sharpening/Subtree-Prefetching-Power-Sharpening/case_studies/logs-entropycut/mbpp/2026-09-21/vllm/dataset-mbpp.model-qwen3.5-9b.alpha4.0.steps100.blocks-1.prefetch-budget-20.rank-accept_first.cut-entropy4.0.samples20.maxnew1024.seed10086.subtreePrefetch.vllm.log,294,7,138,0.034969980770894464
/Users/jiangnanhugo/workspace/power-sharpening/Subtree-Prefetching-Power-Sharpening/case_studies/logs-entropycut/mbpp/2026-09-21/vllm/dataset-mbpp.model-qwen3.5-9b.alpha4.0.steps100.blocks-1.prefetch-budget-20.rank-accept_first.cut-entropy4.0.samples20.maxnew1024.seed10086.subtreePrefetch.vllm.log,294,8,288,0.14213856507167794
/Users/jiangnanhugo/workspace/power-sharpening/Subtree-Prefetching-Power-Sharpening/case_studies/logs-entropycut/mbpp/2026-09-21/vllm/dataset-mbpp.model-qwen3.5-9b.alpha4.0.steps100.blocks-1.prefetch-budget-20.rank-accept_first.cut-entropy4.0.samples20.maxnew1024.seed10086.subtreePrefetch.vllm.log,294,9,102,0.03558153382263544
/Users/jiangnanhugo/workspace/power-sharpening/Subtree-Prefetching-Power-Sharpening/case_studies/logs-entropycut/mbpp/2026-09-21/vllm/dataset-mbpp.model-qwen3.5-9b.alpha4.0.steps100.blocks-1.prefetch-budget-20.rank-accept_first.cut-entropy4.0.samples20.maxnew1024.seed10086.subtreePrefetch.vllm.log,294,10,285,0.10446344244430042
/Users/jiangnanhugo/workspace/power-sharpening/Subtree-Prefetching-Power-Sharpening/case_studies/logs-entropycut/mbpp/2026-09-21/vllm/dataset-mbpp.model-qwen3.5-9b.alpha4.0.steps100.blocks-1.prefetch-budget-20.rank-accept_first.cut-entropy4.0.samples20.maxnew1024.seed10086.subtreePrefetch.vllm.log,294,11,75,0.0859318785853881
/Users/jiangnanhugo/workspace/power-sharpening/Subtree-Prefetching-Power-Sharpening/case_studies/logs-entropycut/mbpp/2026-09-21/vllm/dataset-mbpp.model-qwen3.5-9b.alpha4.0.steps100.blocks-1.prefetch-budget-20.rank-accept_first.cut-entropy4.0.samples20.maxnew1024.seed10086.subtreePrefetch.vllm.log,294,12,288,0.14213856507167794
/Users/jiangnanhugo/workspace/power-sharpening/Subtree-Prefetching-Power-Sharpening/case_studies/logs-entropycut/mbpp/2026-09-21/vllm/dataset-mbpp.model-qwen3.5-9b.alpha4.0.steps100.blocks-1.prefetch-budget-20.rank-accept_first.cut-entropy4.0.samples20.maxnew1024.seed10086.subtreePrefetch.vllm.log,294,13,51,0.009105391447107576
/Users/jiangnanhugo/workspace/power-sharpening/Subtree-Prefetching-Power-Sharpening/case_studies/logs-entropycut/mbpp/2026-09-21/vllm/dataset-mbpp.model-qwen3.5-9b.alpha4.0.steps100.blocks-1.prefetch-budget-20.rank-accept_first.cut-entropy4.0.samples20.maxnew1024.seed10086.subtreePrefetch.vllm.log,294,14,102,0.03558153382263544
/Users/jiangnanhugo/workspace/power-sharpening/Subtree-Prefetching-Power-Sharpening/case_studies/logs-entropycut/mbpp/2026-09-21/vllm/dataset-mbpp.model-qwen3.5-9b.alpha4.0.steps100.blocks-1.prefetch-budget-20.rank-accept_first.cut-entropy4.0.samples20.maxnew1024.seed10086.subtreePrefetch.vllm.log,294,15,288,0.14213856507167794
/Users/jiangnanhugo/workspace/power-sharpening/Subtree-Prefetching-Power-Sharpening/case_studies/logs-entropycut/mbpp/2026-09-21/vllm/dataset-mbpp.model-qwen3.5-9b.alpha4.0.steps100.blocks-1.prefetch-budget-20.rank-accept_first.cut-entropy4.0.samples20.maxnew1024.seed10086.subtreePrefetch.vllm.log,294,16,59,0.004304873349480331
/Users/jiangnanhugo/workspace/power-sharpening/Subtree-Prefetching-Power-Sharpening/case_studies/logs-entropycut/mbpp/2026-09-21/vllm/dataset-mbpp.model-qwen3.5-9b.alpha4.0.steps100.blocks-1.prefetch-budget-20.rank-accept_first.cut-entropy4.0.samples20.maxnew1024.seed10086.subtreePrefetch.vllm.log,294,17,75,0.0859318785853881
/Users/jiangnanhugo/workspace/power-sharpening/Subtree-Prefetching-Power-Sharpening/case_studies/logs-entropycut/mbpp/2026-09-21/vllm/dataset-mbpp.model-qwen3.5-9b.alpha4.0.steps100.blocks-1.prefetch-budget-20.rank-accept_first.cut-entropy4.0.samples20.maxnew1024.seed10086.subtreePrefetch.vllm.log,294,18,242,0.0018473539217340935
/Users/jiangnanhugo/workspace/power-sharpening/Subtree-Prefetching-Power-Sharpening/case_studies/logs-entropycut/mbpp/2026-09-21/vllm/dataset-mbpp.model-qwen3.5-9b.alpha4.0.steps100.blocks-1.prefetch-budget-20.rank-accept_first.cut-entropy4.0.samples20.maxnew1024.seed10086.subtreePrefetch.vllm.log,294,19,35,0.002010883605474825
/Users/jiangnanhugo/workspace/power-sharpening/Subtree-Prefetching-Power-Sharpening/case_studies/logs-entropycut/mbpp/2026-09-21/vllm/dataset-mbpp.model-qwen3.5-9b.alpha4.0.steps100.blocks-1.prefetch-budget-20.rank-accept_first.cut-entropy4.0.samples20.maxnew1024.seed10086.subtreePrefetch.vllm.log,295,0,102,0.03558153382263544
/Users/jiangnanhugo/workspace/power-sharpening/Subtree-Prefetching-Power-Sharpening/case_studies/logs-entropycut/mbpp/2026-09-21/vllm/dataset-mbpp.model-qwen3.5-9b.alpha4.0.steps100.blocks-1.prefetch-budget-20.rank-accept_first.cut-entropy4.0.samples20.maxnew1024.seed10086.subtreePrefetch.vllm.log,295,1,480,0.018773984642010473
/Users/jiangnanhugo/workspace/power-sharpening/Subtree-Prefetching-Power-Sharpening/case_studies/logs-entropycut/mbpp/2026-09-21/vllm/dataset-mbpp.model-qwen3.5-9b.alpha4.0.steps100.blocks-1.prefetch-budget-20.rank-accept_first.cut-entropy4.0.samples20.maxnew1024.seed10086.subtreePrefetch.vllm.log,295,2,285,0.10446344244430042
/Users/jiangnanhugo/workspace/power-sharpening/Subtree-Prefetching-Power-Sharpening/case_studies/logs-entropycut/mbpp/2026-09-21/vllm/dataset-mbpp.model-qwen3.5-9b.alpha4.0.steps100.blocks-1.prefetch-budget-20.rank-accept_first.cut-entropy4.0.samples20.maxnew1024.seed10086.subtreePrefetch.vllm.log,295,3,138,0.034969980770894464
/Users/jiangnanhugo/workspace/power-sharpening/Subtree-Prefetching-Power-Sharpening/case_studies/logs-entropycut/mbpp/2026-09-21/vllm/dataset-mbpp.model-qwen3.5-9b.alpha4.0.steps100.blocks-1.prefetch-budget-20.rank-accept_first.cut-entropy4.0.samples20.maxnew1024.seed10086.subtreePrefetch.vllm.log,295,4,75,0.0859318785853881
/Users/jiangnanhugo/workspace/power-sharpening/Subtree-Prefetching-Power-Sharpening/case_studies/logs-entropycut/mbpp/2026-09-21/vllm/dataset-mbpp.model-qwen3.5-9b.alpha4.0.steps100.blocks-1.prefetch-budget-20.rank-accept_first.cut-entropy4.0.samples20.maxnew1024.seed10086.subtreePrefetch.vllm.log,295,5,198,0.024117026656984484
/Users/jiangnanhugo/workspace/power-sharpening/Subtree-Prefetching-Power-Sharpening/case_studies/logs-entropycut/mbpp/2026-09-21/vllm/dataset-mbpp.model-qwen3.5-9b.alpha4.0.steps100.blocks-1.prefetch-budget-20.rank-accept_first.cut-entropy4.0.samples20.maxnew1024.seed10086.subtreePrefetch.vllm.log,295,6,75,0.0859318785853881
/Users/jiangnanhugo/workspace/power-sharpening/Subtree-Prefetching-Power-Sharpening/case_studies/logs-entropycut/mbpp/2026-09-21/vllm/dataset-mbpp.model-qwen3.5-9b.alpha4.0.steps100.blocks-1.prefetch-budget-20.rank-accept_first.cut-entropy4.0.samples20.maxnew1024.seed10086.subtreePrefetch.vllm.log,295,7,345,0.06204823594755601
/Users/jiangnanhugo/workspace/power-sharpening/Subtree-Prefetching-Power-Sharpening/case_studies/logs-entropycut/mbpp/2026-09-21/vllm/dataset-mbpp.model-qwen3.5-9b.alpha4.0.steps100.blocks-1.prefetch-budget-20.rank-accept_first.cut-entropy4.0.samples20.maxnew1024.seed10086.subtreePrefetch.vllm.log,295,8,319,0.1876724361120452
/Users/jiangnanhugo/workspace/power-sharpening/Subtree-Prefetching-Power-Sharpening/case_studies/logs-entropycut/mbpp/2026-09-21/vllm/dataset-mbpp.model-qwen3.5-9b.alpha4.0.steps100.blocks-1.prefetch-budget-20.rank-accept_first.cut-entropy4.0.samples20.maxnew1024.seed10086.subtreePrefetch.vllm.log,295,9,297,0.08417152023165302
/Users/jiangnanhugo/workspace/power-sharpening/Subtree-Prefetching-Power-Sharpening/case_studies/logs-entropycut/mbpp/2026-09-21/vllm/dataset-mbpp.model-qwen3.5-9b.alpha4.0.steps100.blocks-1.prefetch-budget-20.rank-accept_first.cut-entropy4.0.samples20.maxnew1024.seed10086.subtreePrefetch.vllm.log,295,10,102,0.03558153382263544
/Users/jiangnanhugo/workspace/power-sharpening/Subtree-Prefetching-Power-Sharpening/case_studies/logs-entropycut/mbpp/2026-09-21/vllm/dataset-mbpp.model-qwen3.5-9b.alpha4.0.steps100.blocks-1.prefetch-budget-20.rank-accept_first.cut-entropy4.0.samples20.maxnew1024.seed10086.subtreePrefetch.vllm.log,295,11,167,0.02083735403241771
/Users/jiangnanhugo/workspace/power-sharpening/Subtree-Prefetching-Power-Sharpening/case_studies/logs-entropycut/mbpp/2026-09-21/vllm/dataset-mbpp.model-qwen3.5-9b.alpha4.0.steps100.blocks-1.prefetch-budget-20.rank-accept_first.cut-entropy4.0.samples20.maxnew1024.seed10086.subtreePrefetch.vllm.log,295,12,319,0.1876724361120452
/Users/jiangnanhugo/workspace/power-sharpening/Subtree-Prefetching-Power-Sharpening/case_studies/logs-entropycut/mbpp/2026-09-21/vllm/dataset-mbpp.model-qwen3.5-9b.alpha4.0.steps100.blocks-1.prefetch-budget-20.rank-accept_first.cut-entropy4.0.samples20.maxnew1024.seed10086.subtreePrefetch.vllm.log,295,13,288,0.14213856507167794
/Users/jiangnanhugo/workspace/power-sharpening/Subtree-Prefetching-Power-Sharpening/case_studies/logs-entropycut/mbpp/2026-09-21/vllm/dataset-mbpp.model-qwen3.5-9b.alpha4.0.steps100.blocks-1.prefetch-budget-20.rank-accept_first.cut-entropy4.0.samples20.maxnew1024.seed10086.subtreePrefetch.vllm.log,295,14,75,0.0859318785853881
/Users/jiangnanhugo/workspace/power-sharpening/Subtree-Prefetching-Power-Sharpening/case_studies/logs-entropycut/mbpp/2026-09-21/vllm/dataset-mbpp.model-qwen3.5-9b.alpha4.0.steps100.blocks-1.prefetch-budget-20.rank-accept_first.cut-entropy4.0.samples20.maxnew1024.seed10086.subtreePrefetch.vllm.log,295,15,319,0.1876724361120452
/Users/jiangnanhugo/workspace/power-sharpening/Subtree-Prefetching-Power-Sharpening/case_studies/logs-entropycut/mbpp/2026-09-21/vllm/dataset-mbpp.model-qwen3.5-9b.alpha4.0.steps100.blocks-1.prefetch-budget-20.rank-accept_first.cut-entropy4.0.samples20.maxnew1024.seed10086.subtreePrefetch.vllm.log,295,16,102,0.03558153382263544
/Users/jiangnanhugo/workspace/power-sharpening/Subtree-Prefetching-Power-Sharpening/case_studies/logs-entropycut/mbpp/2026-09-21/vllm/dataset-mbpp.model-qwen3.5-9b.alpha4.0.steps100.blocks-1.prefetch-budget-20.rank-accept_first.cut-entropy4.0.samples20.maxnew1024.seed10086.subtreePrefetch.vllm.log,295,17,288,0.14213856507167794
/Users/jiangnanhugo/workspace/power-sharpening/Subtree-Prefetching-Power-Sharpening/case_studies/logs-entropycut/mbpp/2026-09-21/vllm/dataset-mbpp.model-qwen3.5-9b.alpha4.0.steps100.blocks-1.prefetch-budget-20.rank-accept_first.cut-entropy4.0.samples20.maxnew1024.seed10086.subtreePrefetch.vllm.log,295,18,75,0.0859318785853881
/Users/jiangnanhugo/workspace/power-sharpening/Subtree-Prefetching-Power-Sharpening/case_studies/logs-entropycut/mbpp/2026-09-21/vllm/dataset-mbpp.model-qwen3.5-9b.alpha4.0.steps100.blocks-1.prefetch-budget-20.rank-accept_first.cut-entropy4.0.samples20.maxnew1024.seed10086.subtreePrefetch.vllm.log,295,19,69,0.0032723563084327105
/Users/jiangnanhugo/workspace/power-sharpening/Subtree-Prefetching-Power-Sharpening/case_studies/logs-entropycut/mbpp/2026-09-21/vllm/dataset-mbpp.model-qwen3.5-9b.alpha4.0.steps100.blocks-1.prefetch-budget-20.rank-accept_first.cut-entropy4.0.samples20.maxnew1024.seed10086.subtreePrefetch.vllm.log,296,0,227,0.01825147449598911
/Users/jiangnanhugo/workspace/power-sharpening/Subtree-Prefetching-Power-Sharpening/case_studies/logs-entropycut/mbpp/2026-09-21/vllm/dataset-mbpp.model-qwen3.5-9b.alpha4.0.steps100.blocks-1.prefetch-budget-20.rank-accept_first.cut-entropy4.0.samples20.maxnew1024.seed10086.subtreePrefetch.vllm.log,296,1,480,0.018773984642564683
/Users/jiangnanhugo/workspace/power-sharpening/Subtree-Prefetching-Power-Sharpening/case_studies/logs-entropycut/mbpp/2026-09-21/vllm/dataset-mbpp.model-qwen3.5-9b.alpha4.0.steps100.blocks-1.prefetch-budget-20.rank-accept_first.cut-entropy4.0.samples20.maxnew1024.seed10086.subtreePrefetch.vllm.log,296,2,319,0.1876724361175853
/Users/jiangnanhugo/workspace/power-sharpening/Subtree-Prefetching-Power-Sharpening/case_studies/logs-entropycut/mbpp/2026-09-21/vllm/dataset-mbpp.model-qwen3.5-9b.alpha4.0.steps100.blocks-1.prefetch-budget-20.rank-accept_first.cut-entropy4.0.samples20.maxnew1024.seed10086.subtreePrefetch.vllm.log,296,3,319,0.1876724361175853
/Users/jiangnanhugo/workspace/power-sharpening/Subtree-Prefetching-Power-Sharpening/case_studies/logs-entropycut/mbpp/2026-09-21/vllm/dataset-mbpp.model-qwen3.5-9b.alpha4.0.steps100.blocks-1.prefetch-budget-20.rank-accept_first.cut-entropy4.0.samples20.maxnew1024.seed10086.subtreePrefetch.vllm.log,296,4,285,0.10446344244738417
/Users/jiangnanhugo/workspace/power-sharpening/Subtree-Prefetching-Power-Sharpening/case_studies/logs-entropycut/mbpp/2026-09-21/vllm/dataset-mbpp.model-qwen3.5-9b.alpha4.0.steps100.blocks-1.prefetch-budget-20.rank-accept_first.cut-entropy4.0.samples20.maxnew1024.seed10086.subtreePrefetch.vllm.log,296,5,285,0.10446344244738417
/Users/jiangnanhugo/workspace/power-sharpening/Subtree-Prefetching-Power-Sharpening/case_studies/logs-entropycut/mbpp/2026-09-21/vllm/dataset-mbpp.model-qwen3.5-9b.alpha4.0.steps100.blocks-1.prefetch-budget-20.rank-accept_first.cut-entropy4.0.samples20.maxnew1024.seed10086.subtreePrefetch.vllm.log,296,6,145,0.005664096569272197
/Users/jiangnanhugo/workspace/power-sharpening/Subtree-Prefetching-Power-Sharpening/case_studies/logs-entropycut/mbpp/2026-09-21/vllm/dataset-mbpp.model-qwen3.5-9b.alpha4.0.steps100.blocks-1.prefetch-budget-20.rank-accept_first.cut-entropy4.0.samples20.maxnew1024.seed10086.subtreePrefetch.vllm.log,296,7,319,0.1876724361175853
/Users/jiangnanhugo/workspace/power-sharpening/Subtree-Prefetching-Power-Sharpening/case_studies/logs-entropycut/mbpp/2026-09-21/vllm/dataset-mbpp.model-qwen3.5-9b.alpha4.0.steps100.blocks-1.prefetch-budget-20.rank-accept_first.cut-entropy4.0.samples20.maxnew1024.seed10086.subtreePrefetch.vllm.log,296,8,319,0.1876724361175853
/Users/jiangnanhugo/workspace/power-sharpening/Subtree-Prefetching-Power-Sharpening/case_studies/logs-entropycut/mbpp/2026-09-21/vllm/dataset-mbpp.model-qwen3.5-9b.alpha4.0.steps100.blocks-1.prefetch-budget-20.rank-accept_first.cut-entropy4.0.samples20.maxnew1024.seed10086.subtreePrefetch.vllm.log,296,9,138,0.03496998077192677
/Users/jiangnanhugo/workspace/power-sharpening/Subtree-Prefetching-Power-Sharpening/case_studies/logs-entropycut/mbpp/2026-09-21/vllm/dataset-mbpp.model-qwen3.5-9b.alpha4.0.steps100.blocks-1.prefetch-budget-20.rank-accept_first.cut-entropy4.0.samples20.maxnew1024.seed10086.subtreePrefetch.vllm.log,296,10,28,0.014135306828700659
/Users/jiangnanhugo/workspace/power-sharpening/Subtree-Prefetching-Power-Sharpening/case_studies/logs-entropycut/mbpp/2026-09-21/vllm/dataset-mbpp.model-qwen3.5-9b.alpha4.0.steps100.blocks-1.prefetch-budget-20.rank-accept_first.cut-entropy4.0.samples20.maxnew1024.seed10086.subtreePrefetch.vllm.log,296,11,319,0.1876724361175853
/Users/jiangnanhugo/workspace/power-sharpening/Subtree-Prefetching-Power-Sharpening/case_studies/logs-entropycut/mbpp/2026-09-21/vllm/dataset-mbpp.model-qwen3.5-9b.alpha4.0.steps100.blocks-1.prefetch-budget-20.rank-accept_first.cut-entropy4.0.samples20.maxnew1024.seed10086.subtreePrefetch.vllm.log,296,12,285,0.10446344244738417
/Users/jiangnanhugo/workspace/power-sharpening/Subtree-Prefetching-Power-Sharpening/case_studies/logs-entropycut/mbpp/2026-09-21/vllm/dataset-mbpp.model-qwen3.5-9b.alpha4.0.steps100.blocks-1.prefetch-budget-20.rank-accept_first.cut-entropy4.0.samples20.maxnew1024.seed10086.subtreePrefetch.vllm.log,296,13,102,0.0355815338236858
/Users/jiangnanhugo/workspace/power-sharpening/Subtree-Prefetching-Power-Sharpening/case_studies/logs-entropycut/mbpp/2026-09-21/vllm/dataset-mbpp.model-qwen3.5-9b.alpha4.0.steps100.blocks-1.prefetch-budget-20.rank-accept_first.cut-entropy4.0.samples20.maxnew1024.seed10086.subtreePrefetch.vllm.log,296,14,400,0.009974679802378032
/Users/jiangnanhugo/workspace/power-sharpening/Subtree-Prefetching-Power-Sharpening/case_studies/logs-entropycut/mbpp/2026-09-21/vllm/dataset-mbpp.model-qwen3.5-9b.alpha4.0.steps100.blocks-1.prefetch-budget-20.rank-accept_first.cut-entropy4.0.samples20.maxnew1024.seed10086.subtreePrefetch.vllm.log,296,15,167,0.02083735403303283
/Users/jiangnanhugo/workspace/power-sharpening/Subtree-Prefetching-Power-Sharpening/case_studies/logs-entropycut/mbpp/2026-09-21/vllm/dataset-mbpp.model-qwen3.5-9b.alpha4.0.steps100.blocks-1.prefetch-budget-20.rank-accept_first.cut-entropy4.0.samples20.maxnew1024.seed10086.subtreePrefetch.vllm.log,296,16,288,0.14213856507587386
/Users/jiangnanhugo/workspace/power-sharpening/Subtree-Prefetching-Power-Sharpening/case_studies/logs-entropycut/mbpp/2026-09-21/vllm/dataset-mbpp.model-qwen3.5-9b.alpha4.0.steps100.blocks-1.prefetch-budget-20.rank-accept_first.cut-entropy4.0.samples20.maxnew1024.seed10086.subtreePrefetch.vllm.log,296,17,297,0.08417152023413775
/Users/jiangnanhugo/workspace/power-sharpening/Subtree-Prefetching-Power-Sharpening/case_studies/logs-entropycut/mbpp/2026-09-21/vllm/dataset-mbpp.model-qwen3.5-9b.alpha4.0.steps100.blocks-1.prefetch-budget-20.rank-accept_first.cut-entropy4.0.samples20.maxnew1024.seed10086.subtreePrefetch.vllm.log,296,18,138,0.03496998077192677
/Users/jiangnanhugo/workspace/power-sharpening/Subtree-Prefetching-Power-Sharpening/case_studies/logs-entropycut/mbpp/2026-09-21/vllm/dataset-mbpp.model-qwen3.5-9b.alpha4.0.steps100.blocks-1.prefetch-budget-20.rank-accept_first.cut-entropy4.0.samples20.maxnew1024.seed10086.subtreePrefetch.vllm.log,296,19,102,0.0355815338236858
/Users/jiangnanhugo/workspace/power-sharpening/Subtree-Prefetching-Power-Sharpening/case_studies/logs-entropycut/mbpp/2026-09-21/vllm/dataset-mbpp.model-qwen3.5-9b.alpha4.0.steps100.blocks-1.prefetch-budget-20.rank-accept_first.cut-entropy4.0.samples20.maxnew1024.seed10086.subtreePrefetch.vllm.log,297,0,345,0.06204823594939565
/Users/jiangnanhugo/workspace/power-sharpening/Subtree-Prefetching-Power-Sharpening/case_studies/logs-entropycut/mbpp/2026-09-21/vllm/dataset-mbpp.model-qwen3.5-9b.alpha4.0.steps100.blocks-1.prefetch-budget-20.rank-accept_first.cut-entropy4.0.samples20.maxnew1024.seed10086.subtreePrefetch.vllm.log,297,1,297,0.08417152023414858
/Users/jiangnanhugo/workspace/power-sharpening/Subtree-Prefetching-Power-Sharpening/case_studies/logs-entropycut/mbpp/2026-09-21/vllm/dataset-mbpp.model-qwen3.5-9b.alpha4.0.steps100.blocks-1.prefetch-budget-20.rank-accept_first.cut-entropy4.0.samples20.maxnew1024.seed10086.subtreePrefetch.vllm.log,297,2,319,0.18767243611760942
/Users/jiangnanhugo/workspace/power-sharpening/Subtree-Prefetching-Power-Sharpening/case_studies/logs-entropycut/mbpp/2026-09-21/vllm/dataset-mbpp.model-qwen3.5-9b.alpha4.0.steps100.blocks-1.prefetch-budget-20.rank-accept_first.cut-entropy4.0.samples20.maxnew1024.seed10086.subtreePrefetch.vllm.log,297,3,288,0.14213856507589215
/Users/jiangnanhugo/workspace/power-sharpening/Subtree-Prefetching-Power-Sharpening/case_studies/logs-entropycut/mbpp/2026-09-21/vllm/dataset-mbpp.model-qwen3.5-9b.alpha4.0.steps100.blocks-1.prefetch-budget-20.rank-accept_first.cut-entropy4.0.samples20.maxnew1024.seed10086.subtreePrefetch.vllm.log,297,4,288,0.14213856507589215
/Users/jiangnanhugo/workspace/power-sharpening/Subtree-Prefetching-Power-Sharpening/case_studies/logs-entropycut/mbpp/2026-09-21/vllm/dataset-mbpp.model-qwen3.5-9b.alpha4.0.steps100.blocks-1.prefetch-budget-20.rank-accept_first.cut-entropy4.0.samples20.maxnew1024.seed10086.subtreePrefetch.vllm.log,297,5,285,0.10446344244739761
/Users/jiangnanhugo/workspace/power-sharpening/Subtree-Prefetching-Power-Sharpening/case_studies/logs-entropycut/mbpp/2026-09-21/vllm/dataset-mbpp.model-qwen3.5-9b.alpha4.0.steps100.blocks-1.prefetch-budget-20.rank-accept_first.cut-entropy4.0.samples20.maxnew1024.seed10086.subtreePrefetch.vllm.log,297,6,75,0.08593187858793586
/Users/jiangnanhugo/workspace/power-sharpening/Subtree-Prefetching-Power-Sharpening/case_studies/logs-entropycut/mbpp/2026-09-21/vllm/dataset-mbpp.model-qwen3.5-9b.alpha4.0.steps100.blocks-1.prefetch-budget-20.rank-accept_first.cut-entropy4.0.samples20.maxnew1024.seed10086.subtreePrefetch.vllm.log,297,7,319,0.18767243611760942
/Users/jiangnanhugo/workspace/power-sharpening/Subtree-Prefetching-Power-Sharpening/case_studies/logs-entropycut/mbpp/2026-09-21/vllm/dataset-mbpp.model-qwen3.5-9b.alpha4.0.steps100.blocks-1.prefetch-budget-20.rank-accept_first.cut-entropy4.0.samples20.maxnew1024.seed10086.subtreePrefetch.vllm.log,297,8,285,0.10446344244739761
/Users/jiangnanhugo/workspace/power-sharpening/Subtree-Prefetching-Power-Sharpening/case_studies/logs-entropycut/mbpp/2026-09-21/vllm/dataset-mbpp.model-qwen3.5-9b.alpha4.0.steps100.blocks-1.prefetch-budget-20.rank-accept_first.cut-entropy4.0.samples20.maxnew1024.seed10086.subtreePrefetch.vllm.log,297,9,28,0.014135306828702477
/Users/jiangnanhugo/workspace/power-sharpening/Subtree-Prefetching-Power-Sharpening/case_studies/logs-entropycut/mbpp/2026-09-21/vllm/dataset-mbpp.model-qwen3.5-9b.alpha4.0.steps100.blocks-1.prefetch-budget-20.rank-accept_first.cut-entropy4.0.samples20.maxnew1024.seed10086.subtreePrefetch.vllm.log,297,10,319,0.18767243611760942
/Users/jiangnanhugo/workspace/power-sharpening/Subtree-Prefetching-Power-Sharpening/case_studies/logs-entropycut/mbpp/2026-09-21/vllm/dataset-mbpp.model-qwen3.5-9b.alpha4.0.steps100.blocks-1.prefetch-budget-20.rank-accept_first.cut-entropy4.0.samples20.maxnew1024.seed10086.subtreePrefetch.vllm.log,297,11,28,0.014135306828702477
/Users/jiangnanhugo/workspace/power-sharpening/Subtree-Prefetching-Power-Sharpening/case_studies/logs-entropycut/mbpp/2026-09-21/vllm/dataset-mbpp.model-qwen3.5-9b.alpha4.0.steps100.blocks-1.prefetch-budget-20.rank-accept_first.cut-entropy4.0.samples20.maxnew1024.seed10086.subtreePrefetch.vllm.log,297,12,288,0.14213856507589215
/Users/jiangnanhugo/workspace/power-sharpening/Subtree-Prefetching-Power-Sharpening/case_studies/logs-entropycut/mbpp/2026-09-21/vllm/dataset-mbpp.model-qwen3.5-9b.alpha4.0.steps100.blocks-1.prefetch-budget-20.rank-accept_first.cut-entropy4.0.samples20.maxnew1024.seed10086.subtreePrefetch.vllm.log,297,13,75,0.08593187858793586
/Users/jiangnanhugo/workspace/power-sharpening/Subtree-Prefetching-Power-Sharpening/case_studies/logs-entropycut/mbpp/2026-09-21/vllm/dataset-mbpp.model-qwen3.5-9b.alpha4.0.steps100.blocks-1.prefetch-budget-20.rank-accept_first.cut-entropy4.0.samples20.maxnew1024.seed10086.subtreePrefetch.vllm.log,297,14,288,0.14213856507589215
/Users/jiangnanhugo/workspace/power-sharpening/Subtree-Prefetching-Power-Sharpening/case_studies/logs-entropycut/mbpp/2026-09-21/vllm/dataset-mbpp.model-qwen3.5-9b.alpha4.0.steps100.blocks-1.prefetch-budget-20.rank-accept_first.cut-entropy4.0.samples20.maxnew1024.seed10086.subtreePrefetch.vllm.log,297,15,28,0.014135306828702477
/Users/jiangnanhugo/workspace/power-sharpening/Subtree-Prefetching-Power-Sharpening/case_studies/logs-entropycut/mbpp/2026-09-21/vllm/dataset-mbpp.model-qwen3.5-9b.alpha4.0.steps100.blocks-1.prefetch-budget-20.rank-accept_first.cut-entropy4.0.samples20.maxnew1024.seed10086.subtreePrefetch.vllm.log,297,16,35,0.002010883605534445
/Users/jiangnanhugo/workspace/power-sharpening/Subtree-Prefetching-Power-Sharpening/case_studies/logs-entropycut/mbpp/2026-09-21/vllm/dataset-mbpp.model-qwen3.5-9b.alpha4.0.steps100.blocks-1.prefetch-budget-20.rank-accept_first.cut-entropy4.0.samples20.maxnew1024.seed10086.subtreePrefetch.vllm.log,297,17,75,0.08593187858793586
/Users/jiangnanhugo/workspace/power-sharpening/Subtree-Prefetching-Power-Sharpening/case_studies/logs-entropycut/mbpp/2026-09-21/vllm/dataset-mbpp.model-qwen3.5-9b.alpha4.0.steps100.blocks-1.prefetch-budget-20.rank-accept_first.cut-entropy4.0.samples20.maxnew1024.seed10086.subtreePrefetch.vllm.log,297,18,75,0.08593187858793586
/Users/jiangnanhugo/workspace/power-sharpening/Subtree-Prefetching-Power-Sharpening/case_studies/logs-entropycut/mbpp/2026-09-21/vllm/dataset-mbpp.model-qwen3.5-9b.alpha4.0.steps100.blocks-1.prefetch-budget-20.rank-accept_first.cut-entropy4.0.samples20.maxnew1024.seed10086.subtreePrefetch.vllm.log,297,19,167,0.020837354033035507
/Users/jiangnanhugo/workspace/power-sharpening/Subtree-Prefetching-Power-Sharpening/case_studies/logs-entropycut/mbpp/2026-09-21/vllm/dataset-mbpp.model-qwen3.5-9b.alpha4.0.steps100.blocks-1.prefetch-budget-20.rank-accept_first.cut-entropy4.0.samples20.maxnew1024.seed10086.subtreePrefetch.vllm.log,298,0,288,0.14071308772213653
/Users/jiangnanhugo/workspace/power-sharpening/Subtree-Prefetching-Power-Sharpening/case_studies/logs-entropycut/mbpp/2026-09-21/vllm/dataset-mbpp.model-qwen3.5-9b.alpha4.0.steps100.blocks-1.prefetch-budget-20.rank-accept_first.cut-entropy4.0.samples20.maxnew1024.seed10086.subtreePrefetch.vllm.log,298,1,285,0.10341580086311251
/Users/jiangnanhugo/workspace/power-sharpening/Subtree-Prefetching-Power-Sharpening/case_studies/logs-entropycut/mbpp/2026-09-21/vllm/dataset-mbpp.model-qwen3.5-9b.alpha4.0.steps100.blocks-1.prefetch-budget-20.rank-accept_first.cut-entropy4.0.samples20.maxnew1024.seed10086.subtreePrefetch.vllm.log,298,2,285,0.10341580086311251
/Users/jiangnanhugo/workspace/power-sharpening/Subtree-Prefetching-Power-Sharpening/case_studies/logs-entropycut/mbpp/2026-09-21/vllm/dataset-mbpp.model-qwen3.5-9b.alpha4.0.steps100.blocks-1.prefetch-budget-20.rank-accept_first.cut-entropy4.0.samples20.maxnew1024.seed10086.subtreePrefetch.vllm.log,298,3,285,0.10341580086311251
/Users/jiangnanhugo/workspace/power-sharpening/Subtree-Prefetching-Power-Sharpening/case_studies/logs-entropycut/mbpp/2026-09-21/vllm/dataset-mbpp.model-qwen3.5-9b.alpha4.0.steps100.blocks-1.prefetch-budget-20.rank-accept_first.cut-entropy4.0.samples20.maxnew1024.seed10086.subtreePrefetch.vllm.log,298,4,285,0.10341580086311251
/Users/jiangnanhugo/workspace/power-sharpening/Subtree-Prefetching-Power-Sharpening/case_studies/logs-entropycut/mbpp/2026-09-21/vllm/dataset-mbpp.model-qwen3.5-9b.alpha4.0.steps100.blocks-1.prefetch-budget-20.rank-accept_first.cut-entropy4.0.samples20.maxnew1024.seed10086.subtreePrefetch.vllm.log,298,5,198,0.02387516214104202
/Users/jiangnanhugo/workspace/power-sharpening/Subtree-Prefetching-Power-Sharpening/case_studies/logs-entropycut/mbpp/2026-09-21/vllm/dataset-mbpp.model-qwen3.5-9b.alpha4.0.steps100.blocks-1.prefetch-budget-20.rank-accept_first.cut-entropy4.0.samples20.maxnew1024.seed10086.subtreePrefetch.vllm.log,298,6,40,0.0018890956598457017
/Users/jiangnanhugo/workspace/power-sharpening/Subtree-Prefetching-Power-Sharpening/case_studies/logs-entropycut/mbpp/2026-09-21/vllm/dataset-mbpp.model-qwen3.5-9b.alpha4.0.steps100.blocks-1.prefetch-budget-20.rank-accept_first.cut-entropy4.0.samples20.maxnew1024.seed10086.subtreePrefetch.vllm.log,298,7,285,0.10341580086311251
/Users/jiangnanhugo/workspace/power-sharpening/Subtree-Prefetching-Power-Sharpening/case_studies/logs-entropycut/mbpp/2026-09-21/vllm/dataset-mbpp.model-qwen3.5-9b.alpha4.0.steps100.blocks-1.prefetch-budget-20.rank-accept_first.cut-entropy4.0.samples20.maxnew1024.seed10086.subtreePrefetch.vllm.log,298,8,167,0.020628380653640404
/Users/jiangnanhugo/workspace/power-sharpening/Subtree-Prefetching-Power-Sharpening/case_studies/logs-entropycut/mbpp/2026-09-21/vllm/dataset-mbpp.model-qwen3.5-9b.alpha4.0.steps100.blocks-1.prefetch-budget-20.rank-accept_first.cut-entropy4.0.samples20.maxnew1024.seed10086.subtreePrefetch.vllm.log,298,9,75,0.08507008610517527
/Users/jiangnanhugo/workspace/power-sharpening/Subtree-Prefetching-Power-Sharpening/case_studies/logs-entropycut/mbpp/2026-09-21/vllm/dataset-mbpp.model-qwen3.5-9b.alpha4.0.steps100.blocks-1.prefetch-budget-20.rank-accept_first.cut-entropy4.0.samples20.maxnew1024.seed10086.subtreePrefetch.vllm.log,298,10,75,0.08507008610517527
/Users/jiangnanhugo/workspace/power-sharpening/Subtree-Prefetching-Power-Sharpening/case_studies/logs-entropycut/mbpp/2026-09-21/vllm/dataset-mbpp.model-qwen3.5-9b.alpha4.0.steps100.blocks-1.prefetch-budget-20.rank-accept_first.cut-entropy4.0.samples20.maxnew1024.seed10086.subtreePrefetch.vllm.log,298,11,345,0.06806035891672305
/Users/jiangnanhugo/workspace/power-sharpening/Subtree-Prefetching-Power-Sharpening/case_studies/logs-entropycut/mbpp/2026-09-21/vllm/dataset-mbpp.model-qwen3.5-9b.alpha4.0.steps100.blocks-1.prefetch-budget-20.rank-accept_first.cut-entropy4.0.samples20.maxnew1024.seed10086.subtreePrefetch.vllm.log,298,12,285,0.10341580086311251
/Users/jiangnanhugo/workspace/power-sharpening/Subtree-Prefetching-Power-Sharpening/case_studies/logs-entropycut/mbpp/2026-09-21/vllm/dataset-mbpp.model-qwen3.5-9b.alpha4.0.steps100.blocks-1.prefetch-budget-20.rank-accept_first.cut-entropy4.0.samples20.maxnew1024.seed10086.subtreePrefetch.vllm.log,298,13,28,0.013993546851303352
/Users/jiangnanhugo/workspace/power-sharpening/Subtree-Prefetching-Power-Sharpening/case_studies/logs-entropycut/mbpp/2026-09-21/vllm/dataset-mbpp.model-qwen3.5-9b.alpha4.0.steps100.blocks-1.prefetch-budget-20.rank-accept_first.cut-entropy4.0.samples20.maxnew1024.seed10086.subtreePrefetch.vllm.log,298,14,75,0.08507008610517527
/Users/jiangnanhugo/workspace/power-sharpening/Subtree-Prefetching-Power-Sharpening/case_studies/logs-entropycut/mbpp/2026-09-21/vllm/dataset-mbpp.model-qwen3.5-9b.alpha4.0.steps100.blocks-1.prefetch-budget-20.rank-accept_first.cut-entropy4.0.samples20.maxnew1024.seed10086.subtreePrefetch.vllm.log,298,15,75,0.08507008610517527
/Users/jiangnanhugo/workspace/power-sharpening/Subtree-Prefetching-Power-Sharpening/case_studies/logs-entropycut/mbpp/2026-09-21/vllm/dataset-mbpp.model-qwen3.5-9b.alpha4.0.steps100.blocks-1.prefetch-budget-20.rank-accept_first.cut-entropy4.0.samples20.maxnew1024.seed10086.subtreePrefetch.vllm.log,298,16,319,0.18579030928266524
/Users/jiangnanhugo/workspace/power-sharpening/Subtree-Prefetching-Power-Sharpening/case_studies/logs-entropycut/mbpp/2026-09-21/vllm/dataset-mbpp.model-qwen3.5-9b.alpha4.0.steps100.blocks-1.prefetch-budget-20.rank-accept_first.cut-entropy4.0.samples20.maxnew1024.seed10086.subtreePrefetch.vllm.log,298,17,102,0.03522469420982148
/Users/jiangnanhugo/workspace/power-sharpening/Subtree-Prefetching-Power-Sharpening/case_studies/logs-entropycut/mbpp/2026-09-21/vllm/dataset-mbpp.model-qwen3.5-9b.alpha4.0.steps100.blocks-1.prefetch-budget-20.rank-accept_first.cut-entropy4.0.samples20.maxnew1024.seed10086.subtreePrefetch.vllm.log,298,18,75,0.08507008610517527
/Users/jiangnanhugo/workspace/power-sharpening/Subtree-Prefetching-Power-Sharpening/case_studies/logs-entropycut/mbpp/2026-09-21/vllm/dataset-mbpp.model-qwen3.5-9b.alpha4.0.steps100.blocks-1.prefetch-budget-20.rank-accept_first.cut-entropy4.0.samples20.maxnew1024.seed10086.subtreePrefetch.vllm.log,298,19,75,0.08507008610517527
/Users/jiangnanhugo/workspace/power-sharpening/Subtree-Prefetching-Power-Sharpening/case_studies/logs-entropycut/mbpp/2026-09-21/vllm/dataset-mbpp.model-qwen3.5-9b.alpha4.0.steps100.blocks-1.prefetch-budget-20.rank-accept_first.cut-entropy4.0.samples20.maxnew1024.seed10086.subtreePrefetch.vllm.log,299,0,285,0.1044634424488594
/Users/jiangnanhugo/workspace/power-sharpening/Subtree-Prefetching-Power-Sharpening/case_studies/logs-entropycut/mbpp/2026-09-21/vllm/dataset-mbpp.model-qwen3.5-9b.alpha4.0.steps100.blocks-1.prefetch-budget-20.rank-accept_first.cut-entropy4.0.samples20.maxnew1024.seed10086.subtreePrefetch.vllm.log,299,1,34,0.023809349596364802
/Users/jiangnanhugo/workspace/power-sharpening/Subtree-Prefetching-Power-Sharpening/case_studies/logs-entropycut/mbpp/2026-09-21/vllm/dataset-mbpp.model-qwen3.5-9b.alpha4.0.steps100.blocks-1.prefetch-budget-20.rank-accept_first.cut-entropy4.0.samples20.maxnew1024.seed10086.subtreePrefetch.vllm.log,299,2,288,0.1421385650778811
/Users/jiangnanhugo/workspace/power-sharpening/Subtree-Prefetching-Power-Sharpening/case_studies/logs-entropycut/mbpp/2026-09-21/vllm/dataset-mbpp.model-qwen3.5-9b.alpha4.0.steps100.blocks-1.prefetch-budget-20.rank-accept_first.cut-entropy4.0.samples20.maxnew1024.seed10086.subtreePrefetch.vllm.log,299,3,285,0.1044634424488594
/Users/jiangnanhugo/workspace/power-sharpening/Subtree-Prefetching-Power-Sharpening/case_studies/logs-entropycut/mbpp/2026-09-21/vllm/dataset-mbpp.model-qwen3.5-9b.alpha4.0.steps100.blocks-1.prefetch-budget-20.rank-accept_first.cut-entropy4.0.samples20.maxnew1024.seed10086.subtreePrefetch.vllm.log,299,4,211,0.0013993689118579073
/Users/jiangnanhugo/workspace/power-sharpening/Subtree-Prefetching-Power-Sharpening/case_studies/logs-entropycut/mbpp/2026-09-21/vllm/dataset-mbpp.model-qwen3.5-9b.alpha4.0.steps100.blocks-1.prefetch-budget-20.rank-accept_first.cut-entropy4.0.samples20.maxnew1024.seed10086.subtreePrefetch.vllm.log,299,5,319,0.18767243612023557
/Users/jiangnanhugo/workspace/power-sharpening/Subtree-Prefetching-Power-Sharpening/case_studies/logs-entropycut/mbpp/2026-09-21/vllm/dataset-mbpp.model-qwen3.5-9b.alpha4.0.steps100.blocks-1.prefetch-budget-20.rank-accept_first.cut-entropy4.0.samples20.maxnew1024.seed10086.subtreePrefetch.vllm.log,299,6,167,0.02083735403332709
/Users/jiangnanhugo/workspace/power-sharpening/Subtree-Prefetching-Power-Sharpening/case_studies/logs-entropycut/mbpp/2026-09-21/vllm/dataset-mbpp.model-qwen3.5-9b.alpha4.0.steps100.blocks-1.prefetch-budget-20.rank-accept_first.cut-entropy4.0.samples20.maxnew1024.seed10086.subtreePrefetch.vllm.log,299,7,75,0.08593187858913832
/Users/jiangnanhugo/workspace/power-sharpening/Subtree-Prefetching-Power-Sharpening/case_studies/logs-entropycut/mbpp/2026-09-21/vllm/dataset-mbpp.model-qwen3.5-9b.alpha4.0.steps100.blocks-1.prefetch-budget-20.rank-accept_first.cut-entropy4.0.samples20.maxnew1024.seed10086.subtreePrefetch.vllm.log,299,8,288,0.1421385650778811
/Users/jiangnanhugo/workspace/power-sharpening/Subtree-Prefetching-Power-Sharpening/case_studies/logs-entropycut/mbpp/2026-09-21/vllm/dataset-mbpp.model-qwen3.5-9b.alpha4.0.steps100.blocks-1.prefetch-budget-20.rank-accept_first.cut-entropy4.0.samples20.maxnew1024.seed10086.subtreePrefetch.vllm.log,299,9,28,0.014135306828900275
/Users/jiangnanhugo/workspace/power-sharpening/Subtree-Prefetching-Power-Sharpening/case_studies/logs-entropycut/mbpp/2026-09-21/vllm/dataset-mbpp.model-qwen3.5-9b.alpha4.0.steps100.blocks-1.prefetch-budget-20.rank-accept_first.cut-entropy4.0.samples20.maxnew1024.seed10086.subtreePrefetch.vllm.log,299,10,285,0.1044634424488594
/Users/jiangnanhugo/workspace/power-sharpening/Subtree-Prefetching-Power-Sharpening/case_studies/logs-entropycut/mbpp/2026-09-21/vllm/dataset-mbpp.model-qwen3.5-9b.alpha4.0.steps100.blocks-1.prefetch-budget-20.rank-accept_first.cut-entropy4.0.samples20.maxnew1024.seed10086.subtreePrefetch.vllm.log,299,11,75,0.08593187858913832
/Users/jiangnanhugo/workspace/power-sharpening/Subtree-Prefetching-Power-Sharpening/case_studies/logs-entropycut/mbpp/2026-09-21/vllm/dataset-mbpp.model-qwen3.5-9b.alpha4.0.steps100.blocks-1.prefetch-budget-20.rank-accept_first.cut-entropy4.0.samples20.maxnew1024.seed10086.subtreePrefetch.vllm.log,299,12,28,0.014135306828900275
/Users/jiangnanhugo/workspace/power-sharpening/Subtree-Prefetching-Power-Sharpening/case_studies/logs-entropycut/mbpp/2026-09-21/vllm/dataset-mbpp.model-qwen3.5-9b.alpha4.0.steps100.blocks-1.prefetch-budget-20.rank-accept_first.cut-entropy4.0.samples20.maxnew1024.seed10086.subtreePrefetch.vllm.log,299,13,288,0.1421385650778811
/Users/jiangnanhugo/workspace/power-sharpening/Subtree-Prefetching-Power-Sharpening/case_studies/logs-entropycut/mbpp/2026-09-21/vllm/dataset-mbpp.model-qwen3.5-9b.alpha4.0.steps100.blocks-1.prefetch-budget-20.rank-accept_first.cut-entropy4.0.samples20.maxnew1024.seed10086.subtreePrefetch.vllm.log,299,14,102,0.03558153382418828
/Users/jiangnanhugo/workspace/power-sharpening/Subtree-Prefetching-Power-Sharpening/case_studies/logs-entropycut/mbpp/2026-09-21/vllm/dataset-mbpp.model-qwen3.5-9b.alpha4.0.steps100.blocks-1.prefetch-budget-20.rank-accept_first.cut-entropy4.0.samples20.maxnew1024.seed10086.subtreePrefetch.vllm.log,299,15,26,0.006027758089099021
/Users/jiangnanhugo/workspace/power-sharpening/Subtree-Prefetching-Power-Sharpening/case_studies/logs-entropycut/mbpp/2026-09-21/vllm/dataset-mbpp.model-qwen3.5-9b.alpha4.0.steps100.blocks-1.prefetch-budget-20.rank-accept_first.cut-entropy4.0.samples20.maxnew1024.seed10086.subtreePrefetch.vllm.log,299,16,35,0.002010883605562584
/Users/jiangnanhugo/workspace/power-sharpening/Subtree-Prefetching-Power-Sharpening/case_studies/logs-entropycut/mbpp/2026-09-21/vllm/dataset-mbpp.model-qwen3.5-9b.alpha4.0.steps100.blocks-1.prefetch-budget-20.rank-accept_first.cut-entropy4.0.samples20.maxnew1024.seed10086.subtreePrefetch.vllm.log,299,17,26,0.006027758089099021
/Users/jiangnanhugo/workspace/power-sharpening/Subtree-Prefetching-Power-Sharpening/case_studies/logs-entropycut/mbpp/2026-09-21/vllm/dataset-mbpp.model-qwen3.5-9b.alpha4.0.steps100.blocks-1.prefetch-budget-20.rank-accept_first.cut-entropy4.0.samples20.maxnew1024.seed10086.subtreePrefetch.vllm.log,299,18,345,0.06204823595026391
/Users/jiangnanhugo/workspace/power-sharpening/Subtree-Prefetching-Power-Sharpening/case_studies/logs-entropycut/mbpp/2026-09-21/vllm/dataset-mbpp.model-qwen3.5-9b.alpha4.0.steps100.blocks-1.prefetch-budget-20.rank-accept_first.cut-entropy4.0.samples20.maxnew1024.seed10086.subtreePrefetch.vllm.log,299,19,167,0.02083735403332709
/Users/jiangnanhugo/workspace/power-sharpening/Subtree-Prefetching-Power-Sharpening/case_studies/logs-entropycut/mbpp/2026-09-21/vllm/dataset-mbpp.model-qwen3.5-9b.alpha4.0.steps100.blocks-1.prefetch-budget-20.rank-accept_first.cut-entropy4.0.samples20.maxnew1024.seed10086.subtreePrefetch.vllm.log,300,0,75,0.08593187858913832
/Users/jiangnanhugo/workspace/power-sharpening/Subtree-Prefetching-Power-Sharpening/case_studies/logs-entropycut/mbpp/2026-09-21/vllm/dataset-mbpp.model-qwen3.5-9b.alpha4.0.steps100.blocks-1.prefetch-budget-20.rank-accept_first.cut-entropy4.0.samples20.maxnew1024.seed10086.subtreePrefetch.vllm.log,300,1,102,0.03558153382418828
/Users/jiangnanhugo/workspace/power-sharpening/Subtree-Prefetching-Power-Sharpening/case_studies/logs-entropycut/mbpp/2026-09-21/vllm/dataset-mbpp.model-qwen3.5-9b.alpha4.0.steps100.blocks-1.prefetch-budget-20.rank-accept_first.cut-entropy4.0.samples20.maxnew1024.seed10086.subtreePrefetch.vllm.log,300,2,75,0.08593187858913832
/Users/jiangnanhugo/workspace/power-sharpening/Subtree-Prefetching-Power-Sharpening/case_studies/logs-entropycut/mbpp/2026-09-21/vllm/dataset-mbpp.model-qwen3.5-9b.alpha4.0.steps100.blocks-1.prefetch-budget-20.rank-accept_first.cut-entropy4.0.samples20.maxnew1024.seed10086.subtreePrefetch.vllm.log,300,3,75,0.08593187858913832
/Users/jiangnanhugo/workspace/power-sharpening/Subtree-Prefetching-Power-Sharpening/case_studies/logs-entropycut/mbpp/2026-09-21/vllm/dataset-mbpp.model-qwen3.5-9b.alpha4.0.steps100.blocks-1.prefetch-budget-20.rank-accept_first.cut-entropy4.0.samples20.maxnew1024.seed10086.subtreePrefetch.vllm.log,300,4,319,0.18767243612023557
/Users/jiangnanhugo/workspace/power-sharpening/Subtree-Prefetching-Power-Sharpening/case_studies/logs-entropycut/mbpp/2026-09-21/vllm/dataset-mbpp.model-qwen3.5-9b.alpha4.0.steps100.blocks-1.prefetch-budget-20.rank-accept_first.cut-entropy4.0.samples20.maxnew1024.seed10086.subtreePrefetch.vllm.log,300,5,51,0.009105391447504952
/Users/jiangnanhugo/workspace/power-sharpening/Subtree-Prefetching-Power-Sharpening/case_studies/logs-entropycut/mbpp/2026-09-21/vllm/dataset-mbpp.model-qwen3.5-9b.alpha4.0.steps100.blocks-1.prefetch-budget-20.rank-accept_first.cut-entropy4.0.samples20.maxnew1024.seed10086.subtreePrefetch.vllm.log,300,6,319,0.18767243612023557
/Users/jiangnanhugo/workspace/power-sharpening/Subtree-Prefetching-Power-Sharpening/case_studies/logs-entropycut/mbpp/2026-09-21/vllm/dataset-mbpp.model-qwen3.5-9b.alpha4.0.steps100.blocks-1.prefetch-budget-20.rank-accept_first.cut-entropy4.0.samples20.maxnew1024.seed10086.subtreePrefetch.vllm.log,300,7,167,0.02083735403332709
/Users/jiangnanhugo/workspace/power-sharpening/Subtree-Prefetching-Power-Sharpening/case_studies/logs-entropycut/mbpp/2026-09-21/vllm/dataset-mbpp.model-qwen3.5-9b.alpha4.0.steps100.blocks-1.prefetch-budget-20.rank-accept_first.cut-entropy4.0.samples20.maxnew1024.seed10086.subtreePrefetch.vllm.log,300,8,362,0.00395200468138152
/Users/jiangnanhugo/workspace/power-sharpening/Subtree-Prefetching-Power-Sharpening/case_studies/logs-entropycut/mbpp/2026-09-21/vllm/dataset-mbpp.model-qwen3.5-9b.alpha4.0.steps100.blocks-1.prefetch-budget-20.rank-accept_first.cut-entropy4.0.samples20.maxnew1024.seed10086.subtreePrefetch.vllm.log,300,9,285,0.1044634424488594
/Users/jiangnanhugo/workspace/power-sharpening/Subtree-Prefetching-Power-Sharpening/case_studies/logs-entropycut/mbpp/2026-09-21/vllm/dataset-mbpp.model-qwen3.5-9b.alpha4.0.steps100.blocks-1.prefetch-budget-20.rank-accept_first.cut-entropy4.0.samples20.maxnew1024.seed10086.subtreePrefetch.vllm.log,300,10,34,0.023809349596364802
/Users/jiangnanhugo/workspace/power-sharpening/Subtree-Prefetching-Power-Sharpening/case_studies/logs-entropycut/mbpp/2026-09-21/vllm/dataset-mbpp.model-qwen3.5-9b.alpha4.0.steps100.blocks-1.prefetch-budget-20.rank-accept_first.cut-entropy4.0.samples20.maxnew1024.seed10086.subtreePrefetch.vllm.log,300,11,319,0.18767243612023557
/Users/jiangnanhugo/workspace/power-sharpening/Subtree-Prefetching-Power-Sharpening/case_studies/logs-entropycut/mbpp/2026-09-21/vllm/dataset-mbpp.model-qwen3.5-9b.alpha4.0.steps100.blocks-1.prefetch-budget-20.rank-accept_first.cut-entropy4.0.samples20.maxnew1024.seed10086.subtreePrefetch.vllm.log,300,12,138,0.03496998077242061
/Users/jiangnanhugo/workspace/power-sharpening/Subtree-Prefetching-Power-Sharpening/case_studies/logs-entropycut/mbpp/2026-09-21/vllm/dataset-mbpp.model-qwen3.5-9b.alpha4.0.steps100.blocks-1.prefetch-budget-20.rank-accept_first.cut-entropy4.0.samples20.maxnew1024.seed10086.subtreePrefetch.vllm.log,300,13,61,0.00138254763246746
/Users/jiangnanhugo/workspace/power-sharpening/Subtree-Prefetching-Power-Sharpening/case_studies/logs-entropycut/mbpp/2026-09-21/vllm/dataset-mbpp.model-qwen3.5-9b.alpha4.0.steps100.blocks-1.prefetch-budget-20.rank-accept_first.cut-entropy4.0.samples20.maxnew1024.seed10086.subtreePrefetch.vllm.log,300,14,285,0.1044634424488594
/Users/jiangnanhugo/workspace/power-sharpening/Subtree-Prefetching-Power-Sharpening/case_studies/logs-entropycut/mbpp/2026-09-21/vllm/dataset-mbpp.model-qwen3.5-9b.alpha4.0.steps100.blocks-1.prefetch-budget-20.rank-accept_first.cut-entropy4.0.samples20.maxnew1024.seed10086.subtreePrefetch.vllm.log,300,15,102,0.03558153382418828
/Users/jiangnanhugo/workspace/power-sharpening/Subtree-Prefetching-Power-Sharpening/case_studies/logs-entropycut/mbpp/2026-09-21/vllm/dataset-mbpp.model-qwen3.5-9b.alpha4.0.steps100.blocks-1.prefetch-budget-20.rank-accept_first.cut-entropy4.0.samples20.maxnew1024.seed10086.subtreePrefetch.vllm.log,300,16,227,0.018251474496246856
/Users/jiangnanhugo/workspace/power-sharpening/Subtree-Prefetching-Power-Sharpening/case_studies/logs-entropycut/mbpp/2026-09-21/vllm/dataset-mbpp.model-qwen3.5-9b.alpha4.0.steps100.blocks-1.prefetch-budget-20.rank-accept_first.cut-entropy4.0.samples20.maxnew1024.seed10086.subtreePrefetch.vllm.log,300,17,319,0.18767243612023557
/Users/jiangnanhugo/workspace/power-sharpening/Subtree-Prefetching-Power-Sharpening/case_studies/logs-entropycut/mbpp/2026-09-21/vllm/dataset-mbpp.model-qwen3.5-9b.alpha4.0.steps100.blocks-1.prefetch-budget-20.rank-accept_first.cut-entropy4.0.samples20.maxnew1024.seed10086.subtreePrefetch.vllm.log,300,18,80,0.0056938369207582325
/Users/jiangnanhugo/workspace/power-sharpening/Subtree-Prefetching-Power-Sharpening/case_studies/logs-entropycut/mbpp/2026-09-21/vllm/dataset-mbpp.model-qwen3.5-9b.alpha4.0.steps100.blocks-1.prefetch-budget-20.rank-accept_first.cut-entropy4.0.samples20.maxnew1024.seed10086.subtreePrefetch.vllm.log,300,19,54,0.00016954488450201627
/Users/jiangnanhugo/workspace/power-sharpening/Subtree-Prefetching-Power-Sharpening/case_studies/logs-entropycut/mbpp/2026-09-21/vllm/dataset-mbpp.model-qwen3.5-9b.alpha4.0.steps100.blocks-1.prefetch-budget-20.rank-accept_first.cut-entropy4.0.samples20.maxnew1024.seed10086.subtreePrefetch.vllm.log,301,0,389,0.001569456825067391
/Users/jiangnanhugo/workspace/power-sharpening/Subtree-Prefetching-Power-Sharpening/case_studies/logs-entropycut/mbpp/2026-09-21/vllm/dataset-mbpp.model-qwen3.5-9b.alpha4.0.steps100.blocks-1.prefetch-budget-20.rank-accept_first.cut-entropy4.0.samples20.maxnew1024.seed10086.subtreePrefetch.vllm.log,301,1,227,0.018251474496246856
/Users/jiangnanhugo/workspace/power-sharpening/Subtree-Prefetching-Power-Sharpening/case_studies/logs-entropycut/mbpp/2026-09-21/vllm/dataset-mbpp.model-qwen3.5-9b.alpha4.0.steps100.blocks-1.prefetch-budget-20.rank-accept_first.cut-entropy4.0.samples20.maxnew1024.seed10086.subtreePrefetch.vllm.log,301,2,75,0.08593187858913832
/Users/jiangnanhugo/workspace/power-sharpening/Subtree-Prefetching-Power-Sharpening/case_studies/logs-entropycut/mbpp/2026-09-21/vllm/dataset-mbpp.model-qwen3.5-9b.alpha4.0.steps100.blocks-1.prefetch-budget-20.rank-accept_first.cut-entropy4.0.samples20.maxnew1024.seed10086.subtreePrefetch.vllm.log,301,3,285,0.1044634424488594
/Users/jiangnanhugo/workspace/power-sharpening/Subtree-Prefetching-Power-Sharpening/case_studies/logs-entropycut/mbpp/2026-09-21/vllm/dataset-mbpp.model-qwen3.5-9b.alpha4.0.steps100.blocks-1.prefetch-budget-20.rank-accept_first.cut-entropy4.0.samples20.maxnew1024.seed10086.subtreePrefetch.vllm.log,301,4,345,0.06204823595026391
/Users/jiangnanhugo/workspace/power-sharpening/Subtree-Prefetching-Power-Sharpening/case_studies/logs-entropycut/mbpp/2026-09-21/vllm/dataset-mbpp.model-qwen3.5-9b.alpha4.0.steps100.blocks-1.prefetch-budget-20.rank-accept_first.cut-entropy4.0.samples20.maxnew1024.seed10086.subtreePrefetch.vllm.log,301,5,28,0.014135306828900275
/Users/jiangnanhugo/workspace/power-sharpening/Subtree-Prefetching-Power-Sharpening/case_studies/logs-entropycut/mbpp/2026-09-21/vllm/dataset-mbpp.model-qwen3.5-9b.alpha4.0.steps100.blocks-1.prefetch-budget-20.rank-accept_first.cut-entropy4.0.samples20.maxnew1024.seed10086.subtreePrefetch.vllm.log,301,6,198,0.024117026658036993
/Users/jiangnanhugo/workspace/power-sharpening/Subtree-Prefetching-Power-Sharpening/case_studies/logs-entropycut/mbpp/2026-09-21/vllm/dataset-mbpp.model-qwen3.5-9b.alpha4.0.steps100.blocks-1.prefetch-budget-20.rank-accept_first.cut-entropy4.0.samples20.maxnew1024.seed10086.subtreePrefetch.vllm.log,301,7,138,0.03496998077242061
/Users/jiangnanhugo/workspace/power-sharpening/Subtree-Prefetching-Power-Sharpening/case_studies/logs-entropycut/mbpp/2026-09-21/vllm/dataset-mbpp.model-qwen3.5-9b.alpha4.0.steps100.blocks-1.prefetch-budget-20.rank-accept_first.cut-entropy4.0.samples20.maxnew1024.seed10086.subtreePrefetch.vllm.log,301,8,297,0.08417152023532641
/Users/jiangnanhugo/workspace/power-sharpening/Subtree-Prefetching-Power-Sharpening/case_studies/logs-entropycut/mbpp/2026-09-21/vllm/dataset-mbpp.model-qwen3.5-9b.alpha4.0.steps100.blocks-1.prefetch-budget-20.rank-accept_first.cut-entropy4.0.samples20.maxnew1024.seed10086.subtreePrefetch.vllm.log,301,9,75,0.08593187858913832
/Users/jiangnanhugo/workspace/power-sharpening/Subtree-Prefetching-Power-Sharpening/case_studies/logs-entropycut/mbpp/2026-09-21/vllm/dataset-mbpp.model-qwen3.5-9b.alpha4.0.steps100.blocks-1.prefetch-budget-20.rank-accept_first.cut-entropy4.0.samples20.maxnew1024.seed10086.subtreePrefetch.vllm.log,301,10,285,0.1044634424488594
/Users/jiangnanhugo/workspace/power-sharpening/Subtree-Prefetching-Power-Sharpening/case_studies/logs-entropycut/mbpp/2026-09-21/vllm/dataset-mbpp.model-qwen3.5-9b.alpha4.0.steps100.blocks-1.prefetch-budget-20.rank-accept_first.cut-entropy4.0.samples20.maxnew1024.seed10086.subtreePrefetch.vllm.log,301,11,285,0.1044634424488594
/Users/jiangnanhugo/workspace/power-sharpening/Subtree-Prefetching-Power-Sharpening/case_studies/logs-entropycut/mbpp/2026-09-21/vllm/dataset-mbpp.model-qwen3.5-9b.alpha4.0.steps100.blocks-1.prefetch-budget-20.rank-accept_first.cut-entropy4.0.samples20.maxnew1024.seed10086.subtreePrefetch.vllm.log,301,12,227,0.018251474496246856
/Users/jiangnanhugo/workspace/power-sharpening/Subtree-Prefetching-Power-Sharpening/case_studies/logs-entropycut/mbpp/2026-09-21/vllm/dataset-mbpp.model-qwen3.5-9b.alpha4.0.steps100.blocks-1.prefetch-budget-20.rank-accept_first.cut-entropy4.0.samples20.maxnew1024.seed10086.subtreePrefetch.vllm.log,301,13,75,0.08593187858913832
/Users/jiangnanhugo/workspace/power-sharpening/Subtree-Prefetching-Power-Sharpening/case_studies/logs-entropycut/mbpp/2026-09-21/vllm/dataset-mbpp.model-qwen3.5-9b.alpha4.0.steps100.blocks-1.prefetch-budget-20.rank-accept_first.cut-entropy4.0.samples20.maxnew1024.seed10086.subtreePrefetch.vllm.log,301,14,319,0.18767243612023557
/Users/jiangnanhugo/workspace/power-sharpening/Subtree-Prefetching-Power-Sharpening/case_studies/logs-entropycut/mbpp/2026-09-21/vllm/dataset-mbpp.model-qwen3.5-9b.alpha4.0.steps100.blocks-1.prefetch-budget-20.rank-accept_first.cut-entropy4.0.samples20.maxnew1024.seed10086.subtreePrefetch.vllm.log,301,15,26,0.006027758089099021
/Users/jiangnanhugo/workspace/power-sharpening/Subtree-Prefetching-Power-Sharpening/case_studies/logs-entropycut/mbpp/2026-09-21/vllm/dataset-mbpp.model-qwen3.5-9b.alpha4.0.steps100.blocks-1.prefetch-budget-20.rank-accept_first.cut-entropy4.0.samples20.maxnew1024.seed10086.subtreePrefetch.vllm.log,301,16,198,0.024117026658036993
/Users/jiangnanhugo/workspace/power-sharpening/Subtree-Prefetching-Power-Sharpening/case_studies/logs-entropycut/mbpp/2026-09-21/vllm/dataset-mbpp.model-qwen3.5-9b.alpha4.0.steps100.blocks-1.prefetch-budget-20.rank-accept_first.cut-entropy4.0.samples20.maxnew1024.seed10086.subtreePrefetch.vllm.log,301,17,285,0.1044634424488594
/Users/jiangnanhugo/workspace/power-sharpening/Subtree-Prefetching-Power-Sharpening/case_studies/logs-entropycut/mbpp/2026-09-21/vllm/dataset-mbpp.model-qwen3.5-9b.alpha4.0.steps100.blocks-1.prefetch-budget-20.rank-accept_first.cut-entropy4.0.samples20.maxnew1024.seed10086.subtreePrefetch.vllm.log,301,18,167,0.02083735403332709
/Users/jiangnanhugo/workspace/power-sharpening/Subtree-Prefetching-Power-Sharpening/case_studies/logs-entropycut/mbpp/2026-09-21/vllm/dataset-mbpp.model-qwen3.5-9b.alpha4.0.steps100.blocks-1.prefetch-budget-20.rank-accept_first.cut-entropy4.0.samples20.maxnew1024.seed10086.subtreePrefetch.vllm.log,301,19,34,0.023809349596364802
/Users/jiangnanhugo/workspace/power-sharpening/Subtree-Prefetching-Power-Sharpening/case_studies/logs-entropycut/mbpp/2026-09-21/vllm/dataset-mbpp.model-qwen3.5-9b.alpha4.0.steps100.blocks-1.prefetch-budget-20.rank-accept_first.cut-entropy4.0.samples20.maxnew1024.seed10086.subtreePrefetch.vllm.log,302,0,285,0.1044634424488594
/Users/jiangnanhugo/workspace/power-sharpening/Subtree-Prefetching-Power-Sharpening/case_studies/logs-entropycut/mbpp/2026-09-21/vllm/dataset-mbpp.model-qwen3.5-9b.alpha4.0.steps100.blocks-1.prefetch-budget-20.rank-accept_first.cut-entropy4.0.samples20.maxnew1024.seed10086.subtreePrefetch.vllm.log,302,1,138,0.03496998077242061
/Users/jiangnanhugo/workspace/power-sharpening/Subtree-Prefetching-Power-Sharpening/case_studies/logs-entropycut/mbpp/2026-09-21/vllm/dataset-mbpp.model-qwen3.5-9b.alpha4.0.steps100.blocks-1.prefetch-budget-20.rank-accept_first.cut-entropy4.0.samples20.maxnew1024.seed10086.subtreePrefetch.vllm.log,302,2,285,0.1044634424488594
/Users/jiangnanhugo/workspace/power-sharpening/Subtree-Prefetching-Power-Sharpening/case_studies/logs-entropycut/mbpp/2026-09-21/vllm/dataset-mbpp.model-qwen3.5-9b.alpha4.0.steps100.blocks-1.prefetch-budget-20.rank-accept_first.cut-entropy4.0.samples20.maxnew1024.seed10086.subtreePrefetch.vllm.log,302,3,285,0.1044634424488594
/Users/jiangnanhugo/workspace/power-sharpening/Subtree-Prefetching-Power-Sharpening/case_studies/logs-entropycut/mbpp/2026-09-21/vllm/dataset-mbpp.model-qwen3.5-9b.alpha4.0.steps100.blocks-1.prefetch-budget-20.rank-accept_first.cut-entropy4.0.samples20.maxnew1024.seed10086.subtreePrefetch.vllm.log,302,4,285,0.1044634424488594
/Users/jiangnanhugo/workspace/power-sharpening/Subtree-Prefetching-Power-Sharpening/case_studies/logs-entropycut/mbpp/2026-09-21/vllm/dataset-mbpp.model-qwen3.5-9b.alpha4.0.steps100.blocks-1.prefetch-budget-20.rank-accept_first.cut-entropy4.0.samples20.maxnew1024.seed10086.subtreePrefetch.vllm.log,302,5,102,0.03558153382418828
/Users/jiangnanhugo/workspace/power-sharpening/Subtree-Prefetching-Power-Sharpening/case_studies/logs-entropycut/mbpp/2026-09-21/vllm/dataset-mbpp.model-qwen3.5-9b.alpha4.0.steps100.blocks-1.prefetch-budget-20.rank-accept_first.cut-entropy4.0.samples20.maxnew1024.seed10086.subtreePrefetch.vllm.log,302,6,297,0.08417152023532641
/Users/jiangnanhugo/workspace/power-sharpening/Subtree-Prefetching-Power-Sharpening/case_studies/logs-entropycut/mbpp/2026-09-21/vllm/dataset-mbpp.model-qwen3.5-9b.alpha4.0.steps100.blocks-1.prefetch-budget-20.rank-accept_first.cut-entropy4.0.samples20.maxnew1024.seed10086.subtreePrefetch.vllm.log,302,7,198,0.024117026658036993
/Users/jiangnanhugo/workspace/power-sharpening/Subtree-Prefetching-Power-Sharpening/case_studies/logs-entropycut/mbpp/2026-09-21/vllm/dataset-mbpp.model-qwen3.5-9b.alpha4.0.steps100.blocks-1.prefetch-budget-20.rank-accept_first.cut-entropy4.0.samples20.maxnew1024.seed10086.subtreePrefetch.vllm.log,302,8,75,0.08593187858913832
/Users/jiangnanhugo/workspace/power-sharpening/Subtree-Prefetching-Power-Sharpening/case_studies/logs-entropycut/mbpp/2026-09-21/vllm/dataset-mbpp.model-qwen3.5-9b.alpha4.0.steps100.blocks-1.prefetch-budget-20.rank-accept_first.cut-entropy4.0.samples20.maxnew1024.seed10086.subtreePrefetch.vllm.log,302,9,198,0.024117026658036993
/Users/jiangnanhugo/workspace/power-sharpening/Subtree-Prefetching-Power-Sharpening/case_studies/logs-entropycut/mbpp/2026-09-21/vllm/dataset-mbpp.model-qwen3.5-9b.alpha4.0.steps100.blocks-1.prefetch-budget-20.rank-accept_first.cut-entropy4.0.samples20.maxnew1024.seed10086.subtreePrefetch.vllm.log,302,10,288,0.1421385650778811
/Users/jiangnanhugo/workspace/power-sharpening/Subtree-Prefetching-Power-Sharpening/case_studies/logs-entropycut/mbpp/2026-09-21/vllm/dataset-mbpp.model-qwen3.5-9b.alpha4.0.steps100.blocks-1.prefetch-budget-20.rank-accept_first.cut-entropy4.0.samples20.maxnew1024.seed10086.subtreePrefetch.vllm.log,302,11,102,0.03558153382418828
/Users/jiangnanhugo/workspace/power-sharpening/Subtree-Prefetching-Power-Sharpening/case_studies/logs-entropycut/mbpp/2026-09-21/vllm/dataset-mbpp.model-qwen3.5-9b.alpha4.0.steps100.blocks-1.prefetch-budget-20.rank-accept_first.cut-entropy4.0.samples20.maxnew1024.seed10086.subtreePrefetch.vllm.log,302,12,102,0.03558153382418828
/Users/jiangnanhugo/workspace/power-sharpening/Subtree-Prefetching-Power-Sharpening/case_studies/logs-entropycut/mbpp/2026-09-21/vllm/dataset-mbpp.model-qwen3.5-9b.alpha4.0.steps100.blocks-1.prefetch-budget-20.rank-accept_first.cut-entropy4.0.samples20.maxnew1024.seed10086.subtreePrefetch.vllm.log,302,13,288,0.1421385650778811
/Users/jiangnanhugo/workspace/power-sharpening/Subtree-Prefetching-Power-Sharpening/case_studies/logs-entropycut/mbpp/2026-09-21/vllm/dataset-mbpp.model-qwen3.5-9b.alpha4.0.steps100.blocks-1.prefetch-budget-20.rank-accept_first.cut-entropy4.0.samples20.maxnew1024.seed10086.subtreePrefetch.vllm.log,302,14,75,0.08593187858913832
/Users/jiangnanhugo/workspace/power-sharpening/Subtree-Prefetching-Power-Sharpening/case_studies/logs-entropycut/mbpp/2026-09-21/vllm/dataset-mbpp.model-qwen3.5-9b.alpha4.0.steps100.blocks-1.prefetch-budget-20.rank-accept_first.cut-entropy4.0.samples20.maxnew1024.seed10086.subtreePrefetch.vllm.log,302,15,285,0.1044634424488594
/Users/jiangnanhugo/workspace/power-sharpening/Subtree-Prefetching-Power-Sharpening/case_studies/logs-entropycut/mbpp/2026-09-21/vllm/dataset-mbpp.model-qwen3.5-9b.alpha4.0.steps100.blocks-1.prefetch-budget-20.rank-accept_first.cut-entropy4.0.samples20.maxnew1024.seed10086.subtreePrefetch.vllm.log,302,16,285,0.1044634424488594
/Users/jiangnanhugo/workspace/power-sharpening/Subtree-Prefetching-Power-Sharpening/case_studies/logs-entropycut/mbpp/2026-09-21/vllm/dataset-mbpp.model-qwen3.5-9b.alpha4.0.steps100.blocks-1.prefetch-budget-20.rank-accept_first.cut-entropy4.0.samples20.maxnew1024.seed10086.subtreePrefetch.vllm.log,302,17,145,0.005664096569352184
/Users/jiangnanhugo/workspace/power-sharpening/Subtree-Prefetching-Power-Sharpening/case_studies/logs-entropycut/mbpp/2026-09-21/vllm/dataset-mbpp.model-qwen3.5-9b.alpha4.0.steps100.blocks-1.prefetch-budget-20.rank-accept_first.cut-entropy4.0.samples20.maxnew1024.seed10086.subtreePrefetch.vllm.log,302,18,227,0.018251474496246856
/Users/jiangnanhugo/workspace/power-sharpening/Subtree-Prefetching-Power-Sharpening/case_studies/logs-entropycut/mbpp/2026-09-21/vllm/dataset-mbpp.model-qwen3.5-9b.alpha4.0.steps100.blocks-1.prefetch-budget-20.rank-accept_first.cut-entropy4.0.samples20.maxnew1024.seed10086.subtreePrefetch.vllm.log,302,19,319,0.18767243612023557
/Users/jiangnanhugo/workspace/power-sharpening/Subtree-Prefetching-Power-Sharpening/case_studies/logs-entropycut/mbpp/2026-09-21/vllm/dataset-mbpp.model-qwen3.5-9b.alpha4.0.steps100.blocks-1.prefetch-budget-20.rank-accept_first.cut-entropy4.0.samples20.maxnew1024.seed10086.subtreePrefetch.vllm.log,303,0,88,0.587498996921433
/Users/jiangnanhugo/workspace/power-sharpening/Subtree-Prefetching-Power-Sharpening/case_studies/logs-entropycut/mbpp/2026-09-21/vllm/dataset-mbpp.model-qwen3.5-9b.alpha4.0.steps100.blocks-1.prefetch-budget-20.rank-accept_first.cut-entropy4.0.samples20.maxnew1024.seed10086.subtreePrefetch.vllm.log,303,1,88,0.587498996921433
/Users/jiangnanhugo/workspace/power-sharpening/Subtree-Prefetching-Power-Sharpening/case_studies/logs-entropycut/mbpp/2026-09-21/vllm/dataset-mbpp.model-qwen3.5-9b.alpha4.0.steps100.blocks-1.prefetch-budget-20.rank-accept_first.cut-entropy4.0.samples20.maxnew1024.seed10086.subtreePrefetch.vllm.log,303,2,83,0.12999427586164972
/Users/jiangnanhugo/workspace/power-sharpening/Subtree-Prefetching-Power-Sharpening/case_studies/logs-entropycut/mbpp/2026-09-21/vllm/dataset-mbpp.model-qwen3.5-9b.alpha4.0.steps100.blocks-1.prefetch-budget-20.rank-accept_first.cut-entropy4.0.samples20.maxnew1024.seed10086.subtreePrefetch.vllm.log,303,3,83,0.12999427586164972
/Users/jiangnanhugo/workspace/power-sharpening/Subtree-Prefetching-Power-Sharpening/case_studies/logs-entropycut/mbpp/2026-09-21/vllm/dataset-mbpp.model-qwen3.5-9b.alpha4.0.steps100.blocks-1.prefetch-budget-20.rank-accept_first.cut-entropy4.0.samples20.maxnew1024.seed10086.subtreePrefetch.vllm.log,303,4,88,0.587498996921433
/Users/jiangnanhugo/workspace/power-sharpening/Subtree-Prefetching-Power-Sharpening/case_studies/logs-entropycut/mbpp/2026-09-21/vllm/dataset-mbpp.model-qwen3.5-9b.alpha4.0.steps100.blocks-1.prefetch-budget-20.rank-accept_first.cut-entropy4.0.samples20.maxnew1024.seed10086.subtreePrefetch.vllm.log,303,5,83,0.12999427586164972
/Users/jiangnanhugo/workspace/power-sharpening/Subtree-Prefetching-Power-Sharpening/case_studies/logs-entropycut/mbpp/2026-09-21/vllm/dataset-mbpp.model-qwen3.5-9b.alpha4.0.steps100.blocks-1.prefetch-budget-20.rank-accept_first.cut-entropy4.0.samples20.maxnew1024.seed10086.subtreePrefetch.vllm.log,303,6,82,0.11577795618232584
/Users/jiangnanhugo/workspace/power-sharpening/Subtree-Prefetching-Power-Sharpening/case_studies/logs-entropycut/mbpp/2026-09-21/vllm/dataset-mbpp.model-qwen3.5-9b.alpha4.0.steps100.blocks-1.prefetch-budget-20.rank-accept_first.cut-entropy4.0.samples20.maxnew1024.seed10086.subtreePrefetch.vllm.log,303,7,22,0.03394633347315636
/Users/jiangnanhugo/workspace/power-sharpening/Subtree-Prefetching-Power-Sharpening/case_studies/logs-entropycut/mbpp/2026-09-21/vllm/dataset-mbpp.model-qwen3.5-9b.alpha4.0.steps100.blocks-1.prefetch-budget-20.rank-accept_first.cut-entropy4.0.samples20.maxnew1024.seed10086.subtreePrefetch.vllm.log,303,8,88,0.587498996921433
/Users/jiangnanhugo/workspace/power-sharpening/Subtree-Prefetching-Power-Sharpening/case_studies/logs-entropycut/mbpp/2026-09-21/vllm/dataset-mbpp.model-qwen3.5-9b.alpha4.0.steps100.blocks-1.prefetch-budget-20.rank-accept_first.cut-entropy4.0.samples20.maxnew1024.seed10086.subtreePrefetch.vllm.log,303,9,40,0.039567181822842155
/Users/jiangnanhugo/workspace/power-sharpening/Subtree-Prefetching-Power-Sharpening/case_studies/logs-entropycut/mbpp/2026-09-21/vllm/dataset-mbpp.model-qwen3.5-9b.alpha4.0.steps100.blocks-1.prefetch-budget-20.rank-accept_first.cut-entropy4.0.samples20.maxnew1024.seed10086.subtreePrefetch.vllm.log,303,10,88,0.587498996921433
/Users/jiangnanhugo/workspace/power-sharpening/Subtree-Prefetching-Power-Sharpening/case_studies/logs-entropycut/mbpp/2026-09-21/vllm/dataset-mbpp.model-qwen3.5-9b.alpha4.0.steps100.blocks-1.prefetch-budget-20.rank-accept_first.cut-entropy4.0.samples20.maxnew1024.seed10086.subtreePrefetch.vllm.log,303,11,88,0.587498996921433
/Users/jiangnanhugo/workspace/power-sharpening/Subtree-Prefetching-Power-Sharpening/case_studies/logs-entropycut/mbpp/2026-09-21/vllm/dataset-mbpp.model-qwen3.5-9b.alpha4.0.steps100.blocks-1.prefetch-budget-20.rank-accept_first.cut-entropy4.0.samples20.maxnew1024.seed10086.subtreePrefetch.vllm.log,303,12,83,0.12999427586164972
/Users/jiangnanhugo/workspace/power-sharpening/Subtree-Prefetching-Power-Sharpening/case_studies/logs-entropycut/mbpp/2026-09-21/vllm/dataset-mbpp.model-qwen3.5-9b.alpha4.0.steps100.blocks-1.prefetch-budget-20.rank-accept_first.cut-entropy4.0.samples20.maxnew1024.seed10086.subtreePrefetch.vllm.log,303,13,88,0.587498996921433
/Users/jiangnanhugo/workspace/power-sharpening/Subtree-Prefetching-Power-Sharpening/case_studies/logs-entropycut/mbpp/2026-09-21/vllm/dataset-mbpp.model-qwen3.5-9b.alpha4.0.steps100.blocks-1.prefetch-budget-20.rank-accept_first.cut-entropy4.0.samples20.maxnew1024.seed10086.subtreePrefetch.vllm.log,303,14,7,0.0251662317225072
/Users/jiangnanhugo/workspace/power-sharpening/Subtree-Prefetching-Power-Sharpening/case_studies/logs-entropycut/mbpp/2026-09-21/vllm/dataset-mbpp.model-qwen3.5-9b.alpha4.0.steps100.blocks-1.prefetch-budget-20.rank-accept_first.cut-entropy4.0.samples20.maxnew1024.seed10086.subtreePrefetch.vllm.log,303,15,88,0.587498996921433
/Users/jiangnanhugo/workspace/power-sharpening/Subtree-Prefetching-Power-Sharpening/case_studies/logs-entropycut/mbpp/2026-09-21/vllm/dataset-mbpp.model-qwen3.5-9b.alpha4.0.steps100.blocks-1.prefetch-budget-20.rank-accept_first.cut-entropy4.0.samples20.maxnew1024.seed10086.subtreePrefetch.vllm.log,303,16,40,0.039567181822842155
/Users/jiangnanhugo/workspace/power-sharpening/Subtree-Prefetching-Power-Sharpening/case_studies/logs-entropycut/mbpp/2026-09-21/vllm/dataset-mbpp.model-qwen3.5-9b.alpha4.0.steps100.blocks-1.prefetch-budget-20.rank-accept_first.cut-entropy4.0.samples20.maxnew1024.seed10086.subtreePrefetch.vllm.log,303,17,88,0.587498996921433
/Users/jiangnanhugo/workspace/power-sharpening/Subtree-Prefetching-Power-Sharpening/case_studies/logs-entropycut/mbpp/2026-09-21/vllm/dataset-mbpp.model-qwen3.5-9b.alpha4.0.steps100.blocks-1.prefetch-budget-20.rank-accept_first.cut-entropy4.0.samples20.maxnew1024.seed10086.subtreePrefetch.vllm.log,303,18,88,0.587498996921433
/Users/jiangnanhugo/workspace/power-sharpening/Subtree-Prefetching-Power-Sharpening/case_studies/logs-entropycut/mbpp/2026-09-21/vllm/dataset-mbpp.model-qwen3.5-9b.alpha4.0.steps100.blocks-1.prefetch-budget-20.rank-accept_first.cut-entropy4.0.samples20.maxnew1024.seed10086.subtreePrefetch.vllm.log,303,19,82,0.11577795618232584
/Users/jiangnanhugo/workspace/power-sharpening/Subtree-Prefetching-Power-Sharpening/case_studies/logs-entropycut/mbpp/2026-09-21/vllm/dataset-mbpp.model-qwen3.5-9b.alpha4.0.steps100.blocks-1.prefetch-budget-20.rank-accept_first.cut-entropy4.0.samples20.maxnew1024.seed10086.subtreePrefetch.vllm.log,304,0,88,0.5911647637783187
/Users/jiangnanhugo/workspace/power-sharpening/Subtree-Prefetching-Power-Sharpening/case_studies/logs-entropycut/mbpp/2026-09-21/vllm/dataset-mbpp.model-qwen3.5-9b.alpha4.0.steps100.blocks-1.prefetch-budget-20.rank-accept_first.cut-entropy4.0.samples20.maxnew1024.seed10086.subtreePrefetch.vllm.log,304,1,88,0.5911647637783187
/Users/jiangnanhugo/workspace/power-sharpening/Subtree-Prefetching-Power-Sharpening/case_studies/logs-entropycut/mbpp/2026-09-21/vllm/dataset-mbpp.model-qwen3.5-9b.alpha4.0.steps100.blocks-1.prefetch-budget-20.rank-accept_first.cut-entropy4.0.samples20.maxnew1024.seed10086.subtreePrefetch.vllm.log,304,2,82,0.15989938469896828
/Users/jiangnanhugo/workspace/power-sharpening/Subtree-Prefetching-Power-Sharpening/case_studies/logs-entropycut/mbpp/2026-09-21/vllm/dataset-mbpp.model-qwen3.5-9b.alpha4.0.steps100.blocks-1.prefetch-budget-20.rank-accept_first.cut-entropy4.0.samples20.maxnew1024.seed10086.subtreePrefetch.vllm.log,304,3,88,0.5911647637783187
/Users/jiangnanhugo/workspace/power-sharpening/Subtree-Prefetching-Power-Sharpening/case_studies/logs-entropycut/mbpp/2026-09-21/vllm/dataset-mbpp.model-qwen3.5-9b.alpha4.0.steps100.blocks-1.prefetch-budget-20.rank-accept_first.cut-entropy4.0.samples20.maxnew1024.seed10086.subtreePrefetch.vllm.log,304,4,83,0.0881359215789339
/Users/jiangnanhugo/workspace/power-sharpening/Subtree-Prefetching-Power-Sharpening/case_studies/logs-entropycut/mbpp/2026-09-21/vllm/dataset-mbpp.model-qwen3.5-9b.alpha4.0.steps100.blocks-1.prefetch-budget-20.rank-accept_first.cut-entropy4.0.samples20.maxnew1024.seed10086.subtreePrefetch.vllm.log,304,5,88,0.5911647637783187
/Users/jiangnanhugo/workspace/power-sharpening/Subtree-Prefetching-Power-Sharpening/case_studies/logs-entropycut/mbpp/2026-09-21/vllm/dataset-mbpp.model-qwen3.5-9b.alpha4.0.steps100.blocks-1.prefetch-budget-20.rank-accept_first.cut-entropy4.0.samples20.maxnew1024.seed10086.subtreePrefetch.vllm.log,304,6,88,0.5911647637783187
/Users/jiangnanhugo/workspace/power-sharpening/Subtree-Prefetching-Power-Sharpening/case_studies/logs-entropycut/mbpp/2026-09-21/vllm/dataset-mbpp.model-qwen3.5-9b.alpha4.0.steps100.blocks-1.prefetch-budget-20.rank-accept_first.cut-entropy4.0.samples20.maxnew1024.seed10086.subtreePrefetch.vllm.log,304,7,22,0.0334165126821276
/Users/jiangnanhugo/workspace/power-sharpening/Subtree-Prefetching-Power-Sharpening/case_studies/logs-entropycut/mbpp/2026-09-21/vllm/dataset-mbpp.model-qwen3.5-9b.alpha4.0.steps100.blocks-1.prefetch-budget-20.rank-accept_first.cut-entropy4.0.samples20.maxnew1024.seed10086.subtreePrefetch.vllm.log,304,8,88,0.5911647637783187
/Users/jiangnanhugo/workspace/power-sharpening/Subtree-Prefetching-Power-Sharpening/case_studies/logs-entropycut/mbpp/2026-09-21/vllm/dataset-mbpp.model-qwen3.5-9b.alpha4.0.steps100.blocks-1.prefetch-budget-20.rank-accept_first.cut-entropy4.0.samples20.maxnew1024.seed10086.subtreePrefetch.vllm.log,304,9,88,0.5911647637783187
/Users/jiangnanhugo/workspace/power-sharpening/Subtree-Prefetching-Power-Sharpening/case_studies/logs-entropycut/mbpp/2026-09-21/vllm/dataset-mbpp.model-qwen3.5-9b.alpha4.0.steps100.blocks-1.prefetch-budget-20.rank-accept_first.cut-entropy4.0.samples20.maxnew1024.seed10086.subtreePrefetch.vllm.log,304,10,82,0.15989938469896828
/Users/jiangnanhugo/workspace/power-sharpening/Subtree-Prefetching-Power-Sharpening/case_studies/logs-entropycut/mbpp/2026-09-21/vllm/dataset-mbpp.model-qwen3.5-9b.alpha4.0.steps100.blocks-1.prefetch-budget-20.rank-accept_first.cut-entropy4.0.samples20.maxnew1024.seed10086.subtreePrefetch.vllm.log,304,11,88,0.5911647637783187
/Users/jiangnanhugo/workspace/power-sharpening/Subtree-Prefetching-Power-Sharpening/case_studies/logs-entropycut/mbpp/2026-09-21/vllm/dataset-mbpp.model-qwen3.5-9b.alpha4.0.steps100.blocks-1.prefetch-budget-20.rank-accept_first.cut-entropy4.0.samples20.maxnew1024.seed10086.subtreePrefetch.vllm.log,304,12,88,0.5911647637783187
/Users/jiangnanhugo/workspace/power-sharpening/Subtree-Prefetching-Power-Sharpening/case_studies/logs-entropycut/mbpp/2026-09-21/vllm/dataset-mbpp.model-qwen3.5-9b.alpha4.0.steps100.blocks-1.prefetch-budget-20.rank-accept_first.cut-entropy4.0.samples20.maxnew1024.seed10086.subtreePrefetch.vllm.log,304,13,87,0.03560595125771171
/Users/jiangnanhugo/workspace/power-sharpening/Subtree-Prefetching-Power-Sharpening/case_studies/logs-entropycut/mbpp/2026-09-21/vllm/dataset-mbpp.model-qwen3.5-9b.alpha4.0.steps100.blocks-1.prefetch-budget-20.rank-accept_first.cut-entropy4.0.samples20.maxnew1024.seed10086.subtreePrefetch.vllm.log,304,14,83,0.0881359215789339
/Users/jiangnanhugo/workspace/power-sharpening/Subtree-Prefetching-Power-Sharpening/case_studies/logs-entropycut/mbpp/2026-09-21/vllm/dataset-mbpp.model-qwen3.5-9b.alpha4.0.steps100.blocks-1.prefetch-budget-20.rank-accept_first.cut-entropy4.0.samples20.maxnew1024.seed10086.subtreePrefetch.vllm.log,304,15,88,0.5911647637783187
/Users/jiangnanhugo/workspace/power-sharpening/Subtree-Prefetching-Power-Sharpening/case_studies/logs-entropycut/mbpp/2026-09-21/vllm/dataset-mbpp.model-qwen3.5-9b.alpha4.0.steps100.blocks-1.prefetch-budget-20.rank-accept_first.cut-entropy4.0.samples20.maxnew1024.seed10086.subtreePrefetch.vllm.log,304,16,88,0.5911647637783187
/Users/jiangnanhugo/workspace/power-sharpening/Subtree-Prefetching-Power-Sharpening/case_studies/logs-entropycut/mbpp/2026-09-21/vllm/dataset-mbpp.model-qwen3.5-9b.alpha4.0.steps100.blocks-1.prefetch-budget-20.rank-accept_first.cut-entropy4.0.samples20.maxnew1024.seed10086.subtreePrefetch.vllm.log,304,17,83,0.0881359215789339
/Users/jiangnanhugo/workspace/power-sharpening/Subtree-Prefetching-Power-Sharpening/case_studies/logs-entropycut/mbpp/2026-09-21/vllm/dataset-mbpp.model-qwen3.5-9b.alpha4.0.steps100.blocks-1.prefetch-budget-20.rank-accept_first.cut-entropy4.0.samples20.maxnew1024.seed10086.subtreePrefetch.vllm.log,304,18,88,0.5911647637783187
/Users/jiangnanhugo/workspace/power-sharpening/Subtree-Prefetching-Power-Sharpening/case_studies/logs-entropycut/mbpp/2026-09-21/vllm/dataset-mbpp.model-qwen3.5-9b.alpha4.0.steps100.blocks-1.prefetch-budget-20.rank-accept_first.cut-entropy4.0.samples20.maxnew1024.seed10086.subtreePrefetch.vllm.log,304,19,88,0.5911647637783187
/Users/jiangnanhugo/workspace/power-sharpening/Subtree-Prefetching-Power-Sharpening/case_studies/logs-entropycut/mbpp/2026-09-21/vllm/dataset-mbpp.model-qwen3.5-9b.alpha4.0.steps100.blocks-1.prefetch-budget-20.rank-accept_first.cut-entropy4.0.samples20.maxnew1024.seed10086.subtreePrefetch.vllm.log,305,0,88,0.6195399952471624
/Users/jiangnanhugo/workspace/power-sharpening/Subtree-Prefetching-Power-Sharpening/case_studies/logs-entropycut/mbpp/2026-09-21/vllm/dataset-mbpp.model-qwen3.5-9b.alpha4.0.steps100.blocks-1.prefetch-budget-20.rank-accept_first.cut-entropy4.0.samples20.maxnew1024.seed10086.subtreePrefetch.vllm.log,305,1,83,0.0835845738498946
/Users/jiangnanhugo/workspace/power-sharpening/Subtree-Prefetching-Power-Sharpening/case_studies/logs-entropycut/mbpp/2026-09-21/vllm/dataset-mbpp.model-qwen3.5-9b.alpha4.0.steps100.blocks-1.prefetch-budget-20.rank-accept_first.cut-entropy4.0.samples20.maxnew1024.seed10086.subtreePrefetch.vllm.log,305,2,82,0.15164216461904143
/Users/jiangnanhugo/workspace/power-sharpening/Subtree-Prefetching-Power-Sharpening/case_studies/logs-entropycut/mbpp/2026-09-21/vllm/dataset-mbpp.model-qwen3.5-9b.alpha4.0.steps100.blocks-1.prefetch-budget-20.rank-accept_first.cut-entropy4.0.samples20.maxnew1024.seed10086.subtreePrefetch.vllm.log,305,3,88,0.6195399952471624
/Users/jiangnanhugo/workspace/power-sharpening/Subtree-Prefetching-Power-Sharpening/case_studies/logs-entropycut/mbpp/2026-09-21/vllm/dataset-mbpp.model-qwen3.5-9b.alpha4.0.steps100.blocks-1.prefetch-budget-20.rank-accept_first.cut-entropy4.0.samples20.maxnew1024.seed10086.subtreePrefetch.vllm.log,305,4,88,0.6195399952471624
/Users/jiangnanhugo/workspace/power-sharpening/Subtree-Prefetching-Power-Sharpening/case_studies/logs-entropycut/mbpp/2026-09-21/vllm/dataset-mbpp.model-qwen3.5-9b.alpha4.0.steps100.blocks-1.prefetch-budget-20.rank-accept_first.cut-entropy4.0.samples20.maxnew1024.seed10086.subtreePrefetch.vllm.log,305,5,82,0.15164216461904143
/Users/jiangnanhugo/workspace/power-sharpening/Subtree-Prefetching-Power-Sharpening/case_studies/logs-entropycut/mbpp/2026-09-21/vllm/dataset-mbpp.model-qwen3.5-9b.alpha4.0.steps100.blocks-1.prefetch-budget-20.rank-accept_first.cut-entropy4.0.samples20.maxnew1024.seed10086.subtreePrefetch.vllm.log,305,6,40,0.03693827016555384
/Users/jiangnanhugo/workspace/power-sharpening/Subtree-Prefetching-Power-Sharpening/case_studies/logs-entropycut/mbpp/2026-09-21/vllm/dataset-mbpp.model-qwen3.5-9b.alpha4.0.steps100.blocks-1.prefetch-budget-20.rank-accept_first.cut-entropy4.0.samples20.maxnew1024.seed10086.subtreePrefetch.vllm.log,305,7,88,0.6195399952471624
/Users/jiangnanhugo/workspace/power-sharpening/Subtree-Prefetching-Power-Sharpening/case_studies/logs-entropycut/mbpp/2026-09-21/vllm/dataset-mbpp.model-qwen3.5-9b.alpha4.0.steps100.blocks-1.prefetch-budget-20.rank-accept_first.cut-entropy4.0.samples20.maxnew1024.seed10086.subtreePrefetch.vllm.log,305,8,88,0.6195399952471624
/Users/jiangnanhugo/workspace/power-sharpening/Subtree-Prefetching-Power-Sharpening/case_studies/logs-entropycut/mbpp/2026-09-21/vllm/dataset-mbpp.model-qwen3.5-9b.alpha4.0.steps100.blocks-1.prefetch-budget-20.rank-accept_first.cut-entropy4.0.samples20.maxnew1024.seed10086.subtreePrefetch.vllm.log,305,9,7,0.023494143974596784
/Users/jiangnanhugo/workspace/power-sharpening/Subtree-Prefetching-Power-Sharpening/case_studies/logs-entropycut/mbpp/2026-09-21/vllm/dataset-mbpp.model-qwen3.5-9b.alpha4.0.steps100.blocks-1.prefetch-budget-20.rank-accept_first.cut-entropy4.0.samples20.maxnew1024.seed10086.subtreePrefetch.vllm.log,305,10,88,0.6195399952471624
/Users/jiangnanhugo/workspace/power-sharpening/Subtree-Prefetching-Power-Sharpening/case_studies/logs-entropycut/mbpp/2026-09-21/vllm/dataset-mbpp.model-qwen3.5-9b.alpha4.0.steps100.blocks-1.prefetch-budget-20.rank-accept_first.cut-entropy4.0.samples20.maxnew1024.seed10086.subtreePrefetch.vllm.log,305,11,88,0.6195399952471624
/Users/jiangnanhugo/workspace/power-sharpening/Subtree-Prefetching-Power-Sharpening/case_studies/logs-entropycut/mbpp/2026-09-21/vllm/dataset-mbpp.model-qwen3.5-9b.alpha4.0.steps100.blocks-1.prefetch-budget-20.rank-accept_first.cut-entropy4.0.samples20.maxnew1024.seed10086.subtreePrefetch.vllm.log,305,12,88,0.6195399952471624
/Users/jiangnanhugo/workspace/power-sharpening/Subtree-Prefetching-Power-Sharpening/case_studies/logs-entropycut/mbpp/2026-09-21/vllm/dataset-mbpp.model-qwen3.5-9b.alpha4.0.steps100.blocks-1.prefetch-budget-20.rank-accept_first.cut-entropy4.0.samples20.maxnew1024.seed10086.subtreePrefetch.vllm.log,305,13,82,0.15164216461904143
/Users/jiangnanhugo/workspace/power-sharpening/Subtree-Prefetching-Power-Sharpening/case_studies/logs-entropycut/mbpp/2026-09-21/vllm/dataset-mbpp.model-qwen3.5-9b.alpha4.0.steps100.blocks-1.prefetch-budget-20.rank-accept_first.cut-entropy4.0.samples20.maxnew1024.seed10086.subtreePrefetch.vllm.log,305,14,22,0.031690880653965234
/Users/jiangnanhugo/workspace/power-sharpening/Subtree-Prefetching-Power-Sharpening/case_studies/logs-entropycut/mbpp/2026-09-21/vllm/dataset-mbpp.model-qwen3.5-9b.alpha4.0.steps100.blocks-1.prefetch-budget-20.rank-accept_first.cut-entropy4.0.samples20.maxnew1024.seed10086.subtreePrefetch.vllm.log,305,15,88,0.6195399952471624
/Users/jiangnanhugo/workspace/power-sharpening/Subtree-Prefetching-Power-Sharpening/case_studies/logs-entropycut/mbpp/2026-09-21/vllm/dataset-mbpp.model-qwen3.5-9b.alpha4.0.steps100.blocks-1.prefetch-budget-20.rank-accept_first.cut-entropy4.0.samples20.maxnew1024.seed10086.subtreePrefetch.vllm.log,305,16,83,0.0835845738498946
/Users/jiangnanhugo/workspace/power-sharpening/Subtree-Prefetching-Power-Sharpening/case_studies/logs-entropycut/mbpp/2026-09-21/vllm/dataset-mbpp.model-qwen3.5-9b.alpha4.0.steps100.blocks-1.prefetch-budget-20.rank-accept_first.cut-entropy4.0.samples20.maxnew1024.seed10086.subtreePrefetch.vllm.log,305,17,88,0.6195399952471624
/Users/jiangnanhugo/workspace/power-sharpening/Subtree-Prefetching-Power-Sharpening/case_studies/logs-entropycut/mbpp/2026-09-21/vllm/dataset-mbpp.model-qwen3.5-9b.alpha4.0.steps100.blocks-1.prefetch-budget-20.rank-accept_first.cut-entropy4.0.samples20.maxnew1024.seed10086.subtreePrefetch.vllm.log,305,18,88,0.6195399952471624
/Users/jiangnanhugo/workspace/power-sharpening/Subtree-Prefetching-Power-Sharpening/case_studies/logs-entropycut/mbpp/2026-09-21/vllm/dataset-mbpp.model-qwen3.5-9b.alpha4.0.steps100.blocks-1.prefetch-budget-20.rank-accept_first.cut-entropy4.0.samples20.maxnew1024.seed10086.subtreePrefetch.vllm.log,305,19,40,0.03693827016555384
/Users/jiangnanhugo/workspace/power-sharpening/Subtree-Prefetching-Power-Sharpening/case_studies/logs-entropycut/mbpp/2026-09-21/vllm/dataset-mbpp.model-qwen3.5-9b.alpha4.0.steps100.blocks-1.prefetch-budget-20.rank-accept_first.cut-entropy4.0.samples20.maxnew1024.seed10086.subtreePrefetch.vllm.log,306,0,48,0.01806879630568554
/Users/jiangnanhugo/workspace/power-sharpening/Subtree-Prefetching-Power-Sharpening/case_studies/logs-entropycut/mbpp/2026-09-21/vllm/dataset-mbpp.model-qwen3.5-9b.alpha4.0.steps100.blocks-1.prefetch-budget-20.rank-accept_first.cut-entropy4.0.samples20.maxnew1024.seed10086.subtreePrefetch.vllm.log,306,1,88,0.6195399952471624
/Users/jiangnanhugo/workspace/power-sharpening/Subtree-Prefetching-Power-Sharpening/case_studies/logs-entropycut/mbpp/2026-09-21/vllm/dataset-mbpp.model-qwen3.5-9b.alpha4.0.steps100.blocks-1.prefetch-budget-20.rank-accept_first.cut-entropy4.0.samples20.maxnew1024.seed10086.subtreePrefetch.vllm.log,306,2,88,0.6195399952471624
/Users/jiangnanhugo/workspace/power-sharpening/Subtree-Prefetching-Power-Sharpening/case_studies/logs-entropycut/mbpp/2026-09-21/vllm/dataset-mbpp.model-qwen3.5-9b.alpha4.0.steps100.blocks-1.prefetch-budget-20.rank-accept_first.cut-entropy4.0.samples20.maxnew1024.seed10086.subtreePrefetch.vllm.log,306,3,88,0.6195399952471624
/Users/jiangnanhugo/workspace/power-sharpening/Subtree-Prefetching-Power-Sharpening/case_studies/logs-entropycut/mbpp/2026-09-21/vllm/dataset-mbpp.model-qwen3.5-9b.alpha4.0.steps100.blocks-1.prefetch-budget-20.rank-accept_first.cut-entropy4.0.samples20.maxnew1024.seed10086.subtreePrefetch.vllm.log,306,4,88,0.6195399952471624
/Users/jiangnanhugo/workspace/power-sharpening/Subtree-Prefetching-Power-Sharpening/case_studies/logs-entropycut/mbpp/2026-09-21/vllm/dataset-mbpp.model-qwen3.5-9b.alpha4.0.steps100.blocks-1.prefetch-budget-20.rank-accept_first.cut-entropy4.0.samples20.maxnew1024.seed10086.subtreePrefetch.vllm.log,306,5,88,0.6195399952471624
/Users/jiangnanhugo/workspace/power-sharpening/Subtree-Prefetching-Power-Sharpening/case_studies/logs-entropycut/mbpp/2026-09-21/vllm/dataset-mbpp.model-qwen3.5-9b.alpha4.0.steps100.blocks-1.prefetch-budget-20.rank-accept_first.cut-entropy4.0.samples20.maxnew1024.seed10086.subtreePrefetch.vllm.log,306,6,88,0.6195399952471624
/Users/jiangnanhugo/workspace/power-sharpening/Subtree-Prefetching-Power-Sharpening/case_studies/logs-entropycut/mbpp/2026-09-21/vllm/dataset-mbpp.model-qwen3.5-9b.alpha4.0.steps100.blocks-1.prefetch-budget-20.rank-accept_first.cut-entropy4.0.samples20.maxnew1024.seed10086.subtreePrefetch.vllm.log,306,7,87,0.026504856473894667
/Users/jiangnanhugo/workspace/power-sharpening/Subtree-Prefetching-Power-Sharpening/case_studies/logs-entropycut/mbpp/2026-09-21/vllm/dataset-mbpp.model-qwen3.5-9b.alpha4.0.steps100.blocks-1.prefetch-budget-20.rank-accept_first.cut-entropy4.0.samples20.maxnew1024.seed10086.subtreePrefetch.vllm.log,306,8,88,0.6195399952471624
/Users/jiangnanhugo/workspace/power-sharpening/Subtree-Prefetching-Power-Sharpening/case_studies/logs-entropycut/mbpp/2026-09-21/vllm/dataset-mbpp.model-qwen3.5-9b.alpha4.0.steps100.blocks-1.prefetch-budget-20.rank-accept_first.cut-entropy4.0.samples20.maxnew1024.seed10086.subtreePrefetch.vllm.log,306,9,88,0.6195399952471624
/Users/jiangnanhugo/workspace/power-sharpening/Subtree-Prefetching-Power-Sharpening/case_studies/logs-entropycut/mbpp/2026-09-21/vllm/dataset-mbpp.model-qwen3.5-9b.alpha4.0.steps100.blocks-1.prefetch-budget-20.rank-accept_first.cut-entropy4.0.samples20.maxnew1024.seed10086.subtreePrefetch.vllm.log,306,10,82,0.15164216461904143
/Users/jiangnanhugo/workspace/power-sharpening/Subtree-Prefetching-Power-Sharpening/case_studies/logs-entropycut/mbpp/2026-09-21/vllm/dataset-mbpp.model-qwen3.5-9b.alpha4.0.steps100.blocks-1.prefetch-budget-20.rank-accept_first.cut-entropy4.0.samples20.maxnew1024.seed10086.subtreePrefetch.vllm.log,306,11,88,0.6195399952471624
/Users/jiangnanhugo/workspace/power-sharpening/Subtree-Prefetching-Power-Sharpening/case_studies/logs-entropycut/mbpp/2026-09-21/vllm/dataset-mbpp.model-qwen3.5-9b.alpha4.0.steps100.blocks-1.prefetch-budget-20.rank-accept_first.cut-entropy4.0.samples20.maxnew1024.seed10086.subtreePrefetch.vllm.log,306,12,88,0.6195399952471624
/Users/jiangnanhugo/workspace/power-sharpening/Subtree-Prefetching-Power-Sharpening/case_studies/logs-entropycut/mbpp/2026-09-21/vllm/dataset-mbpp.model-qwen3.5-9b.alpha4.0.steps100.blocks-1.prefetch-budget-20.rank-accept_first.cut-entropy4.0.samples20.maxnew1024.seed10086.subtreePrefetch.vllm.log,306,13,88,0.6195399952471624
/Users/jiangnanhugo/workspace/power-sharpening/Subtree-Prefetching-Power-Sharpening/case_studies/logs-entropycut/mbpp/2026-09-21/vllm/dataset-mbpp.model-qwen3.5-9b.alpha4.0.steps100.blocks-1.prefetch-budget-20.rank-accept_first.cut-entropy4.0.samples20.maxnew1024.seed10086.subtreePrefetch.vllm.log,306,14,22,0.031690880653965234
/Users/jiangnanhugo/workspace/power-sharpening/Subtree-Prefetching-Power-Sharpening/case_studies/logs-entropycut/mbpp/2026-09-21/vllm/dataset-mbpp.model-qwen3.5-9b.alpha4.0.steps100.blocks-1.prefetch-budget-20.rank-accept_first.cut-entropy4.0.samples20.maxnew1024.seed10086.subtreePrefetch.vllm.log,306,15,82,0.15164216461904143
/Users/jiangnanhugo/workspace/power-sharpening/Subtree-Prefetching-Power-Sharpening/case_studies/logs-entropycut/mbpp/2026-09-21/vllm/dataset-mbpp.model-qwen3.5-9b.alpha4.0.steps100.blocks-1.prefetch-budget-20.rank-accept_first.cut-entropy4.0.samples20.maxnew1024.seed10086.subtreePrefetch.vllm.log,306,16,82,0.15164216461904143
/Users/jiangnanhugo/workspace/power-sharpening/Subtree-Prefetching-Power-Sharpening/case_studies/logs-entropycut/mbpp/2026-09-21/vllm/dataset-mbpp.model-qwen3.5-9b.alpha4.0.steps100.blocks-1.prefetch-budget-20.rank-accept_first.cut-entropy4.0.samples20.maxnew1024.seed10086.subtreePrefetch.vllm.log,306,17,88,0.6195399952471624
/Users/jiangnanhugo/workspace/power-sharpening/Subtree-Prefetching-Power-Sharpening/case_studies/logs-entropycut/mbpp/2026-09-21/vllm/dataset-mbpp.model-qwen3.5-9b.alpha4.0.steps100.blocks-1.prefetch-budget-20.rank-accept_first.cut-entropy4.0.samples20.maxnew1024.seed10086.subtreePrefetch.vllm.log,306,18,88,0.6195399952471624
/Users/jiangnanhugo/workspace/power-sharpening/Subtree-Prefetching-Power-Sharpening/case_studies/logs-entropycut/mbpp/2026-09-21/vllm/dataset-mbpp.model-qwen3.5-9b.alpha4.0.steps100.blocks-1.prefetch-budget-20.rank-accept_first.cut-entropy4.0.samples20.maxnew1024.seed10086.subtreePrefetch.vllm.log,306,19,88,0.6195399952471624
/Users/jiangnanhugo/workspace/power-sharpening/Subtree-Prefetching-Power-Sharpening/case_studies/logs-entropycut/mbpp/2026-09-21/vllm/dataset-mbpp.model-qwen3.5-9b.alpha4.0.steps100.blocks-1.prefetch-budget-20.rank-accept_first.cut-entropy4.0.samples20.maxnew1024.seed10086.subtreePrefetch.vllm.log,307,0,88,0.6195399952471624
/Users/jiangnanhugo/workspace/power-sharpening/Subtree-Prefetching-Power-Sharpening/case_studies/logs-entropycut/mbpp/2026-09-21/vllm/dataset-mbpp.model-qwen3.5-9b.alpha4.0.steps100.blocks-1.prefetch-budget-20.rank-accept_first.cut-entropy4.0.samples20.maxnew1024.seed10086.subtreePrefetch.vllm.log,307,1,83,0.0835845738498946
/Users/jiangnanhugo/workspace/power-sharpening/Subtree-Prefetching-Power-Sharpening/case_studies/logs-entropycut/mbpp/2026-09-21/vllm/dataset-mbpp.model-qwen3.5-9b.alpha4.0.steps100.blocks-1.prefetch-budget-20.rank-accept_first.cut-entropy4.0.samples20.maxnew1024.seed10086.subtreePrefetch.vllm.log,307,2,88,0.6195399952471624
/Users/jiangnanhugo/workspace/power-sharpening/Subtree-Prefetching-Power-Sharpening/case_studies/logs-entropycut/mbpp/2026-09-21/vllm/dataset-mbpp.model-qwen3.5-9b.alpha4.0.steps100.blocks-1.prefetch-budget-20.rank-accept_first.cut-entropy4.0.samples20.maxnew1024.seed10086.subtreePrefetch.vllm.log,307,3,88,0.6195399952471624
/Users/jiangnanhugo/workspace/power-sharpening/Subtree-Prefetching-Power-Sharpening/case_studies/logs-entropycut/mbpp/2026-09-21/vllm/dataset-mbpp.model-qwen3.5-9b.alpha4.0.steps100.blocks-1.prefetch-budget-20.rank-accept_first.cut-entropy4.0.samples20.maxnew1024.seed10086.subtreePrefetch.vllm.log,307,4,82,0.15164216461904143
/Users/jiangnanhugo/workspace/power-sharpening/Subtree-Prefetching-Power-Sharpening/case_studies/logs-entropycut/mbpp/2026-09-21/vllm/dataset-mbpp.model-qwen3.5-9b.alpha4.0.steps100.blocks-1.prefetch-budget-20.rank-accept_first.cut-entropy4.0.samples20.maxnew1024.seed10086.subtreePrefetch.vllm.log,307,5,87,0.026504856473894667
/Users/jiangnanhugo/workspace/power-sharpening/Subtree-Prefetching-Power-Sharpening/case_studies/logs-entropycut/mbpp/2026-09-21/vllm/dataset-mbpp.model-qwen3.5-9b.alpha4.0.steps100.blocks-1.prefetch-budget-20.rank-accept_first.cut-entropy4.0.samples20.maxnew1024.seed10086.subtreePrefetch.vllm.log,307,6,88,0.6195399952471624
/Users/jiangnanhugo/workspace/power-sharpening/Subtree-Prefetching-Power-Sharpening/case_studies/logs-entropycut/mbpp/2026-09-21/vllm/dataset-mbpp.model-qwen3.5-9b.alpha4.0.steps100.blocks-1.prefetch-budget-20.rank-accept_first.cut-entropy4.0.samples20.maxnew1024.seed10086.subtreePrefetch.vllm.log,307,7,82,0.15164216461904143
/Users/jiangnanhugo/workspace/power-sharpening/Subtree-Prefetching-Power-Sharpening/case_studies/logs-entropycut/mbpp/2026-09-21/vllm/dataset-mbpp.model-qwen3.5-9b.alpha4.0.steps100.blocks-1.prefetch-budget-20.rank-accept_first.cut-entropy4.0.samples20.maxnew1024.seed10086.subtreePrefetch.vllm.log,307,8,22,0.031690880653965234
/Users/jiangnanhugo/workspace/power-sharpening/Subtree-Prefetching-Power-Sharpening/case_studies/logs-entropycut/mbpp/2026-09-21/vllm/dataset-mbpp.model-qwen3.5-9b.alpha4.0.steps100.blocks-1.prefetch-budget-20.rank-accept_first.cut-entropy4.0.samples20.maxnew1024.seed10086.subtreePrefetch.vllm.log,307,9,82,0.15164216461904143
/Users/jiangnanhugo/workspace/power-sharpening/Subtree-Prefetching-Power-Sharpening/case_studies/logs-entropycut/mbpp/2026-09-21/vllm/dataset-mbpp.model-qwen3.5-9b.alpha4.0.steps100.blocks-1.prefetch-budget-20.rank-accept_first.cut-entropy4.0.samples20.maxnew1024.seed10086.subtreePrefetch.vllm.log,307,10,82,0.15164216461904143
/Users/jiangnanhugo/workspace/power-sharpening/Subtree-Prefetching-Power-Sharpening/case_studies/logs-entropycut/mbpp/2026-09-21/vllm/dataset-mbpp.model-qwen3.5-9b.alpha4.0.steps100.blocks-1.prefetch-budget-20.rank-accept_first.cut-entropy4.0.samples20.maxnew1024.seed10086.subtreePrefetch.vllm.log,307,11,88,0.6195399952471624
/Users/jiangnanhugo/workspace/power-sharpening/Subtree-Prefetching-Power-Sharpening/case_studies/logs-entropycut/mbpp/2026-09-21/vllm/dataset-mbpp.model-qwen3.5-9b.alpha4.0.steps100.blocks-1.prefetch-budget-20.rank-accept_first.cut-entropy4.0.samples20.maxnew1024.seed10086.subtreePrefetch.vllm.log,307,12,48,0.01806879630568554
/Users/jiangnanhugo/workspace/power-sharpening/Subtree-Prefetching-Power-Sharpening/case_studies/logs-entropycut/mbpp/2026-09-21/vllm/dataset-mbpp.model-qwen3.5-9b.alpha4.0.steps100.blocks-1.prefetch-budget-20.rank-accept_first.cut-entropy4.0.samples20.maxnew1024.seed10086.subtreePrefetch.vllm.log,307,13,88,0.6195399952471624
/Users/jiangnanhugo/workspace/power-sharpening/Subtree-Prefetching-Power-Sharpening/case_studies/logs-entropycut/mbpp/2026-09-21/vllm/dataset-mbpp.model-qwen3.5-9b.alpha4.0.steps100.blocks-1.prefetch-budget-20.rank-accept_first.cut-entropy4.0.samples20.maxnew1024.seed10086.subtreePrefetch.vllm.log,307,14,88,0.6195399952471624
/Users/jiangnanhugo/workspace/power-sharpening/Subtree-Prefetching-Power-Sharpening/case_studies/logs-entropycut/mbpp/2026-09-21/vllm/dataset-mbpp.model-qwen3.5-9b.alpha4.0.steps100.blocks-1.prefetch-budget-20.rank-accept_first.cut-entropy4.0.samples20.maxnew1024.seed10086.subtreePrefetch.vllm.log,307,15,88,0.6195399952471624
/Users/jiangnanhugo/workspace/power-sharpening/Subtree-Prefetching-Power-Sharpening/case_studies/logs-entropycut/mbpp/2026-09-21/vllm/dataset-mbpp.model-qwen3.5-9b.alpha4.0.steps100.blocks-1.prefetch-budget-20.rank-accept_first.cut-entropy4.0.samples20.maxnew1024.seed10086.subtreePrefetch.vllm.log,307,16,88,0.6195399952471624
/Users/jiangnanhugo/workspace/power-sharpening/Subtree-Prefetching-Power-Sharpening/case_studies/logs-entropycut/mbpp/2026-09-21/vllm/dataset-mbpp.model-qwen3.5-9b.alpha4.0.steps100.blocks-1.prefetch-budget-20.rank-accept_first.cut-entropy4.0.samples20.maxnew1024.seed10086.subtreePrefetch.vllm.log,307,17,88,0.6195399952471624
/Users/jiangnanhugo/workspace/power-sharpening/Subtree-Prefetching-Power-Sharpening/case_studies/logs-entropycut/mbpp/2026-09-21/vllm/dataset-mbpp.model-qwen3.5-9b.alpha4.0.steps100.blocks-1.prefetch-budget-20.rank-accept_first.cut-entropy4.0.samples20.maxnew1024.seed10086.subtreePrefetch.vllm.log,307,18,88,0.6195399952471624
/Users/jiangnanhugo/workspace/power-sharpening/Subtree-Prefetching-Power-Sharpening/case_studies/logs-entropycut/mbpp/2026-09-21/vllm/dataset-mbpp.model-qwen3.5-9b.alpha4.0.steps100.blocks-1.prefetch-budget-20.rank-accept_first.cut-entropy4.0.samples20.maxnew1024.seed10086.subtreePrefetch.vllm.log,307,19,88,0.6195399952471624
/Users/jiangnanhugo/workspace/power-sharpening/Subtree-Prefetching-Power-Sharpening/case_studies/logs-entropycut/mbpp/2026-09-21/vllm/dataset-mbpp.model-qwen3.5-9b.alpha4.0.steps100.blocks-1.prefetch-budget-20.rank-accept_first.cut-entropy4.0.samples20.maxnew1024.seed10086.subtreePrefetch.vllm.log,308,0,83,0.0881359215789339
/Users/jiangnanhugo/workspace/power-sharpening/Subtree-Prefetching-Power-Sharpening/case_studies/logs-entropycut/mbpp/2026-09-21/vllm/dataset-mbpp.model-qwen3.5-9b.alpha4.0.steps100.blocks-1.prefetch-budget-20.rank-accept_first.cut-entropy4.0.samples20.maxnew1024.seed10086.subtreePrefetch.vllm.log,308,1,82,0.15989938469896828
/Users/jiangnanhugo/workspace/power-sharpening/Subtree-Prefetching-Power-Sharpening/case_studies/logs-entropycut/mbpp/2026-09-21/vllm/dataset-mbpp.model-qwen3.5-9b.alpha4.0.steps100.blocks-1.prefetch-budget-20.rank-accept_first.cut-entropy4.0.samples20.maxnew1024.seed10086.subtreePrefetch.vllm.log,308,2,88,0.5911647637783187
/Users/jiangnanhugo/workspace/power-sharpening/Subtree-Prefetching-Power-Sharpening/case_studies/logs-entropycut/mbpp/2026-09-21/vllm/dataset-mbpp.model-qwen3.5-9b.alpha4.0.steps100.blocks-1.prefetch-budget-20.rank-accept_first.cut-entropy4.0.samples20.maxnew1024.seed10086.subtreePrefetch.vllm.log,308,3,88,0.5911647637783187
/Users/jiangnanhugo/workspace/power-sharpening/Subtree-Prefetching-Power-Sharpening/case_studies/logs-entropycut/mbpp/2026-09-21/vllm/dataset-mbpp.model-qwen3.5-9b.alpha4.0.steps100.blocks-1.prefetch-budget-20.rank-accept_first.cut-entropy4.0.samples20.maxnew1024.seed10086.subtreePrefetch.vllm.log,308,4,88,0.5911647637783187
/Users/jiangnanhugo/workspace/power-sharpening/Subtree-Prefetching-Power-Sharpening/case_studies/logs-entropycut/mbpp/2026-09-21/vllm/dataset-mbpp.model-qwen3.5-9b.alpha4.0.steps100.blocks-1.prefetch-budget-20.rank-accept_first.cut-entropy4.0.samples20.maxnew1024.seed10086.subtreePrefetch.vllm.log,308,5,88,0.5911647637783187
/Users/jiangnanhugo/workspace/power-sharpening/Subtree-Prefetching-Power-Sharpening/case_studies/logs-entropycut/mbpp/2026-09-21/vllm/dataset-mbpp.model-qwen3.5-9b.alpha4.0.steps100.blocks-1.prefetch-budget-20.rank-accept_first.cut-entropy4.0.samples20.maxnew1024.seed10086.subtreePrefetch.vllm.log,308,6,88,0.5911647637783187
/Users/jiangnanhugo/workspace/power-sharpening/Subtree-Prefetching-Power-Sharpening/case_studies/logs-entropycut/mbpp/2026-09-21/vllm/dataset-mbpp.model-qwen3.5-9b.alpha4.0.steps100.blocks-1.prefetch-budget-20.rank-accept_first.cut-entropy4.0.samples20.maxnew1024.seed10086.subtreePrefetch.vllm.log,308,7,88,0.5911647637783187
/Users/jiangnanhugo/workspace/power-sharpening/Subtree-Prefetching-Power-Sharpening/case_studies/logs-entropycut/mbpp/2026-09-21/vllm/dataset-mbpp.model-qwen3.5-9b.alpha4.0.steps100.blocks-1.prefetch-budget-20.rank-accept_first.cut-entropy4.0.samples20.maxnew1024.seed10086.subtreePrefetch.vllm.log,308,8,88,0.5911647637783187
/Users/jiangnanhugo/workspace/power-sharpening/Subtree-Prefetching-Power-Sharpening/case_studies/logs-entropycut/mbpp/2026-09-21/vllm/dataset-mbpp.model-qwen3.5-9b.alpha4.0.steps100.blocks-1.prefetch-budget-20.rank-accept_first.cut-entropy4.0.samples20.maxnew1024.seed10086.subtreePrefetch.vllm.log,308,9,88,0.5911647637783187
/Users/jiangnanhugo/workspace/power-sharpening/Subtree-Prefetching-Power-Sharpening/case_studies/logs-entropycut/mbpp/2026-09-21/vllm/dataset-mbpp.model-qwen3.5-9b.alpha4.0.steps100.blocks-1.prefetch-budget-20.rank-accept_first.cut-entropy4.0.samples20.maxnew1024.seed10086.subtreePrefetch.vllm.log,308,10,88,0.5911647637783187
/Users/jiangnanhugo/workspace/power-sharpening/Subtree-Prefetching-Power-Sharpening/case_studies/logs-entropycut/mbpp/2026-09-21/vllm/dataset-mbpp.model-qwen3.5-9b.alpha4.0.steps100.blocks-1.prefetch-budget-20.rank-accept_first.cut-entropy4.0.samples20.maxnew1024.seed10086.subtreePrefetch.vllm.log,308,11,88,0.5911647637783187
/Users/jiangnanhugo/workspace/power-sharpening/Subtree-Prefetching-Power-Sharpening/case_studies/logs-entropycut/mbpp/2026-09-21/vllm/dataset-mbpp.model-qwen3.5-9b.alpha4.0.steps100.blocks-1.prefetch-budget-20.rank-accept_first.cut-entropy4.0.samples20.maxnew1024.seed10086.subtreePrefetch.vllm.log,308,12,88,0.5911647637783187
/Users/jiangnanhugo/workspace/power-sharpening/Subtree-Prefetching-Power-Sharpening/case_studies/logs-entropycut/mbpp/2026-09-21/vllm/dataset-mbpp.model-qwen3.5-9b.alpha4.0.steps100.blocks-1.prefetch-budget-20.rank-accept_first.cut-entropy4.0.samples20.maxnew1024.seed10086.subtreePrefetch.vllm.log,308,13,88,0.5911647637783187
/Users/jiangnanhugo/workspace/power-sharpening/Subtree-Prefetching-Power-Sharpening/case_studies/logs-entropycut/mbpp/2026-09-21/vllm/dataset-mbpp.model-qwen3.5-9b.alpha4.0.steps100.blocks-1.prefetch-budget-20.rank-accept_first.cut-entropy4.0.samples20.maxnew1024.seed10086.subtreePrefetch.vllm.log,308,14,88,0.5911647637783187
/Users/jiangnanhugo/workspace/power-sharpening/Subtree-Prefetching-Power-Sharpening/case_studies/logs-entropycut/mbpp/2026-09-21/vllm/dataset-mbpp.model-qwen3.5-9b.alpha4.0.steps100.blocks-1.prefetch-budget-20.rank-accept_first.cut-entropy4.0.samples20.maxnew1024.seed10086.subtreePrefetch.vllm.log,308,15,88,0.5911647637783187
/Users/jiangnanhugo/workspace/power-sharpening/Subtree-Prefetching-Power-Sharpening/case_studies/logs-entropycut/mbpp/2026-09-21/vllm/dataset-mbpp.model-qwen3.5-9b.alpha4.0.steps100.blocks-1.prefetch-budget-20.rank-accept_first.cut-entropy4.0.samples20.maxnew1024.seed10086.subtreePrefetch.vllm.log,308,16,88,0.5911647637783187
/Users/jiangnanhugo/workspace/power-sharpening/Subtree-Prefetching-Power-Sharpening/case_studies/logs-entropycut/mbpp/2026-09-21/vllm/dataset-mbpp.model-qwen3.5-9b.alpha4.0.steps100.blocks-1.prefetch-budget-20.rank-accept_first.cut-entropy4.0.samples20.maxnew1024.seed10086.subtreePrefetch.vllm.log,308,17,82,0.15989938469896828
/Users/jiangnanhugo/workspace/power-sharpening/Subtree-Prefetching-Power-Sharpening/case_studies/logs-entropycut/mbpp/2026-09-21/vllm/dataset-mbpp.model-qwen3.5-9b.alpha4.0.steps100.blocks-1.prefetch-budget-20.rank-accept_first.cut-entropy4.0.samples20.maxnew1024.seed10086.subtreePrefetch.vllm.log,308,18,82,0.15989938469896828
/Users/jiangnanhugo/workspace/power-sharpening/Subtree-Prefetching-Power-Sharpening/case_studies/logs-entropycut/mbpp/2026-09-21/vllm/dataset-mbpp.model-qwen3.5-9b.alpha4.0.steps100.blocks-1.prefetch-budget-20.rank-accept_first.cut-entropy4.0.samples20.maxnew1024.seed10086.subtreePrefetch.vllm.log,308,19,88,0.5911647637783187
/Users/jiangnanhugo/workspace/power-sharpening/Subtree-Prefetching-Power-Sharpening/case_studies/logs-entropycut/mbpp/2026-09-21/vllm/dataset-mbpp.model-qwen3.5-9b.alpha4.0.steps100.blocks-1.prefetch-budget-20.rank-accept_first.cut-entropy4.0.samples20.maxnew1024.seed10086.subtreePrefetch.vllm.log,309,0,88,0.5911647637783187
/Users/jiangnanhugo/workspace/power-sharpening/Subtree-Prefetching-Power-Sharpening/case_studies/logs-entropycut/mbpp/2026-09-21/vllm/dataset-mbpp.model-qwen3.5-9b.alpha4.0.steps100.blocks-1.prefetch-budget-20.rank-accept_first.cut-entropy4.0.samples20.maxnew1024.seed10086.subtreePrefetch.vllm.log,309,1,82,0.15989938469896828
/Users/jiangnanhugo/workspace/power-sharpening/Subtree-Prefetching-Power-Sharpening/case_studies/logs-entropycut/mbpp/2026-09-21/vllm/dataset-mbpp.model-qwen3.5-9b.alpha4.0.steps100.blocks-1.prefetch-budget-20.rank-accept_first.cut-entropy4.0.samples20.maxnew1024.seed10086.subtreePrefetch.vllm.log,309,2,83,0.0881359215789339
/Users/jiangnanhugo/workspace/power-sharpening/Subtree-Prefetching-Power-Sharpening/case_studies/logs-entropycut/mbpp/2026-09-21/vllm/dataset-mbpp.model-qwen3.5-9b.alpha4.0.steps100.blocks-1.prefetch-budget-20.rank-accept_first.cut-entropy4.0.samples20.maxnew1024.seed10086.subtreePrefetch.vllm.log,309,3,88,0.5911647637783187
/Users/jiangnanhugo/workspace/power-sharpening/Subtree-Prefetching-Power-Sharpening/case_studies/logs-entropycut/mbpp/2026-09-21/vllm/dataset-mbpp.model-qwen3.5-9b.alpha4.0.steps100.blocks-1.prefetch-budget-20.rank-accept_first.cut-entropy4.0.samples20.maxnew1024.seed10086.subtreePrefetch.vllm.log,309,4,82,0.15989938469896828
/Users/jiangnanhugo/workspace/power-sharpening/Subtree-Prefetching-Power-Sharpening/case_studies/logs-entropycut/mbpp/2026-09-21/vllm/dataset-mbpp.model-qwen3.5-9b.alpha4.0.steps100.blocks-1.prefetch-budget-20.rank-accept_first.cut-entropy4.0.samples20.maxnew1024.seed10086.subtreePrefetch.vllm.log,309,5,88,0.5911647637783187
/Users/jiangnanhugo/workspace/power-sharpening/Subtree-Prefetching-Power-Sharpening/case_studies/logs-entropycut/mbpp/2026-09-21/vllm/dataset-mbpp.model-qwen3.5-9b.alpha4.0.steps100.blocks-1.prefetch-budget-20.rank-accept_first.cut-entropy4.0.samples20.maxnew1024.seed10086.subtreePrefetch.vllm.log,309,6,82,0.15989938469896828
/Users/jiangnanhugo/workspace/power-sharpening/Subtree-Prefetching-Power-Sharpening/case_studies/logs-entropycut/mbpp/2026-09-21/vllm/dataset-mbpp.model-qwen3.5-9b.alpha4.0.steps100.blocks-1.prefetch-budget-20.rank-accept_first.cut-entropy4.0.samples20.maxnew1024.seed10086.subtreePrefetch.vllm.log,309,7,82,0.15989938469896828
/Users/jiangnanhugo/workspace/power-sharpening/Subtree-Prefetching-Power-Sharpening/case_studies/logs-entropycut/mbpp/2026-09-21/vllm/dataset-mbpp.model-qwen3.5-9b.alpha4.0.steps100.blocks-1.prefetch-budget-20.rank-accept_first.cut-entropy4.0.samples20.maxnew1024.seed10086.subtreePrefetch.vllm.log,309,8,82,0.15989938469896828
/Users/jiangnanhugo/workspace/power-sharpening/Subtree-Prefetching-Power-Sharpening/case_studies/logs-entropycut/mbpp/2026-09-21/vllm/dataset-mbpp.model-qwen3.5-9b.alpha4.0.steps100.blocks-1.prefetch-budget-20.rank-accept_first.cut-entropy4.0.samples20.maxnew1024.seed10086.subtreePrefetch.vllm.log,309,9,82,0.15989938469896828
/Users/jiangnanhugo/workspace/power-sharpening/Subtree-Prefetching-Power-Sharpening/case_studies/logs-entropycut/mbpp/2026-09-21/vllm/dataset-mbpp.model-qwen3.5-9b.alpha4.0.steps100.blocks-1.prefetch-budget-20.rank-accept_first.cut-entropy4.0.samples20.maxnew1024.seed10086.subtreePrefetch.vllm.log,309,10,48,0.019052678513185234
/Users/jiangnanhugo/workspace/power-sharpening/Subtree-Prefetching-Power-Sharpening/case_studies/logs-entropycut/mbpp/2026-09-21/vllm/dataset-mbpp.model-qwen3.5-9b.alpha4.0.steps100.blocks-1.prefetch-budget-20.rank-accept_first.cut-entropy4.0.samples20.maxnew1024.seed10086.subtreePrefetch.vllm.log,309,11,82,0.15989938469896828
/Users/jiangnanhugo/workspace/power-sharpening/Subtree-Prefetching-Power-Sharpening/case_studies/logs-entropycut/mbpp/2026-09-21/vllm/dataset-mbpp.model-qwen3.5-9b.alpha4.0.steps100.blocks-1.prefetch-budget-20.rank-accept_first.cut-entropy4.0.samples20.maxnew1024.seed10086.subtreePrefetch.vllm.log,309,12,82,0.15989938469896828
/Users/jiangnanhugo/workspace/power-sharpening/Subtree-Prefetching-Power-Sharpening/case_studies/logs-entropycut/mbpp/2026-09-21/vllm/dataset-mbpp.model-qwen3.5-9b.alpha4.0.steps100.blocks-1.prefetch-budget-20.rank-accept_first.cut-entropy4.0.samples20.maxnew1024.seed10086.subtreePrefetch.vllm.log,309,13,22,0.0334165126821276
/Users/jiangnanhugo/workspace/power-sharpening/Subtree-Prefetching-Power-Sharpening/case_studies/logs-entropycut/mbpp/2026-09-21/vllm/dataset-mbpp.model-qwen3.5-9b.alpha4.0.steps100.blocks-1.prefetch-budget-20.rank-accept_first.cut-entropy4.0.samples20.maxnew1024.seed10086.subtreePrefetch.vllm.log,309,14,82,0.15989938469896828
/Users/jiangnanhugo/workspace/power-sharpening/Subtree-Prefetching-Power-Sharpening/case_studies/logs-entropycut/mbpp/2026-09-21/vllm/dataset-mbpp.model-qwen3.5-9b.alpha4.0.steps100.blocks-1.prefetch-budget-20.rank-accept_first.cut-entropy4.0.samples20.maxnew1024.seed10086.subtreePrefetch.vllm.log,309,15,88,0.5911647637783187
/Users/jiangnanhugo/workspace/power-sharpening/Subtree-Prefetching-Power-Sharpening/case_studies/logs-entropycut/mbpp/2026-09-21/vllm/dataset-mbpp.model-qwen3.5-9b.alpha4.0.steps100.blocks-1.prefetch-budget-20.rank-accept_first.cut-entropy4.0.samples20.maxnew1024.seed10086.subtreePrefetch.vllm.log,309,16,22,0.0334165126821276
/Users/jiangnanhugo/workspace/power-sharpening/Subtree-Prefetching-Power-Sharpening/case_studies/logs-entropycut/mbpp/2026-09-21/vllm/dataset-mbpp.model-qwen3.5-9b.alpha4.0.steps100.blocks-1.prefetch-budget-20.rank-accept_first.cut-entropy4.0.samples20.maxnew1024.seed10086.subtreePrefetch.vllm.log,309,17,88,0.5911647637783187
/Users/jiangnanhugo/workspace/power-sharpening/Subtree-Prefetching-Power-Sharpening/case_studies/logs-entropycut/mbpp/2026-09-21/vllm/dataset-mbpp.model-qwen3.5-9b.alpha4.0.steps100.blocks-1.prefetch-budget-20.rank-accept_first.cut-entropy4.0.samples20.maxnew1024.seed10086.subtreePrefetch.vllm.log,309,18,88,0.5911647637783187
/Users/jiangnanhugo/workspace/power-sharpening/Subtree-Prefetching-Power-Sharpening/case_studies/logs-entropycut/mbpp/2026-09-21/vllm/dataset-mbpp.model-qwen3.5-9b.alpha4.0.steps100.blocks-1.prefetch-budget-20.rank-accept_first.cut-entropy4.0.samples20.maxnew1024.seed10086.subtreePrefetch.vllm.log,309,19,88,0.5911647637783187
/Users/jiangnanhugo/workspace/power-sharpening/Subtree-Prefetching-Power-Sharpening/case_studies/logs-entropycut/mbpp/2026-09-21/vllm/dataset-mbpp.model-qwen3.5-9b.alpha4.0.steps100.blocks-1.prefetch-budget-20.rank-accept_first.cut-entropy4.0.samples20.maxnew1024.seed10086.subtreePrefetch.vllm.log,310,0,88,0.6195399952471624
/Users/jiangnanhugo/workspace/power-sharpening/Subtree-Prefetching-Power-Sharpening/case_studies/logs-entropycut/mbpp/2026-09-21/vllm/dataset-mbpp.model-qwen3.5-9b.alpha4.0.steps100.blocks-1.prefetch-budget-20.rank-accept_first.cut-entropy4.0.samples20.maxnew1024.seed10086.subtreePrefetch.vllm.log,310,1,40,0.03693827016555384
/Users/jiangnanhugo/workspace/power-sharpening/Subtree-Prefetching-Power-Sharpening/case_studies/logs-entropycut/mbpp/2026-09-21/vllm/dataset-mbpp.model-qwen3.5-9b.alpha4.0.steps100.blocks-1.prefetch-budget-20.rank-accept_first.cut-entropy4.0.samples20.maxnew1024.seed10086.subtreePrefetch.vllm.log,310,2,88,0.6195399952471624
/Users/jiangnanhugo/workspace/power-sharpening/Subtree-Prefetching-Power-Sharpening/case_studies/logs-entropycut/mbpp/2026-09-21/vllm/dataset-mbpp.model-qwen3.5-9b.alpha4.0.steps100.blocks-1.prefetch-budget-20.rank-accept_first.cut-entropy4.0.samples20.maxnew1024.seed10086.subtreePrefetch.vllm.log,310,3,88,0.6195399952471624
/Users/jiangnanhugo/workspace/power-sharpening/Subtree-Prefetching-Power-Sharpening/case_studies/logs-entropycut/mbpp/2026-09-21/vllm/dataset-mbpp.model-qwen3.5-9b.alpha4.0.steps100.blocks-1.prefetch-budget-20.rank-accept_first.cut-entropy4.0.samples20.maxnew1024.seed10086.subtreePrefetch.vllm.log,310,4,88,0.6195399952471624
/Users/jiangnanhugo/workspace/power-sharpening/Subtree-Prefetching-Power-Sharpening/case_studies/logs-entropycut/mbpp/2026-09-21/vllm/dataset-mbpp.model-qwen3.5-9b.alpha4.0.steps100.blocks-1.prefetch-budget-20.rank-accept_first.cut-entropy4.0.samples20.maxnew1024.seed10086.subtreePrefetch.vllm.log,310,5,87,0.026504856473894667
/Users/jiangnanhugo/workspace/power-sharpening/Subtree-Prefetching-Power-Sharpening/case_studies/logs-entropycut/mbpp/2026-09-21/vllm/dataset-mbpp.model-qwen3.5-9b.alpha4.0.steps100.blocks-1.prefetch-budget-20.rank-accept_first.cut-entropy4.0.samples20.maxnew1024.seed10086.subtreePrefetch.vllm.log,310,6,88,0.6195399952471624
/Users/jiangnanhugo/workspace/power-sharpening/Subtree-Prefetching-Power-Sharpening/case_studies/logs-entropycut/mbpp/2026-09-21/vllm/dataset-mbpp.model-qwen3.5-9b.alpha4.0.steps100.blocks-1.prefetch-budget-20.rank-accept_first.cut-entropy4.0.samples20.maxnew1024.seed10086.subtreePrefetch.vllm.log,310,7,88,0.6195399952471624
/Users/jiangnanhugo/workspace/power-sharpening/Subtree-Prefetching-Power-Sharpening/case_studies/logs-entropycut/mbpp/2026-09-21/vllm/dataset-mbpp.model-qwen3.5-9b.alpha4.0.steps100.blocks-1.prefetch-budget-20.rank-accept_first.cut-entropy4.0.samples20.maxnew1024.seed10086.subtreePrefetch.vllm.log,310,8,88,0.6195399952471624
/Users/jiangnanhugo/workspace/power-sharpening/Subtree-Prefetching-Power-Sharpening/case_studies/logs-entropycut/mbpp/2026-09-21/vllm/dataset-mbpp.model-qwen3.5-9b.alpha4.0.steps100.blocks-1.prefetch-budget-20.rank-accept_first.cut-entropy4.0.samples20.maxnew1024.seed10086.subtreePrefetch.vllm.log,310,9,7,0.023494143974596784
/Users/jiangnanhugo/workspace/power-sharpening/Subtree-Prefetching-Power-Sharpening/case_studies/logs-entropycut/mbpp/2026-09-21/vllm/dataset-mbpp.model-qwen3.5-9b.alpha4.0.steps100.blocks-1.prefetch-budget-20.rank-accept_first.cut-entropy4.0.samples20.maxnew1024.seed10086.subtreePrefetch.vllm.log,310,10,82,0.15164216461904143
/Users/jiangnanhugo/workspace/power-sharpening/Subtree-Prefetching-Power-Sharpening/case_studies/logs-entropycut/mbpp/2026-09-21/vllm/dataset-mbpp.model-qwen3.5-9b.alpha4.0.steps100.blocks-1.prefetch-budget-20.rank-accept_first.cut-entropy4.0.samples20.maxnew1024.seed10086.subtreePrefetch.vllm.log,310,11,83,0.0835845738498946
/Users/jiangnanhugo/workspace/power-sharpening/Subtree-Prefetching-Power-Sharpening/case_studies/logs-entropycut/mbpp/2026-09-21/vllm/dataset-mbpp.model-qwen3.5-9b.alpha4.0.steps100.blocks-1.prefetch-budget-20.rank-accept_first.cut-entropy4.0.samples20.maxnew1024.seed10086.subtreePrefetch.vllm.log,310,12,83,0.0835845738498946
/Users/jiangnanhugo/workspace/power-sharpening/Subtree-Prefetching-Power-Sharpening/case_studies/logs-entropycut/mbpp/2026-09-21/vllm/dataset-mbpp.model-qwen3.5-9b.alpha4.0.steps100.blocks-1.prefetch-budget-20.rank-accept_first.cut-entropy4.0.samples20.maxnew1024.seed10086.subtreePrefetch.vllm.log,310,13,88,0.6195399952471624
/Users/jiangnanhugo/workspace/power-sharpening/Subtree-Prefetching-Power-Sharpening/case_studies/logs-entropycut/mbpp/2026-09-21/vllm/dataset-mbpp.model-qwen3.5-9b.alpha4.0.steps100.blocks-1.prefetch-budget-20.rank-accept_first.cut-entropy4.0.samples20.maxnew1024.seed10086.subtreePrefetch.vllm.log,310,14,83,0.0835845738498946
/Users/jiangnanhugo/workspace/power-sharpening/Subtree-Prefetching-Power-Sharpening/case_studies/logs-entropycut/mbpp/2026-09-21/vllm/dataset-mbpp.model-qwen3.5-9b.alpha4.0.steps100.blocks-1.prefetch-budget-20.rank-accept_first.cut-entropy4.0.samples20.maxnew1024.seed10086.subtreePrefetch.vllm.log,310,15,88,0.6195399952471624
/Users/jiangnanhugo/workspace/power-sharpening/Subtree-Prefetching-Power-Sharpening/case_studies/logs-entropycut/mbpp/2026-09-21/vllm/dataset-mbpp.model-qwen3.5-9b.alpha4.0.steps100.blocks-1.prefetch-budget-20.rank-accept_first.cut-entropy4.0.samples20.maxnew1024.seed10086.subtreePrefetch.vllm.log,310,16,88,0.6195399952471624
/Users/jiangnanhugo/workspace/power-sharpening/Subtree-Prefetching-Power-Sharpening/case_studies/logs-entropycut/mbpp/2026-09-21/vllm/dataset-mbpp.model-qwen3.5-9b.alpha4.0.steps100.blocks-1.prefetch-budget-20.rank-accept_first.cut-entropy4.0.samples20.maxnew1024.seed10086.subtreePrefetch.vllm.log,310,17,82,0.15164216461904143
/Users/jiangnanhugo/workspace/power-sharpening/Subtree-Prefetching-Power-Sharpening/case_studies/logs-entropycut/mbpp/2026-09-21/vllm/dataset-mbpp.model-qwen3.5-9b.alpha4.0.steps100.blocks-1.prefetch-budget-20.rank-accept_first.cut-entropy4.0.samples20.maxnew1024.seed10086.subtreePrefetch.vllm.log,310,18,82,0.15164216461904143
/Users/jiangnanhugo/workspace/power-sharpening/Subtree-Prefetching-Power-Sharpening/case_studies/logs-entropycut/mbpp/2026-09-21/vllm/dataset-mbpp.model-qwen3.5-9b.alpha4.0.steps100.blocks-1.prefetch-budget-20.rank-accept_first.cut-entropy4.0.samples20.maxnew1024.seed10086.subtreePrefetch.vllm.log,310,19,88,0.6195399952471624
/Users/jiangnanhugo/workspace/power-sharpening/Subtree-Prefetching-Power-Sharpening/case_studies/logs-entropycut/mbpp/2026-09-21/vllm/dataset-mbpp.model-qwen3.5-9b.alpha4.0.steps100.blocks-1.prefetch-budget-20.rank-accept_first.cut-entropy4.0.samples20.maxnew1024.seed10086.subtreePrefetch.vllm.log,311,0,82,0.14083984520151338
/Users/jiangnanhugo/workspace/power-sharpening/Subtree-Prefetching-Power-Sharpening/case_studies/logs-entropycut/mbpp/2026-09-21/vllm/dataset-mbpp.model-qwen3.5-9b.alpha4.0.steps100.blocks-1.prefetch-budget-20.rank-accept_first.cut-entropy4.0.samples20.maxnew1024.seed10086.subtreePrefetch.vllm.log,311,1,22,0.034628086871362644
/Users/jiangnanhugo/workspace/power-sharpening/Subtree-Prefetching-Power-Sharpening/case_studies/logs-entropycut/mbpp/2026-09-21/vllm/dataset-mbpp.model-qwen3.5-9b.alpha4.0.steps100.blocks-1.prefetch-budget-20.rank-accept_first.cut-entropy4.0.samples20.maxnew1024.seed10086.subtreePrefetch.vllm.log,311,2,13,0.005727537167812759
/Users/jiangnanhugo/workspace/power-sharpening/Subtree-Prefetching-Power-Sharpening/case_studies/logs-entropycut/mbpp/2026-09-21/vllm/dataset-mbpp.model-qwen3.5-9b.alpha4.0.steps100.blocks-1.prefetch-budget-20.rank-accept_first.cut-entropy4.0.samples20.maxnew1024.seed10086.subtreePrefetch.vllm.log,311,3,88,0.5794058253722295
/Users/jiangnanhugo/workspace/power-sharpening/Subtree-Prefetching-Power-Sharpening/case_studies/logs-entropycut/mbpp/2026-09-21/vllm/dataset-mbpp.model-qwen3.5-9b.alpha4.0.steps100.blocks-1.prefetch-budget-20.rank-accept_first.cut-entropy4.0.samples20.maxnew1024.seed10086.subtreePrefetch.vllm.log,311,4,82,0.14083984520151338
/Users/jiangnanhugo/workspace/power-sharpening/Subtree-Prefetching-Power-Sharpening/case_studies/logs-entropycut/mbpp/2026-09-21/vllm/dataset-mbpp.model-qwen3.5-9b.alpha4.0.steps100.blocks-1.prefetch-budget-20.rank-accept_first.cut-entropy4.0.samples20.maxnew1024.seed10086.subtreePrefetch.vllm.log,311,5,88,0.5794058253722295
/Users/jiangnanhugo/workspace/power-sharpening/Subtree-Prefetching-Power-Sharpening/case_studies/logs-entropycut/mbpp/2026-09-21/vllm/dataset-mbpp.model-qwen3.5-9b.alpha4.0.steps100.blocks-1.prefetch-budget-20.rank-accept_first.cut-entropy4.0.samples20.maxnew1024.seed10086.subtreePrefetch.vllm.log,311,6,88,0.5794058253722295
/Users/jiangnanhugo/workspace/power-sharpening/Subtree-Prefetching-Power-Sharpening/case_studies/logs-entropycut/mbpp/2026-09-21/vllm/dataset-mbpp.model-qwen3.5-9b.alpha4.0.steps100.blocks-1.prefetch-budget-20.rank-accept_first.cut-entropy4.0.samples20.maxnew1024.seed10086.subtreePrefetch.vllm.log,311,7,88,0.5794058253722295
/Users/jiangnanhugo/workspace/power-sharpening/Subtree-Prefetching-Power-Sharpening/case_studies/logs-entropycut/mbpp/2026-09-21/vllm/dataset-mbpp.model-qwen3.5-9b.alpha4.0.steps100.blocks-1.prefetch-budget-20.rank-accept_first.cut-entropy4.0.samples20.maxnew1024.seed10086.subtreePrefetch.vllm.log,311,8,40,0.040048000164298485
/Users/jiangnanhugo/workspace/power-sharpening/Subtree-Prefetching-Power-Sharpening/case_studies/logs-entropycut/mbpp/2026-09-21/vllm/dataset-mbpp.model-qwen3.5-9b.alpha4.0.steps100.blocks-1.prefetch-budget-20.rank-accept_first.cut-entropy4.0.samples20.maxnew1024.seed10086.subtreePrefetch.vllm.log,311,9,40,0.040048000164298485
/Users/jiangnanhugo/workspace/power-sharpening/Subtree-Prefetching-Power-Sharpening/case_studies/logs-entropycut/mbpp/2026-09-21/vllm/dataset-mbpp.model-qwen3.5-9b.alpha4.0.steps100.blocks-1.prefetch-budget-20.rank-accept_first.cut-entropy4.0.samples20.maxnew1024.seed10086.subtreePrefetch.vllm.log,311,10,48,0.02027751406115367
/Users/jiangnanhugo/workspace/power-sharpening/Subtree-Prefetching-Power-Sharpening/case_studies/logs-entropycut/mbpp/2026-09-21/vllm/dataset-mbpp.model-qwen3.5-9b.alpha4.0.steps100.blocks-1.prefetch-budget-20.rank-accept_first.cut-entropy4.0.samples20.maxnew1024.seed10086.subtreePrefetch.vllm.log,311,11,88,0.5794058253722295
/Users/jiangnanhugo/workspace/power-sharpening/Subtree-Prefetching-Power-Sharpening/case_studies/logs-entropycut/mbpp/2026-09-21/vllm/dataset-mbpp.model-qwen3.5-9b.alpha4.0.steps100.blocks-1.prefetch-budget-20.rank-accept_first.cut-entropy4.0.samples20.maxnew1024.seed10086.subtreePrefetch.vllm.log,311,12,88,0.5794058253722295
/Users/jiangnanhugo/workspace/power-sharpening/Subtree-Prefetching-Power-Sharpening/case_studies/logs-entropycut/mbpp/2026-09-21/vllm/dataset-mbpp.model-qwen3.5-9b.alpha4.0.steps100.blocks-1.prefetch-budget-20.rank-accept_first.cut-entropy4.0.samples20.maxnew1024.seed10086.subtreePrefetch.vllm.log,311,13,88,0.5794058253722295
/Users/jiangnanhugo/workspace/power-sharpening/Subtree-Prefetching-Power-Sharpening/case_studies/logs-entropycut/mbpp/2026-09-21/vllm/dataset-mbpp.model-qwen3.5-9b.alpha4.0.steps100.blocks-1.prefetch-budget-20.rank-accept_first.cut-entropy4.0.samples20.maxnew1024.seed10086.subtreePrefetch.vllm.log,311,14,87,0.04229285298649673
/Users/jiangnanhugo/workspace/power-sharpening/Subtree-Prefetching-Power-Sharpening/case_studies/logs-entropycut/mbpp/2026-09-21/vllm/dataset-mbpp.model-qwen3.5-9b.alpha4.0.steps100.blocks-1.prefetch-budget-20.rank-accept_first.cut-entropy4.0.samples20.maxnew1024.seed10086.subtreePrefetch.vllm.log,311,15,88,0.5794058253722295
/Users/jiangnanhugo/workspace/power-sharpening/Subtree-Prefetching-Power-Sharpening/case_studies/logs-entropycut/mbpp/2026-09-21/vllm/dataset-mbpp.model-qwen3.5-9b.alpha4.0.steps100.blocks-1.prefetch-budget-20.rank-accept_first.cut-entropy4.0.samples20.maxnew1024.seed10086.subtreePrefetch.vllm.log,311,16,87,0.04229285298649673
/Users/jiangnanhugo/workspace/power-sharpening/Subtree-Prefetching-Power-Sharpening/case_studies/logs-entropycut/mbpp/2026-09-21/vllm/dataset-mbpp.model-qwen3.5-9b.alpha4.0.steps100.blocks-1.prefetch-budget-20.rank-accept_first.cut-entropy4.0.samples20.maxnew1024.seed10086.subtreePrefetch.vllm.log,311,17,88,0.5794058253722295
/Users/jiangnanhugo/workspace/power-sharpening/Subtree-Prefetching-Power-Sharpening/case_studies/logs-entropycut/mbpp/2026-09-21/vllm/dataset-mbpp.model-qwen3.5-9b.alpha4.0.steps100.blocks-1.prefetch-budget-20.rank-accept_first.cut-entropy4.0.samples20.maxnew1024.seed10086.subtreePrefetch.vllm.log,311,18,82,0.14083984520151338
/Users/jiangnanhugo/workspace/power-sharpening/Subtree-Prefetching-Power-Sharpening/case_studies/logs-entropycut/mbpp/2026-09-21/vllm/dataset-mbpp.model-qwen3.5-9b.alpha4.0.steps100.blocks-1.prefetch-budget-20.rank-accept_first.cut-entropy4.0.samples20.maxnew1024.seed10086.subtreePrefetch.vllm.log,311,19,87,0.04229285298649673
/Users/jiangnanhugo/workspace/power-sharpening/Subtree-Prefetching-Power-Sharpening/case_studies/logs-entropycut/mbpp/2026-09-21/vllm/dataset-mbpp.model-qwen3.5-9b.alpha4.0.steps100.blocks-1.prefetch-budget-20.rank-accept_first.cut-entropy4.0.samples20.maxnew1024.seed10086.subtreePrefetch.vllm.log,312,0,88,0.5794058253722298
/Users/jiangnanhugo/workspace/power-sharpening/Subtree-Prefetching-Power-Sharpening/case_studies/logs-entropycut/mbpp/2026-09-21/vllm/dataset-mbpp.model-qwen3.5-9b.alpha4.0.steps100.blocks-1.prefetch-budget-20.rank-accept_first.cut-entropy4.0.samples20.maxnew1024.seed10086.subtreePrefetch.vllm.log,312,1,22,0.034628086871362665
/Users/jiangnanhugo/workspace/power-sharpening/Subtree-Prefetching-Power-Sharpening/case_studies/logs-entropycut/mbpp/2026-09-21/vllm/dataset-mbpp.model-qwen3.5-9b.alpha4.0.steps100.blocks-1.prefetch-budget-20.rank-accept_first.cut-entropy4.0.samples20.maxnew1024.seed10086.subtreePrefetch.vllm.log,312,2,88,0.5794058253722298
/Users/jiangnanhugo/workspace/power-sharpening/Subtree-Prefetching-Power-Sharpening/case_studies/logs-entropycut/mbpp/2026-09-21/vllm/dataset-mbpp.model-qwen3.5-9b.alpha4.0.steps100.blocks-1.prefetch-budget-20.rank-accept_first.cut-entropy4.0.samples20.maxnew1024.seed10086.subtreePrefetch.vllm.log,312,3,83,0.10747145888691224
/Users/jiangnanhugo/workspace/power-sharpening/Subtree-Prefetching-Power-Sharpening/case_studies/logs-entropycut/mbpp/2026-09-21/vllm/dataset-mbpp.model-qwen3.5-9b.alpha4.0.steps100.blocks-1.prefetch-budget-20.rank-accept_first.cut-entropy4.0.samples20.maxnew1024.seed10086.subtreePrefetch.vllm.log,312,4,83,0.10747145888691224
/Users/jiangnanhugo/workspace/power-sharpening/Subtree-Prefetching-Power-Sharpening/case_studies/logs-entropycut/mbpp/2026-09-21/vllm/dataset-mbpp.model-qwen3.5-9b.alpha4.0.steps100.blocks-1.prefetch-budget-20.rank-accept_first.cut-entropy4.0.samples20.maxnew1024.seed10086.subtreePrefetch.vllm.log,312,5,88,0.5794058253722298
/Users/jiangnanhugo/workspace/power-sharpening/Subtree-Prefetching-Power-Sharpening/case_studies/logs-entropycut/mbpp/2026-09-21/vllm/dataset-mbpp.model-qwen3.5-9b.alpha4.0.steps100.blocks-1.prefetch-budget-20.rank-accept_first.cut-entropy4.0.samples20.maxnew1024.seed10086.subtreePrefetch.vllm.log,312,6,88,0.5794058253722298
/Users/jiangnanhugo/workspace/power-sharpening/Subtree-Prefetching-Power-Sharpening/case_studies/logs-entropycut/mbpp/2026-09-21/vllm/dataset-mbpp.model-qwen3.5-9b.alpha4.0.steps100.blocks-1.prefetch-budget-20.rank-accept_first.cut-entropy4.0.samples20.maxnew1024.seed10086.subtreePrefetch.vllm.log,312,7,88,0.5794058253722298
/Users/jiangnanhugo/workspace/power-sharpening/Subtree-Prefetching-Power-Sharpening/case_studies/logs-entropycut/mbpp/2026-09-21/vllm/dataset-mbpp.model-qwen3.5-9b.alpha4.0.steps100.blocks-1.prefetch-budget-20.rank-accept_first.cut-entropy4.0.samples20.maxnew1024.seed10086.subtreePrefetch.vllm.log,312,8,88,0.5794058253722298
/Users/jiangnanhugo/workspace/power-sharpening/Subtree-Prefetching-Power-Sharpening/case_studies/logs-entropycut/mbpp/2026-09-21/vllm/dataset-mbpp.model-qwen3.5-9b.alpha4.0.steps100.blocks-1.prefetch-budget-20.rank-accept_first.cut-entropy4.0.samples20.maxnew1024.seed10086.subtreePrefetch.vllm.log,312,9,7,0.025671651962087236
/Users/jiangnanhugo/workspace/power-sharpening/Subtree-Prefetching-Power-Sharpening/case_studies/logs-entropycut/mbpp/2026-09-21/vllm/dataset-mbpp.model-qwen3.5-9b.alpha4.0.steps100.blocks-1.prefetch-budget-20.rank-accept_first.cut-entropy4.0.samples20.maxnew1024.seed10086.subtreePrefetch.vllm.log,312,10,88,0.5794058253722298
/Users/jiangnanhugo/workspace/power-sharpening/Subtree-Prefetching-Power-Sharpening/case_studies/logs-entropycut/mbpp/2026-09-21/vllm/dataset-mbpp.model-qwen3.5-9b.alpha4.0.steps100.blocks-1.prefetch-budget-20.rank-accept_first.cut-entropy4.0.samples20.maxnew1024.seed10086.subtreePrefetch.vllm.log,312,11,83,0.10747145888691224
/Users/jiangnanhugo/workspace/power-sharpening/Subtree-Prefetching-Power-Sharpening/case_studies/logs-entropycut/mbpp/2026-09-21/vllm/dataset-mbpp.model-qwen3.5-9b.alpha4.0.steps100.blocks-1.prefetch-budget-20.rank-accept_first.cut-entropy4.0.samples20.maxnew1024.seed10086.subtreePrefetch.vllm.log,312,12,88,0.5794058253722298
/Users/jiangnanhugo/workspace/power-sharpening/Subtree-Prefetching-Power-Sharpening/case_studies/logs-entropycut/mbpp/2026-09-21/vllm/dataset-mbpp.model-qwen3.5-9b.alpha4.0.steps100.blocks-1.prefetch-budget-20.rank-accept_first.cut-entropy4.0.samples20.maxnew1024.seed10086.subtreePrefetch.vllm.log,312,13,83,0.10747145888691224
/Users/jiangnanhugo/workspace/power-sharpening/Subtree-Prefetching-Power-Sharpening/case_studies/logs-entropycut/mbpp/2026-09-21/vllm/dataset-mbpp.model-qwen3.5-9b.alpha4.0.steps100.blocks-1.prefetch-budget-20.rank-accept_first.cut-entropy4.0.samples20.maxnew1024.seed10086.subtreePrefetch.vllm.log,312,14,83,0.10747145888691224
/Users/jiangnanhugo/workspace/power-sharpening/Subtree-Prefetching-Power-Sharpening/case_studies/logs-entropycut/mbpp/2026-09-21/vllm/dataset-mbpp.model-qwen3.5-9b.alpha4.0.steps100.blocks-1.prefetch-budget-20.rank-accept_first.cut-entropy4.0.samples20.maxnew1024.seed10086.subtreePrefetch.vllm.log,312,15,88,0.5794058253722298
/Users/jiangnanhugo/workspace/power-sharpening/Subtree-Prefetching-Power-Sharpening/case_studies/logs-entropycut/mbpp/2026-09-21/vllm/dataset-mbpp.model-qwen3.5-9b.alpha4.0.steps100.blocks-1.prefetch-budget-20.rank-accept_first.cut-entropy4.0.samples20.maxnew1024.seed10086.subtreePrefetch.vllm.log,312,16,88,0.5794058253722298
/Users/jiangnanhugo/workspace/power-sharpening/Subtree-Prefetching-Power-Sharpening/case_studies/logs-entropycut/mbpp/2026-09-21/vllm/dataset-mbpp.model-qwen3.5-9b.alpha4.0.steps100.blocks-1.prefetch-budget-20.rank-accept_first.cut-entropy4.0.samples20.maxnew1024.seed10086.subtreePrefetch.vllm.log,312,17,22,0.034628086871362665
/Users/jiangnanhugo/workspace/power-sharpening/Subtree-Prefetching-Power-Sharpening/case_studies/logs-entropycut/mbpp/2026-09-21/vllm/dataset-mbpp.model-qwen3.5-9b.alpha4.0.steps100.blocks-1.prefetch-budget-20.rank-accept_first.cut-entropy4.0.samples20.maxnew1024.seed10086.subtreePrefetch.vllm.log,312,18,88,0.5794058253722298
/Users/jiangnanhugo/workspace/power-sharpening/Subtree-Prefetching-Power-Sharpening/case_studies/logs-entropycut/mbpp/2026-09-21/vllm/dataset-mbpp.model-qwen3.5-9b.alpha4.0.steps100.blocks-1.prefetch-budget-20.rank-accept_first.cut-entropy4.0.samples20.maxnew1024.seed10086.subtreePrefetch.vllm.log,312,19,22,0.034628086871362665
/Users/jiangnanhugo/workspace/power-sharpening/Subtree-Prefetching-Power-Sharpening/case_studies/logs-entropycut/mbpp/2026-09-21/vllm/dataset-mbpp.model-qwen3.5-9b.alpha4.0.steps100.blocks-1.prefetch-budget-20.rank-accept_first.cut-entropy4.0.samples20.maxnew1024.seed10086.subtreePrefetch.vllm.log,313,0,88,0.5910193586593652
/Users/jiangnanhugo/workspace/power-sharpening/Subtree-Prefetching-Power-Sharpening/case_studies/logs-entropycut/mbpp/2026-09-21/vllm/dataset-mbpp.model-qwen3.5-9b.alpha4.0.steps100.blocks-1.prefetch-budget-20.rank-accept_first.cut-entropy4.0.samples20.maxnew1024.seed10086.subtreePrefetch.vllm.log,313,1,83,0.08811424333464993
/Users/jiangnanhugo/workspace/power-sharpening/Subtree-Prefetching-Power-Sharpening/case_studies/logs-entropycut/mbpp/2026-09-21/vllm/dataset-mbpp.model-qwen3.5-9b.alpha4.0.steps100.blocks-1.prefetch-budget-20.rank-accept_first.cut-entropy4.0.samples20.maxnew1024.seed10086.subtreePrefetch.vllm.log,313,2,88,0.5910193586593652
/Users/jiangnanhugo/workspace/power-sharpening/Subtree-Prefetching-Power-Sharpening/case_studies/logs-entropycut/mbpp/2026-09-21/vllm/dataset-mbpp.model-qwen3.5-9b.alpha4.0.steps100.blocks-1.prefetch-budget-20.rank-accept_first.cut-entropy4.0.samples20.maxnew1024.seed10086.subtreePrefetch.vllm.log,313,3,22,0.03340829343040748
/Users/jiangnanhugo/workspace/power-sharpening/Subtree-Prefetching-Power-Sharpening/case_studies/logs-entropycut/mbpp/2026-09-21/vllm/dataset-mbpp.model-qwen3.5-9b.alpha4.0.steps100.blocks-1.prefetch-budget-20.rank-accept_first.cut-entropy4.0.samples20.maxnew1024.seed10086.subtreePrefetch.vllm.log,313,4,88,0.5910193586593652
/Users/jiangnanhugo/workspace/power-sharpening/Subtree-Prefetching-Power-Sharpening/case_studies/logs-entropycut/mbpp/2026-09-21/vllm/dataset-mbpp.model-qwen3.5-9b.alpha4.0.steps100.blocks-1.prefetch-budget-20.rank-accept_first.cut-entropy4.0.samples20.maxnew1024.seed10086.subtreePrefetch.vllm.log,313,5,82,0.15985759532063432
/Users/jiangnanhugo/workspace/power-sharpening/Subtree-Prefetching-Power-Sharpening/case_studies/logs-entropycut/mbpp/2026-09-21/vllm/dataset-mbpp.model-qwen3.5-9b.alpha4.0.steps100.blocks-1.prefetch-budget-20.rank-accept_first.cut-entropy4.0.samples20.maxnew1024.seed10086.subtreePrefetch.vllm.log,313,6,82,0.15985759532063432
/Users/jiangnanhugo/workspace/power-sharpening/Subtree-Prefetching-Power-Sharpening/case_studies/logs-entropycut/mbpp/2026-09-21/vllm/dataset-mbpp.model-qwen3.5-9b.alpha4.0.steps100.blocks-1.prefetch-budget-20.rank-accept_first.cut-entropy4.0.samples20.maxnew1024.seed10086.subtreePrefetch.vllm.log,313,7,88,0.5910193586593652
/Users/jiangnanhugo/workspace/power-sharpening/Subtree-Prefetching-Power-Sharpening/case_studies/logs-entropycut/mbpp/2026-09-21/vllm/dataset-mbpp.model-qwen3.5-9b.alpha4.0.steps100.blocks-1.prefetch-budget-20.rank-accept_first.cut-entropy4.0.samples20.maxnew1024.seed10086.subtreePrefetch.vllm.log,313,8,88,0.5910193586593652
/Users/jiangnanhugo/workspace/power-sharpening/Subtree-Prefetching-Power-Sharpening/case_studies/logs-entropycut/mbpp/2026-09-21/vllm/dataset-mbpp.model-qwen3.5-9b.alpha4.0.steps100.blocks-1.prefetch-budget-20.rank-accept_first.cut-entropy4.0.samples20.maxnew1024.seed10086.subtreePrefetch.vllm.log,313,9,22,0.03340829343040748
/Users/jiangnanhugo/workspace/power-sharpening/Subtree-Prefetching-Power-Sharpening/case_studies/logs-entropycut/mbpp/2026-09-21/vllm/dataset-mbpp.model-qwen3.5-9b.alpha4.0.steps100.blocks-1.prefetch-budget-20.rank-accept_first.cut-entropy4.0.samples20.maxnew1024.seed10086.subtreePrefetch.vllm.log,313,10,88,0.5910193586593652
/Users/jiangnanhugo/workspace/power-sharpening/Subtree-Prefetching-Power-Sharpening/case_studies/logs-entropycut/mbpp/2026-09-21/vllm/dataset-mbpp.model-qwen3.5-9b.alpha4.0.steps100.blocks-1.prefetch-budget-20.rank-accept_first.cut-entropy4.0.samples20.maxnew1024.seed10086.subtreePrefetch.vllm.log,313,11,88,0.5910193586593652
/Users/jiangnanhugo/workspace/power-sharpening/Subtree-Prefetching-Power-Sharpening/case_studies/logs-entropycut/mbpp/2026-09-21/vllm/dataset-mbpp.model-qwen3.5-9b.alpha4.0.steps100.blocks-1.prefetch-budget-20.rank-accept_first.cut-entropy4.0.samples20.maxnew1024.seed10086.subtreePrefetch.vllm.log,313,12,83,0.08811424333464993
/Users/jiangnanhugo/workspace/power-sharpening/Subtree-Prefetching-Power-Sharpening/case_studies/logs-entropycut/mbpp/2026-09-21/vllm/dataset-mbpp.model-qwen3.5-9b.alpha4.0.steps100.blocks-1.prefetch-budget-20.rank-accept_first.cut-entropy4.0.samples20.maxnew1024.seed10086.subtreePrefetch.vllm.log,313,13,82,0.15985759532063432
/Users/jiangnanhugo/workspace/power-sharpening/Subtree-Prefetching-Power-Sharpening/case_studies/logs-entropycut/mbpp/2026-09-21/vllm/dataset-mbpp.model-qwen3.5-9b.alpha4.0.steps100.blocks-1.prefetch-budget-20.rank-accept_first.cut-entropy4.0.samples20.maxnew1024.seed10086.subtreePrefetch.vllm.log,313,14,88,0.5910193586593652
/Users/jiangnanhugo/workspace/power-sharpening/Subtree-Prefetching-Power-Sharpening/case_studies/logs-entropycut/mbpp/2026-09-21/vllm/dataset-mbpp.model-qwen3.5-9b.alpha4.0.steps100.blocks-1.prefetch-budget-20.rank-accept_first.cut-entropy4.0.samples20.maxnew1024.seed10086.subtreePrefetch.vllm.log,313,15,88,0.5910193586593652
/Users/jiangnanhugo/workspace/power-sharpening/Subtree-Prefetching-Power-Sharpening/case_studies/logs-entropycut/mbpp/2026-09-21/vllm/dataset-mbpp.model-qwen3.5-9b.alpha4.0.steps100.blocks-1.prefetch-budget-20.rank-accept_first.cut-entropy4.0.samples20.maxnew1024.seed10086.subtreePrefetch.vllm.log,313,16,88,0.5910193586593652
/Users/jiangnanhugo/workspace/power-sharpening/Subtree-Prefetching-Power-Sharpening/case_studies/logs-entropycut/mbpp/2026-09-21/vllm/dataset-mbpp.model-qwen3.5-9b.alpha4.0.steps100.blocks-1.prefetch-budget-20.rank-accept_first.cut-entropy4.0.samples20.maxnew1024.seed10086.subtreePrefetch.vllm.log,313,17,88,0.5910193586593652
/Users/jiangnanhugo/workspace/power-sharpening/Subtree-Prefetching-Power-Sharpening/case_studies/logs-entropycut/mbpp/2026-09-21/vllm/dataset-mbpp.model-qwen3.5-9b.alpha4.0.steps100.blocks-1.prefetch-budget-20.rank-accept_first.cut-entropy4.0.samples20.maxnew1024.seed10086.subtreePrefetch.vllm.log,313,18,83,0.08811424333464993
/Users/jiangnanhugo/workspace/power-sharpening/Subtree-Prefetching-Power-Sharpening/case_studies/logs-entropycut/mbpp/2026-09-21/vllm/dataset-mbpp.model-qwen3.5-9b.alpha4.0.steps100.blocks-1.prefetch-budget-20.rank-accept_first.cut-entropy4.0.samples20.maxnew1024.seed10086.subtreePrefetch.vllm.log,313,19,83,0.08811424333464993
/Users/jiangnanhugo/workspace/power-sharpening/Subtree-Prefetching-Power-Sharpening/case_studies/logs-entropycut/mbpp/2026-09-21/vllm/dataset-mbpp.model-qwen3.5-9b.alpha4.0.steps100.blocks-1.prefetch-budget-20.rank-accept_first.cut-entropy4.0.samples20.maxnew1024.seed10086.subtreePrefetch.vllm.log,314,0,88,0.5910193586593652
/Users/jiangnanhugo/workspace/power-sharpening/Subtree-Prefetching-Power-Sharpening/case_studies/logs-entropycut/mbpp/2026-09-21/vllm/dataset-mbpp.model-qwen3.5-9b.alpha4.0.steps100.blocks-1.prefetch-budget-20.rank-accept_first.cut-entropy4.0.samples20.maxnew1024.seed10086.subtreePrefetch.vllm.log,314,1,88,0.5910193586593652
/Users/jiangnanhugo/workspace/power-sharpening/Subtree-Prefetching-Power-Sharpening/case_studies/logs-entropycut/mbpp/2026-09-21/vllm/dataset-mbpp.model-qwen3.5-9b.alpha4.0.steps100.blocks-1.prefetch-budget-20.rank-accept_first.cut-entropy4.0.samples20.maxnew1024.seed10086.subtreePrefetch.vllm.log,314,2,82,0.15985759532063432
/Users/jiangnanhugo/workspace/power-sharpening/Subtree-Prefetching-Power-Sharpening/case_studies/logs-entropycut/mbpp/2026-09-21/vllm/dataset-mbpp.model-qwen3.5-9b.alpha4.0.steps100.blocks-1.prefetch-budget-20.rank-accept_first.cut-entropy4.0.samples20.maxnew1024.seed10086.subtreePrefetch.vllm.log,314,3,40,0.03863728729109665
/Users/jiangnanhugo/workspace/power-sharpening/Subtree-Prefetching-Power-Sharpening/case_studies/logs-entropycut/mbpp/2026-09-21/vllm/dataset-mbpp.model-qwen3.5-9b.alpha4.0.steps100.blocks-1.prefetch-budget-20.rank-accept_first.cut-entropy4.0.samples20.maxnew1024.seed10086.subtreePrefetch.vllm.log,314,4,87,0.03559719348340698
/Users/jiangnanhugo/workspace/power-sharpening/Subtree-Prefetching-Power-Sharpening/case_studies/logs-entropycut/mbpp/2026-09-21/vllm/dataset-mbpp.model-qwen3.5-9b.alpha4.0.steps100.blocks-1.prefetch-budget-20.rank-accept_first.cut-entropy4.0.samples20.maxnew1024.seed10086.subtreePrefetch.vllm.log,314,5,88,0.5910193586593652
/Users/jiangnanhugo/workspace/power-sharpening/Subtree-Prefetching-Power-Sharpening/case_studies/logs-entropycut/mbpp/2026-09-21/vllm/dataset-mbpp.model-qwen3.5-9b.alpha4.0.steps100.blocks-1.prefetch-budget-20.rank-accept_first.cut-entropy4.0.samples20.maxnew1024.seed10086.subtreePrefetch.vllm.log,314,6,82,0.15985759532063432
/Users/jiangnanhugo/workspace/power-sharpening/Subtree-Prefetching-Power-Sharpening/case_studies/logs-entropycut/mbpp/2026-09-21/vllm/dataset-mbpp.model-qwen3.5-9b.alpha4.0.steps100.blocks-1.prefetch-budget-20.rank-accept_first.cut-entropy4.0.samples20.maxnew1024.seed10086.subtreePrefetch.vllm.log,314,7,7,0.024767353876023034
/Users/jiangnanhugo/workspace/power-sharpening/Subtree-Prefetching-Power-Sharpening/case_studies/logs-entropycut/mbpp/2026-09-21/vllm/dataset-mbpp.model-qwen3.5-9b.alpha4.0.steps100.blocks-1.prefetch-budget-20.rank-accept_first.cut-entropy4.0.samples20.maxnew1024.seed10086.subtreePrefetch.vllm.log,314,8,82,0.15985759532063432
/Users/jiangnanhugo/workspace/power-sharpening/Subtree-Prefetching-Power-Sharpening/case_studies/logs-entropycut/mbpp/2026-09-21/vllm/dataset-mbpp.model-qwen3.5-9b.alpha4.0.steps100.blocks-1.prefetch-budget-20.rank-accept_first.cut-entropy4.0.samples20.maxnew1024.seed10086.subtreePrefetch.vllm.log,314,9,88,0.5910193586593652
/Users/jiangnanhugo/workspace/power-sharpening/Subtree-Prefetching-Power-Sharpening/case_studies/logs-entropycut/mbpp/2026-09-21/vllm/dataset-mbpp.model-qwen3.5-9b.alpha4.0.steps100.blocks-1.prefetch-budget-20.rank-accept_first.cut-entropy4.0.samples20.maxnew1024.seed10086.subtreePrefetch.vllm.log,314,10,22,0.03340829343040748
/Users/jiangnanhugo/workspace/power-sharpening/Subtree-Prefetching-Power-Sharpening/case_studies/logs-entropycut/mbpp/2026-09-21/vllm/dataset-mbpp.model-qwen3.5-9b.alpha4.0.steps100.blocks-1.prefetch-budget-20.rank-accept_first.cut-entropy4.0.samples20.maxnew1024.seed10086.subtreePrefetch.vllm.log,314,11,13,0.0055257815150653745
/Users/jiangnanhugo/workspace/power-sharpening/Subtree-Prefetching-Power-Sharpening/case_studies/logs-entropycut/mbpp/2026-09-21/vllm/dataset-mbpp.model-qwen3.5-9b.alpha4.0.steps100.blocks-1.prefetch-budget-20.rank-accept_first.cut-entropy4.0.samples20.maxnew1024.seed10086.subtreePrefetch.vllm.log,314,12,88,0.5910193586593652
/Users/jiangnanhugo/workspace/power-sharpening/Subtree-Prefetching-Power-Sharpening/case_studies/logs-entropycut/mbpp/2026-09-21/vllm/dataset-mbpp.model-qwen3.5-9b.alpha4.0.steps100.blocks-1.prefetch-budget-20.rank-accept_first.cut-entropy4.0.samples20.maxnew1024.seed10086.subtreePrefetch.vllm.log,314,13,88,0.5910193586593652
/Users/jiangnanhugo/workspace/power-sharpening/Subtree-Prefetching-Power-Sharpening/case_studies/logs-entropycut/mbpp/2026-09-21/vllm/dataset-mbpp.model-qwen3.5-9b.alpha4.0.steps100.blocks-1.prefetch-budget-20.rank-accept_first.cut-entropy4.0.samples20.maxnew1024.seed10086.subtreePrefetch.vllm.log,314,14,83,0.08811424333464993
/Users/jiangnanhugo/workspace/power-sharpening/Subtree-Prefetching-Power-Sharpening/case_studies/logs-entropycut/mbpp/2026-09-21/vllm/dataset-mbpp.model-qwen3.5-9b.alpha4.0.steps100.blocks-1.prefetch-budget-20.rank-accept_first.cut-entropy4.0.samples20.maxnew1024.seed10086.subtreePrefetch.vllm.log,314,15,88,0.5910193586593652
/Users/jiangnanhugo/workspace/power-sharpening/Subtree-Prefetching-Power-Sharpening/case_studies/logs-entropycut/mbpp/2026-09-21/vllm/dataset-mbpp.model-qwen3.5-9b.alpha4.0.steps100.blocks-1.prefetch-budget-20.rank-accept_first.cut-entropy4.0.samples20.maxnew1024.seed10086.subtreePrefetch.vllm.log,314,16,22,0.03340829343040748
/Users/jiangnanhugo/workspace/power-sharpening/Subtree-Prefetching-Power-Sharpening/case_studies/logs-entropycut/mbpp/2026-09-21/vllm/dataset-mbpp.model-qwen3.5-9b.alpha4.0.steps100.blocks-1.prefetch-budget-20.rank-accept_first.cut-entropy4.0.samples20.maxnew1024.seed10086.subtreePrefetch.vllm.log,314,17,88,0.5910193586593652
/Users/jiangnanhugo/workspace/power-sharpening/Subtree-Prefetching-Power-Sharpening/case_studies/logs-entropycut/mbpp/2026-09-21/vllm/dataset-mbpp.model-qwen3.5-9b.alpha4.0.steps100.blocks-1.prefetch-budget-20.rank-accept_first.cut-entropy4.0.samples20.maxnew1024.seed10086.subtreePrefetch.vllm.log,314,18,7,0.024767353876023034
/Users/jiangnanhugo/workspace/power-sharpening/Subtree-Prefetching-Power-Sharpening/case_studies/logs-entropycut/mbpp/2026-09-21/vllm/dataset-mbpp.model-qwen3.5-9b.alpha4.0.steps100.blocks-1.prefetch-budget-20.rank-accept_first.cut-entropy4.0.samples20.maxnew1024.seed10086.subtreePrefetch.vllm.log,314,19,88,0.5910193586593652
/Users/jiangnanhugo/workspace/power-sharpening/Subtree-Prefetching-Power-Sharpening/case_studies/logs-entropycut/mbpp/2026-09-21/vllm/dataset-mbpp.model-qwen3.5-9b.alpha4.0.steps100.blocks-1.prefetch-budget-20.rank-accept_first.cut-entropy4.0.samples20.maxnew1024.seed10086.subtreePrefetch.vllm.log,315,0,88,0.5910193586593652
/Users/jiangnanhugo/workspace/power-sharpening/Subtree-Prefetching-Power-Sharpening/case_studies/logs-entropycut/mbpp/2026-09-21/vllm/dataset-mbpp.model-qwen3.5-9b.alpha4.0.steps100.blocks-1.prefetch-budget-20.rank-accept_first.cut-entropy4.0.samples20.maxnew1024.seed10086.subtreePrefetch.vllm.log,315,1,48,0.019563227454950004
/Users/jiangnanhugo/workspace/power-sharpening/Subtree-Prefetching-Power-Sharpening/case_studies/logs-entropycut/mbpp/2026-09-21/vllm/dataset-mbpp.model-qwen3.5-9b.alpha4.0.steps100.blocks-1.prefetch-budget-20.rank-accept_first.cut-entropy4.0.samples20.maxnew1024.seed10086.subtreePrefetch.vllm.log,315,2,82,0.15985759532063432
/Users/jiangnanhugo/workspace/power-sharpening/Subtree-Prefetching-Power-Sharpening/case_studies/logs-entropycut/mbpp/2026-09-21/vllm/dataset-mbpp.model-qwen3.5-9b.alpha4.0.steps100.blocks-1.prefetch-budget-20.rank-accept_first.cut-entropy4.0.samples20.maxnew1024.seed10086.subtreePrefetch.vllm.log,315,3,87,0.03559719348340698
/Users/jiangnanhugo/workspace/power-sharpening/Subtree-Prefetching-Power-Sharpening/case_studies/logs-entropycut/mbpp/2026-09-21/vllm/dataset-mbpp.model-qwen3.5-9b.alpha4.0.steps100.blocks-1.prefetch-budget-20.rank-accept_first.cut-entropy4.0.samples20.maxnew1024.seed10086.subtreePrefetch.vllm.log,315,4,82,0.15985759532063432
/Users/jiangnanhugo/workspace/power-sharpening/Subtree-Prefetching-Power-Sharpening/case_studies/logs-entropycut/mbpp/2026-09-21/vllm/dataset-mbpp.model-qwen3.5-9b.alpha4.0.steps100.blocks-1.prefetch-budget-20.rank-accept_first.cut-entropy4.0.samples20.maxnew1024.seed10086.subtreePrefetch.vllm.log,315,5,82,0.15985759532063432
/Users/jiangnanhugo/workspace/power-sharpening/Subtree-Prefetching-Power-Sharpening/case_studies/logs-entropycut/mbpp/2026-09-21/vllm/dataset-mbpp.model-qwen3.5-9b.alpha4.0.steps100.blocks-1.prefetch-budget-20.rank-accept_first.cut-entropy4.0.samples20.maxnew1024.seed10086.subtreePrefetch.vllm.log,315,6,7,0.024767353876023034
/Users/jiangnanhugo/workspace/power-sharpening/Subtree-Prefetching-Power-Sharpening/case_studies/logs-entropycut/mbpp/2026-09-21/vllm/dataset-mbpp.model-qwen3.5-9b.alpha4.0.steps100.blocks-1.prefetch-budget-20.rank-accept_first.cut-entropy4.0.samples20.maxnew1024.seed10086.subtreePrefetch.vllm.log,315,7,40,0.03863728729109665
/Users/jiangnanhugo/workspace/power-sharpening/Subtree-Prefetching-Power-Sharpening/case_studies/logs-entropycut/mbpp/2026-09-21/vllm/dataset-mbpp.model-qwen3.5-9b.alpha4.0.steps100.blocks-1.prefetch-budget-20.rank-accept_first.cut-entropy4.0.samples20.maxnew1024.seed10086.subtreePrefetch.vllm.log,315,8,88,0.5910193586593652
/Users/jiangnanhugo/workspace/power-sharpening/Subtree-Prefetching-Power-Sharpening/case_studies/logs-entropycut/mbpp/2026-09-21/vllm/dataset-mbpp.model-qwen3.5-9b.alpha4.0.steps100.blocks-1.prefetch-budget-20.rank-accept_first.cut-entropy4.0.samples20.maxnew1024.seed10086.subtreePrefetch.vllm.log,315,9,88,0.5910193586593652
/Users/jiangnanhugo/workspace/power-sharpening/Subtree-Prefetching-Power-Sharpening/case_studies/logs-entropycut/mbpp/2026-09-21/vllm/dataset-mbpp.model-qwen3.5-9b.alpha4.0.steps100.blocks-1.prefetch-budget-20.rank-accept_first.cut-entropy4.0.samples20.maxnew1024.seed10086.subtreePrefetch.vllm.log,315,10,88,0.5910193586593652
/Users/jiangnanhugo/workspace/power-sharpening/Subtree-Prefetching-Power-Sharpening/case_studies/logs-entropycut/mbpp/2026-09-21/vllm/dataset-mbpp.model-qwen3.5-9b.alpha4.0.steps100.blocks-1.prefetch-budget-20.rank-accept_first.cut-entropy4.0.samples20.maxnew1024.seed10086.subtreePrefetch.vllm.log,315,11,87,0.03559719348340698
/Users/jiangnanhugo/workspace/power-sharpening/Subtree-Prefetching-Power-Sharpening/case_studies/logs-entropycut/mbpp/2026-09-21/vllm/dataset-mbpp.model-qwen3.5-9b.alpha4.0.steps100.blocks-1.prefetch-budget-20.rank-accept_first.cut-entropy4.0.samples20.maxnew1024.seed10086.subtreePrefetch.vllm.log,315,12,82,0.15985759532063432
/Users/jiangnanhugo/workspace/power-sharpening/Subtree-Prefetching-Power-Sharpening/case_studies/logs-entropycut/mbpp/2026-09-21/vllm/dataset-mbpp.model-qwen3.5-9b.alpha4.0.steps100.blocks-1.prefetch-budget-20.rank-accept_first.cut-entropy4.0.samples20.maxnew1024.seed10086.subtreePrefetch.vllm.log,315,13,83,0.08811424333464993
/Users/jiangnanhugo/workspace/power-sharpening/Subtree-Prefetching-Power-Sharpening/case_studies/logs-entropycut/mbpp/2026-09-21/vllm/dataset-mbpp.model-qwen3.5-9b.alpha4.0.steps100.blocks-1.prefetch-budget-20.rank-accept_first.cut-entropy4.0.samples20.maxnew1024.seed10086.subtreePrefetch.vllm.log,315,14,48,0.019563227454950004
/Users/jiangnanhugo/workspace/power-sharpening/Subtree-Prefetching-Power-Sharpening/case_studies/logs-entropycut/mbpp/2026-09-21/vllm/dataset-mbpp.model-qwen3.5-9b.alpha4.0.steps100.blocks-1.prefetch-budget-20.rank-accept_first.cut-entropy4.0.samples20.maxnew1024.seed10086.subtreePrefetch.vllm.log,315,15,88,0.5910193586593652
/Users/jiangnanhugo/workspace/power-sharpening/Subtree-Prefetching-Power-Sharpening/case_studies/logs-entropycut/mbpp/2026-09-21/vllm/dataset-mbpp.model-qwen3.5-9b.alpha4.0.steps100.blocks-1.prefetch-budget-20.rank-accept_first.cut-entropy4.0.samples20.maxnew1024.seed10086.subtreePrefetch.vllm.log,315,16,88,0.5910193586593652
/Users/jiangnanhugo/workspace/power-sharpening/Subtree-Prefetching-Power-Sharpening/case_studies/logs-entropycut/mbpp/2026-09-21/vllm/dataset-mbpp.model-qwen3.5-9b.alpha4.0.steps100.blocks-1.prefetch-budget-20.rank-accept_first.cut-entropy4.0.samples20.maxnew1024.seed10086.subtreePrefetch.vllm.log,315,17,88,0.5910193586593652
/Users/jiangnanhugo/workspace/power-sharpening/Subtree-Prefetching-Power-Sharpening/case_studies/logs-entropycut/mbpp/2026-09-21/vllm/dataset-mbpp.model-qwen3.5-9b.alpha4.0.steps100.blocks-1.prefetch-budget-20.rank-accept_first.cut-entropy4.0.samples20.maxnew1024.seed10086.subtreePrefetch.vllm.log,315,18,82,0.15985759532063432
/Users/jiangnanhugo/workspace/power-sharpening/Subtree-Prefetching-Power-Sharpening/case_studies/logs-entropycut/mbpp/2026-09-21/vllm/dataset-mbpp.model-qwen3.5-9b.alpha4.0.steps100.blocks-1.prefetch-budget-20.rank-accept_first.cut-entropy4.0.samples20.maxnew1024.seed10086.subtreePrefetch.vllm.log,315,19,88,0.5910193586593652
/Users/jiangnanhugo/workspace/power-sharpening/Subtree-Prefetching-Power-Sharpening/case_studies/logs-entropycut/mbpp/2026-09-21/vllm/dataset-mbpp.model-qwen3.5-9b.alpha4.0.steps100.blocks-1.prefetch-budget-20.rank-accept_first.cut-entropy4.0.samples20.maxnew1024.seed10086.subtreePrefetch.vllm.log,316,0,7,0.02450706612542466
/Users/jiangnanhugo/workspace/power-sharpening/Subtree-Prefetching-Power-Sharpening/case_studies/logs-entropycut/mbpp/2026-09-21/vllm/dataset-mbpp.model-qwen3.5-9b.alpha4.0.steps100.blocks-1.prefetch-budget-20.rank-accept_first.cut-entropy4.0.samples20.maxnew1024.seed10086.subtreePrefetch.vllm.log,316,1,88,0.5918952790732213
/Users/jiangnanhugo/workspace/power-sharpening/Subtree-Prefetching-Power-Sharpening/case_studies/logs-entropycut/mbpp/2026-09-21/vllm/dataset-mbpp.model-qwen3.5-9b.alpha4.0.steps100.blocks-1.prefetch-budget-20.rank-accept_first.cut-entropy4.0.samples20.maxnew1024.seed10086.subtreePrefetch.vllm.log,316,2,88,0.5918952790732213
/Users/jiangnanhugo/workspace/power-sharpening/Subtree-Prefetching-Power-Sharpening/case_studies/logs-entropycut/mbpp/2026-09-21/vllm/dataset-mbpp.model-qwen3.5-9b.alpha4.0.steps100.blocks-1.prefetch-budget-20.rank-accept_first.cut-entropy4.0.samples20.maxnew1024.seed10086.subtreePrefetch.vllm.log,316,3,88,0.5918952790732213
/Users/jiangnanhugo/workspace/power-sharpening/Subtree-Prefetching-Power-Sharpening/case_studies/logs-entropycut/mbpp/2026-09-21/vllm/dataset-mbpp.model-qwen3.5-9b.alpha4.0.steps100.blocks-1.prefetch-budget-20.rank-accept_first.cut-entropy4.0.samples20.maxnew1024.seed10086.subtreePrefetch.vllm.log,316,4,88,0.5918952790732213
/Users/jiangnanhugo/workspace/power-sharpening/Subtree-Prefetching-Power-Sharpening/case_studies/logs-entropycut/mbpp/2026-09-21/vllm/dataset-mbpp.model-qwen3.5-9b.alpha4.0.steps100.blocks-1.prefetch-budget-20.rank-accept_first.cut-entropy4.0.samples20.maxnew1024.seed10086.subtreePrefetch.vllm.log,316,5,88,0.5918952790732213
/Users/jiangnanhugo/workspace/power-sharpening/Subtree-Prefetching-Power-Sharpening/case_studies/logs-entropycut/mbpp/2026-09-21/vllm/dataset-mbpp.model-qwen3.5-9b.alpha4.0.steps100.blocks-1.prefetch-budget-20.rank-accept_first.cut-entropy4.0.samples20.maxnew1024.seed10086.subtreePrefetch.vllm.log,316,6,88,0.5918952790732213
/Users/jiangnanhugo/workspace/power-sharpening/Subtree-Prefetching-Power-Sharpening/case_studies/logs-entropycut/mbpp/2026-09-21/vllm/dataset-mbpp.model-qwen3.5-9b.alpha4.0.steps100.blocks-1.prefetch-budget-20.rank-accept_first.cut-entropy4.0.samples20.maxnew1024.seed10086.subtreePrefetch.vllm.log,316,7,7,0.02450706612542466
/Users/jiangnanhugo/workspace/power-sharpening/Subtree-Prefetching-Power-Sharpening/case_studies/logs-entropycut/mbpp/2026-09-21/vllm/dataset-mbpp.model-qwen3.5-9b.alpha4.0.steps100.blocks-1.prefetch-budget-20.rank-accept_first.cut-entropy4.0.samples20.maxnew1024.seed10086.subtreePrefetch.vllm.log,316,8,88,0.5918952790732213
/Users/jiangnanhugo/workspace/power-sharpening/Subtree-Prefetching-Power-Sharpening/case_studies/logs-entropycut/mbpp/2026-09-21/vllm/dataset-mbpp.model-qwen3.5-9b.alpha4.0.steps100.blocks-1.prefetch-budget-20.rank-accept_first.cut-entropy4.0.samples20.maxnew1024.seed10086.subtreePrefetch.vllm.log,316,9,82,0.1581776026128807
/Users/jiangnanhugo/workspace/power-sharpening/Subtree-Prefetching-Power-Sharpening/case_studies/logs-entropycut/mbpp/2026-09-21/vllm/dataset-mbpp.model-qwen3.5-9b.alpha4.0.steps100.blocks-1.prefetch-budget-20.rank-accept_first.cut-entropy4.0.samples20.maxnew1024.seed10086.subtreePrefetch.vllm.log,316,10,82,0.1581776026128807
/Users/jiangnanhugo/workspace/power-sharpening/Subtree-Prefetching-Power-Sharpening/case_studies/logs-entropycut/mbpp/2026-09-21/vllm/dataset-mbpp.model-qwen3.5-9b.alpha4.0.steps100.blocks-1.prefetch-budget-20.rank-accept_first.cut-entropy4.0.samples20.maxnew1024.seed10086.subtreePrefetch.vllm.log,316,11,88,0.5918952790732213
/Users/jiangnanhugo/workspace/power-sharpening/Subtree-Prefetching-Power-Sharpening/case_studies/logs-entropycut/mbpp/2026-09-21/vllm/dataset-mbpp.model-qwen3.5-9b.alpha4.0.steps100.blocks-1.prefetch-budget-20.rank-accept_first.cut-entropy4.0.samples20.maxnew1024.seed10086.subtreePrefetch.vllm.log,316,12,83,0.08718822361094192
/Users/jiangnanhugo/workspace/power-sharpening/Subtree-Prefetching-Power-Sharpening/case_studies/logs-entropycut/mbpp/2026-09-21/vllm/dataset-mbpp.model-qwen3.5-9b.alpha4.0.steps100.blocks-1.prefetch-budget-20.rank-accept_first.cut-entropy4.0.samples20.maxnew1024.seed10086.subtreePrefetch.vllm.log,316,13,82,0.1581776026128807
/Users/jiangnanhugo/workspace/power-sharpening/Subtree-Prefetching-Power-Sharpening/case_studies/logs-entropycut/mbpp/2026-09-21/vllm/dataset-mbpp.model-qwen3.5-9b.alpha4.0.steps100.blocks-1.prefetch-budget-20.rank-accept_first.cut-entropy4.0.samples20.maxnew1024.seed10086.subtreePrefetch.vllm.log,316,14,40,0.03823123613809244
/Users/jiangnanhugo/workspace/power-sharpening/Subtree-Prefetching-Power-Sharpening/case_studies/logs-entropycut/mbpp/2026-09-21/vllm/dataset-mbpp.model-qwen3.5-9b.alpha4.0.steps100.blocks-1.prefetch-budget-20.rank-accept_first.cut-entropy4.0.samples20.maxnew1024.seed10086.subtreePrefetch.vllm.log,316,15,88,0.5918952790732213
/Users/jiangnanhugo/workspace/power-sharpening/Subtree-Prefetching-Power-Sharpening/case_studies/logs-entropycut/mbpp/2026-09-21/vllm/dataset-mbpp.model-qwen3.5-9b.alpha4.0.steps100.blocks-1.prefetch-budget-20.rank-accept_first.cut-entropy4.0.samples20.maxnew1024.seed10086.subtreePrefetch.vllm.log,316,16,40,0.03823123613809244
/Users/jiangnanhugo/workspace/power-sharpening/Subtree-Prefetching-Power-Sharpening/case_studies/logs-entropycut/mbpp/2026-09-21/vllm/dataset-mbpp.model-qwen3.5-9b.alpha4.0.steps100.blocks-1.prefetch-budget-20.rank-accept_first.cut-entropy4.0.samples20.maxnew1024.seed10086.subtreePrefetch.vllm.log,316,17,88,0.5918952790732213
/Users/jiangnanhugo/workspace/power-sharpening/Subtree-Prefetching-Power-Sharpening/case_studies/logs-entropycut/mbpp/2026-09-21/vllm/dataset-mbpp.model-qwen3.5-9b.alpha4.0.steps100.blocks-1.prefetch-budget-20.rank-accept_first.cut-entropy4.0.samples20.maxnew1024.seed10086.subtreePrefetch.vllm.log,316,18,88,0.5918952790732213
/Users/jiangnanhugo/workspace/power-sharpening/Subtree-Prefetching-Power-Sharpening/case_studies/logs-entropycut/mbpp/2026-09-21/vllm/dataset-mbpp.model-qwen3.5-9b.alpha4.0.steps100.blocks-1.prefetch-budget-20.rank-accept_first.cut-entropy4.0.samples20.maxnew1024.seed10086.subtreePrefetch.vllm.log,316,19,88,0.5918952790732213
/Users/jiangnanhugo/workspace/power-sharpening/Subtree-Prefetching-Power-Sharpening/case_studies/logs-entropycut/mbpp/2026-09-21/vllm/dataset-mbpp.model-qwen3.5-9b.alpha4.0.steps100.blocks-1.prefetch-budget-20.rank-accept_first.cut-entropy4.0.samples20.maxnew1024.seed10086.subtreePrefetch.vllm.log,317,0,82,0.1456786257036034
/Users/jiangnanhugo/workspace/power-sharpening/Subtree-Prefetching-Power-Sharpening/case_studies/logs-entropycut/mbpp/2026-09-21/vllm/dataset-mbpp.model-qwen3.5-9b.alpha4.0.steps100.blocks-1.prefetch-budget-20.rank-accept_first.cut-entropy4.0.samples20.maxnew1024.seed10086.subtreePrefetch.vllm.log,317,1,88,0.6348787239118137
/Users/jiangnanhugo/workspace/power-sharpening/Subtree-Prefetching-Power-Sharpening/case_studies/logs-entropycut/mbpp/2026-09-21/vllm/dataset-mbpp.model-qwen3.5-9b.alpha4.0.steps100.blocks-1.prefetch-budget-20.rank-accept_first.cut-entropy4.0.samples20.maxnew1024.seed10086.subtreePrefetch.vllm.log,317,2,88,0.6348787239118137
/Users/jiangnanhugo/workspace/power-sharpening/Subtree-Prefetching-Power-Sharpening/case_studies/logs-entropycut/mbpp/2026-09-21/vllm/dataset-mbpp.model-qwen3.5-9b.alpha4.0.steps100.blocks-1.prefetch-budget-20.rank-accept_first.cut-entropy4.0.samples20.maxnew1024.seed10086.subtreePrefetch.vllm.log,317,3,88,0.6348787239118137
/Users/jiangnanhugo/workspace/power-sharpening/Subtree-Prefetching-Power-Sharpening/case_studies/logs-entropycut/mbpp/2026-09-21/vllm/dataset-mbpp.model-qwen3.5-9b.alpha4.0.steps100.blocks-1.prefetch-budget-20.rank-accept_first.cut-entropy4.0.samples20.maxnew1024.seed10086.subtreePrefetch.vllm.log,317,4,88,0.6348787239118137
/Users/jiangnanhugo/workspace/power-sharpening/Subtree-Prefetching-Power-Sharpening/case_studies/logs-entropycut/mbpp/2026-09-21/vllm/dataset-mbpp.model-qwen3.5-9b.alpha4.0.steps100.blocks-1.prefetch-budget-20.rank-accept_first.cut-entropy4.0.samples20.maxnew1024.seed10086.subtreePrefetch.vllm.log,317,5,88,0.6348787239118137
/Users/jiangnanhugo/workspace/power-sharpening/Subtree-Prefetching-Power-Sharpening/case_studies/logs-entropycut/mbpp/2026-09-21/vllm/dataset-mbpp.model-qwen3.5-9b.alpha4.0.steps100.blocks-1.prefetch-budget-20.rank-accept_first.cut-entropy4.0.samples20.maxnew1024.seed10086.subtreePrefetch.vllm.log,317,6,88,0.6348787239118137
/Users/jiangnanhugo/workspace/power-sharpening/Subtree-Prefetching-Power-Sharpening/case_studies/logs-entropycut/mbpp/2026-09-21/vllm/dataset-mbpp.model-qwen3.5-9b.alpha4.0.steps100.blocks-1.prefetch-budget-20.rank-accept_first.cut-entropy4.0.samples20.maxnew1024.seed10086.subtreePrefetch.vllm.log,317,7,88,0.6348787239118137
/Users/jiangnanhugo/workspace/power-sharpening/Subtree-Prefetching-Power-Sharpening/case_studies/logs-entropycut/mbpp/2026-09-21/vllm/dataset-mbpp.model-qwen3.5-9b.alpha4.0.steps100.blocks-1.prefetch-budget-20.rank-accept_first.cut-entropy4.0.samples20.maxnew1024.seed10086.subtreePrefetch.vllm.log,317,8,88,0.6348787239118137
/Users/jiangnanhugo/workspace/power-sharpening/Subtree-Prefetching-Power-Sharpening/case_studies/logs-entropycut/mbpp/2026-09-21/vllm/dataset-mbpp.model-qwen3.5-9b.alpha4.0.steps100.blocks-1.prefetch-budget-20.rank-accept_first.cut-entropy4.0.samples20.maxnew1024.seed10086.subtreePrefetch.vllm.log,317,9,88,0.6348787239118137
/Users/jiangnanhugo/workspace/power-sharpening/Subtree-Prefetching-Power-Sharpening/case_studies/logs-entropycut/mbpp/2026-09-21/vllm/dataset-mbpp.model-qwen3.5-9b.alpha4.0.steps100.blocks-1.prefetch-budget-20.rank-accept_first.cut-entropy4.0.samples20.maxnew1024.seed10086.subtreePrefetch.vllm.log,317,10,88,0.6348787239118137
/Users/jiangnanhugo/workspace/power-sharpening/Subtree-Prefetching-Power-Sharpening/case_studies/logs-entropycut/mbpp/2026-09-21/vllm/dataset-mbpp.model-qwen3.5-9b.alpha4.0.steps100.blocks-1.prefetch-budget-20.rank-accept_first.cut-entropy4.0.samples20.maxnew1024.seed10086.subtreePrefetch.vllm.log,317,11,88,0.6348787239118137
/Users/jiangnanhugo/workspace/power-sharpening/Subtree-Prefetching-Power-Sharpening/case_studies/logs-entropycut/mbpp/2026-09-21/vllm/dataset-mbpp.model-qwen3.5-9b.alpha4.0.steps100.blocks-1.prefetch-budget-20.rank-accept_first.cut-entropy4.0.samples20.maxnew1024.seed10086.subtreePrefetch.vllm.log,317,12,88,0.6348787239118137
/Users/jiangnanhugo/workspace/power-sharpening/Subtree-Prefetching-Power-Sharpening/case_studies/logs-entropycut/mbpp/2026-09-21/vllm/dataset-mbpp.model-qwen3.5-9b.alpha4.0.steps100.blocks-1.prefetch-budget-20.rank-accept_first.cut-entropy4.0.samples20.maxnew1024.seed10086.subtreePrefetch.vllm.log,317,13,22,0.03173926446671264
/Users/jiangnanhugo/workspace/power-sharpening/Subtree-Prefetching-Power-Sharpening/case_studies/logs-entropycut/mbpp/2026-09-21/vllm/dataset-mbpp.model-qwen3.5-9b.alpha4.0.steps100.blocks-1.prefetch-budget-20.rank-accept_first.cut-entropy4.0.samples20.maxnew1024.seed10086.subtreePrefetch.vllm.log,317,14,88,0.6348787239118137
/Users/jiangnanhugo/workspace/power-sharpening/Subtree-Prefetching-Power-Sharpening/case_studies/logs-entropycut/mbpp/2026-09-21/vllm/dataset-mbpp.model-qwen3.5-9b.alpha4.0.steps100.blocks-1.prefetch-budget-20.rank-accept_first.cut-entropy4.0.samples20.maxnew1024.seed10086.subtreePrefetch.vllm.log,317,15,88,0.6348787239118137
/Users/jiangnanhugo/workspace/power-sharpening/Subtree-Prefetching-Power-Sharpening/case_studies/logs-entropycut/mbpp/2026-09-21/vllm/dataset-mbpp.model-qwen3.5-9b.alpha4.0.steps100.blocks-1.prefetch-budget-20.rank-accept_first.cut-entropy4.0.samples20.maxnew1024.seed10086.subtreePrefetch.vllm.log,317,16,83,0.08159019021903131
/Users/jiangnanhugo/workspace/power-sharpening/Subtree-Prefetching-Power-Sharpening/case_studies/logs-entropycut/mbpp/2026-09-21/vllm/dataset-mbpp.model-qwen3.5-9b.alpha4.0.steps100.blocks-1.prefetch-budget-20.rank-accept_first.cut-entropy4.0.samples20.maxnew1024.seed10086.subtreePrefetch.vllm.log,317,17,88,0.6348787239118137
/Users/jiangnanhugo/workspace/power-sharpening/Subtree-Prefetching-Power-Sharpening/case_studies/logs-entropycut/mbpp/2026-09-21/vllm/dataset-mbpp.model-qwen3.5-9b.alpha4.0.steps100.blocks-1.prefetch-budget-20.rank-accept_first.cut-entropy4.0.samples20.maxnew1024.seed10086.subtreePrefetch.vllm.log,317,18,82,0.1456786257036034
/Users/jiangnanhugo/workspace/power-sharpening/Subtree-Prefetching-Power-Sharpening/case_studies/logs-entropycut/mbpp/2026-09-21/vllm/dataset-mbpp.model-qwen3.5-9b.alpha4.0.steps100.blocks-1.prefetch-budget-20.rank-accept_first.cut-entropy4.0.samples20.maxnew1024.seed10086.subtreePrefetch.vllm.log,317,19,83,0.08159019021903131
/Users/jiangnanhugo/workspace/power-sharpening/Subtree-Prefetching-Power-Sharpening/case_studies/logs-entropycut/mbpp/2026-09-21/vllm/dataset-mbpp.model-qwen3.5-9b.alpha4.0.steps100.blocks-1.prefetch-budget-20.rank-accept_first.cut-entropy4.0.samples20.maxnew1024.seed10086.subtreePrefetch.vllm.log,318,0,82,0.14951875593484912
/Users/jiangnanhugo/workspace/power-sharpening/Subtree-Prefetching-Power-Sharpening/case_studies/logs-entropycut/mbpp/2026-09-21/vllm/dataset-mbpp.model-qwen3.5-9b.alpha4.0.steps100.blocks-1.prefetch-budget-20.rank-accept_first.cut-entropy4.0.samples20.maxnew1024.seed10086.subtreePrefetch.vllm.log,318,1,82,0.14951875593484912
/Users/jiangnanhugo/workspace/power-sharpening/Subtree-Prefetching-Power-Sharpening/case_studies/logs-entropycut/mbpp/2026-09-21/vllm/dataset-mbpp.model-qwen3.5-9b.alpha4.0.steps100.blocks-1.prefetch-budget-20.rank-accept_first.cut-entropy4.0.samples20.maxnew1024.seed10086.subtreePrefetch.vllm.log,318,2,82,0.14951875593484912
/Users/jiangnanhugo/workspace/power-sharpening/Subtree-Prefetching-Power-Sharpening/case_studies/logs-entropycut/mbpp/2026-09-21/vllm/dataset-mbpp.model-qwen3.5-9b.alpha4.0.steps100.blocks-1.prefetch-budget-20.rank-accept_first.cut-entropy4.0.samples20.maxnew1024.seed10086.subtreePrefetch.vllm.log,318,3,82,0.14951875593484912
/Users/jiangnanhugo/workspace/power-sharpening/Subtree-Prefetching-Power-Sharpening/case_studies/logs-entropycut/mbpp/2026-09-21/vllm/dataset-mbpp.model-qwen3.5-9b.alpha4.0.steps100.blocks-1.prefetch-budget-20.rank-accept_first.cut-entropy4.0.samples20.maxnew1024.seed10086.subtreePrefetch.vllm.log,318,4,82,0.14951875593484912
/Users/jiangnanhugo/workspace/power-sharpening/Subtree-Prefetching-Power-Sharpening/case_studies/logs-entropycut/mbpp/2026-09-21/vllm/dataset-mbpp.model-qwen3.5-9b.alpha4.0.steps100.blocks-1.prefetch-budget-20.rank-accept_first.cut-entropy4.0.samples20.maxnew1024.seed10086.subtreePrefetch.vllm.log,318,5,40,0.03744388966348306
/Users/jiangnanhugo/workspace/power-sharpening/Subtree-Prefetching-Power-Sharpening/case_studies/logs-entropycut/mbpp/2026-09-21/vllm/dataset-mbpp.model-qwen3.5-9b.alpha4.0.steps100.blocks-1.prefetch-budget-20.rank-accept_first.cut-entropy4.0.samples20.maxnew1024.seed10086.subtreePrefetch.vllm.log,318,6,22,0.03257592055409301
/Users/jiangnanhugo/workspace/power-sharpening/Subtree-Prefetching-Power-Sharpening/case_studies/logs-entropycut/mbpp/2026-09-21/vllm/dataset-mbpp.model-qwen3.5-9b.alpha4.0.steps100.blocks-1.prefetch-budget-20.rank-accept_first.cut-entropy4.0.samples20.maxnew1024.seed10086.subtreePrefetch.vllm.log,318,7,88,0.622847867352392
/Users/jiangnanhugo/workspace/power-sharpening/Subtree-Prefetching-Power-Sharpening/case_studies/logs-entropycut/mbpp/2026-09-21/vllm/dataset-mbpp.model-qwen3.5-9b.alpha4.0.steps100.blocks-1.prefetch-budget-20.rank-accept_first.cut-entropy4.0.samples20.maxnew1024.seed10086.subtreePrefetch.vllm.log,318,8,82,0.14951875593484912
/Users/jiangnanhugo/workspace/power-sharpening/Subtree-Prefetching-Power-Sharpening/case_studies/logs-entropycut/mbpp/2026-09-21/vllm/dataset-mbpp.model-qwen3.5-9b.alpha4.0.steps100.blocks-1.prefetch-budget-20.rank-accept_first.cut-entropy4.0.samples20.maxnew1024.seed10086.subtreePrefetch.vllm.log,318,9,82,0.14951875593484912
/Users/jiangnanhugo/workspace/power-sharpening/Subtree-Prefetching-Power-Sharpening/case_studies/logs-entropycut/mbpp/2026-09-21/vllm/dataset-mbpp.model-qwen3.5-9b.alpha4.0.steps100.blocks-1.prefetch-budget-20.rank-accept_first.cut-entropy4.0.samples20.maxnew1024.seed10086.subtreePrefetch.vllm.log,318,10,40,0.03744388966348306
/Users/jiangnanhugo/workspace/power-sharpening/Subtree-Prefetching-Power-Sharpening/case_studies/logs-entropycut/mbpp/2026-09-21/vllm/dataset-mbpp.model-qwen3.5-9b.alpha4.0.steps100.blocks-1.prefetch-budget-20.rank-accept_first.cut-entropy4.0.samples20.maxnew1024.seed10086.subtreePrefetch.vllm.log,318,11,88,0.622847867352392
/Users/jiangnanhugo/workspace/power-sharpening/Subtree-Prefetching-Power-Sharpening/case_studies/logs-entropycut/mbpp/2026-09-21/vllm/dataset-mbpp.model-qwen3.5-9b.alpha4.0.steps100.blocks-1.prefetch-budget-20.rank-accept_first.cut-entropy4.0.samples20.maxnew1024.seed10086.subtreePrefetch.vllm.log,318,12,82,0.14951875593484912
/Users/jiangnanhugo/workspace/power-sharpening/Subtree-Prefetching-Power-Sharpening/case_studies/logs-entropycut/mbpp/2026-09-21/vllm/dataset-mbpp.model-qwen3.5-9b.alpha4.0.steps100.blocks-1.prefetch-budget-20.rank-accept_first.cut-entropy4.0.samples20.maxnew1024.seed10086.subtreePrefetch.vllm.log,318,13,83,0.08374093096442153
/Users/jiangnanhugo/workspace/power-sharpening/Subtree-Prefetching-Power-Sharpening/case_studies/logs-entropycut/mbpp/2026-09-21/vllm/dataset-mbpp.model-qwen3.5-9b.alpha4.0.steps100.blocks-1.prefetch-budget-20.rank-accept_first.cut-entropy4.0.samples20.maxnew1024.seed10086.subtreePrefetch.vllm.log,318,14,82,0.14951875593484912
/Users/jiangnanhugo/workspace/power-sharpening/Subtree-Prefetching-Power-Sharpening/case_studies/logs-entropycut/mbpp/2026-09-21/vllm/dataset-mbpp.model-qwen3.5-9b.alpha4.0.steps100.blocks-1.prefetch-budget-20.rank-accept_first.cut-entropy4.0.samples20.maxnew1024.seed10086.subtreePrefetch.vllm.log,318,15,82,0.14951875593484912
/Users/jiangnanhugo/workspace/power-sharpening/Subtree-Prefetching-Power-Sharpening/case_studies/logs-entropycut/mbpp/2026-09-21/vllm/dataset-mbpp.model-qwen3.5-9b.alpha4.0.steps100.blocks-1.prefetch-budget-20.rank-accept_first.cut-entropy4.0.samples20.maxnew1024.seed10086.subtreePrefetch.vllm.log,318,16,88,0.622847867352392
/Users/jiangnanhugo/workspace/power-sharpening/Subtree-Prefetching-Power-Sharpening/case_studies/logs-entropycut/mbpp/2026-09-21/vllm/dataset-mbpp.model-qwen3.5-9b.alpha4.0.steps100.blocks-1.prefetch-budget-20.rank-accept_first.cut-entropy4.0.samples20.maxnew1024.seed10086.subtreePrefetch.vllm.log,318,17,88,0.622847867352392
/Users/jiangnanhugo/workspace/power-sharpening/Subtree-Prefetching-Power-Sharpening/case_studies/logs-entropycut/mbpp/2026-09-21/vllm/dataset-mbpp.model-qwen3.5-9b.alpha4.0.steps100.blocks-1.prefetch-budget-20.rank-accept_first.cut-entropy4.0.samples20.maxnew1024.seed10086.subtreePrefetch.vllm.log,318,18,13,0.0047842013883292265
/Users/jiangnanhugo/workspace/power-sharpening/Subtree-Prefetching-Power-Sharpening/case_studies/logs-entropycut/mbpp/2026-09-21/vllm/dataset-mbpp.model-qwen3.5-9b.alpha4.0.steps100.blocks-1.prefetch-budget-20.rank-accept_first.cut-entropy4.0.samples20.maxnew1024.seed10086.subtreePrefetch.vllm.log,318,19,88,0.622847867352392
/Users/jiangnanhugo/workspace/power-sharpening/Subtree-Prefetching-Power-Sharpening/case_studies/logs-entropycut/mbpp/2026-09-21/vllm/dataset-mbpp.model-qwen3.5-9b.alpha4.0.steps100.blocks-1.prefetch-budget-20.rank-accept_first.cut-entropy4.0.samples20.maxnew1024.seed10086.subtreePrefetch.vllm.log,319,0,88,0.5933076634095085
/Users/jiangnanhugo/workspace/power-sharpening/Subtree-Prefetching-Power-Sharpening/case_studies/logs-entropycut/mbpp/2026-09-21/vllm/dataset-mbpp.model-qwen3.5-9b.alpha4.0.steps100.blocks-1.prefetch-budget-20.rank-accept_first.cut-entropy4.0.samples20.maxnew1024.seed10086.subtreePrefetch.vllm.log,319,1,88,0.5933076634095085
/Users/jiangnanhugo/workspace/power-sharpening/Subtree-Prefetching-Power-Sharpening/case_studies/logs-entropycut/mbpp/2026-09-21/vllm/dataset-mbpp.model-qwen3.5-9b.alpha4.0.steps100.blocks-1.prefetch-budget-20.rank-accept_first.cut-entropy4.0.samples20.maxnew1024.seed10086.subtreePrefetch.vllm.log,319,2,88,0.5933076634095085
/Users/jiangnanhugo/workspace/power-sharpening/Subtree-Prefetching-Power-Sharpening/case_studies/logs-entropycut/mbpp/2026-09-21/vllm/dataset-mbpp.model-qwen3.5-9b.alpha4.0.steps100.blocks-1.prefetch-budget-20.rank-accept_first.cut-entropy4.0.samples20.maxnew1024.seed10086.subtreePrefetch.vllm.log,319,3,88,0.5933076634095085
/Users/jiangnanhugo/workspace/power-sharpening/Subtree-Prefetching-Power-Sharpening/case_studies/logs-entropycut/mbpp/2026-09-21/vllm/dataset-mbpp.model-qwen3.5-9b.alpha4.0.steps100.blocks-1.prefetch-budget-20.rank-accept_first.cut-entropy4.0.samples20.maxnew1024.seed10086.subtreePrefetch.vllm.log,319,4,88,0.5933076634095085
/Users/jiangnanhugo/workspace/power-sharpening/Subtree-Prefetching-Power-Sharpening/case_studies/logs-entropycut/mbpp/2026-09-21/vllm/dataset-mbpp.model-qwen3.5-9b.alpha4.0.steps100.blocks-1.prefetch-budget-20.rank-accept_first.cut-entropy4.0.samples20.maxnew1024.seed10086.subtreePrefetch.vllm.log,319,5,83,0.08845540346523402
/Users/jiangnanhugo/workspace/power-sharpening/Subtree-Prefetching-Power-Sharpening/case_studies/logs-entropycut/mbpp/2026-09-21/vllm/dataset-mbpp.model-qwen3.5-9b.alpha4.0.steps100.blocks-1.prefetch-budget-20.rank-accept_first.cut-entropy4.0.samples20.maxnew1024.seed10086.subtreePrefetch.vllm.log,319,6,88,0.5933076634095085
/Users/jiangnanhugo/workspace/power-sharpening/Subtree-Prefetching-Power-Sharpening/case_studies/logs-entropycut/mbpp/2026-09-21/vllm/dataset-mbpp.model-qwen3.5-9b.alpha4.0.steps100.blocks-1.prefetch-budget-20.rank-accept_first.cut-entropy4.0.samples20.maxnew1024.seed10086.subtreePrefetch.vllm.log,319,7,40,0.03941545627496914
/Users/jiangnanhugo/workspace/power-sharpening/Subtree-Prefetching-Power-Sharpening/case_studies/logs-entropycut/mbpp/2026-09-21/vllm/dataset-mbpp.model-qwen3.5-9b.alpha4.0.steps100.blocks-1.prefetch-budget-20.rank-accept_first.cut-entropy4.0.samples20.maxnew1024.seed10086.subtreePrefetch.vllm.log,319,8,48,0.020171102373356772
/Users/jiangnanhugo/workspace/power-sharpening/Subtree-Prefetching-Power-Sharpening/case_studies/logs-entropycut/mbpp/2026-09-21/vllm/dataset-mbpp.model-qwen3.5-9b.alpha4.0.steps100.blocks-1.prefetch-budget-20.rank-accept_first.cut-entropy4.0.samples20.maxnew1024.seed10086.subtreePrefetch.vllm.log,319,9,48,0.020171102373356772
/Users/jiangnanhugo/workspace/power-sharpening/Subtree-Prefetching-Power-Sharpening/case_studies/logs-entropycut/mbpp/2026-09-21/vllm/dataset-mbpp.model-qwen3.5-9b.alpha4.0.steps100.blocks-1.prefetch-budget-20.rank-accept_first.cut-entropy4.0.samples20.maxnew1024.seed10086.subtreePrefetch.vllm.log,319,10,82,0.1604178100177817
/Users/jiangnanhugo/workspace/power-sharpening/Subtree-Prefetching-Power-Sharpening/case_studies/logs-entropycut/mbpp/2026-09-21/vllm/dataset-mbpp.model-qwen3.5-9b.alpha4.0.steps100.blocks-1.prefetch-budget-20.rank-accept_first.cut-entropy4.0.samples20.maxnew1024.seed10086.subtreePrefetch.vllm.log,319,11,82,0.1604178100177817
/Users/jiangnanhugo/workspace/power-sharpening/Subtree-Prefetching-Power-Sharpening/case_studies/logs-entropycut/mbpp/2026-09-21/vllm/dataset-mbpp.model-qwen3.5-9b.alpha4.0.steps100.blocks-1.prefetch-budget-20.rank-accept_first.cut-entropy4.0.samples20.maxnew1024.seed10086.subtreePrefetch.vllm.log,319,12,88,0.5933076634095085
/Users/jiangnanhugo/workspace/power-sharpening/Subtree-Prefetching-Power-Sharpening/case_studies/logs-entropycut/mbpp/2026-09-21/vllm/dataset-mbpp.model-qwen3.5-9b.alpha4.0.steps100.blocks-1.prefetch-budget-20.rank-accept_first.cut-entropy4.0.samples20.maxnew1024.seed10086.subtreePrefetch.vllm.log,319,13,7,0.019623246198178304
/Users/jiangnanhugo/workspace/power-sharpening/Subtree-Prefetching-Power-Sharpening/case_studies/logs-entropycut/mbpp/2026-09-21/vllm/dataset-mbpp.model-qwen3.5-9b.alpha4.0.steps100.blocks-1.prefetch-budget-20.rank-accept_first.cut-entropy4.0.samples20.maxnew1024.seed10086.subtreePrefetch.vllm.log,319,14,82,0.1604178100177817
/Users/jiangnanhugo/workspace/power-sharpening/Subtree-Prefetching-Power-Sharpening/case_studies/logs-entropycut/mbpp/2026-09-21/vllm/dataset-mbpp.model-qwen3.5-9b.alpha4.0.steps100.blocks-1.prefetch-budget-20.rank-accept_first.cut-entropy4.0.samples20.maxnew1024.seed10086.subtreePrefetch.vllm.log,319,15,88,0.5933076634095085
/Users/jiangnanhugo/workspace/power-sharpening/Subtree-Prefetching-Power-Sharpening/case_studies/logs-entropycut/mbpp/2026-09-21/vllm/dataset-mbpp.model-qwen3.5-9b.alpha4.0.steps100.blocks-1.prefetch-budget-20.rank-accept_first.cut-entropy4.0.samples20.maxnew1024.seed10086.subtreePrefetch.vllm.log,319,16,88,0.5933076634095085
/Users/jiangnanhugo/workspace/power-sharpening/Subtree-Prefetching-Power-Sharpening/case_studies/logs-entropycut/mbpp/2026-09-21/vllm/dataset-mbpp.model-qwen3.5-9b.alpha4.0.steps100.blocks-1.prefetch-budget-20.rank-accept_first.cut-entropy4.0.samples20.maxnew1024.seed10086.subtreePrefetch.vllm.log,319,17,83,0.08845540346523402
/Users/jiangnanhugo/workspace/power-sharpening/Subtree-Prefetching-Power-Sharpening/case_studies/logs-entropycut/mbpp/2026-09-21/vllm/dataset-mbpp.model-qwen3.5-9b.alpha4.0.steps100.blocks-1.prefetch-budget-20.rank-accept_first.cut-entropy4.0.samples20.maxnew1024.seed10086.subtreePrefetch.vllm.log,319,18,88,0.5933076634095085
/Users/jiangnanhugo/workspace/power-sharpening/Subtree-Prefetching-Power-Sharpening/case_studies/logs-entropycut/mbpp/2026-09-21/vllm/dataset-mbpp.model-qwen3.5-9b.alpha4.0.steps100.blocks-1.prefetch-budget-20.rank-accept_first.cut-entropy4.0.samples20.maxnew1024.seed10086.subtreePrefetch.vllm.log,319,19,88,0.5933076634095085
/Users/jiangnanhugo/workspace/power-sharpening/Subtree-Prefetching-Power-Sharpening/case_studies/logs-entropycut/mbpp/2026-09-21/vllm/dataset-mbpp.model-qwen3.5-9b.alpha4.0.steps100.blocks-1.prefetch-budget-20.rank-accept_first.cut-entropy4.0.samples20.maxnew1024.seed10086.subtreePrefetch.vllm.log,320,0,82,0.1604178100177817
/Users/jiangnanhugo/workspace/power-sharpening/Subtree-Prefetching-Power-Sharpening/case_studies/logs-entropycut/mbpp/2026-09-21/vllm/dataset-mbpp.model-qwen3.5-9b.alpha4.0.steps100.blocks-1.prefetch-budget-20.rank-accept_first.cut-entropy4.0.samples20.maxnew1024.seed10086.subtreePrefetch.vllm.log,320,1,88,0.5933076634095085
/Users/jiangnanhugo/workspace/power-sharpening/Subtree-Prefetching-Power-Sharpening/case_studies/logs-entropycut/mbpp/2026-09-21/vllm/dataset-mbpp.model-qwen3.5-9b.alpha4.0.steps100.blocks-1.prefetch-budget-20.rank-accept_first.cut-entropy4.0.samples20.maxnew1024.seed10086.subtreePrefetch.vllm.log,320,2,22,0.03429116963425223
/Users/jiangnanhugo/workspace/power-sharpening/Subtree-Prefetching-Power-Sharpening/case_studies/logs-entropycut/mbpp/2026-09-21/vllm/dataset-mbpp.model-qwen3.5-9b.alpha4.0.steps100.blocks-1.prefetch-budget-20.rank-accept_first.cut-entropy4.0.samples20.maxnew1024.seed10086.subtreePrefetch.vllm.log,320,3,88,0.5933076634095085
/Users/jiangnanhugo/workspace/power-sharpening/Subtree-Prefetching-Power-Sharpening/case_studies/logs-entropycut/mbpp/2026-09-21/vllm/dataset-mbpp.model-qwen3.5-9b.alpha4.0.steps100.blocks-1.prefetch-budget-20.rank-accept_first.cut-entropy4.0.samples20.maxnew1024.seed10086.subtreePrefetch.vllm.log,320,4,88,0.5933076634095085
/Users/jiangnanhugo/workspace/power-sharpening/Subtree-Prefetching-Power-Sharpening/case_studies/logs-entropycut/mbpp/2026-09-21/vllm/dataset-mbpp.model-qwen3.5-9b.alpha4.0.steps100.blocks-1.prefetch-budget-20.rank-accept_first.cut-entropy4.0.samples20.maxnew1024.seed10086.subtreePrefetch.vllm.log,320,5,82,0.1604178100177817
/Users/jiangnanhugo/workspace/power-sharpening/Subtree-Prefetching-Power-Sharpening/case_studies/logs-entropycut/mbpp/2026-09-21/vllm/dataset-mbpp.model-qwen3.5-9b.alpha4.0.steps100.blocks-1.prefetch-budget-20.rank-accept_first.cut-entropy4.0.samples20.maxnew1024.seed10086.subtreePrefetch.vllm.log,320,6,48,0.020171102373356772
/Users/jiangnanhugo/workspace/power-sharpening/Subtree-Prefetching-Power-Sharpening/case_studies/logs-entropycut/mbpp/2026-09-21/vllm/dataset-mbpp.model-qwen3.5-9b.alpha4.0.steps100.blocks-1.prefetch-budget-20.rank-accept_first.cut-entropy4.0.samples20.maxnew1024.seed10086.subtreePrefetch.vllm.log,320,7,88,0.5933076634095085
/Users/jiangnanhugo/workspace/power-sharpening/Subtree-Prefetching-Power-Sharpening/case_studies/logs-entropycut/mbpp/2026-09-21/vllm/dataset-mbpp.model-qwen3.5-9b.alpha4.0.steps100.blocks-1.prefetch-budget-20.rank-accept_first.cut-entropy4.0.samples20.maxnew1024.seed10086.subtreePrefetch.vllm.log,320,8,82,0.1604178100177817
/Users/jiangnanhugo/workspace/power-sharpening/Subtree-Prefetching-Power-Sharpening/case_studies/logs-entropycut/mbpp/2026-09-21/vllm/dataset-mbpp.model-qwen3.5-9b.alpha4.0.steps100.blocks-1.prefetch-budget-20.rank-accept_first.cut-entropy4.0.samples20.maxnew1024.seed10086.subtreePrefetch.vllm.log,320,9,88,0.5933076634095085
/Users/jiangnanhugo/workspace/power-sharpening/Subtree-Prefetching-Power-Sharpening/case_studies/logs-entropycut/mbpp/2026-09-21/vllm/dataset-mbpp.model-qwen3.5-9b.alpha4.0.steps100.blocks-1.prefetch-budget-20.rank-accept_first.cut-entropy4.0.samples20.maxnew1024.seed10086.subtreePrefetch.vllm.log,320,10,22,0.03429116963425223
/Users/jiangnanhugo/workspace/power-sharpening/Subtree-Prefetching-Power-Sharpening/case_studies/logs-entropycut/mbpp/2026-09-21/vllm/dataset-mbpp.model-qwen3.5-9b.alpha4.0.steps100.blocks-1.prefetch-budget-20.rank-accept_first.cut-entropy4.0.samples20.maxnew1024.seed10086.subtreePrefetch.vllm.log,320,11,82,0.1604178100177817
/Users/jiangnanhugo/workspace/power-sharpening/Subtree-Prefetching-Power-Sharpening/case_studies/logs-entropycut/mbpp/2026-09-21/vllm/dataset-mbpp.model-qwen3.5-9b.alpha4.0.steps100.blocks-1.prefetch-budget-20.rank-accept_first.cut-entropy4.0.samples20.maxnew1024.seed10086.subtreePrefetch.vllm.log,320,12,88,0.5933076634095085
/Users/jiangnanhugo/workspace/power-sharpening/Subtree-Prefetching-Power-Sharpening/case_studies/logs-entropycut/mbpp/2026-09-21/vllm/dataset-mbpp.model-qwen3.5-9b.alpha4.0.steps100.blocks-1.prefetch-budget-20.rank-accept_first.cut-entropy4.0.samples20.maxnew1024.seed10086.subtreePrefetch.vllm.log,320,13,88,0.5933076634095085
/Users/jiangnanhugo/workspace/power-sharpening/Subtree-Prefetching-Power-Sharpening/case_studies/logs-entropycut/mbpp/2026-09-21/vllm/dataset-mbpp.model-qwen3.5-9b.alpha4.0.steps100.blocks-1.prefetch-budget-20.rank-accept_first.cut-entropy4.0.samples20.maxnew1024.seed10086.subtreePrefetch.vllm.log,320,14,88,0.5933076634095085
/Users/jiangnanhugo/workspace/power-sharpening/Subtree-Prefetching-Power-Sharpening/case_studies/logs-entropycut/mbpp/2026-09-21/vllm/dataset-mbpp.model-qwen3.5-9b.alpha4.0.steps100.blocks-1.prefetch-budget-20.rank-accept_first.cut-entropy4.0.samples20.maxnew1024.seed10086.subtreePrefetch.vllm.log,320,15,87,0.0357350184560519
/Users/jiangnanhugo/workspace/power-sharpening/Subtree-Prefetching-Power-Sharpening/case_studies/logs-entropycut/mbpp/2026-09-21/vllm/dataset-mbpp.model-qwen3.5-9b.alpha4.0.steps100.blocks-1.prefetch-budget-20.rank-accept_first.cut-entropy4.0.samples20.maxnew1024.seed10086.subtreePrefetch.vllm.log,320,16,83,0.08845540346523402
/Users/jiangnanhugo/workspace/power-sharpening/Subtree-Prefetching-Power-Sharpening/case_studies/logs-entropycut/mbpp/2026-09-21/vllm/dataset-mbpp.model-qwen3.5-9b.alpha4.0.steps100.blocks-1.prefetch-budget-20.rank-accept_first.cut-entropy4.0.samples20.maxnew1024.seed10086.subtreePrefetch.vllm.log,320,17,88,0.5933076634095085
/Users/jiangnanhugo/workspace/power-sharpening/Subtree-Prefetching-Power-Sharpening/case_studies/logs-entropycut/mbpp/2026-09-21/vllm/dataset-mbpp.model-qwen3.5-9b.alpha4.0.steps100.blocks-1.prefetch-budget-20.rank-accept_first.cut-entropy4.0.samples20.maxnew1024.seed10086.subtreePrefetch.vllm.log,320,18,88,0.5933076634095085
/Users/jiangnanhugo/workspace/power-sharpening/Subtree-Prefetching-Power-Sharpening/case_studies/logs-entropycut/mbpp/2026-09-21/vllm/dataset-mbpp.model-qwen3.5-9b.alpha4.0.steps100.blocks-1.prefetch-budget-20.rank-accept_first.cut-entropy4.0.samples20.maxnew1024.seed10086.subtreePrefetch.vllm.log,320,19,87,0.0357350184560519
/Users/jiangnanhugo/workspace/power-sharpening/Subtree-Prefetching-Power-Sharpening/case_studies/logs-entropycut/mbpp/2026-09-21/vllm/dataset-mbpp.model-qwen3.5-9b.alpha4.0.steps100.blocks-1.prefetch-budget-20.rank-accept_first.cut-entropy4.0.samples20.maxnew1024.seed10086.subtreePrefetch.vllm.log,321,0,88,0.5941627988004762
/Users/jiangnanhugo/workspace/power-sharpening/Subtree-Prefetching-Power-Sharpening/case_studies/logs-entropycut/mbpp/2026-09-21/vllm/dataset-mbpp.model-qwen3.5-9b.alpha4.0.steps100.blocks-1.prefetch-budget-20.rank-accept_first.cut-entropy4.0.samples20.maxnew1024.seed10086.subtreePrefetch.vllm.log,321,1,88,0.5941627988004762
/Users/jiangnanhugo/workspace/power-sharpening/Subtree-Prefetching-Power-Sharpening/case_studies/logs-entropycut/mbpp/2026-09-21/vllm/dataset-mbpp.model-qwen3.5-9b.alpha4.0.steps100.blocks-1.prefetch-budget-20.rank-accept_first.cut-entropy4.0.samples20.maxnew1024.seed10086.subtreePrefetch.vllm.log,321,2,88,0.5941627988004762
/Users/jiangnanhugo/workspace/power-sharpening/Subtree-Prefetching-Power-Sharpening/case_studies/logs-entropycut/mbpp/2026-09-21/vllm/dataset-mbpp.model-qwen3.5-9b.alpha4.0.steps100.blocks-1.prefetch-budget-20.rank-accept_first.cut-entropy4.0.samples20.maxnew1024.seed10086.subtreePrefetch.vllm.log,322,0,21,0.33049601026925096
/Users/jiangnanhugo/workspace/power-sharpening/Subtree-Prefetching-Power-Sharpening/case_studies/logs-entropycut/mbpp/2026-09-21/vllm/dataset-mbpp.model-qwen3.5-9b.alpha4.0.steps100.blocks-1.prefetch-budget-20.rank-accept_first.cut-entropy4.0.samples20.maxnew1024.seed10086.subtreePrefetch.vllm.log,322,1,869,0.10054214772281504
/Users/jiangnanhugo/workspace/power-sharpening/Subtree-Prefetching-Power-Sharpening/case_studies/logs-entropycut/mbpp/2026-09-21/vllm/dataset-mbpp.model-qwen3.5-9b.alpha4.0.steps100.blocks-1.prefetch-budget-20.rank-accept_first.cut-entropy4.0.samples20.maxnew1024.seed10086.subtreePrefetch.vllm.log,322,2,21,0.33049601026925096
/Users/jiangnanhugo/workspace/power-sharpening/Subtree-Prefetching-Power-Sharpening/case_studies/logs-entropycut/mbpp/2026-09-21/vllm/dataset-mbpp.model-qwen3.5-9b.alpha4.0.steps100.blocks-1.prefetch-budget-20.rank-accept_first.cut-entropy4.0.samples20.maxnew1024.seed10086.subtreePrefetch.vllm.log,322,3,21,0.33049601026925096
/Users/jiangnanhugo/workspace/power-sharpening/Subtree-Prefetching-Power-Sharpening/case_studies/logs-entropycut/mbpp/2026-09-21/vllm/dataset-mbpp.model-qwen3.5-9b.alpha4.0.steps100.blocks-1.prefetch-budget-20.rank-accept_first.cut-entropy4.0.samples20.maxnew1024.seed10086.subtreePrefetch.vllm.log,322,4,1004,0.02195129174028762
/Users/jiangnanhugo/workspace/power-sharpening/Subtree-Prefetching-Power-Sharpening/case_studies/logs-entropycut/mbpp/2026-09-21/vllm/dataset-mbpp.model-qwen3.5-9b.alpha4.0.steps100.blocks-1.prefetch-budget-20.rank-accept_first.cut-entropy4.0.samples20.maxnew1024.seed10086.subtreePrefetch.vllm.log,322,5,21,0.33049601026925096
/Users/jiangnanhugo/workspace/power-sharpening/Subtree-Prefetching-Power-Sharpening/case_studies/logs-entropycut/mbpp/2026-09-21/vllm/dataset-mbpp.model-qwen3.5-9b.alpha4.0.steps100.blocks-1.prefetch-budget-20.rank-accept_first.cut-entropy4.0.samples20.maxnew1024.seed10086.subtreePrefetch.vllm.log,322,6,152,0.0004183627605140723
/Users/jiangnanhugo/workspace/power-sharpening/Subtree-Prefetching-Power-Sharpening/case_studies/logs-entropycut/mbpp/2026-09-21/vllm/dataset-mbpp.model-qwen3.5-9b.alpha4.0.steps100.blocks-1.prefetch-budget-20.rank-accept_first.cut-entropy4.0.samples20.maxnew1024.seed10086.subtreePrefetch.vllm.log,322,7,21,0.33049601026925096
/Users/jiangnanhugo/workspace/power-sharpening/Subtree-Prefetching-Power-Sharpening/case_studies/logs-entropycut/mbpp/2026-09-21/vllm/dataset-mbpp.model-qwen3.5-9b.alpha4.0.steps100.blocks-1.prefetch-budget-20.rank-accept_first.cut-entropy4.0.samples20.maxnew1024.seed10086.subtreePrefetch.vllm.log,322,8,21,0.33049601026925096
/Users/jiangnanhugo/workspace/power-sharpening/Subtree-Prefetching-Power-Sharpening/case_studies/logs-entropycut/mbpp/2026-09-21/vllm/dataset-mbpp.model-qwen3.5-9b.alpha4.0.steps100.blocks-1.prefetch-budget-20.rank-accept_first.cut-entropy4.0.samples20.maxnew1024.seed10086.subtreePrefetch.vllm.log,322,9,21,0.33049601026925096
/Users/jiangnanhugo/workspace/power-sharpening/Subtree-Prefetching-Power-Sharpening/case_studies/logs-entropycut/mbpp/2026-09-21/vllm/dataset-mbpp.model-qwen3.5-9b.alpha4.0.steps100.blocks-1.prefetch-budget-20.rank-accept_first.cut-entropy4.0.samples20.maxnew1024.seed10086.subtreePrefetch.vllm.log,322,10,427,0.021717503670712172
/Users/jiangnanhugo/workspace/power-sharpening/Subtree-Prefetching-Power-Sharpening/case_studies/logs-entropycut/mbpp/2026-09-21/vllm/dataset-mbpp.model-qwen3.5-9b.alpha4.0.steps100.blocks-1.prefetch-budget-20.rank-accept_first.cut-entropy4.0.samples20.maxnew1024.seed10086.subtreePrefetch.vllm.log,322,11,21,0.33049601026925096
/Users/jiangnanhugo/workspace/power-sharpening/Subtree-Prefetching-Power-Sharpening/case_studies/logs-entropycut/mbpp/2026-09-21/vllm/dataset-mbpp.model-qwen3.5-9b.alpha4.0.steps100.blocks-1.prefetch-budget-20.rank-accept_first.cut-entropy4.0.samples20.maxnew1024.seed10086.subtreePrefetch.vllm.log,322,12,21,0.33049601026925096
/Users/jiangnanhugo/workspace/power-sharpening/Subtree-Prefetching-Power-Sharpening/case_studies/logs-entropycut/mbpp/2026-09-21/vllm/dataset-mbpp.model-qwen3.5-9b.alpha4.0.steps100.blocks-1.prefetch-budget-20.rank-accept_first.cut-entropy4.0.samples20.maxnew1024.seed10086.subtreePrefetch.vllm.log,322,13,413,0.056908964925407986
/Users/jiangnanhugo/workspace/power-sharpening/Subtree-Prefetching-Power-Sharpening/case_studies/logs-entropycut/mbpp/2026-09-21/vllm/dataset-mbpp.model-qwen3.5-9b.alpha4.0.steps100.blocks-1.prefetch-budget-20.rank-accept_first.cut-entropy4.0.samples20.maxnew1024.seed10086.subtreePrefetch.vllm.log,322,14,103,0.029372749683164494
/Users/jiangnanhugo/workspace/power-sharpening/Subtree-Prefetching-Power-Sharpening/case_studies/logs-entropycut/mbpp/2026-09-21/vllm/dataset-mbpp.model-qwen3.5-9b.alpha4.0.steps100.blocks-1.prefetch-budget-20.rank-accept_first.cut-entropy4.0.samples20.maxnew1024.seed10086.subtreePrefetch.vllm.log,322,15,21,0.33049601026925096
/Users/jiangnanhugo/workspace/power-sharpening/Subtree-Prefetching-Power-Sharpening/case_studies/logs-entropycut/mbpp/2026-09-21/vllm/dataset-mbpp.model-qwen3.5-9b.alpha4.0.steps100.blocks-1.prefetch-budget-20.rank-accept_first.cut-entropy4.0.samples20.maxnew1024.seed10086.subtreePrefetch.vllm.log,322,16,124,0.0353396773940018
/Users/jiangnanhugo/workspace/power-sharpening/Subtree-Prefetching-Power-Sharpening/case_studies/logs-entropycut/mbpp/2026-09-21/vllm/dataset-mbpp.model-qwen3.5-9b.alpha4.0.steps100.blocks-1.prefetch-budget-20.rank-accept_first.cut-entropy4.0.samples20.maxnew1024.seed10086.subtreePrefetch.vllm.log,322,17,21,0.33049601026925096
/Users/jiangnanhugo/workspace/power-sharpening/Subtree-Prefetching-Power-Sharpening/case_studies/logs-entropycut/mbpp/2026-09-21/vllm/dataset-mbpp.model-qwen3.5-9b.alpha4.0.steps100.blocks-1.prefetch-budget-20.rank-accept_first.cut-entropy4.0.samples20.maxnew1024.seed10086.subtreePrefetch.vllm.log,322,18,413,0.056908964925407986
/Users/jiangnanhugo/workspace/power-sharpening/Subtree-Prefetching-Power-Sharpening/case_studies/logs-entropycut/mbpp/2026-09-21/vllm/dataset-mbpp.model-qwen3.5-9b.alpha4.0.steps100.blocks-1.prefetch-budget-20.rank-accept_first.cut-entropy4.0.samples20.maxnew1024.seed10086.subtreePrefetch.vllm.log,322,19,413,0.056908964925407986
/Users/jiangnanhugo/workspace/power-sharpening/Subtree-Prefetching-Power-Sharpening/case_studies/logs-entropycut/mbpp/2026-09-21/vllm/dataset-mbpp.model-qwen3.5-9b.alpha4.0.steps100.blocks-1.prefetch-budget-20.rank-accept_first.cut-entropy4.0.samples20.maxnew1024.seed10086.subtreePrefetch.vllm.log,323,0,21,0.2756661722953949
/Users/jiangnanhugo/workspace/power-sharpening/Subtree-Prefetching-Power-Sharpening/case_studies/logs-entropycut/mbpp/2026-09-21/vllm/dataset-mbpp.model-qwen3.5-9b.alpha4.0.steps100.blocks-1.prefetch-budget-20.rank-accept_first.cut-entropy4.0.samples20.maxnew1024.seed10086.subtreePrefetch.vllm.log,323,1,21,0.2756661722953949
/Users/jiangnanhugo/workspace/power-sharpening/Subtree-Prefetching-Power-Sharpening/case_studies/logs-entropycut/mbpp/2026-09-21/vllm/dataset-mbpp.model-qwen3.5-9b.alpha4.0.steps100.blocks-1.prefetch-budget-20.rank-accept_first.cut-entropy4.0.samples20.maxnew1024.seed10086.subtreePrefetch.vllm.log,323,2,21,0.2756661722953949
/Users/jiangnanhugo/workspace/power-sharpening/Subtree-Prefetching-Power-Sharpening/case_studies/logs-entropycut/mbpp/2026-09-21/vllm/dataset-mbpp.model-qwen3.5-9b.alpha4.0.steps100.blocks-1.prefetch-budget-20.rank-accept_first.cut-entropy4.0.samples20.maxnew1024.seed10086.subtreePrefetch.vllm.log,323,3,21,0.2756661722953949
/Users/jiangnanhugo/workspace/power-sharpening/Subtree-Prefetching-Power-Sharpening/case_studies/logs-entropycut/mbpp/2026-09-21/vllm/dataset-mbpp.model-qwen3.5-9b.alpha4.0.steps100.blocks-1.prefetch-budget-20.rank-accept_first.cut-entropy4.0.samples20.maxnew1024.seed10086.subtreePrefetch.vllm.log,323,4,406,0.4374739295508284
/Users/jiangnanhugo/workspace/power-sharpening/Subtree-Prefetching-Power-Sharpening/case_studies/logs-entropycut/mbpp/2026-09-21/vllm/dataset-mbpp.model-qwen3.5-9b.alpha4.0.steps100.blocks-1.prefetch-budget-20.rank-accept_first.cut-entropy4.0.samples20.maxnew1024.seed10086.subtreePrefetch.vllm.log,323,5,406,0.4374739295508284
/Users/jiangnanhugo/workspace/power-sharpening/Subtree-Prefetching-Power-Sharpening/case_studies/logs-entropycut/mbpp/2026-09-21/vllm/dataset-mbpp.model-qwen3.5-9b.alpha4.0.steps100.blocks-1.prefetch-budget-20.rank-accept_first.cut-entropy4.0.samples20.maxnew1024.seed10086.subtreePrefetch.vllm.log,323,6,39,0.007871444760845461
/Users/jiangnanhugo/workspace/power-sharpening/Subtree-Prefetching-Power-Sharpening/case_studies/logs-entropycut/mbpp/2026-09-21/vllm/dataset-mbpp.model-qwen3.5-9b.alpha4.0.steps100.blocks-1.prefetch-budget-20.rank-accept_first.cut-entropy4.0.samples20.maxnew1024.seed10086.subtreePrefetch.vllm.log,323,7,21,0.2756661722953949
/Users/jiangnanhugo/workspace/power-sharpening/Subtree-Prefetching-Power-Sharpening/case_studies/logs-entropycut/mbpp/2026-09-21/vllm/dataset-mbpp.model-qwen3.5-9b.alpha4.0.steps100.blocks-1.prefetch-budget-20.rank-accept_first.cut-entropy4.0.samples20.maxnew1024.seed10086.subtreePrefetch.vllm.log,323,8,406,0.4374739295508284
/Users/jiangnanhugo/workspace/power-sharpening/Subtree-Prefetching-Power-Sharpening/case_studies/logs-entropycut/mbpp/2026-09-21/vllm/dataset-mbpp.model-qwen3.5-9b.alpha4.0.steps100.blocks-1.prefetch-budget-20.rank-accept_first.cut-entropy4.0.samples20.maxnew1024.seed10086.subtreePrefetch.vllm.log,323,9,21,0.2756661722953949
/Users/jiangnanhugo/workspace/power-sharpening/Subtree-Prefetching-Power-Sharpening/case_studies/logs-entropycut/mbpp/2026-09-21/vllm/dataset-mbpp.model-qwen3.5-9b.alpha4.0.steps100.blocks-1.prefetch-budget-20.rank-accept_first.cut-entropy4.0.samples20.maxnew1024.seed10086.subtreePrefetch.vllm.log,323,10,21,0.2756661722953949
/Users/jiangnanhugo/workspace/power-sharpening/Subtree-Prefetching-Power-Sharpening/case_studies/logs-entropycut/mbpp/2026-09-21/vllm/dataset-mbpp.model-qwen3.5-9b.alpha4.0.steps100.blocks-1.prefetch-budget-20.rank-accept_first.cut-entropy4.0.samples20.maxnew1024.seed10086.subtreePrefetch.vllm.log,323,11,406,0.4374739295508284
/Users/jiangnanhugo/workspace/power-sharpening/Subtree-Prefetching-Power-Sharpening/case_studies/logs-entropycut/mbpp/2026-09-21/vllm/dataset-mbpp.model-qwen3.5-9b.alpha4.0.steps100.blocks-1.prefetch-budget-20.rank-accept_first.cut-entropy4.0.samples20.maxnew1024.seed10086.subtreePrefetch.vllm.log,323,12,406,0.4374739295508284
/Users/jiangnanhugo/workspace/power-sharpening/Subtree-Prefetching-Power-Sharpening/case_studies/logs-entropycut/mbpp/2026-09-21/vllm/dataset-mbpp.model-qwen3.5-9b.alpha4.0.steps100.blocks-1.prefetch-budget-20.rank-accept_first.cut-entropy4.0.samples20.maxnew1024.seed10086.subtreePrefetch.vllm.log,323,13,21,0.2756661722953949
/Users/jiangnanhugo/workspace/power-sharpening/Subtree-Prefetching-Power-Sharpening/case_studies/logs-entropycut/mbpp/2026-09-21/vllm/dataset-mbpp.model-qwen3.5-9b.alpha4.0.steps100.blocks-1.prefetch-budget-20.rank-accept_first.cut-entropy4.0.samples20.maxnew1024.seed10086.subtreePrefetch.vllm.log,323,14,406,0.4374739295508284
/Users/jiangnanhugo/workspace/power-sharpening/Subtree-Prefetching-Power-Sharpening/case_studies/logs-entropycut/mbpp/2026-09-21/vllm/dataset-mbpp.model-qwen3.5-9b.alpha4.0.steps100.blocks-1.prefetch-budget-20.rank-accept_first.cut-entropy4.0.samples20.maxnew1024.seed10086.subtreePrefetch.vllm.log,323,15,21,0.2756661722953949
/Users/jiangnanhugo/workspace/power-sharpening/Subtree-Prefetching-Power-Sharpening/case_studies/logs-entropycut/mbpp/2026-09-21/vllm/dataset-mbpp.model-qwen3.5-9b.alpha4.0.steps100.blocks-1.prefetch-budget-20.rank-accept_first.cut-entropy4.0.samples20.maxnew1024.seed10086.subtreePrefetch.vllm.log,323,16,21,0.2756661722953949
/Users/jiangnanhugo/workspace/power-sharpening/Subtree-Prefetching-Power-Sharpening/case_studies/logs-entropycut/mbpp/2026-09-21/vllm/dataset-mbpp.model-qwen3.5-9b.alpha4.0.steps100.blocks-1.prefetch-budget-20.rank-accept_first.cut-entropy4.0.samples20.maxnew1024.seed10086.subtreePrefetch.vllm.log,323,17,21,0.2756661722953949
/Users/jiangnanhugo/workspace/power-sharpening/Subtree-Prefetching-Power-Sharpening/case_studies/logs-entropycut/mbpp/2026-09-21/vllm/dataset-mbpp.model-qwen3.5-9b.alpha4.0.steps100.blocks-1.prefetch-budget-20.rank-accept_first.cut-entropy4.0.samples20.maxnew1024.seed10086.subtreePrefetch.vllm.log,323,18,21,0.2756661722953949
/Users/jiangnanhugo/workspace/power-sharpening/Subtree-Prefetching-Power-Sharpening/case_studies/logs-entropycut/mbpp/2026-09-21/vllm/dataset-mbpp.model-qwen3.5-9b.alpha4.0.steps100.blocks-1.prefetch-budget-20.rank-accept_first.cut-entropy4.0.samples20.maxnew1024.seed10086.subtreePrefetch.vllm.log,323,19,406,0.4374739295508284
/Users/jiangnanhugo/workspace/power-sharpening/Subtree-Prefetching-Power-Sharpening/case_studies/logs-entropycut/mbpp/2026-09-21/vllm/dataset-mbpp.model-qwen3.5-9b.alpha4.0.steps100.blocks-1.prefetch-budget-20.rank-accept_first.cut-entropy4.0.samples20.maxnew1024.seed10086.subtreePrefetch.vllm.log,324,0,512,0.19525664256257697
/Users/jiangnanhugo/workspace/power-sharpening/Subtree-Prefetching-Power-Sharpening/case_studies/logs-entropycut/mbpp/2026-09-21/vllm/dataset-mbpp.model-qwen3.5-9b.alpha4.0.steps100.blocks-1.prefetch-budget-20.rank-accept_first.cut-entropy4.0.samples20.maxnew1024.seed10086.subtreePrefetch.vllm.log,324,1,512,0.19525664256257697
/Users/jiangnanhugo/workspace/power-sharpening/Subtree-Prefetching-Power-Sharpening/case_studies/logs-entropycut/mbpp/2026-09-21/vllm/dataset-mbpp.model-qwen3.5-9b.alpha4.0.steps100.blocks-1.prefetch-budget-20.rank-accept_first.cut-entropy4.0.samples20.maxnew1024.seed10086.subtreePrefetch.vllm.log,324,2,21,0.30610516031829454
/Users/jiangnanhugo/workspace/power-sharpening/Subtree-Prefetching-Power-Sharpening/case_studies/logs-entropycut/mbpp/2026-09-21/vllm/dataset-mbpp.model-qwen3.5-9b.alpha4.0.steps100.blocks-1.prefetch-budget-20.rank-accept_first.cut-entropy4.0.samples20.maxnew1024.seed10086.subtreePrefetch.vllm.log,324,3,46,0.01335909588650648
/Users/jiangnanhugo/workspace/power-sharpening/Subtree-Prefetching-Power-Sharpening/case_studies/logs-entropycut/mbpp/2026-09-21/vllm/dataset-mbpp.model-qwen3.5-9b.alpha4.0.steps100.blocks-1.prefetch-budget-20.rank-accept_first.cut-entropy4.0.samples20.maxnew1024.seed10086.subtreePrefetch.vllm.log,324,4,512,0.19525664256257697
/Users/jiangnanhugo/workspace/power-sharpening/Subtree-Prefetching-Power-Sharpening/case_studies/logs-entropycut/mbpp/2026-09-21/vllm/dataset-mbpp.model-qwen3.5-9b.alpha4.0.steps100.blocks-1.prefetch-budget-20.rank-accept_first.cut-entropy4.0.samples20.maxnew1024.seed10086.subtreePrefetch.vllm.log,324,5,21,0.30610516031829454
/Users/jiangnanhugo/workspace/power-sharpening/Subtree-Prefetching-Power-Sharpening/case_studies/logs-entropycut/mbpp/2026-09-21/vllm/dataset-mbpp.model-qwen3.5-9b.alpha4.0.steps100.blocks-1.prefetch-budget-20.rank-accept_first.cut-entropy4.0.samples20.maxnew1024.seed10086.subtreePrefetch.vllm.log,324,6,21,0.30610516031829454
/Users/jiangnanhugo/workspace/power-sharpening/Subtree-Prefetching-Power-Sharpening/case_studies/logs-entropycut/mbpp/2026-09-21/vllm/dataset-mbpp.model-qwen3.5-9b.alpha4.0.steps100.blocks-1.prefetch-budget-20.rank-accept_first.cut-entropy4.0.samples20.maxnew1024.seed10086.subtreePrefetch.vllm.log,324,7,46,0.01335909588650648
/Users/jiangnanhugo/workspace/power-sharpening/Subtree-Prefetching-Power-Sharpening/case_studies/logs-entropycut/mbpp/2026-09-21/vllm/dataset-mbpp.model-qwen3.5-9b.alpha4.0.steps100.blocks-1.prefetch-budget-20.rank-accept_first.cut-entropy4.0.samples20.maxnew1024.seed10086.subtreePrefetch.vllm.log,324,8,512,0.19525664256257697
/Users/jiangnanhugo/workspace/power-sharpening/Subtree-Prefetching-Power-Sharpening/case_studies/logs-entropycut/mbpp/2026-09-21/vllm/dataset-mbpp.model-qwen3.5-9b.alpha4.0.steps100.blocks-1.prefetch-budget-20.rank-accept_first.cut-entropy4.0.samples20.maxnew1024.seed10086.subtreePrefetch.vllm.log,324,9,21,0.30610516031829454
/Users/jiangnanhugo/workspace/power-sharpening/Subtree-Prefetching-Power-Sharpening/case_studies/logs-entropycut/mbpp/2026-09-21/vllm/dataset-mbpp.model-qwen3.5-9b.alpha4.0.steps100.blocks-1.prefetch-budget-20.rank-accept_first.cut-entropy4.0.samples20.maxnew1024.seed10086.subtreePrefetch.vllm.log,324,10,21,0.30610516031829454
/Users/jiangnanhugo/workspace/power-sharpening/Subtree-Prefetching-Power-Sharpening/case_studies/logs-entropycut/mbpp/2026-09-21/vllm/dataset-mbpp.model-qwen3.5-9b.alpha4.0.steps100.blocks-1.prefetch-budget-20.rank-accept_first.cut-entropy4.0.samples20.maxnew1024.seed10086.subtreePrefetch.vllm.log,324,11,46,0.01335909588650648
/Users/jiangnanhugo/workspace/power-sharpening/Subtree-Prefetching-Power-Sharpening/case_studies/logs-entropycut/mbpp/2026-09-21/vllm/dataset-mbpp.model-qwen3.5-9b.alpha4.0.steps100.blocks-1.prefetch-budget-20.rank-accept_first.cut-entropy4.0.samples20.maxnew1024.seed10086.subtreePrefetch.vllm.log,324,12,473,0.04475305381306964
/Users/jiangnanhugo/workspace/power-sharpening/Subtree-Prefetching-Power-Sharpening/case_studies/logs-entropycut/mbpp/2026-09-21/vllm/dataset-mbpp.model-qwen3.5-9b.alpha4.0.steps100.blocks-1.prefetch-budget-20.rank-accept_first.cut-entropy4.0.samples20.maxnew1024.seed10086.subtreePrefetch.vllm.log,324,13,21,0.30610516031829454
/Users/jiangnanhugo/workspace/power-sharpening/Subtree-Prefetching-Power-Sharpening/case_studies/logs-entropycut/mbpp/2026-09-21/vllm/dataset-mbpp.model-qwen3.5-9b.alpha4.0.steps100.blocks-1.prefetch-budget-20.rank-accept_first.cut-entropy4.0.samples20.maxnew1024.seed10086.subtreePrefetch.vllm.log,324,14,298,0.02072750089382692
/Users/jiangnanhugo/workspace/power-sharpening/Subtree-Prefetching-Power-Sharpening/case_studies/logs-entropycut/mbpp/2026-09-21/vllm/dataset-mbpp.model-qwen3.5-9b.alpha4.0.steps100.blocks-1.prefetch-budget-20.rank-accept_first.cut-entropy4.0.samples20.maxnew1024.seed10086.subtreePrefetch.vllm.log,324,15,21,0.30610516031829454
/Users/jiangnanhugo/workspace/power-sharpening/Subtree-Prefetching-Power-Sharpening/case_studies/logs-entropycut/mbpp/2026-09-21/vllm/dataset-mbpp.model-qwen3.5-9b.alpha4.0.steps100.blocks-1.prefetch-budget-20.rank-accept_first.cut-entropy4.0.samples20.maxnew1024.seed10086.subtreePrefetch.vllm.log,324,16,21,0.30610516031829454
/Users/jiangnanhugo/workspace/power-sharpening/Subtree-Prefetching-Power-Sharpening/case_studies/logs-entropycut/mbpp/2026-09-21/vllm/dataset-mbpp.model-qwen3.5-9b.alpha4.0.steps100.blocks-1.prefetch-budget-20.rank-accept_first.cut-entropy4.0.samples20.maxnew1024.seed10086.subtreePrefetch.vllm.log,324,17,21,0.30610516031829454
/Users/jiangnanhugo/workspace/power-sharpening/Subtree-Prefetching-Power-Sharpening/case_studies/logs-entropycut/mbpp/2026-09-21/vllm/dataset-mbpp.model-qwen3.5-9b.alpha4.0.steps100.blocks-1.prefetch-budget-20.rank-accept_first.cut-entropy4.0.samples20.maxnew1024.seed10086.subtreePrefetch.vllm.log,324,18,21,0.30610516031829454
/Users/jiangnanhugo/workspace/power-sharpening/Subtree-Prefetching-Power-Sharpening/case_studies/logs-entropycut/mbpp/2026-09-21/vllm/dataset-mbpp.model-qwen3.5-9b.alpha4.0.steps100.blocks-1.prefetch-budget-20.rank-accept_first.cut-entropy4.0.samples20.maxnew1024.seed10086.subtreePrefetch.vllm.log,324,19,295,0.008495039606591044
/Users/jiangnanhugo/workspace/power-sharpening/Subtree-Prefetching-Power-Sharpening/case_studies/logs-entropycut/mbpp/2026-09-21/vllm/dataset-mbpp.model-qwen3.5-9b.alpha4.0.steps100.blocks-1.prefetch-budget-20.rank-accept_first.cut-entropy4.0.samples20.maxnew1024.seed10086.subtreePrefetch.vllm.log,325,0,512,0.18397925885918667
/Users/jiangnanhugo/workspace/power-sharpening/Subtree-Prefetching-Power-Sharpening/case_studies/logs-entropycut/mbpp/2026-09-21/vllm/dataset-mbpp.model-qwen3.5-9b.alpha4.0.steps100.blocks-1.prefetch-budget-20.rank-accept_first.cut-entropy4.0.samples20.maxnew1024.seed10086.subtreePrefetch.vllm.log,325,1,512,0.18397925885918667
/Users/jiangnanhugo/workspace/power-sharpening/Subtree-Prefetching-Power-Sharpening/case_studies/logs-entropycut/mbpp/2026-09-21/vllm/dataset-mbpp.model-qwen3.5-9b.alpha4.0.steps100.blocks-1.prefetch-budget-20.rank-accept_first.cut-entropy4.0.samples20.maxnew1024.seed10086.subtreePrefetch.vllm.log,325,2,242,0.08073106852319346
/Users/jiangnanhugo/workspace/power-sharpening/Subtree-Prefetching-Power-Sharpening/case_studies/logs-entropycut/mbpp/2026-09-21/vllm/dataset-mbpp.model-qwen3.5-9b.alpha4.0.steps100.blocks-1.prefetch-budget-20.rank-accept_first.cut-entropy4.0.samples20.maxnew1024.seed10086.subtreePrefetch.vllm.log,325,3,21,0.3114970426404368
/Users/jiangnanhugo/workspace/power-sharpening/Subtree-Prefetching-Power-Sharpening/case_studies/logs-entropycut/mbpp/2026-09-21/vllm/dataset-mbpp.model-qwen3.5-9b.alpha4.0.steps100.blocks-1.prefetch-budget-20.rank-accept_first.cut-entropy4.0.samples20.maxnew1024.seed10086.subtreePrefetch.vllm.log,325,4,21,0.3114970426404368
/Users/jiangnanhugo/workspace/power-sharpening/Subtree-Prefetching-Power-Sharpening/case_studies/logs-entropycut/mbpp/2026-09-21/vllm/dataset-mbpp.model-qwen3.5-9b.alpha4.0.steps100.blocks-1.prefetch-budget-20.rank-accept_first.cut-entropy4.0.samples20.maxnew1024.seed10086.subtreePrefetch.vllm.log,325,5,21,0.3114970426404368
/Users/jiangnanhugo/workspace/power-sharpening/Subtree-Prefetching-Power-Sharpening/case_studies/logs-entropycut/mbpp/2026-09-21/vllm/dataset-mbpp.model-qwen3.5-9b.alpha4.0.steps100.blocks-1.prefetch-budget-20.rank-accept_first.cut-entropy4.0.samples20.maxnew1024.seed10086.subtreePrefetch.vllm.log,325,6,21,0.3114970426404368
/Users/jiangnanhugo/workspace/power-sharpening/Subtree-Prefetching-Power-Sharpening/case_studies/logs-entropycut/mbpp/2026-09-21/vllm/dataset-mbpp.model-qwen3.5-9b.alpha4.0.steps100.blocks-1.prefetch-budget-20.rank-accept_first.cut-entropy4.0.samples20.maxnew1024.seed10086.subtreePrefetch.vllm.log,325,7,512,0.18397925885918667
/Users/jiangnanhugo/workspace/power-sharpening/Subtree-Prefetching-Power-Sharpening/case_studies/logs-entropycut/mbpp/2026-09-21/vllm/dataset-mbpp.model-qwen3.5-9b.alpha4.0.steps100.blocks-1.prefetch-budget-20.rank-accept_first.cut-entropy4.0.samples20.maxnew1024.seed10086.subtreePrefetch.vllm.log,325,8,21,0.3114970426404368
/Users/jiangnanhugo/workspace/power-sharpening/Subtree-Prefetching-Power-Sharpening/case_studies/logs-entropycut/mbpp/2026-09-21/vllm/dataset-mbpp.model-qwen3.5-9b.alpha4.0.steps100.blocks-1.prefetch-budget-20.rank-accept_first.cut-entropy4.0.samples20.maxnew1024.seed10086.subtreePrefetch.vllm.log,325,9,617,0.04904565581949778
/Users/jiangnanhugo/workspace/power-sharpening/Subtree-Prefetching-Power-Sharpening/case_studies/logs-entropycut/mbpp/2026-09-21/vllm/dataset-mbpp.model-qwen3.5-9b.alpha4.0.steps100.blocks-1.prefetch-budget-20.rank-accept_first.cut-entropy4.0.samples20.maxnew1024.seed10086.subtreePrefetch.vllm.log,325,10,512,0.18397925885918667
/Users/jiangnanhugo/workspace/power-sharpening/Subtree-Prefetching-Power-Sharpening/case_studies/logs-entropycut/mbpp/2026-09-21/vllm/dataset-mbpp.model-qwen3.5-9b.alpha4.0.steps100.blocks-1.prefetch-budget-20.rank-accept_first.cut-entropy4.0.samples20.maxnew1024.seed10086.subtreePrefetch.vllm.log,325,11,21,0.3114970426404368
/Users/jiangnanhugo/workspace/power-sharpening/Subtree-Prefetching-Power-Sharpening/case_studies/logs-entropycut/mbpp/2026-09-21/vllm/dataset-mbpp.model-qwen3.5-9b.alpha4.0.steps100.blocks-1.prefetch-budget-20.rank-accept_first.cut-entropy4.0.samples20.maxnew1024.seed10086.subtreePrefetch.vllm.log,325,12,21,0.3114970426404368
/Users/jiangnanhugo/workspace/power-sharpening/Subtree-Prefetching-Power-Sharpening/case_studies/logs-entropycut/mbpp/2026-09-21/vllm/dataset-mbpp.model-qwen3.5-9b.alpha4.0.steps100.blocks-1.prefetch-budget-20.rank-accept_first.cut-entropy4.0.samples20.maxnew1024.seed10086.subtreePrefetch.vllm.log,325,13,21,0.3114970426404368
/Users/jiangnanhugo/workspace/power-sharpening/Subtree-Prefetching-Power-Sharpening/case_studies/logs-entropycut/mbpp/2026-09-21/vllm/dataset-mbpp.model-qwen3.5-9b.alpha4.0.steps100.blocks-1.prefetch-budget-20.rank-accept_first.cut-entropy4.0.samples20.maxnew1024.seed10086.subtreePrefetch.vllm.log,325,14,21,0.3114970426404368
/Users/jiangnanhugo/workspace/power-sharpening/Subtree-Prefetching-Power-Sharpening/case_studies/logs-entropycut/mbpp/2026-09-21/vllm/dataset-mbpp.model-qwen3.5-9b.alpha4.0.steps100.blocks-1.prefetch-budget-20.rank-accept_first.cut-entropy4.0.samples20.maxnew1024.seed10086.subtreePrefetch.vllm.log,325,15,42,0.008145619611969147
/Users/jiangnanhugo/workspace/power-sharpening/Subtree-Prefetching-Power-Sharpening/case_studies/logs-entropycut/mbpp/2026-09-21/vllm/dataset-mbpp.model-qwen3.5-9b.alpha4.0.steps100.blocks-1.prefetch-budget-20.rank-accept_first.cut-entropy4.0.samples20.maxnew1024.seed10086.subtreePrefetch.vllm.log,325,16,473,0.04554135545249859
/Users/jiangnanhugo/workspace/power-sharpening/Subtree-Prefetching-Power-Sharpening/case_studies/logs-entropycut/mbpp/2026-09-21/vllm/dataset-mbpp.model-qwen3.5-9b.alpha4.0.steps100.blocks-1.prefetch-budget-20.rank-accept_first.cut-entropy4.0.samples20.maxnew1024.seed10086.subtreePrefetch.vllm.log,325,17,2,0.01339047226082149
/Users/jiangnanhugo/workspace/power-sharpening/Subtree-Prefetching-Power-Sharpening/case_studies/logs-entropycut/mbpp/2026-09-21/vllm/dataset-mbpp.model-qwen3.5-9b.alpha4.0.steps100.blocks-1.prefetch-budget-20.rank-accept_first.cut-entropy4.0.samples20.maxnew1024.seed10086.subtreePrefetch.vllm.log,325,18,21,0.3114970426404368
/Users/jiangnanhugo/workspace/power-sharpening/Subtree-Prefetching-Power-Sharpening/case_studies/logs-entropycut/mbpp/2026-09-21/vllm/dataset-mbpp.model-qwen3.5-9b.alpha4.0.steps100.blocks-1.prefetch-budget-20.rank-accept_first.cut-entropy4.0.samples20.maxnew1024.seed10086.subtreePrefetch.vllm.log,325,19,512,0.18397925885918667
/Users/jiangnanhugo/workspace/power-sharpening/Subtree-Prefetching-Power-Sharpening/case_studies/logs-entropycut/mbpp/2026-09-21/vllm/dataset-mbpp.model-qwen3.5-9b.alpha4.0.steps100.blocks-1.prefetch-budget-20.rank-accept_first.cut-entropy4.0.samples20.maxnew1024.seed10086.subtreePrefetch.vllm.log,326,0,512,0.18311505724245633
/Users/jiangnanhugo/workspace/power-sharpening/Subtree-Prefetching-Power-Sharpening/case_studies/logs-entropycut/mbpp/2026-09-21/vllm/dataset-mbpp.model-qwen3.5-9b.alpha4.0.steps100.blocks-1.prefetch-budget-20.rank-accept_first.cut-entropy4.0.samples20.maxnew1024.seed10086.subtreePrefetch.vllm.log,326,1,21,0.310033854618451
/Users/jiangnanhugo/workspace/power-sharpening/Subtree-Prefetching-Power-Sharpening/case_studies/logs-entropycut/mbpp/2026-09-21/vllm/dataset-mbpp.model-qwen3.5-9b.alpha4.0.steps100.blocks-1.prefetch-budget-20.rank-accept_first.cut-entropy4.0.samples20.maxnew1024.seed10086.subtreePrefetch.vllm.log,326,2,512,0.18311505724245633
/Users/jiangnanhugo/workspace/power-sharpening/Subtree-Prefetching-Power-Sharpening/case_studies/logs-entropycut/mbpp/2026-09-21/vllm/dataset-mbpp.model-qwen3.5-9b.alpha4.0.steps100.blocks-1.prefetch-budget-20.rank-accept_first.cut-entropy4.0.samples20.maxnew1024.seed10086.subtreePrefetch.vllm.log,326,3,21,0.310033854618451
/Users/jiangnanhugo/workspace/power-sharpening/Subtree-Prefetching-Power-Sharpening/case_studies/logs-entropycut/mbpp/2026-09-21/vllm/dataset-mbpp.model-qwen3.5-9b.alpha4.0.steps100.blocks-1.prefetch-budget-20.rank-accept_first.cut-entropy4.0.samples20.maxnew1024.seed10086.subtreePrefetch.vllm.log,326,4,21,0.310033854618451
/Users/jiangnanhugo/workspace/power-sharpening/Subtree-Prefetching-Power-Sharpening/case_studies/logs-entropycut/mbpp/2026-09-21/vllm/dataset-mbpp.model-qwen3.5-9b.alpha4.0.steps100.blocks-1.prefetch-budget-20.rank-accept_first.cut-entropy4.0.samples20.maxnew1024.seed10086.subtreePrefetch.vllm.log,326,5,21,0.310033854618451
/Users/jiangnanhugo/workspace/power-sharpening/Subtree-Prefetching-Power-Sharpening/case_studies/logs-entropycut/mbpp/2026-09-21/vllm/dataset-mbpp.model-qwen3.5-9b.alpha4.0.steps100.blocks-1.prefetch-budget-20.rank-accept_first.cut-entropy4.0.samples20.maxnew1024.seed10086.subtreePrefetch.vllm.log,326,6,21,0.310033854618451
/Users/jiangnanhugo/workspace/power-sharpening/Subtree-Prefetching-Power-Sharpening/case_studies/logs-entropycut/mbpp/2026-09-21/vllm/dataset-mbpp.model-qwen3.5-9b.alpha4.0.steps100.blocks-1.prefetch-budget-20.rank-accept_first.cut-entropy4.0.samples20.maxnew1024.seed10086.subtreePrefetch.vllm.log,326,7,21,0.310033854618451
/Users/jiangnanhugo/workspace/power-sharpening/Subtree-Prefetching-Power-Sharpening/case_studies/logs-entropycut/mbpp/2026-09-21/vllm/dataset-mbpp.model-qwen3.5-9b.alpha4.0.steps100.blocks-1.prefetch-budget-20.rank-accept_first.cut-entropy4.0.samples20.maxnew1024.seed10086.subtreePrefetch.vllm.log,326,8,21,0.310033854618451
/Users/jiangnanhugo/workspace/power-sharpening/Subtree-Prefetching-Power-Sharpening/case_studies/logs-entropycut/mbpp/2026-09-21/vllm/dataset-mbpp.model-qwen3.5-9b.alpha4.0.steps100.blocks-1.prefetch-budget-20.rank-accept_first.cut-entropy4.0.samples20.maxnew1024.seed10086.subtreePrefetch.vllm.log,326,9,512,0.18311505724245633
/Users/jiangnanhugo/workspace/power-sharpening/Subtree-Prefetching-Power-Sharpening/case_studies/logs-entropycut/mbpp/2026-09-21/vllm/dataset-mbpp.model-qwen3.5-9b.alpha4.0.steps100.blocks-1.prefetch-budget-20.rank-accept_first.cut-entropy4.0.samples20.maxnew1024.seed10086.subtreePrefetch.vllm.log,326,10,170,0.0030958100476009974
/Users/jiangnanhugo/workspace/power-sharpening/Subtree-Prefetching-Power-Sharpening/case_studies/logs-entropycut/mbpp/2026-09-21/vllm/dataset-mbpp.model-qwen3.5-9b.alpha4.0.steps100.blocks-1.prefetch-budget-20.rank-accept_first.cut-entropy4.0.samples20.maxnew1024.seed10086.subtreePrefetch.vllm.log,326,11,21,0.310033854618451
/Users/jiangnanhugo/workspace/power-sharpening/Subtree-Prefetching-Power-Sharpening/case_studies/logs-entropycut/mbpp/2026-09-21/vllm/dataset-mbpp.model-qwen3.5-9b.alpha4.0.steps100.blocks-1.prefetch-budget-20.rank-accept_first.cut-entropy4.0.samples20.maxnew1024.seed10086.subtreePrefetch.vllm.log,326,12,170,0.0030958100476009974
/Users/jiangnanhugo/workspace/power-sharpening/Subtree-Prefetching-Power-Sharpening/case_studies/logs-entropycut/mbpp/2026-09-21/vllm/dataset-mbpp.model-qwen3.5-9b.alpha4.0.steps100.blocks-1.prefetch-budget-20.rank-accept_first.cut-entropy4.0.samples20.maxnew1024.seed10086.subtreePrefetch.vllm.log,326,13,21,0.310033854618451
/Users/jiangnanhugo/workspace/power-sharpening/Subtree-Prefetching-Power-Sharpening/case_studies/logs-entropycut/mbpp/2026-09-21/vllm/dataset-mbpp.model-qwen3.5-9b.alpha4.0.steps100.blocks-1.prefetch-budget-20.rank-accept_first.cut-entropy4.0.samples20.maxnew1024.seed10086.subtreePrefetch.vllm.log,326,14,242,0.0803518522986542
/Users/jiangnanhugo/workspace/power-sharpening/Subtree-Prefetching-Power-Sharpening/case_studies/logs-entropycut/mbpp/2026-09-21/vllm/dataset-mbpp.model-qwen3.5-9b.alpha4.0.steps100.blocks-1.prefetch-budget-20.rank-accept_first.cut-entropy4.0.samples20.maxnew1024.seed10086.subtreePrefetch.vllm.log,326,15,21,0.310033854618451
/Users/jiangnanhugo/workspace/power-sharpening/Subtree-Prefetching-Power-Sharpening/case_studies/logs-entropycut/mbpp/2026-09-21/vllm/dataset-mbpp.model-qwen3.5-9b.alpha4.0.steps100.blocks-1.prefetch-budget-20.rank-accept_first.cut-entropy4.0.samples20.maxnew1024.seed10086.subtreePrefetch.vllm.log,326,16,21,0.310033854618451
/Users/jiangnanhugo/workspace/power-sharpening/Subtree-Prefetching-Power-Sharpening/case_studies/logs-entropycut/mbpp/2026-09-21/vllm/dataset-mbpp.model-qwen3.5-9b.alpha4.0.steps100.blocks-1.prefetch-budget-20.rank-accept_first.cut-entropy4.0.samples20.maxnew1024.seed10086.subtreePrefetch.vllm.log,326,17,21,0.310033854618451
/Users/jiangnanhugo/workspace/power-sharpening/Subtree-Prefetching-Power-Sharpening/case_studies/logs-entropycut/mbpp/2026-09-21/vllm/dataset-mbpp.model-qwen3.5-9b.alpha4.0.steps100.blocks-1.prefetch-budget-20.rank-accept_first.cut-entropy4.0.samples20.maxnew1024.seed10086.subtreePrefetch.vllm.log,326,18,2,0.013327573497948214
/Users/jiangnanhugo/workspace/power-sharpening/Subtree-Prefetching-Power-Sharpening/case_studies/logs-entropycut/mbpp/2026-09-21/vllm/dataset-mbpp.model-qwen3.5-9b.alpha4.0.steps100.blocks-1.prefetch-budget-20.rank-accept_first.cut-entropy4.0.samples20.maxnew1024.seed10086.subtreePrefetch.vllm.log,326,19,21,0.310033854618451
/Users/jiangnanhugo/workspace/power-sharpening/Subtree-Prefetching-Power-Sharpening/case_studies/logs-entropycut/mbpp/2026-09-21/vllm/dataset-mbpp.model-qwen3.5-9b.alpha4.0.steps100.blocks-1.prefetch-budget-20.rank-accept_first.cut-entropy4.0.samples20.maxnew1024.seed10086.subtreePrefetch.vllm.log,327,0,503,0.12078614798065597
/Users/jiangnanhugo/workspace/power-sharpening/Subtree-Prefetching-Power-Sharpening/case_studies/logs-entropycut/mbpp/2026-09-21/vllm/dataset-mbpp.model-qwen3.5-9b.alpha4.0.steps100.blocks-1.prefetch-budget-20.rank-accept_first.cut-entropy4.0.samples20.maxnew1024.seed10086.subtreePrefetch.vllm.log,327,1,21,0.3154919647017102
/Users/jiangnanhugo/workspace/power-sharpening/Subtree-Prefetching-Power-Sharpening/case_studies/logs-entropycut/mbpp/2026-09-21/vllm/dataset-mbpp.model-qwen3.5-9b.alpha4.0.steps100.blocks-1.prefetch-budget-20.rank-accept_first.cut-entropy4.0.samples20.maxnew1024.seed10086.subtreePrefetch.vllm.log,327,2,441,0.039847841379702494
/Users/jiangnanhugo/workspace/power-sharpening/Subtree-Prefetching-Power-Sharpening/case_studies/logs-entropycut/mbpp/2026-09-21/vllm/dataset-mbpp.model-qwen3.5-9b.alpha4.0.steps100.blocks-1.prefetch-budget-20.rank-accept_first.cut-entropy4.0.samples20.maxnew1024.seed10086.subtreePrefetch.vllm.log,327,3,242,0.08056395333653625
/Users/jiangnanhugo/workspace/power-sharpening/Subtree-Prefetching-Power-Sharpening/case_studies/logs-entropycut/mbpp/2026-09-21/vllm/dataset-mbpp.model-qwen3.5-9b.alpha4.0.steps100.blocks-1.prefetch-budget-20.rank-accept_first.cut-entropy4.0.samples20.maxnew1024.seed10086.subtreePrefetch.vllm.log,327,4,21,0.3154919647017102
/Users/jiangnanhugo/workspace/power-sharpening/Subtree-Prefetching-Power-Sharpening/case_studies/logs-entropycut/mbpp/2026-09-21/vllm/dataset-mbpp.model-qwen3.5-9b.alpha4.0.steps100.blocks-1.prefetch-budget-20.rank-accept_first.cut-entropy4.0.samples20.maxnew1024.seed10086.subtreePrefetch.vllm.log,327,5,21,0.3154919647017102
/Users/jiangnanhugo/workspace/power-sharpening/Subtree-Prefetching-Power-Sharpening/case_studies/logs-entropycut/mbpp/2026-09-21/vllm/dataset-mbpp.model-qwen3.5-9b.alpha4.0.steps100.blocks-1.prefetch-budget-20.rank-accept_first.cut-entropy4.0.samples20.maxnew1024.seed10086.subtreePrefetch.vllm.log,327,6,503,0.12078614798065597
/Users/jiangnanhugo/workspace/power-sharpening/Subtree-Prefetching-Power-Sharpening/case_studies/logs-entropycut/mbpp/2026-09-21/vllm/dataset-mbpp.model-qwen3.5-9b.alpha4.0.steps100.blocks-1.prefetch-budget-20.rank-accept_first.cut-entropy4.0.samples20.maxnew1024.seed10086.subtreePrefetch.vllm.log,327,7,503,0.12078614798065597
/Users/jiangnanhugo/workspace/power-sharpening/Subtree-Prefetching-Power-Sharpening/case_studies/logs-entropycut/mbpp/2026-09-21/vllm/dataset-mbpp.model-qwen3.5-9b.alpha4.0.steps100.blocks-1.prefetch-budget-20.rank-accept_first.cut-entropy4.0.samples20.maxnew1024.seed10086.subtreePrefetch.vllm.log,327,8,242,0.08056395333653625
/Users/jiangnanhugo/workspace/power-sharpening/Subtree-Prefetching-Power-Sharpening/case_studies/logs-entropycut/mbpp/2026-09-21/vllm/dataset-mbpp.model-qwen3.5-9b.alpha4.0.steps100.blocks-1.prefetch-budget-20.rank-accept_first.cut-entropy4.0.samples20.maxnew1024.seed10086.subtreePrefetch.vllm.log,327,9,21,0.3154919647017102
/Users/jiangnanhugo/workspace/power-sharpening/Subtree-Prefetching-Power-Sharpening/case_studies/logs-entropycut/mbpp/2026-09-21/vllm/dataset-mbpp.model-qwen3.5-9b.alpha4.0.steps100.blocks-1.prefetch-budget-20.rank-accept_first.cut-entropy4.0.samples20.maxnew1024.seed10086.subtreePrefetch.vllm.log,327,10,21,0.3154919647017102
/Users/jiangnanhugo/workspace/power-sharpening/Subtree-Prefetching-Power-Sharpening/case_studies/logs-entropycut/mbpp/2026-09-21/vllm/dataset-mbpp.model-qwen3.5-9b.alpha4.0.steps100.blocks-1.prefetch-budget-20.rank-accept_first.cut-entropy4.0.samples20.maxnew1024.seed10086.subtreePrefetch.vllm.log,327,11,441,0.039847841379702494
/Users/jiangnanhugo/workspace/power-sharpening/Subtree-Prefetching-Power-Sharpening/case_studies/logs-entropycut/mbpp/2026-09-21/vllm/dataset-mbpp.model-qwen3.5-9b.alpha4.0.steps100.blocks-1.prefetch-budget-20.rank-accept_first.cut-entropy4.0.samples20.maxnew1024.seed10086.subtreePrefetch.vllm.log,327,12,242,0.08056395333653625
/Users/jiangnanhugo/workspace/power-sharpening/Subtree-Prefetching-Power-Sharpening/case_studies/logs-entropycut/mbpp/2026-09-21/vllm/dataset-mbpp.model-qwen3.5-9b.alpha4.0.steps100.blocks-1.prefetch-budget-20.rank-accept_first.cut-entropy4.0.samples20.maxnew1024.seed10086.subtreePrefetch.vllm.log,327,13,242,0.08056395333653625
/Users/jiangnanhugo/workspace/power-sharpening/Subtree-Prefetching-Power-Sharpening/case_studies/logs-entropycut/mbpp/2026-09-21/vllm/dataset-mbpp.model-qwen3.5-9b.alpha4.0.steps100.blocks-1.prefetch-budget-20.rank-accept_first.cut-entropy4.0.samples20.maxnew1024.seed10086.subtreePrefetch.vllm.log,327,14,21,0.3154919647017102
/Users/jiangnanhugo/workspace/power-sharpening/Subtree-Prefetching-Power-Sharpening/case_studies/logs-entropycut/mbpp/2026-09-21/vllm/dataset-mbpp.model-qwen3.5-9b.alpha4.0.steps100.blocks-1.prefetch-budget-20.rank-accept_first.cut-entropy4.0.samples20.maxnew1024.seed10086.subtreePrefetch.vllm.log,327,15,21,0.3154919647017102
/Users/jiangnanhugo/workspace/power-sharpening/Subtree-Prefetching-Power-Sharpening/case_studies/logs-entropycut/mbpp/2026-09-21/vllm/dataset-mbpp.model-qwen3.5-9b.alpha4.0.steps100.blocks-1.prefetch-budget-20.rank-accept_first.cut-entropy4.0.samples20.maxnew1024.seed10086.subtreePrefetch.vllm.log,327,16,242,0.08056395333653625
/Users/jiangnanhugo/workspace/power-sharpening/Subtree-Prefetching-Power-Sharpening/case_studies/logs-entropycut/mbpp/2026-09-21/vllm/dataset-mbpp.model-qwen3.5-9b.alpha4.0.steps100.blocks-1.prefetch-budget-20.rank-accept_first.cut-entropy4.0.samples20.maxnew1024.seed10086.subtreePrefetch.vllm.log,327,17,21,0.3154919647017102
/Users/jiangnanhugo/workspace/power-sharpening/Subtree-Prefetching-Power-Sharpening/case_studies/logs-entropycut/mbpp/2026-09-21/vllm/dataset-mbpp.model-qwen3.5-9b.alpha4.0.steps100.blocks-1.prefetch-budget-20.rank-accept_first.cut-entropy4.0.samples20.maxnew1024.seed10086.subtreePrefetch.vllm.log,327,18,226,0.03723243297383068
/Users/jiangnanhugo/workspace/power-sharpening/Subtree-Prefetching-Power-Sharpening/case_studies/logs-entropycut/mbpp/2026-09-21/vllm/dataset-mbpp.model-qwen3.5-9b.alpha4.0.steps100.blocks-1.prefetch-budget-20.rank-accept_first.cut-entropy4.0.samples20.maxnew1024.seed10086.subtreePrefetch.vllm.log,327,19,21,0.3154919647017102
/Users/jiangnanhugo/workspace/power-sharpening/Subtree-Prefetching-Power-Sharpening/case_studies/logs-entropycut/mbpp/2026-09-21/vllm/dataset-mbpp.model-qwen3.5-9b.alpha4.0.steps100.blocks-1.prefetch-budget-20.rank-accept_first.cut-entropy4.0.samples20.maxnew1024.seed10086.subtreePrefetch.vllm.log,328,0,21,0.5215145587798071
/Users/jiangnanhugo/workspace/power-sharpening/Subtree-Prefetching-Power-Sharpening/case_studies/logs-entropycut/mbpp/2026-09-21/vllm/dataset-mbpp.model-qwen3.5-9b.alpha4.0.steps100.blocks-1.prefetch-budget-20.rank-accept_first.cut-entropy4.0.samples20.maxnew1024.seed10086.subtreePrefetch.vllm.log,328,1,21,0.5215145587798071
/Users/jiangnanhugo/workspace/power-sharpening/Subtree-Prefetching-Power-Sharpening/case_studies/logs-entropycut/mbpp/2026-09-21/vllm/dataset-mbpp.model-qwen3.5-9b.alpha4.0.steps100.blocks-1.prefetch-budget-20.rank-accept_first.cut-entropy4.0.samples20.maxnew1024.seed10086.subtreePrefetch.vllm.log,328,2,97,0.0027344015338868735
/Users/jiangnanhugo/workspace/power-sharpening/Subtree-Prefetching-Power-Sharpening/case_studies/logs-entropycut/mbpp/2026-09-21/vllm/dataset-mbpp.model-qwen3.5-9b.alpha4.0.steps100.blocks-1.prefetch-budget-20.rank-accept_first.cut-entropy4.0.samples20.maxnew1024.seed10086.subtreePrefetch.vllm.log,328,3,21,0.5215145587798071
/Users/jiangnanhugo/workspace/power-sharpening/Subtree-Prefetching-Power-Sharpening/case_studies/logs-entropycut/mbpp/2026-09-21/vllm/dataset-mbpp.model-qwen3.5-9b.alpha4.0.steps100.blocks-1.prefetch-budget-20.rank-accept_first.cut-entropy4.0.samples20.maxnew1024.seed10086.subtreePrefetch.vllm.log,328,4,21,0.5215145587798071
/Users/jiangnanhugo/workspace/power-sharpening/Subtree-Prefetching-Power-Sharpening/case_studies/logs-entropycut/mbpp/2026-09-21/vllm/dataset-mbpp.model-qwen3.5-9b.alpha4.0.steps100.blocks-1.prefetch-budget-20.rank-accept_first.cut-entropy4.0.samples20.maxnew1024.seed10086.subtreePrefetch.vllm.log,328,5,2,0.022418595610926767
/Users/jiangnanhugo/workspace/power-sharpening/Subtree-Prefetching-Power-Sharpening/case_studies/logs-entropycut/mbpp/2026-09-21/vllm/dataset-mbpp.model-qwen3.5-9b.alpha4.0.steps100.blocks-1.prefetch-budget-20.rank-accept_first.cut-entropy4.0.samples20.maxnew1024.seed10086.subtreePrefetch.vllm.log,328,6,21,0.5215145587798071
/Users/jiangnanhugo/workspace/power-sharpening/Subtree-Prefetching-Power-Sharpening/case_studies/logs-entropycut/mbpp/2026-09-21/vllm/dataset-mbpp.model-qwen3.5-9b.alpha4.0.steps100.blocks-1.prefetch-budget-20.rank-accept_first.cut-entropy4.0.samples20.maxnew1024.seed10086.subtreePrefetch.vllm.log,328,7,21,0.5215145587798071
/Users/jiangnanhugo/workspace/power-sharpening/Subtree-Prefetching-Power-Sharpening/case_studies/logs-entropycut/mbpp/2026-09-21/vllm/dataset-mbpp.model-qwen3.5-9b.alpha4.0.steps100.blocks-1.prefetch-budget-20.rank-accept_first.cut-entropy4.0.samples20.maxnew1024.seed10086.subtreePrefetch.vllm.log,328,8,42,0.013637558745069042
/Users/jiangnanhugo/workspace/power-sharpening/Subtree-Prefetching-Power-Sharpening/case_studies/logs-entropycut/mbpp/2026-09-21/vllm/dataset-mbpp.model-qwen3.5-9b.alpha4.0.steps100.blocks-1.prefetch-budget-20.rank-accept_first.cut-entropy4.0.samples20.maxnew1024.seed10086.subtreePrefetch.vllm.log,328,9,21,0.5215145587798071
/Users/jiangnanhugo/workspace/power-sharpening/Subtree-Prefetching-Power-Sharpening/case_studies/logs-entropycut/mbpp/2026-09-21/vllm/dataset-mbpp.model-qwen3.5-9b.alpha4.0.steps100.blocks-1.prefetch-budget-20.rank-accept_first.cut-entropy4.0.samples20.maxnew1024.seed10086.subtreePrefetch.vllm.log,328,10,21,0.5215145587798071
/Users/jiangnanhugo/workspace/power-sharpening/Subtree-Prefetching-Power-Sharpening/case_studies/logs-entropycut/mbpp/2026-09-21/vllm/dataset-mbpp.model-qwen3.5-9b.alpha4.0.steps100.blocks-1.prefetch-budget-20.rank-accept_first.cut-entropy4.0.samples20.maxnew1024.seed10086.subtreePrefetch.vllm.log,328,11,21,0.5215145587798071
/Users/jiangnanhugo/workspace/power-sharpening/Subtree-Prefetching-Power-Sharpening/case_studies/logs-entropycut/mbpp/2026-09-21/vllm/dataset-mbpp.model-qwen3.5-9b.alpha4.0.steps100.blocks-1.prefetch-budget-20.rank-accept_first.cut-entropy4.0.samples20.maxnew1024.seed10086.subtreePrefetch.vllm.log,328,12,21,0.5215145587798071
/Users/jiangnanhugo/workspace/power-sharpening/Subtree-Prefetching-Power-Sharpening/case_studies/logs-entropycut/mbpp/2026-09-21/vllm/dataset-mbpp.model-qwen3.5-9b.alpha4.0.steps100.blocks-1.prefetch-budget-20.rank-accept_first.cut-entropy4.0.samples20.maxnew1024.seed10086.subtreePrefetch.vllm.log,328,13,21,0.5215145587798071
/Users/jiangnanhugo/workspace/power-sharpening/Subtree-Prefetching-Power-Sharpening/case_studies/logs-entropycut/mbpp/2026-09-21/vllm/dataset-mbpp.model-qwen3.5-9b.alpha4.0.steps100.blocks-1.prefetch-budget-20.rank-accept_first.cut-entropy4.0.samples20.maxnew1024.seed10086.subtreePrefetch.vllm.log,328,14,21,0.5215145587798071
/Users/jiangnanhugo/workspace/power-sharpening/Subtree-Prefetching-Power-Sharpening/case_studies/logs-entropycut/mbpp/2026-09-21/vllm/dataset-mbpp.model-qwen3.5-9b.alpha4.0.steps100.blocks-1.prefetch-budget-20.rank-accept_first.cut-entropy4.0.samples20.maxnew1024.seed10086.subtreePrefetch.vllm.log,328,15,21,0.5215145587798071
/Users/jiangnanhugo/workspace/power-sharpening/Subtree-Prefetching-Power-Sharpening/case_studies/logs-entropycut/mbpp/2026-09-21/vllm/dataset-mbpp.model-qwen3.5-9b.alpha4.0.steps100.blocks-1.prefetch-budget-20.rank-accept_first.cut-entropy4.0.samples20.maxnew1024.seed10086.subtreePrefetch.vllm.log,328,16,21,0.5215145587798071
/Users/jiangnanhugo/workspace/power-sharpening/Subtree-Prefetching-Power-Sharpening/case_studies/logs-entropycut/mbpp/2026-09-21/vllm/dataset-mbpp.model-qwen3.5-9b.alpha4.0.steps100.blocks-1.prefetch-budget-20.rank-accept_first.cut-entropy4.0.samples20.maxnew1024.seed10086.subtreePrefetch.vllm.log,328,17,21,0.5215145587798071
/Users/jiangnanhugo/workspace/power-sharpening/Subtree-Prefetching-Power-Sharpening/case_studies/logs-entropycut/mbpp/2026-09-21/vllm/dataset-mbpp.model-qwen3.5-9b.alpha4.0.steps100.blocks-1.prefetch-budget-20.rank-accept_first.cut-entropy4.0.samples20.maxnew1024.seed10086.subtreePrefetch.vllm.log,328,18,21,0.5215145587798071
/Users/jiangnanhugo/workspace/power-sharpening/Subtree-Prefetching-Power-Sharpening/case_studies/logs-entropycut/mbpp/2026-09-21/vllm/dataset-mbpp.model-qwen3.5-9b.alpha4.0.steps100.blocks-1.prefetch-budget-20.rank-accept_first.cut-entropy4.0.samples20.maxnew1024.seed10086.subtreePrefetch.vllm.log,328,19,309,0.033955759753596215
/Users/jiangnanhugo/workspace/power-sharpening/Subtree-Prefetching-Power-Sharpening/case_studies/logs-entropycut/mbpp/2026-09-21/vllm/dataset-mbpp.model-qwen3.5-9b.alpha4.0.steps100.blocks-1.prefetch-budget-20.rank-accept_first.cut-entropy4.0.samples20.maxnew1024.seed10086.subtreePrefetch.vllm.log,329,0,443,0.0031609170126765712
/Users/jiangnanhugo/workspace/power-sharpening/Subtree-Prefetching-Power-Sharpening/case_studies/logs-entropycut/mbpp/2026-09-21/vllm/dataset-mbpp.model-qwen3.5-9b.alpha4.0.steps100.blocks-1.prefetch-budget-20.rank-accept_first.cut-entropy4.0.samples20.maxnew1024.seed10086.subtreePrefetch.vllm.log,329,1,21,0.5215145587798071
/Users/jiangnanhugo/workspace/power-sharpening/Subtree-Prefetching-Power-Sharpening/case_studies/logs-entropycut/mbpp/2026-09-21/vllm/dataset-mbpp.model-qwen3.5-9b.alpha4.0.steps100.blocks-1.prefetch-budget-20.rank-accept_first.cut-entropy4.0.samples20.maxnew1024.seed10086.subtreePrefetch.vllm.log,329,2,21,0.5215145587798071
/Users/jiangnanhugo/workspace/power-sharpening/Subtree-Prefetching-Power-Sharpening/case_studies/logs-entropycut/mbpp/2026-09-21/vllm/dataset-mbpp.model-qwen3.5-9b.alpha4.0.steps100.blocks-1.prefetch-budget-20.rank-accept_first.cut-entropy4.0.samples20.maxnew1024.seed10086.subtreePrefetch.vllm.log,329,3,21,0.5215145587798071
/Users/jiangnanhugo/workspace/power-sharpening/Subtree-Prefetching-Power-Sharpening/case_studies/logs-entropycut/mbpp/2026-09-21/vllm/dataset-mbpp.model-qwen3.5-9b.alpha4.0.steps100.blocks-1.prefetch-budget-20.rank-accept_first.cut-entropy4.0.samples20.maxnew1024.seed10086.subtreePrefetch.vllm.log,329,4,21,0.5215145587798071
/Users/jiangnanhugo/workspace/power-sharpening/Subtree-Prefetching-Power-Sharpening/case_studies/logs-entropycut/mbpp/2026-09-21/vllm/dataset-mbpp.model-qwen3.5-9b.alpha4.0.steps100.blocks-1.prefetch-budget-20.rank-accept_first.cut-entropy4.0.samples20.maxnew1024.seed10086.subtreePrefetch.vllm.log,329,5,21,0.5215145587798071
/Users/jiangnanhugo/workspace/power-sharpening/Subtree-Prefetching-Power-Sharpening/case_studies/logs-entropycut/mbpp/2026-09-21/vllm/dataset-mbpp.model-qwen3.5-9b.alpha4.0.steps100.blocks-1.prefetch-budget-20.rank-accept_first.cut-entropy4.0.samples20.maxnew1024.seed10086.subtreePrefetch.vllm.log,329,6,21,0.5215145587798071
/Users/jiangnanhugo/workspace/power-sharpening/Subtree-Prefetching-Power-Sharpening/case_studies/logs-entropycut/mbpp/2026-09-21/vllm/dataset-mbpp.model-qwen3.5-9b.alpha4.0.steps100.blocks-1.prefetch-budget-20.rank-accept_first.cut-entropy4.0.samples20.maxnew1024.seed10086.subtreePrefetch.vllm.log,329,7,21,0.5215145587798071
/Users/jiangnanhugo/workspace/power-sharpening/Subtree-Prefetching-Power-Sharpening/case_studies/logs-entropycut/mbpp/2026-09-21/vllm/dataset-mbpp.model-qwen3.5-9b.alpha4.0.steps100.blocks-1.prefetch-budget-20.rank-accept_first.cut-entropy4.0.samples20.maxnew1024.seed10086.subtreePrefetch.vllm.log,329,8,21,0.5215145587798071
/Users/jiangnanhugo/workspace/power-sharpening/Subtree-Prefetching-Power-Sharpening/case_studies/logs-entropycut/mbpp/2026-09-21/vllm/dataset-mbpp.model-qwen3.5-9b.alpha4.0.steps100.blocks-1.prefetch-budget-20.rank-accept_first.cut-entropy4.0.samples20.maxnew1024.seed10086.subtreePrefetch.vllm.log,329,9,21,0.5215145587798071
/Users/jiangnanhugo/workspace/power-sharpening/Subtree-Prefetching-Power-Sharpening/case_studies/logs-entropycut/mbpp/2026-09-21/vllm/dataset-mbpp.model-qwen3.5-9b.alpha4.0.steps100.blocks-1.prefetch-budget-20.rank-accept_first.cut-entropy4.0.samples20.maxnew1024.seed10086.subtreePrefetch.vllm.log,329,10,21,0.5215145587798071
/Users/jiangnanhugo/workspace/power-sharpening/Subtree-Prefetching-Power-Sharpening/case_studies/logs-entropycut/mbpp/2026-09-21/vllm/dataset-mbpp.model-qwen3.5-9b.alpha4.0.steps100.blocks-1.prefetch-budget-20.rank-accept_first.cut-entropy4.0.samples20.maxnew1024.seed10086.subtreePrefetch.vllm.log,329,11,21,0.5215145587798071
/Users/jiangnanhugo/workspace/power-sharpening/Subtree-Prefetching-Power-Sharpening/case_studies/logs-entropycut/mbpp/2026-09-21/vllm/dataset-mbpp.model-qwen3.5-9b.alpha4.0.steps100.blocks-1.prefetch-budget-20.rank-accept_first.cut-entropy4.0.samples20.maxnew1024.seed10086.subtreePrefetch.vllm.log,329,12,21,0.5215145587798071
/Users/jiangnanhugo/workspace/power-sharpening/Subtree-Prefetching-Power-Sharpening/case_studies/logs-entropycut/mbpp/2026-09-21/vllm/dataset-mbpp.model-qwen3.5-9b.alpha4.0.steps100.blocks-1.prefetch-budget-20.rank-accept_first.cut-entropy4.0.samples20.maxnew1024.seed10086.subtreePrefetch.vllm.log,329,13,21,0.5215145587798071
/Users/jiangnanhugo/workspace/power-sharpening/Subtree-Prefetching-Power-Sharpening/case_studies/logs-entropycut/mbpp/2026-09-21/vllm/dataset-mbpp.model-qwen3.5-9b.alpha4.0.steps100.blocks-1.prefetch-budget-20.rank-accept_first.cut-entropy4.0.samples20.maxnew1024.seed10086.subtreePrefetch.vllm.log,329,14,2,0.022418595610926767
/Users/jiangnanhugo/workspace/power-sharpening/Subtree-Prefetching-Power-Sharpening/case_studies/logs-entropycut/mbpp/2026-09-21/vllm/dataset-mbpp.model-qwen3.5-9b.alpha4.0.steps100.blocks-1.prefetch-budget-20.rank-accept_first.cut-entropy4.0.samples20.maxnew1024.seed10086.subtreePrefetch.vllm.log,329,15,136,0.006453574151599314
/Users/jiangnanhugo/workspace/power-sharpening/Subtree-Prefetching-Power-Sharpening/case_studies/logs-entropycut/mbpp/2026-09-21/vllm/dataset-mbpp.model-qwen3.5-9b.alpha4.0.steps100.blocks-1.prefetch-budget-20.rank-accept_first.cut-entropy4.0.samples20.maxnew1024.seed10086.subtreePrefetch.vllm.log,329,16,271,0.11042647691538869
/Users/jiangnanhugo/workspace/power-sharpening/Subtree-Prefetching-Power-Sharpening/case_studies/logs-entropycut/mbpp/2026-09-21/vllm/dataset-mbpp.model-qwen3.5-9b.alpha4.0.steps100.blocks-1.prefetch-budget-20.rank-accept_first.cut-entropy4.0.samples20.maxnew1024.seed10086.subtreePrefetch.vllm.log,329,17,21,0.5215145587798071
/Users/jiangnanhugo/workspace/power-sharpening/Subtree-Prefetching-Power-Sharpening/case_studies/logs-entropycut/mbpp/2026-09-21/vllm/dataset-mbpp.model-qwen3.5-9b.alpha4.0.steps100.blocks-1.prefetch-budget-20.rank-accept_first.cut-entropy4.0.samples20.maxnew1024.seed10086.subtreePrefetch.vllm.log,329,18,21,0.5215145587798071
/Users/jiangnanhugo/workspace/power-sharpening/Subtree-Prefetching-Power-Sharpening/case_studies/logs-entropycut/mbpp/2026-09-21/vllm/dataset-mbpp.model-qwen3.5-9b.alpha4.0.steps100.blocks-1.prefetch-budget-20.rank-accept_first.cut-entropy4.0.samples20.maxnew1024.seed10086.subtreePrefetch.vllm.log,329,19,21,0.5215145587798071
/Users/jiangnanhugo/workspace/power-sharpening/Subtree-Prefetching-Power-Sharpening/case_studies/logs-entropycut/mbpp/2026-09-21/vllm/dataset-mbpp.model-qwen3.5-9b.alpha4.0.steps100.blocks-1.prefetch-budget-20.rank-accept_first.cut-entropy4.0.samples20.maxnew1024.seed10086.subtreePrefetch.vllm.log,330,0,271,0.11053077165688789
/Users/jiangnanhugo/workspace/power-sharpening/Subtree-Prefetching-Power-Sharpening/case_studies/logs-entropycut/mbpp/2026-09-21/vllm/dataset-mbpp.model-qwen3.5-9b.alpha4.0.steps100.blocks-1.prefetch-budget-20.rank-accept_first.cut-entropy4.0.samples20.maxnew1024.seed10086.subtreePrefetch.vllm.log,330,1,21,0.5220071148009295
/Users/jiangnanhugo/workspace/power-sharpening/Subtree-Prefetching-Power-Sharpening/case_studies/logs-entropycut/mbpp/2026-09-21/vllm/dataset-mbpp.model-qwen3.5-9b.alpha4.0.steps100.blocks-1.prefetch-budget-20.rank-accept_first.cut-entropy4.0.samples20.maxnew1024.seed10086.subtreePrefetch.vllm.log,330,2,21,0.5220071148009295
/Users/jiangnanhugo/workspace/power-sharpening/Subtree-Prefetching-Power-Sharpening/case_studies/logs-entropycut/mbpp/2026-09-21/vllm/dataset-mbpp.model-qwen3.5-9b.alpha4.0.steps100.blocks-1.prefetch-budget-20.rank-accept_first.cut-entropy4.0.samples20.maxnew1024.seed10086.subtreePrefetch.vllm.log,330,3,21,0.5220071148009295
/Users/jiangnanhugo/workspace/power-sharpening/Subtree-Prefetching-Power-Sharpening/case_studies/logs-entropycut/mbpp/2026-09-21/vllm/dataset-mbpp.model-qwen3.5-9b.alpha4.0.steps100.blocks-1.prefetch-budget-20.rank-accept_first.cut-entropy4.0.samples20.maxnew1024.seed10086.subtreePrefetch.vllm.log,330,4,21,0.5220071148009295
/Users/jiangnanhugo/workspace/power-sharpening/Subtree-Prefetching-Power-Sharpening/case_studies/logs-entropycut/mbpp/2026-09-21/vllm/dataset-mbpp.model-qwen3.5-9b.alpha4.0.steps100.blocks-1.prefetch-budget-20.rank-accept_first.cut-entropy4.0.samples20.maxnew1024.seed10086.subtreePrefetch.vllm.log,330,5,21,0.5220071148009295
/Users/jiangnanhugo/workspace/power-sharpening/Subtree-Prefetching-Power-Sharpening/case_studies/logs-entropycut/mbpp/2026-09-21/vllm/dataset-mbpp.model-qwen3.5-9b.alpha4.0.steps100.blocks-1.prefetch-budget-20.rank-accept_first.cut-entropy4.0.samples20.maxnew1024.seed10086.subtreePrefetch.vllm.log,330,6,21,0.5220071148009295
/Users/jiangnanhugo/workspace/power-sharpening/Subtree-Prefetching-Power-Sharpening/case_studies/logs-entropycut/mbpp/2026-09-21/vllm/dataset-mbpp.model-qwen3.5-9b.alpha4.0.steps100.blocks-1.prefetch-budget-20.rank-accept_first.cut-entropy4.0.samples20.maxnew1024.seed10086.subtreePrefetch.vllm.log,330,7,21,0.5220071148009295
/Users/jiangnanhugo/workspace/power-sharpening/Subtree-Prefetching-Power-Sharpening/case_studies/logs-entropycut/mbpp/2026-09-21/vllm/dataset-mbpp.model-qwen3.5-9b.alpha4.0.steps100.blocks-1.prefetch-budget-20.rank-accept_first.cut-entropy4.0.samples20.maxnew1024.seed10086.subtreePrefetch.vllm.log,330,8,21,0.5220071148009295
/Users/jiangnanhugo/workspace/power-sharpening/Subtree-Prefetching-Power-Sharpening/case_studies/logs-entropycut/mbpp/2026-09-21/vllm/dataset-mbpp.model-qwen3.5-9b.alpha4.0.steps100.blocks-1.prefetch-budget-20.rank-accept_first.cut-entropy4.0.samples20.maxnew1024.seed10086.subtreePrefetch.vllm.log,330,9,21,0.5220071148009295
/Users/jiangnanhugo/workspace/power-sharpening/Subtree-Prefetching-Power-Sharpening/case_studies/logs-entropycut/mbpp/2026-09-21/vllm/dataset-mbpp.model-qwen3.5-9b.alpha4.0.steps100.blocks-1.prefetch-budget-20.rank-accept_first.cut-entropy4.0.samples20.maxnew1024.seed10086.subtreePrefetch.vllm.log,330,10,21,0.5220071148009295
/Users/jiangnanhugo/workspace/power-sharpening/Subtree-Prefetching-Power-Sharpening/case_studies/logs-entropycut/mbpp/2026-09-21/vllm/dataset-mbpp.model-qwen3.5-9b.alpha4.0.steps100.blocks-1.prefetch-budget-20.rank-accept_first.cut-entropy4.0.samples20.maxnew1024.seed10086.subtreePrefetch.vllm.log,330,11,21,0.5220071148009295
/Users/jiangnanhugo/workspace/power-sharpening/Subtree-Prefetching-Power-Sharpening/case_studies/logs-entropycut/mbpp/2026-09-21/vllm/dataset-mbpp.model-qwen3.5-9b.alpha4.0.steps100.blocks-1.prefetch-budget-20.rank-accept_first.cut-entropy4.0.samples20.maxnew1024.seed10086.subtreePrefetch.vllm.log,330,12,21,0.5220071148009295
/Users/jiangnanhugo/workspace/power-sharpening/Subtree-Prefetching-Power-Sharpening/case_studies/logs-entropycut/mbpp/2026-09-21/vllm/dataset-mbpp.model-qwen3.5-9b.alpha4.0.steps100.blocks-1.prefetch-budget-20.rank-accept_first.cut-entropy4.0.samples20.maxnew1024.seed10086.subtreePrefetch.vllm.log,330,13,21,0.5220071148009295
/Users/jiangnanhugo/workspace/power-sharpening/Subtree-Prefetching-Power-Sharpening/case_studies/logs-entropycut/mbpp/2026-09-21/vllm/dataset-mbpp.model-qwen3.5-9b.alpha4.0.steps100.blocks-1.prefetch-budget-20.rank-accept_first.cut-entropy4.0.samples20.maxnew1024.seed10086.subtreePrefetch.vllm.log,330,14,21,0.5220071148009295
/Users/jiangnanhugo/workspace/power-sharpening/Subtree-Prefetching-Power-Sharpening/case_studies/logs-entropycut/mbpp/2026-09-21/vllm/dataset-mbpp.model-qwen3.5-9b.alpha4.0.steps100.blocks-1.prefetch-budget-20.rank-accept_first.cut-entropy4.0.samples20.maxnew1024.seed10086.subtreePrefetch.vllm.log,330,15,21,0.5220071148009295
/Users/jiangnanhugo/workspace/power-sharpening/Subtree-Prefetching-Power-Sharpening/case_studies/logs-entropycut/mbpp/2026-09-21/vllm/dataset-mbpp.model-qwen3.5-9b.alpha4.0.steps100.blocks-1.prefetch-budget-20.rank-accept_first.cut-entropy4.0.samples20.maxnew1024.seed10086.subtreePrefetch.vllm.log,330,16,21,0.5220071148009295
/Users/jiangnanhugo/workspace/power-sharpening/Subtree-Prefetching-Power-Sharpening/case_studies/logs-entropycut/mbpp/2026-09-21/vllm/dataset-mbpp.model-qwen3.5-9b.alpha4.0.steps100.blocks-1.prefetch-budget-20.rank-accept_first.cut-entropy4.0.samples20.maxnew1024.seed10086.subtreePrefetch.vllm.log,330,17,21,0.5220071148009295
/Users/jiangnanhugo/workspace/power-sharpening/Subtree-Prefetching-Power-Sharpening/case_studies/logs-entropycut/mbpp/2026-09-21/vllm/dataset-mbpp.model-qwen3.5-9b.alpha4.0.steps100.blocks-1.prefetch-budget-20.rank-accept_first.cut-entropy4.0.samples20.maxnew1024.seed10086.subtreePrefetch.vllm.log,330,18,21,0.5220071148009295
/Users/jiangnanhugo/workspace/power-sharpening/Subtree-Prefetching-Power-Sharpening/case_studies/logs-entropycut/mbpp/2026-09-21/vllm/dataset-mbpp.model-qwen3.5-9b.alpha4.0.steps100.blocks-1.prefetch-budget-20.rank-accept_first.cut-entropy4.0.samples20.maxnew1024.seed10086.subtreePrefetch.vllm.log,330,19,21,0.5220071148009295
/Users/jiangnanhugo/workspace/power-sharpening/Subtree-Prefetching-Power-Sharpening/case_studies/logs-entropycut/mbpp/2026-09-21/vllm/dataset-mbpp.model-qwen3.5-9b.alpha4.0.steps100.blocks-1.prefetch-budget-20.rank-accept_first.cut-entropy4.0.samples20.maxnew1024.seed10086.subtreePrefetch.vllm.log,331,0,2,0.022439769352037862
/Users/jiangnanhugo/workspace/power-sharpening/Subtree-Prefetching-Power-Sharpening/case_studies/logs-entropycut/mbpp/2026-09-21/vllm/dataset-mbpp.model-qwen3.5-9b.alpha4.0.steps100.blocks-1.prefetch-budget-20.rank-accept_first.cut-entropy4.0.samples20.maxnew1024.seed10086.subtreePrefetch.vllm.log,331,1,2,0.022439769352037862
/Users/jiangnanhugo/workspace/power-sharpening/Subtree-Prefetching-Power-Sharpening/case_studies/logs-entropycut/mbpp/2026-09-21/vllm/dataset-mbpp.model-qwen3.5-9b.alpha4.0.steps100.blocks-1.prefetch-budget-20.rank-accept_first.cut-entropy4.0.samples20.maxnew1024.seed10086.subtreePrefetch.vllm.log,331,2,58,0.01247743653045497
/Users/jiangnanhugo/workspace/power-sharpening/Subtree-Prefetching-Power-Sharpening/case_studies/logs-entropycut/mbpp/2026-09-21/vllm/dataset-mbpp.model-qwen3.5-9b.alpha4.0.steps100.blocks-1.prefetch-budget-20.rank-accept_first.cut-entropy4.0.samples20.maxnew1024.seed10086.subtreePrefetch.vllm.log,331,3,21,0.5220071148009295
/Users/jiangnanhugo/workspace/power-sharpening/Subtree-Prefetching-Power-Sharpening/case_studies/logs-entropycut/mbpp/2026-09-21/vllm/dataset-mbpp.model-qwen3.5-9b.alpha4.0.steps100.blocks-1.prefetch-budget-20.rank-accept_first.cut-entropy4.0.samples20.maxnew1024.seed10086.subtreePrefetch.vllm.log,331,4,21,0.5220071148009295
/Users/jiangnanhugo/workspace/power-sharpening/Subtree-Prefetching-Power-Sharpening/case_studies/logs-entropycut/mbpp/2026-09-21/vllm/dataset-mbpp.model-qwen3.5-9b.alpha4.0.steps100.blocks-1.prefetch-budget-20.rank-accept_first.cut-entropy4.0.samples20.maxnew1024.seed10086.subtreePrefetch.vllm.log,331,5,21,0.5220071148009295
/Users/jiangnanhugo/workspace/power-sharpening/Subtree-Prefetching-Power-Sharpening/case_studies/logs-entropycut/mbpp/2026-09-21/vllm/dataset-mbpp.model-qwen3.5-9b.alpha4.0.steps100.blocks-1.prefetch-budget-20.rank-accept_first.cut-entropy4.0.samples20.maxnew1024.seed10086.subtreePrefetch.vllm.log,331,6,21,0.5220071148009295
/Users/jiangnanhugo/workspace/power-sharpening/Subtree-Prefetching-Power-Sharpening/case_studies/logs-entropycut/mbpp/2026-09-21/vllm/dataset-mbpp.model-qwen3.5-9b.alpha4.0.steps100.blocks-1.prefetch-budget-20.rank-accept_first.cut-entropy4.0.samples20.maxnew1024.seed10086.subtreePrefetch.vllm.log,331,7,21,0.5220071148009295
/Users/jiangnanhugo/workspace/power-sharpening/Subtree-Prefetching-Power-Sharpening/case_studies/logs-entropycut/mbpp/2026-09-21/vllm/dataset-mbpp.model-qwen3.5-9b.alpha4.0.steps100.blocks-1.prefetch-budget-20.rank-accept_first.cut-entropy4.0.samples20.maxnew1024.seed10086.subtreePrefetch.vllm.log,331,8,21,0.5220071148009295
/Users/jiangnanhugo/workspace/power-sharpening/Subtree-Prefetching-Power-Sharpening/case_studies/logs-entropycut/mbpp/2026-09-21/vllm/dataset-mbpp.model-qwen3.5-9b.alpha4.0.steps100.blocks-1.prefetch-budget-20.rank-accept_first.cut-entropy4.0.samples20.maxnew1024.seed10086.subtreePrefetch.vllm.log,331,9,21,0.5220071148009295
/Users/jiangnanhugo/workspace/power-sharpening/Subtree-Prefetching-Power-Sharpening/case_studies/logs-entropycut/mbpp/2026-09-21/vllm/dataset-mbpp.model-qwen3.5-9b.alpha4.0.steps100.blocks-1.prefetch-budget-20.rank-accept_first.cut-entropy4.0.samples20.maxnew1024.seed10086.subtreePrefetch.vllm.log,331,10,21,0.5220071148009295
/Users/jiangnanhugo/workspace/power-sharpening/Subtree-Prefetching-Power-Sharpening/case_studies/logs-entropycut/mbpp/2026-09-21/vllm/dataset-mbpp.model-qwen3.5-9b.alpha4.0.steps100.blocks-1.prefetch-budget-20.rank-accept_first.cut-entropy4.0.samples20.maxnew1024.seed10086.subtreePrefetch.vllm.log,331,11,21,0.5220071148009295
/Users/jiangnanhugo/workspace/power-sharpening/Subtree-Prefetching-Power-Sharpening/case_studies/logs-entropycut/mbpp/2026-09-21/vllm/dataset-mbpp.model-qwen3.5-9b.alpha4.0.steps100.blocks-1.prefetch-budget-20.rank-accept_first.cut-entropy4.0.samples20.maxnew1024.seed10086.subtreePrefetch.vllm.log,331,12,21,0.5220071148009295
/Users/jiangnanhugo/workspace/power-sharpening/Subtree-Prefetching-Power-Sharpening/case_studies/logs-entropycut/mbpp/2026-09-21/vllm/dataset-mbpp.model-qwen3.5-9b.alpha4.0.steps100.blocks-1.prefetch-budget-20.rank-accept_first.cut-entropy4.0.samples20.maxnew1024.seed10086.subtreePrefetch.vllm.log,331,13,21,0.5220071148009295
/Users/jiangnanhugo/workspace/power-sharpening/Subtree-Prefetching-Power-Sharpening/case_studies/logs-entropycut/mbpp/2026-09-21/vllm/dataset-mbpp.model-qwen3.5-9b.alpha4.0.steps100.blocks-1.prefetch-budget-20.rank-accept_first.cut-entropy4.0.samples20.maxnew1024.seed10086.subtreePrefetch.vllm.log,331,14,21,0.5220071148009295
/Users/jiangnanhugo/workspace/power-sharpening/Subtree-Prefetching-Power-Sharpening/case_studies/logs-entropycut/mbpp/2026-09-21/vllm/dataset-mbpp.model-qwen3.5-9b.alpha4.0.steps100.blocks-1.prefetch-budget-20.rank-accept_first.cut-entropy4.0.samples20.maxnew1024.seed10086.subtreePrefetch.vllm.log,331,15,21,0.5220071148009295
/Users/jiangnanhugo/workspace/power-sharpening/Subtree-Prefetching-Power-Sharpening/case_studies/logs-entropycut/mbpp/2026-09-21/vllm/dataset-mbpp.model-qwen3.5-9b.alpha4.0.steps100.blocks-1.prefetch-budget-20.rank-accept_first.cut-entropy4.0.samples20.maxnew1024.seed10086.subtreePrefetch.vllm.log,331,16,21,0.5220071148009295
/Users/jiangnanhugo/workspace/power-sharpening/Subtree-Prefetching-Power-Sharpening/case_studies/logs-entropycut/mbpp/2026-09-21/vllm/dataset-mbpp.model-qwen3.5-9b.alpha4.0.steps100.blocks-1.prefetch-budget-20.rank-accept_first.cut-entropy4.0.samples20.maxnew1024.seed10086.subtreePrefetch.vllm.log,331,17,21,0.5220071148009295
/Users/jiangnanhugo/workspace/power-sharpening/Subtree-Prefetching-Power-Sharpening/case_studies/logs-entropycut/mbpp/2026-09-21/vllm/dataset-mbpp.model-qwen3.5-9b.alpha4.0.steps100.blocks-1.prefetch-budget-20.rank-accept_first.cut-entropy4.0.samples20.maxnew1024.seed10086.subtreePrefetch.vllm.log,331,18,21,0.5220071148009295
/Users/jiangnanhugo/workspace/power-sharpening/Subtree-Prefetching-Power-Sharpening/case_studies/logs-entropycut/mbpp/2026-09-21/vllm/dataset-mbpp.model-qwen3.5-9b.alpha4.0.steps100.blocks-1.prefetch-budget-20.rank-accept_first.cut-entropy4.0.samples20.maxnew1024.seed10086.subtreePrefetch.vllm.log,331,19,21,0.5220071148009295
/Users/jiangnanhugo/workspace/power-sharpening/Subtree-Prefetching-Power-Sharpening/case_studies/logs-entropycut/mbpp/2026-09-21/vllm/dataset-mbpp.model-qwen3.5-9b.alpha4.0.steps100.blocks-1.prefetch-budget-20.rank-accept_first.cut-entropy4.0.samples20.maxnew1024.seed10086.subtreePrefetch.vllm.log,332,0,21,0.42611165599550627
/Users/jiangnanhugo/workspace/power-sharpening/Subtree-Prefetching-Power-Sharpening/case_studies/logs-entropycut/mbpp/2026-09-21/vllm/dataset-mbpp.model-qwen3.5-9b.alpha4.0.steps100.blocks-1.prefetch-budget-20.rank-accept_first.cut-entropy4.0.samples20.maxnew1024.seed10086.subtreePrefetch.vllm.log,332,1,21,0.42611165599550627
/Users/jiangnanhugo/workspace/power-sharpening/Subtree-Prefetching-Power-Sharpening/case_studies/logs-entropycut/mbpp/2026-09-21/vllm/dataset-mbpp.model-qwen3.5-9b.alpha4.0.steps100.blocks-1.prefetch-budget-20.rank-accept_first.cut-entropy4.0.samples20.maxnew1024.seed10086.subtreePrefetch.vllm.log,332,2,221,0.14289601805815483
/Users/jiangnanhugo/workspace/power-sharpening/Subtree-Prefetching-Power-Sharpening/case_studies/logs-entropycut/mbpp/2026-09-21/vllm/dataset-mbpp.model-qwen3.5-9b.alpha4.0.steps100.blocks-1.prefetch-budget-20.rank-accept_first.cut-entropy4.0.samples20.maxnew1024.seed10086.subtreePrefetch.vllm.log,332,3,21,0.42611165599550627
/Users/jiangnanhugo/workspace/power-sharpening/Subtree-Prefetching-Power-Sharpening/case_studies/logs-entropycut/mbpp/2026-09-21/vllm/dataset-mbpp.model-qwen3.5-9b.alpha4.0.steps100.blocks-1.prefetch-budget-20.rank-accept_first.cut-entropy4.0.samples20.maxnew1024.seed10086.subtreePrefetch.vllm.log,332,4,221,0.14289601805815483
/Users/jiangnanhugo/workspace/power-sharpening/Subtree-Prefetching-Power-Sharpening/case_studies/logs-entropycut/mbpp/2026-09-21/vllm/dataset-mbpp.model-qwen3.5-9b.alpha4.0.steps100.blocks-1.prefetch-budget-20.rank-accept_first.cut-entropy4.0.samples20.maxnew1024.seed10086.subtreePrefetch.vllm.log,332,5,21,0.42611165599550627
/Users/jiangnanhugo/workspace/power-sharpening/Subtree-Prefetching-Power-Sharpening/case_studies/logs-entropycut/mbpp/2026-09-21/vllm/dataset-mbpp.model-qwen3.5-9b.alpha4.0.steps100.blocks-1.prefetch-budget-20.rank-accept_first.cut-entropy4.0.samples20.maxnew1024.seed10086.subtreePrefetch.vllm.log,332,6,2,0.018742801800528057
/Users/jiangnanhugo/workspace/power-sharpening/Subtree-Prefetching-Power-Sharpening/case_studies/logs-entropycut/mbpp/2026-09-21/vllm/dataset-mbpp.model-qwen3.5-9b.alpha4.0.steps100.blocks-1.prefetch-budget-20.rank-accept_first.cut-entropy4.0.samples20.maxnew1024.seed10086.subtreePrefetch.vllm.log,332,7,221,0.14289601805815483
/Users/jiangnanhugo/workspace/power-sharpening/Subtree-Prefetching-Power-Sharpening/case_studies/logs-entropycut/mbpp/2026-09-21/vllm/dataset-mbpp.model-qwen3.5-9b.alpha4.0.steps100.blocks-1.prefetch-budget-20.rank-accept_first.cut-entropy4.0.samples20.maxnew1024.seed10086.subtreePrefetch.vllm.log,332,8,21,0.42611165599550627
/Users/jiangnanhugo/workspace/power-sharpening/Subtree-Prefetching-Power-Sharpening/case_studies/logs-entropycut/mbpp/2026-09-21/vllm/dataset-mbpp.model-qwen3.5-9b.alpha4.0.steps100.blocks-1.prefetch-budget-20.rank-accept_first.cut-entropy4.0.samples20.maxnew1024.seed10086.subtreePrefetch.vllm.log,332,9,66,0.027132956958750145
/Users/jiangnanhugo/workspace/power-sharpening/Subtree-Prefetching-Power-Sharpening/case_studies/logs-entropycut/mbpp/2026-09-21/vllm/dataset-mbpp.model-qwen3.5-9b.alpha4.0.steps100.blocks-1.prefetch-budget-20.rank-accept_first.cut-entropy4.0.samples20.maxnew1024.seed10086.subtreePrefetch.vllm.log,332,10,96,0.001420625452926193
/Users/jiangnanhugo/workspace/power-sharpening/Subtree-Prefetching-Power-Sharpening/case_studies/logs-entropycut/mbpp/2026-09-21/vllm/dataset-mbpp.model-qwen3.5-9b.alpha4.0.steps100.blocks-1.prefetch-budget-20.rank-accept_first.cut-entropy4.0.samples20.maxnew1024.seed10086.subtreePrefetch.vllm.log,332,11,21,0.42611165599550627
/Users/jiangnanhugo/workspace/power-sharpening/Subtree-Prefetching-Power-Sharpening/case_studies/logs-entropycut/mbpp/2026-09-21/vllm/dataset-mbpp.model-qwen3.5-9b.alpha4.0.steps100.blocks-1.prefetch-budget-20.rank-accept_first.cut-entropy4.0.samples20.maxnew1024.seed10086.subtreePrefetch.vllm.log,332,12,2,0.018742801800528057
/Users/jiangnanhugo/workspace/power-sharpening/Subtree-Prefetching-Power-Sharpening/case_studies/logs-entropycut/mbpp/2026-09-21/vllm/dataset-mbpp.model-qwen3.5-9b.alpha4.0.steps100.blocks-1.prefetch-budget-20.rank-accept_first.cut-entropy4.0.samples20.maxnew1024.seed10086.subtreePrefetch.vllm.log,332,13,137,0.07531265573682501
/Users/jiangnanhugo/workspace/power-sharpening/Subtree-Prefetching-Power-Sharpening/case_studies/logs-entropycut/mbpp/2026-09-21/vllm/dataset-mbpp.model-qwen3.5-9b.alpha4.0.steps100.blocks-1.prefetch-budget-20.rank-accept_first.cut-entropy4.0.samples20.maxnew1024.seed10086.subtreePrefetch.vllm.log,332,14,21,0.42611165599550627
/Users/jiangnanhugo/workspace/power-sharpening/Subtree-Prefetching-Power-Sharpening/case_studies/logs-entropycut/mbpp/2026-09-21/vllm/dataset-mbpp.model-qwen3.5-9b.alpha4.0.steps100.blocks-1.prefetch-budget-20.rank-accept_first.cut-entropy4.0.samples20.maxnew1024.seed10086.subtreePrefetch.vllm.log,332,15,21,0.42611165599550627
/Users/jiangnanhugo/workspace/power-sharpening/Subtree-Prefetching-Power-Sharpening/case_studies/logs-entropycut/mbpp/2026-09-21/vllm/dataset-mbpp.model-qwen3.5-9b.alpha4.0.steps100.blocks-1.prefetch-budget-20.rank-accept_first.cut-entropy4.0.samples20.maxnew1024.seed10086.subtreePrefetch.vllm.log,332,16,71,0.011375787968478308
/Users/jiangnanhugo/workspace/power-sharpening/Subtree-Prefetching-Power-Sharpening/case_studies/logs-entropycut/mbpp/2026-09-21/vllm/dataset-mbpp.model-qwen3.5-9b.alpha4.0.steps100.blocks-1.prefetch-budget-20.rank-accept_first.cut-entropy4.0.samples20.maxnew1024.seed10086.subtreePrefetch.vllm.log,332,17,2,0.018742801800528057
/Users/jiangnanhugo/workspace/power-sharpening/Subtree-Prefetching-Power-Sharpening/case_studies/logs-entropycut/mbpp/2026-09-21/vllm/dataset-mbpp.model-qwen3.5-9b.alpha4.0.steps100.blocks-1.prefetch-budget-20.rank-accept_first.cut-entropy4.0.samples20.maxnew1024.seed10086.subtreePrefetch.vllm.log,332,18,21,0.42611165599550627
/Users/jiangnanhugo/workspace/power-sharpening/Subtree-Prefetching-Power-Sharpening/case_studies/logs-entropycut/mbpp/2026-09-21/vllm/dataset-mbpp.model-qwen3.5-9b.alpha4.0.steps100.blocks-1.prefetch-budget-20.rank-accept_first.cut-entropy4.0.samples20.maxnew1024.seed10086.subtreePrefetch.vllm.log,332,19,21,0.42611165599550627
/Users/jiangnanhugo/workspace/power-sharpening/Subtree-Prefetching-Power-Sharpening/case_studies/logs-entropycut/mbpp/2026-09-21/vllm/dataset-mbpp.model-qwen3.5-9b.alpha4.0.steps100.blocks-1.prefetch-budget-20.rank-accept_first.cut-entropy4.0.samples20.maxnew1024.seed10086.subtreePrefetch.vllm.log,333,0,652,0.013596681506694144
/Users/jiangnanhugo/workspace/power-sharpening/Subtree-Prefetching-Power-Sharpening/case_studies/logs-entropycut/mbpp/2026-09-21/vllm/dataset-mbpp.model-qwen3.5-9b.alpha4.0.steps100.blocks-1.prefetch-budget-20.rank-accept_first.cut-entropy4.0.samples20.maxnew1024.seed10086.subtreePrefetch.vllm.log,333,1,221,0.14289601805815483
/Users/jiangnanhugo/workspace/power-sharpening/Subtree-Prefetching-Power-Sharpening/case_studies/logs-entropycut/mbpp/2026-09-21/vllm/dataset-mbpp.model-qwen3.5-9b.alpha4.0.steps100.blocks-1.prefetch-budget-20.rank-accept_first.cut-entropy4.0.samples20.maxnew1024.seed10086.subtreePrefetch.vllm.log,333,2,102,0.0010544022318676504
/Users/jiangnanhugo/workspace/power-sharpening/Subtree-Prefetching-Power-Sharpening/case_studies/logs-entropycut/mbpp/2026-09-21/vllm/dataset-mbpp.model-qwen3.5-9b.alpha4.0.steps100.blocks-1.prefetch-budget-20.rank-accept_first.cut-entropy4.0.samples20.maxnew1024.seed10086.subtreePrefetch.vllm.log,333,3,221,0.14289601805815483
/Users/jiangnanhugo/workspace/power-sharpening/Subtree-Prefetching-Power-Sharpening/case_studies/logs-entropycut/mbpp/2026-09-21/vllm/dataset-mbpp.model-qwen3.5-9b.alpha4.0.steps100.blocks-1.prefetch-budget-20.rank-accept_first.cut-entropy4.0.samples20.maxnew1024.seed10086.subtreePrefetch.vllm.log,333,4,321,0.008575542213584399
/Users/jiangnanhugo/workspace/power-sharpening/Subtree-Prefetching-Power-Sharpening/case_studies/logs-entropycut/mbpp/2026-09-21/vllm/dataset-mbpp.model-qwen3.5-9b.alpha4.0.steps100.blocks-1.prefetch-budget-20.rank-accept_first.cut-entropy4.0.samples20.maxnew1024.seed10086.subtreePrefetch.vllm.log,333,5,2,0.018742801800528057
/Users/jiangnanhugo/workspace/power-sharpening/Subtree-Prefetching-Power-Sharpening/case_studies/logs-entropycut/mbpp/2026-09-21/vllm/dataset-mbpp.model-qwen3.5-9b.alpha4.0.steps100.blocks-1.prefetch-budget-20.rank-accept_first.cut-entropy4.0.samples20.maxnew1024.seed10086.subtreePrefetch.vllm.log,333,6,21,0.42611165599550627
/Users/jiangnanhugo/workspace/power-sharpening/Subtree-Prefetching-Power-Sharpening/case_studies/logs-entropycut/mbpp/2026-09-21/vllm/dataset-mbpp.model-qwen3.5-9b.alpha4.0.steps100.blocks-1.prefetch-budget-20.rank-accept_first.cut-entropy4.0.samples20.maxnew1024.seed10086.subtreePrefetch.vllm.log,333,7,21,0.42611165599550627
/Users/jiangnanhugo/workspace/power-sharpening/Subtree-Prefetching-Power-Sharpening/case_studies/logs-entropycut/mbpp/2026-09-21/vllm/dataset-mbpp.model-qwen3.5-9b.alpha4.0.steps100.blocks-1.prefetch-budget-20.rank-accept_first.cut-entropy4.0.samples20.maxnew1024.seed10086.subtreePrefetch.vllm.log,333,8,119,0.07751837434287052
/Users/jiangnanhugo/workspace/power-sharpening/Subtree-Prefetching-Power-Sharpening/case_studies/logs-entropycut/mbpp/2026-09-21/vllm/dataset-mbpp.model-qwen3.5-9b.alpha4.0.steps100.blocks-1.prefetch-budget-20.rank-accept_first.cut-entropy4.0.samples20.maxnew1024.seed10086.subtreePrefetch.vllm.log,333,9,21,0.42611165599550627
/Users/jiangnanhugo/workspace/power-sharpening/Subtree-Prefetching-Power-Sharpening/case_studies/logs-entropycut/mbpp/2026-09-21/vllm/dataset-mbpp.model-qwen3.5-9b.alpha4.0.steps100.blocks-1.prefetch-budget-20.rank-accept_first.cut-entropy4.0.samples20.maxnew1024.seed10086.subtreePrefetch.vllm.log,333,10,21,0.42611165599550627
/Users/jiangnanhugo/workspace/power-sharpening/Subtree-Prefetching-Power-Sharpening/case_studies/logs-entropycut/mbpp/2026-09-21/vllm/dataset-mbpp.model-qwen3.5-9b.alpha4.0.steps100.blocks-1.prefetch-budget-20.rank-accept_first.cut-entropy4.0.samples20.maxnew1024.seed10086.subtreePrefetch.vllm.log,333,11,21,0.42611165599550627
/Users/jiangnanhugo/workspace/power-sharpening/Subtree-Prefetching-Power-Sharpening/case_studies/logs-entropycut/mbpp/2026-09-21/vllm/dataset-mbpp.model-qwen3.5-9b.alpha4.0.steps100.blocks-1.prefetch-budget-20.rank-accept_first.cut-entropy4.0.samples20.maxnew1024.seed10086.subtreePrefetch.vllm.log,333,12,21,0.42611165599550627
/Users/jiangnanhugo/workspace/power-sharpening/Subtree-Prefetching-Power-Sharpening/case_studies/logs-entropycut/mbpp/2026-09-21/vllm/dataset-mbpp.model-qwen3.5-9b.alpha4.0.steps100.blocks-1.prefetch-budget-20.rank-accept_first.cut-entropy4.0.samples20.maxnew1024.seed10086.subtreePrefetch.vllm.log,333,13,21,0.42611165599550627
/Users/jiangnanhugo/workspace/power-sharpening/Subtree-Prefetching-Power-Sharpening/case_studies/logs-entropycut/mbpp/2026-09-21/vllm/dataset-mbpp.model-qwen3.5-9b.alpha4.0.steps100.blocks-1.prefetch-budget-20.rank-accept_first.cut-entropy4.0.samples20.maxnew1024.seed10086.subtreePrefetch.vllm.log,333,14,21,0.42611165599550627
/Users/jiangnanhugo/workspace/power-sharpening/Subtree-Prefetching-Power-Sharpening/case_studies/logs-entropycut/mbpp/2026-09-21/vllm/dataset-mbpp.model-qwen3.5-9b.alpha4.0.steps100.blocks-1.prefetch-budget-20.rank-accept_first.cut-entropy4.0.samples20.maxnew1024.seed10086.subtreePrefetch.vllm.log,333,15,21,0.42611165599550627
/Users/jiangnanhugo/workspace/power-sharpening/Subtree-Prefetching-Power-Sharpening/case_studies/logs-entropycut/mbpp/2026-09-21/vllm/dataset-mbpp.model-qwen3.5-9b.alpha4.0.steps100.blocks-1.prefetch-budget-20.rank-accept_first.cut-entropy4.0.samples20.maxnew1024.seed10086.subtreePrefetch.vllm.log,333,16,21,0.42611165599550627
/Users/jiangnanhugo/workspace/power-sharpening/Subtree-Prefetching-Power-Sharpening/case_studies/logs-entropycut/mbpp/2026-09-21/vllm/dataset-mbpp.model-qwen3.5-9b.alpha4.0.steps100.blocks-1.prefetch-budget-20.rank-accept_first.cut-entropy4.0.samples20.maxnew1024.seed10086.subtreePrefetch.vllm.log,333,17,21,0.42611165599550627
/Users/jiangnanhugo/workspace/power-sharpening/Subtree-Prefetching-Power-Sharpening/case_studies/logs-entropycut/mbpp/2026-09-21/vllm/dataset-mbpp.model-qwen3.5-9b.alpha4.0.steps100.blocks-1.prefetch-budget-20.rank-accept_first.cut-entropy4.0.samples20.maxnew1024.seed10086.subtreePrefetch.vllm.log,333,18,21,0.42611165599550627
/Users/jiangnanhugo/workspace/power-sharpening/Subtree-Prefetching-Power-Sharpening/case_studies/logs-entropycut/mbpp/2026-09-21/vllm/dataset-mbpp.model-qwen3.5-9b.alpha4.0.steps100.blocks-1.prefetch-budget-20.rank-accept_first.cut-entropy4.0.samples20.maxnew1024.seed10086.subtreePrefetch.vllm.log,333,19,2,0.018742801800528057
/Users/jiangnanhugo/workspace/power-sharpening/Subtree-Prefetching-Power-Sharpening/case_studies/logs-entropycut/mbpp/2026-09-21/vllm/dataset-mbpp.model-qwen3.5-9b.alpha4.0.steps100.blocks-1.prefetch-budget-20.rank-accept_first.cut-entropy4.0.samples20.maxnew1024.seed10086.subtreePrefetch.vllm.log,334,0,221,0.14289601805815483
/Users/jiangnanhugo/workspace/power-sharpening/Subtree-Prefetching-Power-Sharpening/case_studies/logs-entropycut/mbpp/2026-09-21/vllm/dataset-mbpp.model-qwen3.5-9b.alpha4.0.steps100.blocks-1.prefetch-budget-20.rank-accept_first.cut-entropy4.0.samples20.maxnew1024.seed10086.subtreePrefetch.vllm.log,334,1,21,0.42611165599550627
/Users/jiangnanhugo/workspace/power-sharpening/Subtree-Prefetching-Power-Sharpening/case_studies/logs-entropycut/mbpp/2026-09-21/vllm/dataset-mbpp.model-qwen3.5-9b.alpha4.0.steps100.blocks-1.prefetch-budget-20.rank-accept_first.cut-entropy4.0.samples20.maxnew1024.seed10086.subtreePrefetch.vllm.log,334,2,21,0.42611165599550627
/Users/jiangnanhugo/workspace/power-sharpening/Subtree-Prefetching-Power-Sharpening/case_studies/logs-entropycut/mbpp/2026-09-21/vllm/dataset-mbpp.model-qwen3.5-9b.alpha4.0.steps100.blocks-1.prefetch-budget-20.rank-accept_first.cut-entropy4.0.samples20.maxnew1024.seed10086.subtreePrefetch.vllm.log,334,3,2,0.018742801800528057
/Users/jiangnanhugo/workspace/power-sharpening/Subtree-Prefetching-Power-Sharpening/case_studies/logs-entropycut/mbpp/2026-09-21/vllm/dataset-mbpp.model-qwen3.5-9b.alpha4.0.steps100.blocks-1.prefetch-budget-20.rank-accept_first.cut-entropy4.0.samples20.maxnew1024.seed10086.subtreePrefetch.vllm.log,334,4,250,0.010204904769019998
/Users/jiangnanhugo/workspace/power-sharpening/Subtree-Prefetching-Power-Sharpening/case_studies/logs-entropycut/mbpp/2026-09-21/vllm/dataset-mbpp.model-qwen3.5-9b.alpha4.0.steps100.blocks-1.prefetch-budget-20.rank-accept_first.cut-entropy4.0.samples20.maxnew1024.seed10086.subtreePrefetch.vllm.log,334,5,21,0.42611165599550627
/Users/jiangnanhugo/workspace/power-sharpening/Subtree-Prefetching-Power-Sharpening/case_studies/logs-entropycut/mbpp/2026-09-21/vllm/dataset-mbpp.model-qwen3.5-9b.alpha4.0.steps100.blocks-1.prefetch-budget-20.rank-accept_first.cut-entropy4.0.samples20.maxnew1024.seed10086.subtreePrefetch.vllm.log,334,6,144,0.006169038720440811
/Users/jiangnanhugo/workspace/power-sharpening/Subtree-Prefetching-Power-Sharpening/case_studies/logs-entropycut/mbpp/2026-09-21/vllm/dataset-mbpp.model-qwen3.5-9b.alpha4.0.steps100.blocks-1.prefetch-budget-20.rank-accept_first.cut-entropy4.0.samples20.maxnew1024.seed10086.subtreePrefetch.vllm.log,334,7,21,0.42611165599550627
/Users/jiangnanhugo/workspace/power-sharpening/Subtree-Prefetching-Power-Sharpening/case_studies/logs-entropycut/mbpp/2026-09-21/vllm/dataset-mbpp.model-qwen3.5-9b.alpha4.0.steps100.blocks-1.prefetch-budget-20.rank-accept_first.cut-entropy4.0.samples20.maxnew1024.seed10086.subtreePrefetch.vllm.log,334,8,21,0.42611165599550627
/Users/jiangnanhugo/workspace/power-sharpening/Subtree-Prefetching-Power-Sharpening/case_studies/logs-entropycut/mbpp/2026-09-21/vllm/dataset-mbpp.model-qwen3.5-9b.alpha4.0.steps100.blocks-1.prefetch-budget-20.rank-accept_first.cut-entropy4.0.samples20.maxnew1024.seed10086.subtreePrefetch.vllm.log,334,9,21,0.42611165599550627
/Users/jiangnanhugo/workspace/power-sharpening/Subtree-Prefetching-Power-Sharpening/case_studies/logs-entropycut/mbpp/2026-09-21/vllm/dataset-mbpp.model-qwen3.5-9b.alpha4.0.steps100.blocks-1.prefetch-budget-20.rank-accept_first.cut-entropy4.0.samples20.maxnew1024.seed10086.subtreePrefetch.vllm.log,334,10,29,0.008198911717275449
/Users/jiangnanhugo/workspace/power-sharpening/Subtree-Prefetching-Power-Sharpening/case_studies/logs-entropycut/mbpp/2026-09-21/vllm/dataset-mbpp.model-qwen3.5-9b.alpha4.0.steps100.blocks-1.prefetch-budget-20.rank-accept_first.cut-entropy4.0.samples20.maxnew1024.seed10086.subtreePrefetch.vllm.log,334,11,221,0.14289601805815483
/Users/jiangnanhugo/workspace/power-sharpening/Subtree-Prefetching-Power-Sharpening/case_studies/logs-entropycut/mbpp/2026-09-21/vllm/dataset-mbpp.model-qwen3.5-9b.alpha4.0.steps100.blocks-1.prefetch-budget-20.rank-accept_first.cut-entropy4.0.samples20.maxnew1024.seed10086.subtreePrefetch.vllm.log,334,12,21,0.42611165599550627
/Users/jiangnanhugo/workspace/power-sharpening/Subtree-Prefetching-Power-Sharpening/case_studies/logs-entropycut/mbpp/2026-09-21/vllm/dataset-mbpp.model-qwen3.5-9b.alpha4.0.steps100.blocks-1.prefetch-budget-20.rank-accept_first.cut-entropy4.0.samples20.maxnew1024.seed10086.subtreePrefetch.vllm.log,334,13,119,0.07751837434287052
/Users/jiangnanhugo/workspace/power-sharpening/Subtree-Prefetching-Power-Sharpening/case_studies/logs-entropycut/mbpp/2026-09-21/vllm/dataset-mbpp.model-qwen3.5-9b.alpha4.0.steps100.blocks-1.prefetch-budget-20.rank-accept_first.cut-entropy4.0.samples20.maxnew1024.seed10086.subtreePrefetch.vllm.log,334,14,21,0.42611165599550627
/Users/jiangnanhugo/workspace/power-sharpening/Subtree-Prefetching-Power-Sharpening/case_studies/logs-entropycut/mbpp/2026-09-21/vllm/dataset-mbpp.model-qwen3.5-9b.alpha4.0.steps100.blocks-1.prefetch-budget-20.rank-accept_first.cut-entropy4.0.samples20.maxnew1024.seed10086.subtreePrefetch.vllm.log,334,15,21,0.42611165599550627
/Users/jiangnanhugo/workspace/power-sharpening/Subtree-Prefetching-Power-Sharpening/case_studies/logs-entropycut/mbpp/2026-09-21/vllm/dataset-mbpp.model-qwen3.5-9b.alpha4.0.steps100.blocks-1.prefetch-budget-20.rank-accept_first.cut-entropy4.0.samples20.maxnew1024.seed10086.subtreePrefetch.vllm.log,334,16,20,0.003173331218522936
/Users/jiangnanhugo/workspace/power-sharpening/Subtree-Prefetching-Power-Sharpening/case_studies/logs-entropycut/mbpp/2026-09-21/vllm/dataset-mbpp.model-qwen3.5-9b.alpha4.0.steps100.blocks-1.prefetch-budget-20.rank-accept_first.cut-entropy4.0.samples20.maxnew1024.seed10086.subtreePrefetch.vllm.log,334,17,96,0.001420625452926193
/Users/jiangnanhugo/workspace/power-sharpening/Subtree-Prefetching-Power-Sharpening/case_studies/logs-entropycut/mbpp/2026-09-21/vllm/dataset-mbpp.model-qwen3.5-9b.alpha4.0.steps100.blocks-1.prefetch-budget-20.rank-accept_first.cut-entropy4.0.samples20.maxnew1024.seed10086.subtreePrefetch.vllm.log,334,18,57,0.01629148920169775
/Users/jiangnanhugo/workspace/power-sharpening/Subtree-Prefetching-Power-Sharpening/case_studies/logs-entropycut/mbpp/2026-09-21/vllm/dataset-mbpp.model-qwen3.5-9b.alpha4.0.steps100.blocks-1.prefetch-budget-20.rank-accept_first.cut-entropy4.0.samples20.maxnew1024.seed10086.subtreePrefetch.vllm.log,334,19,221,0.14289601805815483
/Users/jiangnanhugo/workspace/power-sharpening/Subtree-Prefetching-Power-Sharpening/case_studies/logs-entropycut/mbpp/2026-09-21/vllm/dataset-mbpp.model-qwen3.5-9b.alpha4.0.steps100.blocks-1.prefetch-budget-20.rank-accept_first.cut-entropy4.0.samples20.maxnew1024.seed10086.subtreePrefetch.vllm.log,335,0,221,0.14289601805815483
/Users/jiangnanhugo/workspace/power-sharpening/Subtree-Prefetching-Power-Sharpening/case_studies/logs-entropycut/mbpp/2026-09-21/vllm/dataset-mbpp.model-qwen3.5-9b.alpha4.0.steps100.blocks-1.prefetch-budget-20.rank-accept_first.cut-entropy4.0.samples20.maxnew1024.seed10086.subtreePrefetch.vllm.log,335,1,137,0.07531265573682501
/Users/jiangnanhugo/workspace/power-sharpening/Subtree-Prefetching-Power-Sharpening/case_studies/logs-entropycut/mbpp/2026-09-21/vllm/dataset-mbpp.model-qwen3.5-9b.alpha4.0.steps100.blocks-1.prefetch-budget-20.rank-accept_first.cut-entropy4.0.samples20.maxnew1024.seed10086.subtreePrefetch.vllm.log,335,2,21,0.42611165599550627
/Users/jiangnanhugo/workspace/power-sharpening/Subtree-Prefetching-Power-Sharpening/case_studies/logs-entropycut/mbpp/2026-09-21/vllm/dataset-mbpp.model-qwen3.5-9b.alpha4.0.steps100.blocks-1.prefetch-budget-20.rank-accept_first.cut-entropy4.0.samples20.maxnew1024.seed10086.subtreePrefetch.vllm.log,335,3,221,0.14289601805815483
/Users/jiangnanhugo/workspace/power-sharpening/Subtree-Prefetching-Power-Sharpening/case_studies/logs-entropycut/mbpp/2026-09-21/vllm/dataset-mbpp.model-qwen3.5-9b.alpha4.0.steps100.blocks-1.prefetch-budget-20.rank-accept_first.cut-entropy4.0.samples20.maxnew1024.seed10086.subtreePrefetch.vllm.log,335,4,21,0.42611165599550627
/Users/jiangnanhugo/workspace/power-sharpening/Subtree-Prefetching-Power-Sharpening/case_studies/logs-entropycut/mbpp/2026-09-21/vllm/dataset-mbpp.model-qwen3.5-9b.alpha4.0.steps100.blocks-1.prefetch-budget-20.rank-accept_first.cut-entropy4.0.samples20.maxnew1024.seed10086.subtreePrefetch.vllm.log,335,5,137,0.07531265573682501
/Users/jiangnanhugo/workspace/power-sharpening/Subtree-Prefetching-Power-Sharpening/case_studies/logs-entropycut/mbpp/2026-09-21/vllm/dataset-mbpp.model-qwen3.5-9b.alpha4.0.steps100.blocks-1.prefetch-budget-20.rank-accept_first.cut-entropy4.0.samples20.maxnew1024.seed10086.subtreePrefetch.vllm.log,335,6,21,0.42611165599550627
/Users/jiangnanhugo/workspace/power-sharpening/Subtree-Prefetching-Power-Sharpening/case_studies/logs-entropycut/mbpp/2026-09-21/vllm/dataset-mbpp.model-qwen3.5-9b.alpha4.0.steps100.blocks-1.prefetch-budget-20.rank-accept_first.cut-entropy4.0.samples20.maxnew1024.seed10086.subtreePrefetch.vllm.log,335,7,21,0.42611165599550627
/Users/jiangnanhugo/workspace/power-sharpening/Subtree-Prefetching-Power-Sharpening/case_studies/logs-entropycut/mbpp/2026-09-21/vllm/dataset-mbpp.model-qwen3.5-9b.alpha4.0.steps100.blocks-1.prefetch-budget-20.rank-accept_first.cut-entropy4.0.samples20.maxnew1024.seed10086.subtreePrefetch.vllm.log,335,8,137,0.07531265573682501
/Users/jiangnanhugo/workspace/power-sharpening/Subtree-Prefetching-Power-Sharpening/case_studies/logs-entropycut/mbpp/2026-09-21/vllm/dataset-mbpp.model-qwen3.5-9b.alpha4.0.steps100.blocks-1.prefetch-budget-20.rank-accept_first.cut-entropy4.0.samples20.maxnew1024.seed10086.subtreePrefetch.vllm.log,335,9,21,0.42611165599550627
/Users/jiangnanhugo/workspace/power-sharpening/Subtree-Prefetching-Power-Sharpening/case_studies/logs-entropycut/mbpp/2026-09-21/vllm/dataset-mbpp.model-qwen3.5-9b.alpha4.0.steps100.blocks-1.prefetch-budget-20.rank-accept_first.cut-entropy4.0.samples20.maxnew1024.seed10086.subtreePrefetch.vllm.log,335,10,21,0.42611165599550627
/Users/jiangnanhugo/workspace/power-sharpening/Subtree-Prefetching-Power-Sharpening/case_studies/logs-entropycut/mbpp/2026-09-21/vllm/dataset-mbpp.model-qwen3.5-9b.alpha4.0.steps100.blocks-1.prefetch-budget-20.rank-accept_first.cut-entropy4.0.samples20.maxnew1024.seed10086.subtreePrefetch.vllm.log,335,11,21,0.42611165599550627
/Users/jiangnanhugo/workspace/power-sharpening/Subtree-Prefetching-Power-Sharpening/case_studies/logs-entropycut/mbpp/2026-09-21/vllm/dataset-mbpp.model-qwen3.5-9b.alpha4.0.steps100.blocks-1.prefetch-budget-20.rank-accept_first.cut-entropy4.0.samples20.maxnew1024.seed10086.subtreePrefetch.vllm.log,335,12,21,0.42611165599550627
/Users/jiangnanhugo/workspace/power-sharpening/Subtree-Prefetching-Power-Sharpening/case_studies/logs-entropycut/mbpp/2026-09-21/vllm/dataset-mbpp.model-qwen3.5-9b.alpha4.0.steps100.blocks-1.prefetch-budget-20.rank-accept_first.cut-entropy4.0.samples20.maxnew1024.seed10086.subtreePrefetch.vllm.log,335,13,21,0.42611165599550627
/Users/jiangnanhugo/workspace/power-sharpening/Subtree-Prefetching-Power-Sharpening/case_studies/logs-entropycut/mbpp/2026-09-21/vllm/dataset-mbpp.model-qwen3.5-9b.alpha4.0.steps100.blocks-1.prefetch-budget-20.rank-accept_first.cut-entropy4.0.samples20.maxnew1024.seed10086.subtreePrefetch.vllm.log,335,14,21,0.42611165599550627
/Users/jiangnanhugo/workspace/power-sharpening/Subtree-Prefetching-Power-Sharpening/case_studies/logs-entropycut/mbpp/2026-09-21/vllm/dataset-mbpp.model-qwen3.5-9b.alpha4.0.steps100.blocks-1.prefetch-budget-20.rank-accept_first.cut-entropy4.0.samples20.maxnew1024.seed10086.subtreePrefetch.vllm.log,335,15,21,0.42611165599550627
/Users/jiangnanhugo/workspace/power-sharpening/Subtree-Prefetching-Power-Sharpening/case_studies/logs-entropycut/mbpp/2026-09-21/vllm/dataset-mbpp.model-qwen3.5-9b.alpha4.0.steps100.blocks-1.prefetch-budget-20.rank-accept_first.cut-entropy4.0.samples20.maxnew1024.seed10086.subtreePrefetch.vllm.log,335,16,221,0.14289601805815483
/Users/jiangnanhugo/workspace/power-sharpening/Subtree-Prefetching-Power-Sharpening/case_studies/logs-entropycut/mbpp/2026-09-21/vllm/dataset-mbpp.model-qwen3.5-9b.alpha4.0.steps100.blocks-1.prefetch-budget-20.rank-accept_first.cut-entropy4.0.samples20.maxnew1024.seed10086.subtreePrefetch.vllm.log,335,17,21,0.42611165599550627
/Users/jiangnanhugo/workspace/power-sharpening/Subtree-Prefetching-Power-Sharpening/case_studies/logs-entropycut/mbpp/2026-09-21/vllm/dataset-mbpp.model-qwen3.5-9b.alpha4.0.steps100.blocks-1.prefetch-budget-20.rank-accept_first.cut-entropy4.0.samples20.maxnew1024.seed10086.subtreePrefetch.vllm.log,335,18,119,0.07751837434287052
/Users/jiangnanhugo/workspace/power-sharpening/Subtree-Prefetching-Power-Sharpening/case_studies/logs-entropycut/mbpp/2026-09-21/vllm/dataset-mbpp.model-qwen3.5-9b.alpha4.0.steps100.blocks-1.prefetch-budget-20.rank-accept_first.cut-entropy4.0.samples20.maxnew1024.seed10086.subtreePrefetch.vllm.log,335,19,21,0.42611165599550627
/Users/jiangnanhugo/workspace/power-sharpening/Subtree-Prefetching-Power-Sharpening/case_studies/logs-entropycut/mbpp/2026-09-21/vllm/dataset-mbpp.model-qwen3.5-9b.alpha4.0.steps100.blocks-1.prefetch-budget-20.rank-accept_first.cut-entropy4.0.samples20.maxnew1024.seed10086.subtreePrefetch.vllm.log,336,0,553,0.022395324942366467
/Users/jiangnanhugo/workspace/power-sharpening/Subtree-Prefetching-Power-Sharpening/case_studies/logs-entropycut/mbpp/2026-09-21/vllm/dataset-mbpp.model-qwen3.5-9b.alpha4.0.steps100.blocks-1.prefetch-budget-20.rank-accept_first.cut-entropy4.0.samples20.maxnew1024.seed10086.subtreePrefetch.vllm.log,336,1,271,0.009727478939638419
/Users/jiangnanhugo/workspace/power-sharpening/Subtree-Prefetching-Power-Sharpening/case_studies/logs-entropycut/mbpp/2026-09-21/vllm/dataset-mbpp.model-qwen3.5-9b.alpha4.0.steps100.blocks-1.prefetch-budget-20.rank-accept_first.cut-entropy4.0.samples20.maxnew1024.seed10086.subtreePrefetch.vllm.log,336,2,119,0.07751837434287052
/Users/jiangnanhugo/workspace/power-sharpening/Subtree-Prefetching-Power-Sharpening/case_studies/logs-entropycut/mbpp/2026-09-21/vllm/dataset-mbpp.model-qwen3.5-9b.alpha4.0.steps100.blocks-1.prefetch-budget-20.rank-accept_first.cut-entropy4.0.samples20.maxnew1024.seed10086.subtreePrefetch.vllm.log,336,3,119,0.07751837434287052
/Users/jiangnanhugo/workspace/power-sharpening/Subtree-Prefetching-Power-Sharpening/case_studies/logs-entropycut/mbpp/2026-09-21/vllm/dataset-mbpp.model-qwen3.5-9b.alpha4.0.steps100.blocks-1.prefetch-budget-20.rank-accept_first.cut-entropy4.0.samples20.maxnew1024.seed10086.subtreePrefetch.vllm.log,336,4,21,0.42611165599550627
/Users/jiangnanhugo/workspace/power-sharpening/Subtree-Prefetching-Power-Sharpening/case_studies/logs-entropycut/mbpp/2026-09-21/vllm/dataset-mbpp.model-qwen3.5-9b.alpha4.0.steps100.blocks-1.prefetch-budget-20.rank-accept_first.cut-entropy4.0.samples20.maxnew1024.seed10086.subtreePrefetch.vllm.log,336,5,21,0.42611165599550627
/Users/jiangnanhugo/workspace/power-sharpening/Subtree-Prefetching-Power-Sharpening/case_studies/logs-entropycut/mbpp/2026-09-21/vllm/dataset-mbpp.model-qwen3.5-9b.alpha4.0.steps100.blocks-1.prefetch-budget-20.rank-accept_first.cut-entropy4.0.samples20.maxnew1024.seed10086.subtreePrefetch.vllm.log,336,6,21,0.42611165599550627
/Users/jiangnanhugo/workspace/power-sharpening/Subtree-Prefetching-Power-Sharpening/case_studies/logs-entropycut/mbpp/2026-09-21/vllm/dataset-mbpp.model-qwen3.5-9b.alpha4.0.steps100.blocks-1.prefetch-budget-20.rank-accept_first.cut-entropy4.0.samples20.maxnew1024.seed10086.subtreePrefetch.vllm.log,336,7,221,0.14289601805815483
/Users/jiangnanhugo/workspace/power-sharpening/Subtree-Prefetching-Power-Sharpening/case_studies/logs-entropycut/mbpp/2026-09-21/vllm/dataset-mbpp.model-qwen3.5-9b.alpha4.0.steps100.blocks-1.prefetch-budget-20.rank-accept_first.cut-entropy4.0.samples20.maxnew1024.seed10086.subtreePrefetch.vllm.log,336,8,71,0.011375787968478308
/Users/jiangnanhugo/workspace/power-sharpening/Subtree-Prefetching-Power-Sharpening/case_studies/logs-entropycut/mbpp/2026-09-21/vllm/dataset-mbpp.model-qwen3.5-9b.alpha4.0.steps100.blocks-1.prefetch-budget-20.rank-accept_first.cut-entropy4.0.samples20.maxnew1024.seed10086.subtreePrefetch.vllm.log,336,9,21,0.42611165599550627
/Users/jiangnanhugo/workspace/power-sharpening/Subtree-Prefetching-Power-Sharpening/case_studies/logs-entropycut/mbpp/2026-09-21/vllm/dataset-mbpp.model-qwen3.5-9b.alpha4.0.steps100.blocks-1.prefetch-budget-20.rank-accept_first.cut-entropy4.0.samples20.maxnew1024.seed10086.subtreePrefetch.vllm.log,336,10,21,0.42611165599550627
/Users/jiangnanhugo/workspace/power-sharpening/Subtree-Prefetching-Power-Sharpening/case_studies/logs-entropycut/mbpp/2026-09-21/vllm/dataset-mbpp.model-qwen3.5-9b.alpha4.0.steps100.blocks-1.prefetch-budget-20.rank-accept_first.cut-entropy4.0.samples20.maxnew1024.seed10086.subtreePrefetch.vllm.log,336,11,21,0.42611165599550627
/Users/jiangnanhugo/workspace/power-sharpening/Subtree-Prefetching-Power-Sharpening/case_studies/logs-entropycut/mbpp/2026-09-21/vllm/dataset-mbpp.model-qwen3.5-9b.alpha4.0.steps100.blocks-1.prefetch-budget-20.rank-accept_first.cut-entropy4.0.samples20.maxnew1024.seed10086.subtreePrefetch.vllm.log,336,12,21,0.42611165599550627
/Users/jiangnanhugo/workspace/power-sharpening/Subtree-Prefetching-Power-Sharpening/case_studies/logs-entropycut/mbpp/2026-09-21/vllm/dataset-mbpp.model-qwen3.5-9b.alpha4.0.steps100.blocks-1.prefetch-budget-20.rank-accept_first.cut-entropy4.0.samples20.maxnew1024.seed10086.subtreePrefetch.vllm.log,336,13,21,0.42611165599550627
/Users/jiangnanhugo/workspace/power-sharpening/Subtree-Prefetching-Power-Sharpening/case_studies/logs-entropycut/mbpp/2026-09-21/vllm/dataset-mbpp.model-qwen3.5-9b.alpha4.0.steps100.blocks-1.prefetch-budget-20.rank-accept_first.cut-entropy4.0.samples20.maxnew1024.seed10086.subtreePrefetch.vllm.log,336,14,2,0.018742801800528057
/Users/jiangnanhugo/workspace/power-sharpening/Subtree-Prefetching-Power-Sharpening/case_studies/logs-entropycut/mbpp/2026-09-21/vllm/dataset-mbpp.model-qwen3.5-9b.alpha4.0.steps100.blocks-1.prefetch-budget-20.rank-accept_first.cut-entropy4.0.samples20.maxnew1024.seed10086.subtreePrefetch.vllm.log,336,15,21,0.42611165599550627
/Users/jiangnanhugo/workspace/power-sharpening/Subtree-Prefetching-Power-Sharpening/case_studies/logs-entropycut/mbpp/2026-09-21/vllm/dataset-mbpp.model-qwen3.5-9b.alpha4.0.steps100.blocks-1.prefetch-budget-20.rank-accept_first.cut-entropy4.0.samples20.maxnew1024.seed10086.subtreePrefetch.vllm.log,336,16,2,0.018742801800528057
/Users/jiangnanhugo/workspace/power-sharpening/Subtree-Prefetching-Power-Sharpening/case_studies/logs-entropycut/mbpp/2026-09-21/vllm/dataset-mbpp.model-qwen3.5-9b.alpha4.0.steps100.blocks-1.prefetch-budget-20.rank-accept_first.cut-entropy4.0.samples20.maxnew1024.seed10086.subtreePrefetch.vllm.log,336,17,553,0.022395324942366467
/Users/jiangnanhugo/workspace/power-sharpening/Subtree-Prefetching-Power-Sharpening/case_studies/logs-entropycut/mbpp/2026-09-21/vllm/dataset-mbpp.model-qwen3.5-9b.alpha4.0.steps100.blocks-1.prefetch-budget-20.rank-accept_first.cut-entropy4.0.samples20.maxnew1024.seed10086.subtreePrefetch.vllm.log,336,18,321,0.008575542213584399
/Users/jiangnanhugo/workspace/power-sharpening/Subtree-Prefetching-Power-Sharpening/case_studies/logs-entropycut/mbpp/2026-09-21/vllm/dataset-mbpp.model-qwen3.5-9b.alpha4.0.steps100.blocks-1.prefetch-budget-20.rank-accept_first.cut-entropy4.0.samples20.maxnew1024.seed10086.subtreePrefetch.vllm.log,336,19,221,0.14289601805815483
/Users/jiangnanhugo/workspace/power-sharpening/Subtree-Prefetching-Power-Sharpening/case_studies/logs-entropycut/mbpp/2026-09-21/vllm/dataset-mbpp.model-qwen3.5-9b.alpha4.0.steps100.blocks-1.prefetch-budget-20.rank-accept_first.cut-entropy4.0.samples20.maxnew1024.seed10086.subtreePrefetch.vllm.log,337,0,221,0.14289601805815483
/Users/jiangnanhugo/workspace/power-sharpening/Subtree-Prefetching-Power-Sharpening/case_studies/logs-entropycut/mbpp/2026-09-21/vllm/dataset-mbpp.model-qwen3.5-9b.alpha4.0.steps100.blocks-1.prefetch-budget-20.rank-accept_first.cut-entropy4.0.samples20.maxnew1024.seed10086.subtreePrefetch.vllm.log,337,1,21,0.42611165599550627
/Users/jiangnanhugo/workspace/power-sharpening/Subtree-Prefetching-Power-Sharpening/case_studies/logs-entropycut/mbpp/2026-09-21/vllm/dataset-mbpp.model-qwen3.5-9b.alpha4.0.steps100.blocks-1.prefetch-budget-20.rank-accept_first.cut-entropy4.0.samples20.maxnew1024.seed10086.subtreePrefetch.vllm.log,337,2,149,0.0015165858359288543
/Users/jiangnanhugo/workspace/power-sharpening/Subtree-Prefetching-Power-Sharpening/case_studies/logs-entropycut/mbpp/2026-09-21/vllm/dataset-mbpp.model-qwen3.5-9b.alpha4.0.steps100.blocks-1.prefetch-budget-20.rank-accept_first.cut-entropy4.0.samples20.maxnew1024.seed10086.subtreePrefetch.vllm.log,337,3,195,0.0006401655972939429
/Users/jiangnanhugo/workspace/power-sharpening/Subtree-Prefetching-Power-Sharpening/case_studies/logs-entropycut/mbpp/2026-09-21/vllm/dataset-mbpp.model-qwen3.5-9b.alpha4.0.steps100.blocks-1.prefetch-budget-20.rank-accept_first.cut-entropy4.0.samples20.maxnew1024.seed10086.subtreePrefetch.vllm.log,337,4,21,0.42611165599550627
/Users/jiangnanhugo/workspace/power-sharpening/Subtree-Prefetching-Power-Sharpening/case_studies/logs-entropycut/mbpp/2026-09-21/vllm/dataset-mbpp.model-qwen3.5-9b.alpha4.0.steps100.blocks-1.prefetch-budget-20.rank-accept_first.cut-entropy4.0.samples20.maxnew1024.seed10086.subtreePrefetch.vllm.log,337,5,21,0.42611165599550627
/Users/jiangnanhugo/workspace/power-sharpening/Subtree-Prefetching-Power-Sharpening/case_studies/logs-entropycut/mbpp/2026-09-21/vllm/dataset-mbpp.model-qwen3.5-9b.alpha4.0.steps100.blocks-1.prefetch-budget-20.rank-accept_first.cut-entropy4.0.samples20.maxnew1024.seed10086.subtreePrefetch.vllm.log,337,6,2,0.018742801800528057
/Users/jiangnanhugo/workspace/power-sharpening/Subtree-Prefetching-Power-Sharpening/case_studies/logs-entropycut/mbpp/2026-09-21/vllm/dataset-mbpp.model-qwen3.5-9b.alpha4.0.steps100.blocks-1.prefetch-budget-20.rank-accept_first.cut-entropy4.0.samples20.maxnew1024.seed10086.subtreePrefetch.vllm.log,337,7,21,0.42611165599550627
/Users/jiangnanhugo/workspace/power-sharpening/Subtree-Prefetching-Power-Sharpening/case_studies/logs-entropycut/mbpp/2026-09-21/vllm/dataset-mbpp.model-qwen3.5-9b.alpha4.0.steps100.blocks-1.prefetch-budget-20.rank-accept_first.cut-entropy4.0.samples20.maxnew1024.seed10086.subtreePrefetch.vllm.log,337,8,137,0.07531265573682501
/Users/jiangnanhugo/workspace/power-sharpening/Subtree-Prefetching-Power-Sharpening/case_studies/logs-entropycut/mbpp/2026-09-21/vllm/dataset-mbpp.model-qwen3.5-9b.alpha4.0.steps100.blocks-1.prefetch-budget-20.rank-accept_first.cut-entropy4.0.samples20.maxnew1024.seed10086.subtreePrefetch.vllm.log,337,9,29,0.008198911717275449
/Users/jiangnanhugo/workspace/power-sharpening/Subtree-Prefetching-Power-Sharpening/case_studies/logs-entropycut/mbpp/2026-09-21/vllm/dataset-mbpp.model-qwen3.5-9b.alpha4.0.steps100.blocks-1.prefetch-budget-20.rank-accept_first.cut-entropy4.0.samples20.maxnew1024.seed10086.subtreePrefetch.vllm.log,337,10,21,0.42611165599550627
/Users/jiangnanhugo/workspace/power-sharpening/Subtree-Prefetching-Power-Sharpening/case_studies/logs-entropycut/mbpp/2026-09-21/vllm/dataset-mbpp.model-qwen3.5-9b.alpha4.0.steps100.blocks-1.prefetch-budget-20.rank-accept_first.cut-entropy4.0.samples20.maxnew1024.seed10086.subtreePrefetch.vllm.log,337,11,57,0.01629148920169775
/Users/jiangnanhugo/workspace/power-sharpening/Subtree-Prefetching-Power-Sharpening/case_studies/logs-entropycut/mbpp/2026-09-21/vllm/dataset-mbpp.model-qwen3.5-9b.alpha4.0.steps100.blocks-1.prefetch-budget-20.rank-accept_first.cut-entropy4.0.samples20.maxnew1024.seed10086.subtreePrefetch.vllm.log,337,12,2,0.018742801800528057
/Users/jiangnanhugo/workspace/power-sharpening/Subtree-Prefetching-Power-Sharpening/case_studies/logs-entropycut/mbpp/2026-09-21/vllm/dataset-mbpp.model-qwen3.5-9b.alpha4.0.steps100.blocks-1.prefetch-budget-20.rank-accept_first.cut-entropy4.0.samples20.maxnew1024.seed10086.subtreePrefetch.vllm.log,337,13,21,0.42611165599550627
/Users/jiangnanhugo/workspace/power-sharpening/Subtree-Prefetching-Power-Sharpening/case_studies/logs-entropycut/mbpp/2026-09-21/vllm/dataset-mbpp.model-qwen3.5-9b.alpha4.0.steps100.blocks-1.prefetch-budget-20.rank-accept_first.cut-entropy4.0.samples20.maxnew1024.seed10086.subtreePrefetch.vllm.log,337,14,2,0.018742801800528057
/Users/jiangnanhugo/workspace/power-sharpening/Subtree-Prefetching-Power-Sharpening/case_studies/logs-entropycut/mbpp/2026-09-21/vllm/dataset-mbpp.model-qwen3.5-9b.alpha4.0.steps100.blocks-1.prefetch-budget-20.rank-accept_first.cut-entropy4.0.samples20.maxnew1024.seed10086.subtreePrefetch.vllm.log,337,15,21,0.42611165599550627
/Users/jiangnanhugo/workspace/power-sharpening/Subtree-Prefetching-Power-Sharpening/case_studies/logs-entropycut/mbpp/2026-09-21/vllm/dataset-mbpp.model-qwen3.5-9b.alpha4.0.steps100.blocks-1.prefetch-budget-20.rank-accept_first.cut-entropy4.0.samples20.maxnew1024.seed10086.subtreePrefetch.vllm.log,337,16,119,0.07751837434287052
/Users/jiangnanhugo/workspace/power-sharpening/Subtree-Prefetching-Power-Sharpening/case_studies/logs-entropycut/mbpp/2026-09-21/vllm/dataset-mbpp.model-qwen3.5-9b.alpha4.0.steps100.blocks-1.prefetch-budget-20.rank-accept_first.cut-entropy4.0.samples20.maxnew1024.seed10086.subtreePrefetch.vllm.log,337,17,21,0.42611165599550627
/Users/jiangnanhugo/workspace/power-sharpening/Subtree-Prefetching-Power-Sharpening/case_studies/logs-entropycut/mbpp/2026-09-21/vllm/dataset-mbpp.model-qwen3.5-9b.alpha4.0.steps100.blocks-1.prefetch-budget-20.rank-accept_first.cut-entropy4.0.samples20.maxnew1024.seed10086.subtreePrefetch.vllm.log,337,18,21,0.42611165599550627
/Users/jiangnanhugo/workspace/power-sharpening/Subtree-Prefetching-Power-Sharpening/case_studies/logs-entropycut/mbpp/2026-09-21/vllm/dataset-mbpp.model-qwen3.5-9b.alpha4.0.steps100.blocks-1.prefetch-budget-20.rank-accept_first.cut-entropy4.0.samples20.maxnew1024.seed10086.subtreePrefetch.vllm.log,337,19,21,0.42611165599550627
/Users/jiangnanhugo/workspace/power-sharpening/Subtree-Prefetching-Power-Sharpening/case_studies/logs-entropycut/mbpp/2026-09-21/vllm/dataset-mbpp.model-qwen3.5-9b.alpha4.0.steps100.blocks-1.prefetch-budget-20.rank-accept_first.cut-entropy4.0.samples20.maxnew1024.seed10086.subtreePrefetch.vllm.log,338,0,57,0.01629148920169775
/Users/jiangnanhugo/workspace/power-sharpening/Subtree-Prefetching-Power-Sharpening/case_studies/logs-entropycut/mbpp/2026-09-21/vllm/dataset-mbpp.model-qwen3.5-9b.alpha4.0.steps100.blocks-1.prefetch-budget-20.rank-accept_first.cut-entropy4.0.samples20.maxnew1024.seed10086.subtreePrefetch.vllm.log,338,1,78,0.02644777661247187
/Users/jiangnanhugo/workspace/power-sharpening/Subtree-Prefetching-Power-Sharpening/case_studies/logs-entropycut/mbpp/2026-09-21/vllm/dataset-mbpp.model-qwen3.5-9b.alpha4.0.steps100.blocks-1.prefetch-budget-20.rank-accept_first.cut-entropy4.0.samples20.maxnew1024.seed10086.subtreePrefetch.vllm.log,338,2,21,0.42611165599550627
/Users/jiangnanhugo/workspace/power-sharpening/Subtree-Prefetching-Power-Sharpening/case_studies/logs-entropycut/mbpp/2026-09-21/vllm/dataset-mbpp.model-qwen3.5-9b.alpha4.0.steps100.blocks-1.prefetch-budget-20.rank-accept_first.cut-entropy4.0.samples20.maxnew1024.seed10086.subtreePrefetch.vllm.log,338,3,21,0.42611165599550627
/Users/jiangnanhugo/workspace/power-sharpening/Subtree-Prefetching-Power-Sharpening/case_studies/logs-entropycut/mbpp/2026-09-21/vllm/dataset-mbpp.model-qwen3.5-9b.alpha4.0.steps100.blocks-1.prefetch-budget-20.rank-accept_first.cut-entropy4.0.samples20.maxnew1024.seed10086.subtreePrefetch.vllm.log,338,4,21,0.42611165599550627
/Users/jiangnanhugo/workspace/power-sharpening/Subtree-Prefetching-Power-Sharpening/case_studies/logs-entropycut/mbpp/2026-09-21/vllm/dataset-mbpp.model-qwen3.5-9b.alpha4.0.steps100.blocks-1.prefetch-budget-20.rank-accept_first.cut-entropy4.0.samples20.maxnew1024.seed10086.subtreePrefetch.vllm.log,338,5,21,0.42611165599550627
/Users/jiangnanhugo/workspace/power-sharpening/Subtree-Prefetching-Power-Sharpening/case_studies/logs-entropycut/mbpp/2026-09-21/vllm/dataset-mbpp.model-qwen3.5-9b.alpha4.0.steps100.blocks-1.prefetch-budget-20.rank-accept_first.cut-entropy4.0.samples20.maxnew1024.seed10086.subtreePrefetch.vllm.log,338,6,21,0.42611165599550627
/Users/jiangnanhugo/workspace/power-sharpening/Subtree-Prefetching-Power-Sharpening/case_studies/logs-entropycut/mbpp/2026-09-21/vllm/dataset-mbpp.model-qwen3.5-9b.alpha4.0.steps100.blocks-1.prefetch-budget-20.rank-accept_first.cut-entropy4.0.samples20.maxnew1024.seed10086.subtreePrefetch.vllm.log,338,7,137,0.07531265573682501
/Users/jiangnanhugo/workspace/power-sharpening/Subtree-Prefetching-Power-Sharpening/case_studies/logs-entropycut/mbpp/2026-09-21/vllm/dataset-mbpp.model-qwen3.5-9b.alpha4.0.steps100.blocks-1.prefetch-budget-20.rank-accept_first.cut-entropy4.0.samples20.maxnew1024.seed10086.subtreePrefetch.vllm.log,338,8,21,0.42611165599550627
/Users/jiangnanhugo/workspace/power-sharpening/Subtree-Prefetching-Power-Sharpening/case_studies/logs-entropycut/mbpp/2026-09-21/vllm/dataset-mbpp.model-qwen3.5-9b.alpha4.0.steps100.blocks-1.prefetch-budget-20.rank-accept_first.cut-entropy4.0.samples20.maxnew1024.seed10086.subtreePrefetch.vllm.log,338,9,21,0.42611165599550627
/Users/jiangnanhugo/workspace/power-sharpening/Subtree-Prefetching-Power-Sharpening/case_studies/logs-entropycut/mbpp/2026-09-21/vllm/dataset-mbpp.model-qwen3.5-9b.alpha4.0.steps100.blocks-1.prefetch-budget-20.rank-accept_first.cut-entropy4.0.samples20.maxnew1024.seed10086.subtreePrefetch.vllm.log,338,10,21,0.42611165599550627
/Users/jiangnanhugo/workspace/power-sharpening/Subtree-Prefetching-Power-Sharpening/case_studies/logs-entropycut/mbpp/2026-09-21/vllm/dataset-mbpp.model-qwen3.5-9b.alpha4.0.steps100.blocks-1.prefetch-budget-20.rank-accept_first.cut-entropy4.0.samples20.maxnew1024.seed10086.subtreePrefetch.vllm.log,338,11,21,0.42611165599550627
/Users/jiangnanhugo/workspace/power-sharpening/Subtree-Prefetching-Power-Sharpening/case_studies/logs-entropycut/mbpp/2026-09-21/vllm/dataset-mbpp.model-qwen3.5-9b.alpha4.0.steps100.blocks-1.prefetch-budget-20.rank-accept_first.cut-entropy4.0.samples20.maxnew1024.seed10086.subtreePrefetch.vllm.log,338,12,21,0.42611165599550627
/Users/jiangnanhugo/workspace/power-sharpening/Subtree-Prefetching-Power-Sharpening/case_studies/logs-entropycut/mbpp/2026-09-21/vllm/dataset-mbpp.model-qwen3.5-9b.alpha4.0.steps100.blocks-1.prefetch-budget-20.rank-accept_first.cut-entropy4.0.samples20.maxnew1024.seed10086.subtreePrefetch.vllm.log,338,13,21,0.42611165599550627
/Users/jiangnanhugo/workspace/power-sharpening/Subtree-Prefetching-Power-Sharpening/case_studies/logs-entropycut/mbpp/2026-09-21/vllm/dataset-mbpp.model-qwen3.5-9b.alpha4.0.steps100.blocks-1.prefetch-budget-20.rank-accept_first.cut-entropy4.0.samples20.maxnew1024.seed10086.subtreePrefetch.vllm.log,338,14,21,0.42611165599550627
/Users/jiangnanhugo/workspace/power-sharpening/Subtree-Prefetching-Power-Sharpening/case_studies/logs-entropycut/mbpp/2026-09-21/vllm/dataset-mbpp.model-qwen3.5-9b.alpha4.0.steps100.blocks-1.prefetch-budget-20.rank-accept_first.cut-entropy4.0.samples20.maxnew1024.seed10086.subtreePrefetch.vllm.log,338,15,21,0.42611165599550627
/Users/jiangnanhugo/workspace/power-sharpening/Subtree-Prefetching-Power-Sharpening/case_studies/logs-entropycut/mbpp/2026-09-21/vllm/dataset-mbpp.model-qwen3.5-9b.alpha4.0.steps100.blocks-1.prefetch-budget-20.rank-accept_first.cut-entropy4.0.samples20.maxnew1024.seed10086.subtreePrefetch.vllm.log,338,16,221,0.14289601805815483
/Users/jiangnanhugo/workspace/power-sharpening/Subtree-Prefetching-Power-Sharpening/case_studies/logs-entropycut/mbpp/2026-09-21/vllm/dataset-mbpp.model-qwen3.5-9b.alpha4.0.steps100.blocks-1.prefetch-budget-20.rank-accept_first.cut-entropy4.0.samples20.maxnew1024.seed10086.subtreePrefetch.vllm.log,338,17,21,0.42611165599550627
/Users/jiangnanhugo/workspace/power-sharpening/Subtree-Prefetching-Power-Sharpening/case_studies/logs-entropycut/mbpp/2026-09-21/vllm/dataset-mbpp.model-qwen3.5-9b.alpha4.0.steps100.blocks-1.prefetch-budget-20.rank-accept_first.cut-entropy4.0.samples20.maxnew1024.seed10086.subtreePrefetch.vllm.log,338,18,21,0.42611165599550627
/Users/jiangnanhugo/workspace/power-sharpening/Subtree-Prefetching-Power-Sharpening/case_studies/logs-entropycut/mbpp/2026-09-21/vllm/dataset-mbpp.model-qwen3.5-9b.alpha4.0.steps100.blocks-1.prefetch-budget-20.rank-accept_first.cut-entropy4.0.samples20.maxnew1024.seed10086.subtreePrefetch.vllm.log,338,19,2,0.018742801800528057
/Users/jiangnanhugo/workspace/power-sharpening/Subtree-Prefetching-Power-Sharpening/case_studies/logs-entropycut/mbpp/2026-09-21/vllm/dataset-mbpp.model-qwen3.5-9b.alpha4.0.steps100.blocks-1.prefetch-budget-20.rank-accept_first.cut-entropy4.0.samples20.maxnew1024.seed10086.subtreePrefetch.vllm.log,339,0,829,0.04453355899513945
/Users/jiangnanhugo/workspace/power-sharpening/Subtree-Prefetching-Power-Sharpening/case_studies/logs-entropycut/mbpp/2026-09-21/vllm/dataset-mbpp.model-qwen3.5-9b.alpha4.0.steps100.blocks-1.prefetch-budget-20.rank-accept_first.cut-entropy4.0.samples20.maxnew1024.seed10086.subtreePrefetch.vllm.log,339,1,21,0.3817520291441916
/Users/jiangnanhugo/workspace/power-sharpening/Subtree-Prefetching-Power-Sharpening/case_studies/logs-entropycut/mbpp/2026-09-21/vllm/dataset-mbpp.model-qwen3.5-9b.alpha4.0.steps100.blocks-1.prefetch-budget-20.rank-accept_first.cut-entropy4.0.samples20.maxnew1024.seed10086.subtreePrefetch.vllm.log,339,2,21,0.3817520291441916
/Users/jiangnanhugo/workspace/power-sharpening/Subtree-Prefetching-Power-Sharpening/case_studies/logs-entropycut/mbpp/2026-09-21/vllm/dataset-mbpp.model-qwen3.5-9b.alpha4.0.steps100.blocks-1.prefetch-budget-20.rank-accept_first.cut-entropy4.0.samples20.maxnew1024.seed10086.subtreePrefetch.vllm.log,339,3,829,0.04453355899513945
/Users/jiangnanhugo/workspace/power-sharpening/Subtree-Prefetching-Power-Sharpening/case_studies/logs-entropycut/mbpp/2026-09-21/vllm/dataset-mbpp.model-qwen3.5-9b.alpha4.0.steps100.blocks-1.prefetch-budget-20.rank-accept_first.cut-entropy4.0.samples20.maxnew1024.seed10086.subtreePrefetch.vllm.log,339,4,137,0.0578460820978459
/Users/jiangnanhugo/workspace/power-sharpening/Subtree-Prefetching-Power-Sharpening/case_studies/logs-entropycut/mbpp/2026-09-21/vllm/dataset-mbpp.model-qwen3.5-9b.alpha4.0.steps100.blocks-1.prefetch-budget-20.rank-accept_first.cut-entropy4.0.samples20.maxnew1024.seed10086.subtreePrefetch.vllm.log,339,5,21,0.3817520291441916
/Users/jiangnanhugo/workspace/power-sharpening/Subtree-Prefetching-Power-Sharpening/case_studies/logs-entropycut/mbpp/2026-09-21/vllm/dataset-mbpp.model-qwen3.5-9b.alpha4.0.steps100.blocks-1.prefetch-budget-20.rank-accept_first.cut-entropy4.0.samples20.maxnew1024.seed10086.subtreePrefetch.vllm.log,339,6,21,0.3817520291441916
/Users/jiangnanhugo/workspace/power-sharpening/Subtree-Prefetching-Power-Sharpening/case_studies/logs-entropycut/mbpp/2026-09-21/vllm/dataset-mbpp.model-qwen3.5-9b.alpha4.0.steps100.blocks-1.prefetch-budget-20.rank-accept_first.cut-entropy4.0.samples20.maxnew1024.seed10086.subtreePrefetch.vllm.log,339,7,21,0.3817520291441916
/Users/jiangnanhugo/workspace/power-sharpening/Subtree-Prefetching-Power-Sharpening/case_studies/logs-entropycut/mbpp/2026-09-21/vllm/dataset-mbpp.model-qwen3.5-9b.alpha4.0.steps100.blocks-1.prefetch-budget-20.rank-accept_first.cut-entropy4.0.samples20.maxnew1024.seed10086.subtreePrefetch.vllm.log,339,8,137,0.0578460820978459
/Users/jiangnanhugo/workspace/power-sharpening/Subtree-Prefetching-Power-Sharpening/case_studies/logs-entropycut/mbpp/2026-09-21/vllm/dataset-mbpp.model-qwen3.5-9b.alpha4.0.steps100.blocks-1.prefetch-budget-20.rank-accept_first.cut-entropy4.0.samples20.maxnew1024.seed10086.subtreePrefetch.vllm.log,339,9,21,0.3817520291441916
/Users/jiangnanhugo/workspace/power-sharpening/Subtree-Prefetching-Power-Sharpening/case_studies/logs-entropycut/mbpp/2026-09-21/vllm/dataset-mbpp.model-qwen3.5-9b.alpha4.0.steps100.blocks-1.prefetch-budget-20.rank-accept_first.cut-entropy4.0.samples20.maxnew1024.seed10086.subtreePrefetch.vllm.log,339,10,21,0.3817520291441916
/Users/jiangnanhugo/workspace/power-sharpening/Subtree-Prefetching-Power-Sharpening/case_studies/logs-entropycut/mbpp/2026-09-21/vllm/dataset-mbpp.model-qwen3.5-9b.alpha4.0.steps100.blocks-1.prefetch-budget-20.rank-accept_first.cut-entropy4.0.samples20.maxnew1024.seed10086.subtreePrefetch.vllm.log,339,11,221,0.134331040899154
/Users/jiangnanhugo/workspace/power-sharpening/Subtree-Prefetching-Power-Sharpening/case_studies/logs-entropycut/mbpp/2026-09-21/vllm/dataset-mbpp.model-qwen3.5-9b.alpha4.0.steps100.blocks-1.prefetch-budget-20.rank-accept_first.cut-entropy4.0.samples20.maxnew1024.seed10086.subtreePrefetch.vllm.log,339,12,21,0.3817520291441916
/Users/jiangnanhugo/workspace/power-sharpening/Subtree-Prefetching-Power-Sharpening/case_studies/logs-entropycut/mbpp/2026-09-21/vllm/dataset-mbpp.model-qwen3.5-9b.alpha4.0.steps100.blocks-1.prefetch-budget-20.rank-accept_first.cut-entropy4.0.samples20.maxnew1024.seed10086.subtreePrefetch.vllm.log,339,13,21,0.3817520291441916
/Users/jiangnanhugo/workspace/power-sharpening/Subtree-Prefetching-Power-Sharpening/case_studies/logs-entropycut/mbpp/2026-09-21/vllm/dataset-mbpp.model-qwen3.5-9b.alpha4.0.steps100.blocks-1.prefetch-budget-20.rank-accept_first.cut-entropy4.0.samples20.maxnew1024.seed10086.subtreePrefetch.vllm.log,339,14,530,0.02195740420709375
/Users/jiangnanhugo/workspace/power-sharpening/Subtree-Prefetching-Power-Sharpening/case_studies/logs-entropycut/mbpp/2026-09-21/vllm/dataset-mbpp.model-qwen3.5-9b.alpha4.0.steps100.blocks-1.prefetch-budget-20.rank-accept_first.cut-entropy4.0.samples20.maxnew1024.seed10086.subtreePrefetch.vllm.log,339,15,21,0.3817520291441916
/Users/jiangnanhugo/workspace/power-sharpening/Subtree-Prefetching-Power-Sharpening/case_studies/logs-entropycut/mbpp/2026-09-21/vllm/dataset-mbpp.model-qwen3.5-9b.alpha4.0.steps100.blocks-1.prefetch-budget-20.rank-accept_first.cut-entropy4.0.samples20.maxnew1024.seed10086.subtreePrefetch.vllm.log,339,16,21,0.3817520291441916
/Users/jiangnanhugo/workspace/power-sharpening/Subtree-Prefetching-Power-Sharpening/case_studies/logs-entropycut/mbpp/2026-09-21/vllm/dataset-mbpp.model-qwen3.5-9b.alpha4.0.steps100.blocks-1.prefetch-budget-20.rank-accept_first.cut-entropy4.0.samples20.maxnew1024.seed10086.subtreePrefetch.vllm.log,339,17,119,0.06944845625547014
/Users/jiangnanhugo/workspace/power-sharpening/Subtree-Prefetching-Power-Sharpening/case_studies/logs-entropycut/mbpp/2026-09-21/vllm/dataset-mbpp.model-qwen3.5-9b.alpha4.0.steps100.blocks-1.prefetch-budget-20.rank-accept_first.cut-entropy4.0.samples20.maxnew1024.seed10086.subtreePrefetch.vllm.log,339,18,21,0.3817520291441916
/Users/jiangnanhugo/workspace/power-sharpening/Subtree-Prefetching-Power-Sharpening/case_studies/logs-entropycut/mbpp/2026-09-21/vllm/dataset-mbpp.model-qwen3.5-9b.alpha4.0.steps100.blocks-1.prefetch-budget-20.rank-accept_first.cut-entropy4.0.samples20.maxnew1024.seed10086.subtreePrefetch.vllm.log,339,19,71,0.01019153097310831
/Users/jiangnanhugo/workspace/power-sharpening/Subtree-Prefetching-Power-Sharpening/case_studies/logs-entropycut/mbpp/2026-09-21/vllm/dataset-mbpp.model-qwen3.5-9b.alpha4.0.steps100.blocks-1.prefetch-budget-20.rank-accept_first.cut-entropy4.0.samples20.maxnew1024.seed10086.subtreePrefetch.vllm.log,340,0,119,0.06944845625547014
/Users/jiangnanhugo/workspace/power-sharpening/Subtree-Prefetching-Power-Sharpening/case_studies/logs-entropycut/mbpp/2026-09-21/vllm/dataset-mbpp.model-qwen3.5-9b.alpha4.0.steps100.blocks-1.prefetch-budget-20.rank-accept_first.cut-entropy4.0.samples20.maxnew1024.seed10086.subtreePrefetch.vllm.log,340,1,21,0.3817520291441916
/Users/jiangnanhugo/workspace/power-sharpening/Subtree-Prefetching-Power-Sharpening/case_studies/logs-entropycut/mbpp/2026-09-21/vllm/dataset-mbpp.model-qwen3.5-9b.alpha4.0.steps100.blocks-1.prefetch-budget-20.rank-accept_first.cut-entropy4.0.samples20.maxnew1024.seed10086.subtreePrefetch.vllm.log,340,2,178,0.007292302538281551
/Users/jiangnanhugo/workspace/power-sharpening/Subtree-Prefetching-Power-Sharpening/case_studies/logs-entropycut/mbpp/2026-09-21/vllm/dataset-mbpp.model-qwen3.5-9b.alpha4.0.steps100.blocks-1.prefetch-budget-20.rank-accept_first.cut-entropy4.0.samples20.maxnew1024.seed10086.subtreePrefetch.vllm.log,340,3,21,0.3817520291441916
/Users/jiangnanhugo/workspace/power-sharpening/Subtree-Prefetching-Power-Sharpening/case_studies/logs-entropycut/mbpp/2026-09-21/vllm/dataset-mbpp.model-qwen3.5-9b.alpha4.0.steps100.blocks-1.prefetch-budget-20.rank-accept_first.cut-entropy4.0.samples20.maxnew1024.seed10086.subtreePrefetch.vllm.log,340,4,57,0.0145954915173557
/Users/jiangnanhugo/workspace/power-sharpening/Subtree-Prefetching-Power-Sharpening/case_studies/logs-entropycut/mbpp/2026-09-21/vllm/dataset-mbpp.model-qwen3.5-9b.alpha4.0.steps100.blocks-1.prefetch-budget-20.rank-accept_first.cut-entropy4.0.samples20.maxnew1024.seed10086.subtreePrefetch.vllm.log,340,5,21,0.3817520291441916
/Users/jiangnanhugo/workspace/power-sharpening/Subtree-Prefetching-Power-Sharpening/case_studies/logs-entropycut/mbpp/2026-09-21/vllm/dataset-mbpp.model-qwen3.5-9b.alpha4.0.steps100.blocks-1.prefetch-budget-20.rank-accept_first.cut-entropy4.0.samples20.maxnew1024.seed10086.subtreePrefetch.vllm.log,340,6,21,0.3817520291441916
/Users/jiangnanhugo/workspace/power-sharpening/Subtree-Prefetching-Power-Sharpening/case_studies/logs-entropycut/mbpp/2026-09-21/vllm/dataset-mbpp.model-qwen3.5-9b.alpha4.0.steps100.blocks-1.prefetch-budget-20.rank-accept_first.cut-entropy4.0.samples20.maxnew1024.seed10086.subtreePrefetch.vllm.log,340,7,322,0.02907200678634512
/Users/jiangnanhugo/workspace/power-sharpening/Subtree-Prefetching-Power-Sharpening/case_studies/logs-entropycut/mbpp/2026-09-21/vllm/dataset-mbpp.model-qwen3.5-9b.alpha4.0.steps100.blocks-1.prefetch-budget-20.rank-accept_first.cut-entropy4.0.samples20.maxnew1024.seed10086.subtreePrefetch.vllm.log,340,8,78,0.023694475957423487
/Users/jiangnanhugo/workspace/power-sharpening/Subtree-Prefetching-Power-Sharpening/case_studies/logs-entropycut/mbpp/2026-09-21/vllm/dataset-mbpp.model-qwen3.5-9b.alpha4.0.steps100.blocks-1.prefetch-budget-20.rank-accept_first.cut-entropy4.0.samples20.maxnew1024.seed10086.subtreePrefetch.vllm.log,340,9,137,0.0578460820978459
/Users/jiangnanhugo/workspace/power-sharpening/Subtree-Prefetching-Power-Sharpening/case_studies/logs-entropycut/mbpp/2026-09-21/vllm/dataset-mbpp.model-qwen3.5-9b.alpha4.0.steps100.blocks-1.prefetch-budget-20.rank-accept_first.cut-entropy4.0.samples20.maxnew1024.seed10086.subtreePrefetch.vllm.log,340,10,21,0.3817520291441916
/Users/jiangnanhugo/workspace/power-sharpening/Subtree-Prefetching-Power-Sharpening/case_studies/logs-entropycut/mbpp/2026-09-21/vllm/dataset-mbpp.model-qwen3.5-9b.alpha4.0.steps100.blocks-1.prefetch-budget-20.rank-accept_first.cut-entropy4.0.samples20.maxnew1024.seed10086.subtreePrefetch.vllm.log,340,11,21,0.3817520291441916
/Users/jiangnanhugo/workspace/power-sharpening/Subtree-Prefetching-Power-Sharpening/case_studies/logs-entropycut/mbpp/2026-09-21/vllm/dataset-mbpp.model-qwen3.5-9b.alpha4.0.steps100.blocks-1.prefetch-budget-20.rank-accept_first.cut-entropy4.0.samples20.maxnew1024.seed10086.subtreePrefetch.vllm.log,340,12,21,0.3817520291441916
/Users/jiangnanhugo/workspace/power-sharpening/Subtree-Prefetching-Power-Sharpening/case_studies/logs-entropycut/mbpp/2026-09-21/vllm/dataset-mbpp.model-qwen3.5-9b.alpha4.0.steps100.blocks-1.prefetch-budget-20.rank-accept_first.cut-entropy4.0.samples20.maxnew1024.seed10086.subtreePrefetch.vllm.log,340,13,21,0.3817520291441916
/Users/jiangnanhugo/workspace/power-sharpening/Subtree-Prefetching-Power-Sharpening/case_studies/logs-entropycut/mbpp/2026-09-21/vllm/dataset-mbpp.model-qwen3.5-9b.alpha4.0.steps100.blocks-1.prefetch-budget-20.rank-accept_first.cut-entropy4.0.samples20.maxnew1024.seed10086.subtreePrefetch.vllm.log,340,14,21,0.3817520291441916
/Users/jiangnanhugo/workspace/power-sharpening/Subtree-Prefetching-Power-Sharpening/case_studies/logs-entropycut/mbpp/2026-09-21/vllm/dataset-mbpp.model-qwen3.5-9b.alpha4.0.steps100.blocks-1.prefetch-budget-20.rank-accept_first.cut-entropy4.0.samples20.maxnew1024.seed10086.subtreePrefetch.vllm.log,340,15,2,0.016791614400884752
/Users/jiangnanhugo/workspace/power-sharpening/Subtree-Prefetching-Power-Sharpening/case_studies/logs-entropycut/mbpp/2026-09-21/vllm/dataset-mbpp.model-qwen3.5-9b.alpha4.0.steps100.blocks-1.prefetch-budget-20.rank-accept_first.cut-entropy4.0.samples20.maxnew1024.seed10086.subtreePrefetch.vllm.log,340,16,21,0.3817520291441916
/Users/jiangnanhugo/workspace/power-sharpening/Subtree-Prefetching-Power-Sharpening/case_studies/logs-entropycut/mbpp/2026-09-21/vllm/dataset-mbpp.model-qwen3.5-9b.alpha4.0.steps100.blocks-1.prefetch-budget-20.rank-accept_first.cut-entropy4.0.samples20.maxnew1024.seed10086.subtreePrefetch.vllm.log,340,17,21,0.3817520291441916
/Users/jiangnanhugo/workspace/power-sharpening/Subtree-Prefetching-Power-Sharpening/case_studies/logs-entropycut/mbpp/2026-09-21/vllm/dataset-mbpp.model-qwen3.5-9b.alpha4.0.steps100.blocks-1.prefetch-budget-20.rank-accept_first.cut-entropy4.0.samples20.maxnew1024.seed10086.subtreePrefetch.vllm.log,340,18,21,0.3817520291441916
/Users/jiangnanhugo/workspace/power-sharpening/Subtree-Prefetching-Power-Sharpening/case_studies/logs-entropycut/mbpp/2026-09-21/vllm/dataset-mbpp.model-qwen3.5-9b.alpha4.0.steps100.blocks-1.prefetch-budget-20.rank-accept_first.cut-entropy4.0.samples20.maxnew1024.seed10086.subtreePrefetch.vllm.log,340,19,2,0.016791614400884752
/Users/jiangnanhugo/workspace/power-sharpening/Subtree-Prefetching-Power-Sharpening/case_studies/logs-entropycut/mbpp/2026-09-21/vllm/dataset-mbpp.model-qwen3.5-9b.alpha4.0.steps100.blocks-1.prefetch-budget-20.rank-accept_first.cut-entropy4.0.samples20.maxnew1024.seed10086.subtreePrefetch.vllm.log,341,0,137,0.0580311638688447
/Users/jiangnanhugo/workspace/power-sharpening/Subtree-Prefetching-Power-Sharpening/case_studies/logs-entropycut/mbpp/2026-09-21/vllm/dataset-mbpp.model-qwen3.5-9b.alpha4.0.steps100.blocks-1.prefetch-budget-20.rank-accept_first.cut-entropy4.0.samples20.maxnew1024.seed10086.subtreePrefetch.vllm.log,341,1,21,0.3829734660864011
/Users/jiangnanhugo/workspace/power-sharpening/Subtree-Prefetching-Power-Sharpening/case_studies/logs-entropycut/mbpp/2026-09-21/vllm/dataset-mbpp.model-qwen3.5-9b.alpha4.0.steps100.blocks-1.prefetch-budget-20.rank-accept_first.cut-entropy4.0.samples20.maxnew1024.seed10086.subtreePrefetch.vllm.log,341,2,119,0.06967066047070383
/Users/jiangnanhugo/workspace/power-sharpening/Subtree-Prefetching-Power-Sharpening/case_studies/logs-entropycut/mbpp/2026-09-21/vllm/dataset-mbpp.model-qwen3.5-9b.alpha4.0.steps100.blocks-1.prefetch-budget-20.rank-accept_first.cut-entropy4.0.samples20.maxnew1024.seed10086.subtreePrefetch.vllm.log,341,3,137,0.0580311638688447
/Users/jiangnanhugo/workspace/power-sharpening/Subtree-Prefetching-Power-Sharpening/case_studies/logs-entropycut/mbpp/2026-09-21/vllm/dataset-mbpp.model-qwen3.5-9b.alpha4.0.steps100.blocks-1.prefetch-budget-20.rank-accept_first.cut-entropy4.0.samples20.maxnew1024.seed10086.subtreePrefetch.vllm.log,341,4,21,0.3829734660864011
/Users/jiangnanhugo/workspace/power-sharpening/Subtree-Prefetching-Power-Sharpening/case_studies/logs-entropycut/mbpp/2026-09-21/vllm/dataset-mbpp.model-qwen3.5-9b.alpha4.0.steps100.blocks-1.prefetch-budget-20.rank-accept_first.cut-entropy4.0.samples20.maxnew1024.seed10086.subtreePrefetch.vllm.log,341,5,137,0.0580311638688447
/Users/jiangnanhugo/workspace/power-sharpening/Subtree-Prefetching-Power-Sharpening/case_studies/logs-entropycut/mbpp/2026-09-21/vllm/dataset-mbpp.model-qwen3.5-9b.alpha4.0.steps100.blocks-1.prefetch-budget-20.rank-accept_first.cut-entropy4.0.samples20.maxnew1024.seed10086.subtreePrefetch.vllm.log,341,6,21,0.3829734660864011
/Users/jiangnanhugo/workspace/power-sharpening/Subtree-Prefetching-Power-Sharpening/case_studies/logs-entropycut/mbpp/2026-09-21/vllm/dataset-mbpp.model-qwen3.5-9b.alpha4.0.steps100.blocks-1.prefetch-budget-20.rank-accept_first.cut-entropy4.0.samples20.maxnew1024.seed10086.subtreePrefetch.vllm.log,341,7,21,0.3829734660864011
/Users/jiangnanhugo/workspace/power-sharpening/Subtree-Prefetching-Power-Sharpening/case_studies/logs-entropycut/mbpp/2026-09-21/vllm/dataset-mbpp.model-qwen3.5-9b.alpha4.0.steps100.blocks-1.prefetch-budget-20.rank-accept_first.cut-entropy4.0.samples20.maxnew1024.seed10086.subtreePrefetch.vllm.log,341,8,137,0.0580311638688447
/Users/jiangnanhugo/workspace/power-sharpening/Subtree-Prefetching-Power-Sharpening/case_studies/logs-entropycut/mbpp/2026-09-21/vllm/dataset-mbpp.model-qwen3.5-9b.alpha4.0.steps100.blocks-1.prefetch-budget-20.rank-accept_first.cut-entropy4.0.samples20.maxnew1024.seed10086.subtreePrefetch.vllm.log,341,9,21,0.3829734660864011
/Users/jiangnanhugo/workspace/power-sharpening/Subtree-Prefetching-Power-Sharpening/case_studies/logs-entropycut/mbpp/2026-09-21/vllm/dataset-mbpp.model-qwen3.5-9b.alpha4.0.steps100.blocks-1.prefetch-budget-20.rank-accept_first.cut-entropy4.0.samples20.maxnew1024.seed10086.subtreePrefetch.vllm.log,341,10,21,0.3829734660864011
/Users/jiangnanhugo/workspace/power-sharpening/Subtree-Prefetching-Power-Sharpening/case_studies/logs-entropycut/mbpp/2026-09-21/vllm/dataset-mbpp.model-qwen3.5-9b.alpha4.0.steps100.blocks-1.prefetch-budget-20.rank-accept_first.cut-entropy4.0.samples20.maxnew1024.seed10086.subtreePrefetch.vllm.log,341,11,21,0.3829734660864011
/Users/jiangnanhugo/workspace/power-sharpening/Subtree-Prefetching-Power-Sharpening/case_studies/logs-entropycut/mbpp/2026-09-21/vllm/dataset-mbpp.model-qwen3.5-9b.alpha4.0.steps100.blocks-1.prefetch-budget-20.rank-accept_first.cut-entropy4.0.samples20.maxnew1024.seed10086.subtreePrefetch.vllm.log,341,12,119,0.06967066047070383
/Users/jiangnanhugo/workspace/power-sharpening/Subtree-Prefetching-Power-Sharpening/case_studies/logs-entropycut/mbpp/2026-09-21/vllm/dataset-mbpp.model-qwen3.5-9b.alpha4.0.steps100.blocks-1.prefetch-budget-20.rank-accept_first.cut-entropy4.0.samples20.maxnew1024.seed10086.subtreePrefetch.vllm.log,341,13,21,0.3829734660864011
/Users/jiangnanhugo/workspace/power-sharpening/Subtree-Prefetching-Power-Sharpening/case_studies/logs-entropycut/mbpp/2026-09-21/vllm/dataset-mbpp.model-qwen3.5-9b.alpha4.0.steps100.blocks-1.prefetch-budget-20.rank-accept_first.cut-entropy4.0.samples20.maxnew1024.seed10086.subtreePrefetch.vllm.log,341,14,21,0.3829734660864011
/Users/jiangnanhugo/workspace/power-sharpening/Subtree-Prefetching-Power-Sharpening/case_studies/logs-entropycut/mbpp/2026-09-21/vllm/dataset-mbpp.model-qwen3.5-9b.alpha4.0.steps100.blocks-1.prefetch-budget-20.rank-accept_first.cut-entropy4.0.samples20.maxnew1024.seed10086.subtreePrefetch.vllm.log,341,15,21,0.3829734660864011
/Users/jiangnanhugo/workspace/power-sharpening/Subtree-Prefetching-Power-Sharpening/case_studies/logs-entropycut/mbpp/2026-09-21/vllm/dataset-mbpp.model-qwen3.5-9b.alpha4.0.steps100.blocks-1.prefetch-budget-20.rank-accept_first.cut-entropy4.0.samples20.maxnew1024.seed10086.subtreePrefetch.vllm.log,341,16,21,0.3829734660864011
/Users/jiangnanhugo/workspace/power-sharpening/Subtree-Prefetching-Power-Sharpening/case_studies/logs-entropycut/mbpp/2026-09-21/vllm/dataset-mbpp.model-qwen3.5-9b.alpha4.0.steps100.blocks-1.prefetch-budget-20.rank-accept_first.cut-entropy4.0.samples20.maxnew1024.seed10086.subtreePrefetch.vllm.log,341,17,21,0.3829734660864011
/Users/jiangnanhugo/workspace/power-sharpening/Subtree-Prefetching-Power-Sharpening/case_studies/logs-entropycut/mbpp/2026-09-21/vllm/dataset-mbpp.model-qwen3.5-9b.alpha4.0.steps100.blocks-1.prefetch-budget-20.rank-accept_first.cut-entropy4.0.samples20.maxnew1024.seed10086.subtreePrefetch.vllm.log,341,18,21,0.3829734660864011
/Users/jiangnanhugo/workspace/power-sharpening/Subtree-Prefetching-Power-Sharpening/case_studies/logs-entropycut/mbpp/2026-09-21/vllm/dataset-mbpp.model-qwen3.5-9b.alpha4.0.steps100.blocks-1.prefetch-budget-20.rank-accept_first.cut-entropy4.0.samples20.maxnew1024.seed10086.subtreePrefetch.vllm.log,341,19,137,0.0580311638688447
/Users/jiangnanhugo/workspace/power-sharpening/Subtree-Prefetching-Power-Sharpening/case_studies/logs-entropycut/mbpp/2026-09-21/vllm/dataset-mbpp.model-qwen3.5-9b.alpha4.0.steps100.blocks-1.prefetch-budget-20.rank-accept_first.cut-entropy4.0.samples20.maxnew1024.seed10086.subtreePrefetch.vllm.log,342,0,248,0.006462424190174208
/Users/jiangnanhugo/workspace/power-sharpening/Subtree-Prefetching-Power-Sharpening/case_studies/logs-entropycut/mbpp/2026-09-21/vllm/dataset-mbpp.model-qwen3.5-9b.alpha4.0.steps100.blocks-1.prefetch-budget-20.rank-accept_first.cut-entropy4.0.samples20.maxnew1024.seed10086.subtreePrefetch.vllm.log,342,1,21,0.3817520291442152
/Users/jiangnanhugo/workspace/power-sharpening/Subtree-Prefetching-Power-Sharpening/case_studies/logs-entropycut/mbpp/2026-09-21/vllm/dataset-mbpp.model-qwen3.5-9b.alpha4.0.steps100.blocks-1.prefetch-budget-20.rank-accept_first.cut-entropy4.0.samples20.maxnew1024.seed10086.subtreePrefetch.vllm.log,342,2,21,0.3817520291442152
/Users/jiangnanhugo/workspace/power-sharpening/Subtree-Prefetching-Power-Sharpening/case_studies/logs-entropycut/mbpp/2026-09-21/vllm/dataset-mbpp.model-qwen3.5-9b.alpha4.0.steps100.blocks-1.prefetch-budget-20.rank-accept_first.cut-entropy4.0.samples20.maxnew1024.seed10086.subtreePrefetch.vllm.log,342,3,21,0.3817520291442152
/Users/jiangnanhugo/workspace/power-sharpening/Subtree-Prefetching-Power-Sharpening/case_studies/logs-entropycut/mbpp/2026-09-21/vllm/dataset-mbpp.model-qwen3.5-9b.alpha4.0.steps100.blocks-1.prefetch-budget-20.rank-accept_first.cut-entropy4.0.samples20.maxnew1024.seed10086.subtreePrefetch.vllm.log,342,4,21,0.3817520291442152
/Users/jiangnanhugo/workspace/power-sharpening/Subtree-Prefetching-Power-Sharpening/case_studies/logs-entropycut/mbpp/2026-09-21/vllm/dataset-mbpp.model-qwen3.5-9b.alpha4.0.steps100.blocks-1.prefetch-budget-20.rank-accept_first.cut-entropy4.0.samples20.maxnew1024.seed10086.subtreePrefetch.vllm.log,342,5,21,0.3817520291442152
/Users/jiangnanhugo/workspace/power-sharpening/Subtree-Prefetching-Power-Sharpening/case_studies/logs-entropycut/mbpp/2026-09-21/vllm/dataset-mbpp.model-qwen3.5-9b.alpha4.0.steps100.blocks-1.prefetch-budget-20.rank-accept_first.cut-entropy4.0.samples20.maxnew1024.seed10086.subtreePrefetch.vllm.log,342,6,21,0.3817520291442152
/Users/jiangnanhugo/workspace/power-sharpening/Subtree-Prefetching-Power-Sharpening/case_studies/logs-entropycut/mbpp/2026-09-21/vllm/dataset-mbpp.model-qwen3.5-9b.alpha4.0.steps100.blocks-1.prefetch-budget-20.rank-accept_first.cut-entropy4.0.samples20.maxnew1024.seed10086.subtreePrefetch.vllm.log,342,7,21,0.3817520291442152
/Users/jiangnanhugo/workspace/power-sharpening/Subtree-Prefetching-Power-Sharpening/case_studies/logs-entropycut/mbpp/2026-09-21/vllm/dataset-mbpp.model-qwen3.5-9b.alpha4.0.steps100.blocks-1.prefetch-budget-20.rank-accept_first.cut-entropy4.0.samples20.maxnew1024.seed10086.subtreePrefetch.vllm.log,342,8,21,0.3817520291442152
/Users/jiangnanhugo/workspace/power-sharpening/Subtree-Prefetching-Power-Sharpening/case_studies/logs-entropycut/mbpp/2026-09-21/vllm/dataset-mbpp.model-qwen3.5-9b.alpha4.0.steps100.blocks-1.prefetch-budget-20.rank-accept_first.cut-entropy4.0.samples20.maxnew1024.seed10086.subtreePrefetch.vllm.log,342,9,21,0.3817520291442152
/Users/jiangnanhugo/workspace/power-sharpening/Subtree-Prefetching-Power-Sharpening/case_studies/logs-entropycut/mbpp/2026-09-21/vllm/dataset-mbpp.model-qwen3.5-9b.alpha4.0.steps100.blocks-1.prefetch-budget-20.rank-accept_first.cut-entropy4.0.samples20.maxnew1024.seed10086.subtreePrefetch.vllm.log,342,10,2,0.01679161440088579
/Users/jiangnanhugo/workspace/power-sharpening/Subtree-Prefetching-Power-Sharpening/case_studies/logs-entropycut/mbpp/2026-09-21/vllm/dataset-mbpp.model-qwen3.5-9b.alpha4.0.steps100.blocks-1.prefetch-budget-20.rank-accept_first.cut-entropy4.0.samples20.maxnew1024.seed10086.subtreePrefetch.vllm.log,342,11,21,0.3817520291442152
/Users/jiangnanhugo/workspace/power-sharpening/Subtree-Prefetching-Power-Sharpening/case_studies/logs-entropycut/mbpp/2026-09-21/vllm/dataset-mbpp.model-qwen3.5-9b.alpha4.0.steps100.blocks-1.prefetch-budget-20.rank-accept_first.cut-entropy4.0.samples20.maxnew1024.seed10086.subtreePrefetch.vllm.log,342,12,119,0.06944845625547443
/Users/jiangnanhugo/workspace/power-sharpening/Subtree-Prefetching-Power-Sharpening/case_studies/logs-entropycut/mbpp/2026-09-21/vllm/dataset-mbpp.model-qwen3.5-9b.alpha4.0.steps100.blocks-1.prefetch-budget-20.rank-accept_first.cut-entropy4.0.samples20.maxnew1024.seed10086.subtreePrefetch.vllm.log,342,13,21,0.3817520291442152
/Users/jiangnanhugo/workspace/power-sharpening/Subtree-Prefetching-Power-Sharpening/case_studies/logs-entropycut/mbpp/2026-09-21/vllm/dataset-mbpp.model-qwen3.5-9b.alpha4.0.steps100.blocks-1.prefetch-budget-20.rank-accept_first.cut-entropy4.0.samples20.maxnew1024.seed10086.subtreePrefetch.vllm.log,342,14,21,0.3817520291442152
/Users/jiangnanhugo/workspace/power-sharpening/Subtree-Prefetching-Power-Sharpening/case_studies/logs-entropycut/mbpp/2026-09-21/vllm/dataset-mbpp.model-qwen3.5-9b.alpha4.0.steps100.blocks-1.prefetch-budget-20.rank-accept_first.cut-entropy4.0.samples20.maxnew1024.seed10086.subtreePrefetch.vllm.log,342,15,21,0.3817520291442152
/Users/jiangnanhugo/workspace/power-sharpening/Subtree-Prefetching-Power-Sharpening/case_studies/logs-entropycut/mbpp/2026-09-21/vllm/dataset-mbpp.model-qwen3.5-9b.alpha4.0.steps100.blocks-1.prefetch-budget-20.rank-accept_first.cut-entropy4.0.samples20.maxnew1024.seed10086.subtreePrefetch.vllm.log,342,16,21,0.3817520291442152
/Users/jiangnanhugo/workspace/power-sharpening/Subtree-Prefetching-Power-Sharpening/case_studies/logs-entropycut/mbpp/2026-09-21/vllm/dataset-mbpp.model-qwen3.5-9b.alpha4.0.steps100.blocks-1.prefetch-budget-20.rank-accept_first.cut-entropy4.0.samples20.maxnew1024.seed10086.subtreePrefetch.vllm.log,342,17,21,0.3817520291442152
/Users/jiangnanhugo/workspace/power-sharpening/Subtree-Prefetching-Power-Sharpening/case_studies/logs-entropycut/mbpp/2026-09-21/vllm/dataset-mbpp.model-qwen3.5-9b.alpha4.0.steps100.blocks-1.prefetch-budget-20.rank-accept_first.cut-entropy4.0.samples20.maxnew1024.seed10086.subtreePrefetch.vllm.log,342,18,21,0.3817520291442152
/Users/jiangnanhugo/workspace/power-sharpening/Subtree-Prefetching-Power-Sharpening/case_studies/logs-entropycut/mbpp/2026-09-21/vllm/dataset-mbpp.model-qwen3.5-9b.alpha4.0.steps100.blocks-1.prefetch-budget-20.rank-accept_first.cut-entropy4.0.samples20.maxnew1024.seed10086.subtreePrefetch.vllm.log,342,19,20,0.002842976986836031
/Users/jiangnanhugo/workspace/power-sharpening/Subtree-Prefetching-Power-Sharpening/case_studies/logs-entropycut/mbpp/2026-09-21/vllm/dataset-mbpp.model-qwen3.5-9b.alpha4.0.steps100.blocks-1.prefetch-budget-20.rank-accept_first.cut-entropy4.0.samples20.maxnew1024.seed10086.subtreePrefetch.vllm.log,343,0,119,0.06944845625547443
/Users/jiangnanhugo/workspace/power-sharpening/Subtree-Prefetching-Power-Sharpening/case_studies/logs-entropycut/mbpp/2026-09-21/vllm/dataset-mbpp.model-qwen3.5-9b.alpha4.0.steps100.blocks-1.prefetch-budget-20.rank-accept_first.cut-entropy4.0.samples20.maxnew1024.seed10086.subtreePrefetch.vllm.log,343,1,21,0.3817520291442152
/Users/jiangnanhugo/workspace/power-sharpening/Subtree-Prefetching-Power-Sharpening/case_studies/logs-entropycut/mbpp/2026-09-21/vllm/dataset-mbpp.model-qwen3.5-9b.alpha4.0.steps100.blocks-1.prefetch-budget-20.rank-accept_first.cut-entropy4.0.samples20.maxnew1024.seed10086.subtreePrefetch.vllm.log,343,2,119,0.06944845625547443
/Users/jiangnanhugo/workspace/power-sharpening/Subtree-Prefetching-Power-Sharpening/case_studies/logs-entropycut/mbpp/2026-09-21/vllm/dataset-mbpp.model-qwen3.5-9b.alpha4.0.steps100.blocks-1.prefetch-budget-20.rank-accept_first.cut-entropy4.0.samples20.maxnew1024.seed10086.subtreePrefetch.vllm.log,343,3,21,0.3817520291442152
/Users/jiangnanhugo/workspace/power-sharpening/Subtree-Prefetching-Power-Sharpening/case_studies/logs-entropycut/mbpp/2026-09-21/vllm/dataset-mbpp.model-qwen3.5-9b.alpha4.0.steps100.blocks-1.prefetch-budget-20.rank-accept_first.cut-entropy4.0.samples20.maxnew1024.seed10086.subtreePrefetch.vllm.log,343,4,21,0.3817520291442152
/Users/jiangnanhugo/workspace/power-sharpening/Subtree-Prefetching-Power-Sharpening/case_studies/logs-entropycut/mbpp/2026-09-21/vllm/dataset-mbpp.model-qwen3.5-9b.alpha4.0.steps100.blocks-1.prefetch-budget-20.rank-accept_first.cut-entropy4.0.samples20.maxnew1024.seed10086.subtreePrefetch.vllm.log,343,5,21,0.3817520291442152
/Users/jiangnanhugo/workspace/power-sharpening/Subtree-Prefetching-Power-Sharpening/case_studies/logs-entropycut/mbpp/2026-09-21/vllm/dataset-mbpp.model-qwen3.5-9b.alpha4.0.steps100.blocks-1.prefetch-budget-20.rank-accept_first.cut-entropy4.0.samples20.maxnew1024.seed10086.subtreePrefetch.vllm.log,343,6,21,0.3817520291442152
/Users/jiangnanhugo/workspace/power-sharpening/Subtree-Prefetching-Power-Sharpening/case_studies/logs-entropycut/mbpp/2026-09-21/vllm/dataset-mbpp.model-qwen3.5-9b.alpha4.0.steps100.blocks-1.prefetch-budget-20.rank-accept_first.cut-entropy4.0.samples20.maxnew1024.seed10086.subtreePrefetch.vllm.log,343,7,530,0.021957404207095108
/Users/jiangnanhugo/workspace/power-sharpening/Subtree-Prefetching-Power-Sharpening/case_studies/logs-entropycut/mbpp/2026-09-21/vllm/dataset-mbpp.model-qwen3.5-9b.alpha4.0.steps100.blocks-1.prefetch-budget-20.rank-accept_first.cut-entropy4.0.samples20.maxnew1024.seed10086.subtreePrefetch.vllm.log,343,8,21,0.3817520291442152
/Users/jiangnanhugo/workspace/power-sharpening/Subtree-Prefetching-Power-Sharpening/case_studies/logs-entropycut/mbpp/2026-09-21/vllm/dataset-mbpp.model-qwen3.5-9b.alpha4.0.steps100.blocks-1.prefetch-budget-20.rank-accept_first.cut-entropy4.0.samples20.maxnew1024.seed10086.subtreePrefetch.vllm.log,343,9,21,0.3817520291442152
/Users/jiangnanhugo/workspace/power-sharpening/Subtree-Prefetching-Power-Sharpening/case_studies/logs-entropycut/mbpp/2026-09-21/vllm/dataset-mbpp.model-qwen3.5-9b.alpha4.0.steps100.blocks-1.prefetch-budget-20.rank-accept_first.cut-entropy4.0.samples20.maxnew1024.seed10086.subtreePrefetch.vllm.log,343,10,21,0.3817520291442152
/Users/jiangnanhugo/workspace/power-sharpening/Subtree-Prefetching-Power-Sharpening/case_studies/logs-entropycut/mbpp/2026-09-21/vllm/dataset-mbpp.model-qwen3.5-9b.alpha4.0.steps100.blocks-1.prefetch-budget-20.rank-accept_first.cut-entropy4.0.samples20.maxnew1024.seed10086.subtreePrefetch.vllm.log,343,11,21,0.3817520291442152
/Users/jiangnanhugo/workspace/power-sharpening/Subtree-Prefetching-Power-Sharpening/case_studies/logs-entropycut/mbpp/2026-09-21/vllm/dataset-mbpp.model-qwen3.5-9b.alpha4.0.steps100.blocks-1.prefetch-budget-20.rank-accept_first.cut-entropy4.0.samples20.maxnew1024.seed10086.subtreePrefetch.vllm.log,343,12,21,0.3817520291442152
/Users/jiangnanhugo/workspace/power-sharpening/Subtree-Prefetching-Power-Sharpening/case_studies/logs-entropycut/mbpp/2026-09-21/vllm/dataset-mbpp.model-qwen3.5-9b.alpha4.0.steps100.blocks-1.prefetch-budget-20.rank-accept_first.cut-entropy4.0.samples20.maxnew1024.seed10086.subtreePrefetch.vllm.log,343,13,101,0.00030775770744470235
/Users/jiangnanhugo/workspace/power-sharpening/Subtree-Prefetching-Power-Sharpening/case_studies/logs-entropycut/mbpp/2026-09-21/vllm/dataset-mbpp.model-qwen3.5-9b.alpha4.0.steps100.blocks-1.prefetch-budget-20.rank-accept_first.cut-entropy4.0.samples20.maxnew1024.seed10086.subtreePrefetch.vllm.log,343,14,21,0.3817520291442152
/Users/jiangnanhugo/workspace/power-sharpening/Subtree-Prefetching-Power-Sharpening/case_studies/logs-entropycut/mbpp/2026-09-21/vllm/dataset-mbpp.model-qwen3.5-9b.alpha4.0.steps100.blocks-1.prefetch-budget-20.rank-accept_first.cut-entropy4.0.samples20.maxnew1024.seed10086.subtreePrefetch.vllm.log,343,15,21,0.3817520291442152
/Users/jiangnanhugo/workspace/power-sharpening/Subtree-Prefetching-Power-Sharpening/case_studies/logs-entropycut/mbpp/2026-09-21/vllm/dataset-mbpp.model-qwen3.5-9b.alpha4.0.steps100.blocks-1.prefetch-budget-20.rank-accept_first.cut-entropy4.0.samples20.maxnew1024.seed10086.subtreePrefetch.vllm.log,343,16,21,0.3817520291442152
/Users/jiangnanhugo/workspace/power-sharpening/Subtree-Prefetching-Power-Sharpening/case_studies/logs-entropycut/mbpp/2026-09-21/vllm/dataset-mbpp.model-qwen3.5-9b.alpha4.0.steps100.blocks-1.prefetch-budget-20.rank-accept_first.cut-entropy4.0.samples20.maxnew1024.seed10086.subtreePrefetch.vllm.log,343,17,21,0.3817520291442152
/Users/jiangnanhugo/workspace/power-sharpening/Subtree-Prefetching-Power-Sharpening/case_studies/logs-entropycut/mbpp/2026-09-21/vllm/dataset-mbpp.model-qwen3.5-9b.alpha4.0.steps100.blocks-1.prefetch-budget-20.rank-accept_first.cut-entropy4.0.samples20.maxnew1024.seed10086.subtreePrefetch.vllm.log,343,18,21,0.3817520291442152
/Users/jiangnanhugo/workspace/power-sharpening/Subtree-Prefetching-Power-Sharpening/case_studies/logs-entropycut/mbpp/2026-09-21/vllm/dataset-mbpp.model-qwen3.5-9b.alpha4.0.steps100.blocks-1.prefetch-budget-20.rank-accept_first.cut-entropy4.0.samples20.maxnew1024.seed10086.subtreePrefetch.vllm.log,343,19,21,0.3817520291442152
/Users/jiangnanhugo/workspace/power-sharpening/Subtree-Prefetching-Power-Sharpening/case_studies/logs-entropycut/mbpp/2026-09-21/vllm/dataset-mbpp.model-qwen3.5-9b.alpha4.0.steps100.blocks-1.prefetch-budget-20.rank-accept_first.cut-entropy4.0.samples20.maxnew1024.seed10086.subtreePrefetch.vllm.log,344,0,21,0.3817520291442152
/Users/jiangnanhugo/workspace/power-sharpening/Subtree-Prefetching-Power-Sharpening/case_studies/logs-entropycut/mbpp/2026-09-21/vllm/dataset-mbpp.model-qwen3.5-9b.alpha4.0.steps100.blocks-1.prefetch-budget-20.rank-accept_first.cut-entropy4.0.samples20.maxnew1024.seed10086.subtreePrefetch.vllm.log,344,1,21,0.3817520291442152
/Users/jiangnanhugo/workspace/power-sharpening/Subtree-Prefetching-Power-Sharpening/case_studies/logs-entropycut/mbpp/2026-09-21/vllm/dataset-mbpp.model-qwen3.5-9b.alpha4.0.steps100.blocks-1.prefetch-budget-20.rank-accept_first.cut-entropy4.0.samples20.maxnew1024.seed10086.subtreePrefetch.vllm.log,344,2,21,0.3817520291442152
/Users/jiangnanhugo/workspace/power-sharpening/Subtree-Prefetching-Power-Sharpening/case_studies/logs-entropycut/mbpp/2026-09-21/vllm/dataset-mbpp.model-qwen3.5-9b.alpha4.0.steps100.blocks-1.prefetch-budget-20.rank-accept_first.cut-entropy4.0.samples20.maxnew1024.seed10086.subtreePrefetch.vllm.log,344,3,21,0.3817520291442152
/Users/jiangnanhugo/workspace/power-sharpening/Subtree-Prefetching-Power-Sharpening/case_studies/logs-entropycut/mbpp/2026-09-21/vllm/dataset-mbpp.model-qwen3.5-9b.alpha4.0.steps100.blocks-1.prefetch-budget-20.rank-accept_first.cut-entropy4.0.samples20.maxnew1024.seed10086.subtreePrefetch.vllm.log,344,4,20,0.002842976986836031
/Users/jiangnanhugo/workspace/power-sharpening/Subtree-Prefetching-Power-Sharpening/case_studies/logs-entropycut/mbpp/2026-09-21/vllm/dataset-mbpp.model-qwen3.5-9b.alpha4.0.steps100.blocks-1.prefetch-budget-20.rank-accept_first.cut-entropy4.0.samples20.maxnew1024.seed10086.subtreePrefetch.vllm.log,344,5,57,0.014595491517356602
/Users/jiangnanhugo/workspace/power-sharpening/Subtree-Prefetching-Power-Sharpening/case_studies/logs-entropycut/mbpp/2026-09-21/vllm/dataset-mbpp.model-qwen3.5-9b.alpha4.0.steps100.blocks-1.prefetch-budget-20.rank-accept_first.cut-entropy4.0.samples20.maxnew1024.seed10086.subtreePrefetch.vllm.log,344,6,21,0.3817520291442152
/Users/jiangnanhugo/workspace/power-sharpening/Subtree-Prefetching-Power-Sharpening/case_studies/logs-entropycut/mbpp/2026-09-21/vllm/dataset-mbpp.model-qwen3.5-9b.alpha4.0.steps100.blocks-1.prefetch-budget-20.rank-accept_first.cut-entropy4.0.samples20.maxnew1024.seed10086.subtreePrefetch.vllm.log,344,7,21,0.3817520291442152
/Users/jiangnanhugo/workspace/power-sharpening/Subtree-Prefetching-Power-Sharpening/case_studies/logs-entropycut/mbpp/2026-09-21/vllm/dataset-mbpp.model-qwen3.5-9b.alpha4.0.steps100.blocks-1.prefetch-budget-20.rank-accept_first.cut-entropy4.0.samples20.maxnew1024.seed10086.subtreePrefetch.vllm.log,344,8,221,0.13433104089916229
/Users/jiangnanhugo/workspace/power-sharpening/Subtree-Prefetching-Power-Sharpening/case_studies/logs-entropycut/mbpp/2026-09-21/vllm/dataset-mbpp.model-qwen3.5-9b.alpha4.0.steps100.blocks-1.prefetch-budget-20.rank-accept_first.cut-entropy4.0.samples20.maxnew1024.seed10086.subtreePrefetch.vllm.log,344,9,21,0.3817520291442152
/Users/jiangnanhugo/workspace/power-sharpening/Subtree-Prefetching-Power-Sharpening/case_studies/logs-entropycut/mbpp/2026-09-21/vllm/dataset-mbpp.model-qwen3.5-9b.alpha4.0.steps100.blocks-1.prefetch-budget-20.rank-accept_first.cut-entropy4.0.samples20.maxnew1024.seed10086.subtreePrefetch.vllm.log,344,10,21,0.3817520291442152
/Users/jiangnanhugo/workspace/power-sharpening/Subtree-Prefetching-Power-Sharpening/case_studies/logs-entropycut/mbpp/2026-09-21/vllm/dataset-mbpp.model-qwen3.5-9b.alpha4.0.steps100.blocks-1.prefetch-budget-20.rank-accept_first.cut-entropy4.0.samples20.maxnew1024.seed10086.subtreePrefetch.vllm.log,344,11,21,0.3817520291442152
/Users/jiangnanhugo/workspace/power-sharpening/Subtree-Prefetching-Power-Sharpening/case_studies/logs-entropycut/mbpp/2026-09-21/vllm/dataset-mbpp.model-qwen3.5-9b.alpha4.0.steps100.blocks-1.prefetch-budget-20.rank-accept_first.cut-entropy4.0.samples20.maxnew1024.seed10086.subtreePrefetch.vllm.log,344,12,21,0.3817520291442152
/Users/jiangnanhugo/workspace/power-sharpening/Subtree-Prefetching-Power-Sharpening/case_studies/logs-entropycut/mbpp/2026-09-21/vllm/dataset-mbpp.model-qwen3.5-9b.alpha4.0.steps100.blocks-1.prefetch-budget-20.rank-accept_first.cut-entropy4.0.samples20.maxnew1024.seed10086.subtreePrefetch.vllm.log,344,13,21,0.3817520291442152
/Users/jiangnanhugo/workspace/power-sharpening/Subtree-Prefetching-Power-Sharpening/case_studies/logs-entropycut/mbpp/2026-09-21/vllm/dataset-mbpp.model-qwen3.5-9b.alpha4.0.steps100.blocks-1.prefetch-budget-20.rank-accept_first.cut-entropy4.0.samples20.maxnew1024.seed10086.subtreePrefetch.vllm.log,344,14,21,0.3817520291442152
/Users/jiangnanhugo/workspace/power-sharpening/Subtree-Prefetching-Power-Sharpening/case_studies/logs-entropycut/mbpp/2026-09-21/vllm/dataset-mbpp.model-qwen3.5-9b.alpha4.0.steps100.blocks-1.prefetch-budget-20.rank-accept_first.cut-entropy4.0.samples20.maxnew1024.seed10086.subtreePrefetch.vllm.log,344,15,21,0.3817520291442152
/Users/jiangnanhugo/workspace/power-sharpening/Subtree-Prefetching-Power-Sharpening/case_studies/logs-entropycut/mbpp/2026-09-21/vllm/dataset-mbpp.model-qwen3.5-9b.alpha4.0.steps100.blocks-1.prefetch-budget-20.rank-accept_first.cut-entropy4.0.samples20.maxnew1024.seed10086.subtreePrefetch.vllm.log,344,16,21,0.3817520291442152
/Users/jiangnanhugo/workspace/power-sharpening/Subtree-Prefetching-Power-Sharpening/case_studies/logs-entropycut/mbpp/2026-09-21/vllm/dataset-mbpp.model-qwen3.5-9b.alpha4.0.steps100.blocks-1.prefetch-budget-20.rank-accept_first.cut-entropy4.0.samples20.maxnew1024.seed10086.subtreePrefetch.vllm.log,344,17,21,0.3817520291442152
/Users/jiangnanhugo/workspace/power-sharpening/Subtree-Prefetching-Power-Sharpening/case_studies/logs-entropycut/mbpp/2026-09-21/vllm/dataset-mbpp.model-qwen3.5-9b.alpha4.0.steps100.blocks-1.prefetch-budget-20.rank-accept_first.cut-entropy4.0.samples20.maxnew1024.seed10086.subtreePrefetch.vllm.log,344,18,21,0.3817520291442152
/Users/jiangnanhugo/workspace/power-sharpening/Subtree-Prefetching-Power-Sharpening/case_studies/logs-entropycut/mbpp/2026-09-21/vllm/dataset-mbpp.model-qwen3.5-9b.alpha4.0.steps100.blocks-1.prefetch-budget-20.rank-accept_first.cut-entropy4.0.samples20.maxnew1024.seed10086.subtreePrefetch.vllm.log,344,19,21,0.3817520291442152
/Users/jiangnanhugo/workspace/power-sharpening/Subtree-Prefetching-Power-Sharpening/case_studies/logs-entropycut/mbpp/2026-09-21/vllm/dataset-mbpp.model-qwen3.5-9b.alpha4.0.steps100.blocks-1.prefetch-budget-20.rank-accept_first.cut-entropy4.0.samples20.maxnew1024.seed10086.subtreePrefetch.vllm.log,345,0,21,0.3817520291442152
/Users/jiangnanhugo/workspace/power-sharpening/Subtree-Prefetching-Power-Sharpening/case_studies/logs-entropycut/mbpp/2026-09-21/vllm/dataset-mbpp.model-qwen3.5-9b.alpha4.0.steps100.blocks-1.prefetch-budget-20.rank-accept_first.cut-entropy4.0.samples20.maxnew1024.seed10086.subtreePrefetch.vllm.log,345,1,250,0.011512655596512412
/Users/jiangnanhugo/workspace/power-sharpening/Subtree-Prefetching-Power-Sharpening/case_studies/logs-entropycut/mbpp/2026-09-21/vllm/dataset-mbpp.model-qwen3.5-9b.alpha4.0.steps100.blocks-1.prefetch-budget-20.rank-accept_first.cut-entropy4.0.samples20.maxnew1024.seed10086.subtreePrefetch.vllm.log,345,2,21,0.3817520291442152
/Users/jiangnanhugo/workspace/power-sharpening/Subtree-Prefetching-Power-Sharpening/case_studies/logs-entropycut/mbpp/2026-09-21/vllm/dataset-mbpp.model-qwen3.5-9b.alpha4.0.steps100.blocks-1.prefetch-budget-20.rank-accept_first.cut-entropy4.0.samples20.maxnew1024.seed10086.subtreePrefetch.vllm.log,345,3,21,0.3817520291442152
/Users/jiangnanhugo/workspace/power-sharpening/Subtree-Prefetching-Power-Sharpening/case_studies/logs-entropycut/mbpp/2026-09-21/vllm/dataset-mbpp.model-qwen3.5-9b.alpha4.0.steps100.blocks-1.prefetch-budget-20.rank-accept_first.cut-entropy4.0.samples20.maxnew1024.seed10086.subtreePrefetch.vllm.log,345,4,21,0.3817520291442152
/Users/jiangnanhugo/workspace/power-sharpening/Subtree-Prefetching-Power-Sharpening/case_studies/logs-entropycut/mbpp/2026-09-21/vllm/dataset-mbpp.model-qwen3.5-9b.alpha4.0.steps100.blocks-1.prefetch-budget-20.rank-accept_first.cut-entropy4.0.samples20.maxnew1024.seed10086.subtreePrefetch.vllm.log,345,5,119,0.06944845625547443
/Users/jiangnanhugo/workspace/power-sharpening/Subtree-Prefetching-Power-Sharpening/case_studies/logs-entropycut/mbpp/2026-09-21/vllm/dataset-mbpp.model-qwen3.5-9b.alpha4.0.steps100.blocks-1.prefetch-budget-20.rank-accept_first.cut-entropy4.0.samples20.maxnew1024.seed10086.subtreePrefetch.vllm.log,345,6,21,0.3817520291442152
/Users/jiangnanhugo/workspace/power-sharpening/Subtree-Prefetching-Power-Sharpening/case_studies/logs-entropycut/mbpp/2026-09-21/vllm/dataset-mbpp.model-qwen3.5-9b.alpha4.0.steps100.blocks-1.prefetch-budget-20.rank-accept_first.cut-entropy4.0.samples20.maxnew1024.seed10086.subtreePrefetch.vllm.log,345,7,60,0.00010262845686688633
/Users/jiangnanhugo/workspace/power-sharpening/Subtree-Prefetching-Power-Sharpening/case_studies/logs-entropycut/mbpp/2026-09-21/vllm/dataset-mbpp.model-qwen3.5-9b.alpha4.0.steps100.blocks-1.prefetch-budget-20.rank-accept_first.cut-entropy4.0.samples20.maxnew1024.seed10086.subtreePrefetch.vllm.log,345,8,21,0.3817520291442152
/Users/jiangnanhugo/workspace/power-sharpening/Subtree-Prefetching-Power-Sharpening/case_studies/logs-entropycut/mbpp/2026-09-21/vllm/dataset-mbpp.model-qwen3.5-9b.alpha4.0.steps100.blocks-1.prefetch-budget-20.rank-accept_first.cut-entropy4.0.samples20.maxnew1024.seed10086.subtreePrefetch.vllm.log,345,9,21,0.3817520291442152
/Users/jiangnanhugo/workspace/power-sharpening/Subtree-Prefetching-Power-Sharpening/case_studies/logs-entropycut/mbpp/2026-09-21/vllm/dataset-mbpp.model-qwen3.5-9b.alpha4.0.steps100.blocks-1.prefetch-budget-20.rank-accept_first.cut-entropy4.0.samples20.maxnew1024.seed10086.subtreePrefetch.vllm.log,345,10,39,0.0047614746161285405
/Users/jiangnanhugo/workspace/power-sharpening/Subtree-Prefetching-Power-Sharpening/case_studies/logs-entropycut/mbpp/2026-09-21/vllm/dataset-mbpp.model-qwen3.5-9b.alpha4.0.steps100.blocks-1.prefetch-budget-20.rank-accept_first.cut-entropy4.0.samples20.maxnew1024.seed10086.subtreePrefetch.vllm.log,345,11,21,0.3817520291442152
/Users/jiangnanhugo/workspace/power-sharpening/Subtree-Prefetching-Power-Sharpening/case_studies/logs-entropycut/mbpp/2026-09-21/vllm/dataset-mbpp.model-qwen3.5-9b.alpha4.0.steps100.blocks-1.prefetch-budget-20.rank-accept_first.cut-entropy4.0.samples20.maxnew1024.seed10086.subtreePrefetch.vllm.log,345,12,322,0.029072006786346912
/Users/jiangnanhugo/workspace/power-sharpening/Subtree-Prefetching-Power-Sharpening/case_studies/logs-entropycut/mbpp/2026-09-21/vllm/dataset-mbpp.model-qwen3.5-9b.alpha4.0.steps100.blocks-1.prefetch-budget-20.rank-accept_first.cut-entropy4.0.samples20.maxnew1024.seed10086.subtreePrefetch.vllm.log,345,13,21,0.3817520291442152
/Users/jiangnanhugo/workspace/power-sharpening/Subtree-Prefetching-Power-Sharpening/case_studies/logs-entropycut/mbpp/2026-09-21/vllm/dataset-mbpp.model-qwen3.5-9b.alpha4.0.steps100.blocks-1.prefetch-budget-20.rank-accept_first.cut-entropy4.0.samples20.maxnew1024.seed10086.subtreePrefetch.vllm.log,345,14,21,0.3817520291442152
/Users/jiangnanhugo/workspace/power-sharpening/Subtree-Prefetching-Power-Sharpening/case_studies/logs-entropycut/mbpp/2026-09-21/vllm/dataset-mbpp.model-qwen3.5-9b.alpha4.0.steps100.blocks-1.prefetch-budget-20.rank-accept_first.cut-entropy4.0.samples20.maxnew1024.seed10086.subtreePrefetch.vllm.log,345,15,21,0.3817520291442152
/Users/jiangnanhugo/workspace/power-sharpening/Subtree-Prefetching-Power-Sharpening/case_studies/logs-entropycut/mbpp/2026-09-21/vllm/dataset-mbpp.model-qwen3.5-9b.alpha4.0.steps100.blocks-1.prefetch-budget-20.rank-accept_first.cut-entropy4.0.samples20.maxnew1024.seed10086.subtreePrefetch.vllm.log,345,16,21,0.3817520291442152
/Users/jiangnanhugo/workspace/power-sharpening/Subtree-Prefetching-Power-Sharpening/case_studies/logs-entropycut/mbpp/2026-09-21/vllm/dataset-mbpp.model-qwen3.5-9b.alpha4.0.steps100.blocks-1.prefetch-budget-20.rank-accept_first.cut-entropy4.0.samples20.maxnew1024.seed10086.subtreePrefetch.vllm.log,345,17,21,0.3817520291442152
/Users/jiangnanhugo/workspace/power-sharpening/Subtree-Prefetching-Power-Sharpening/case_studies/logs-entropycut/mbpp/2026-09-21/vllm/dataset-mbpp.model-qwen3.5-9b.alpha4.0.steps100.blocks-1.prefetch-budget-20.rank-accept_first.cut-entropy4.0.samples20.maxnew1024.seed10086.subtreePrefetch.vllm.log,345,18,21,0.3817520291442152
/Users/jiangnanhugo/workspace/power-sharpening/Subtree-Prefetching-Power-Sharpening/case_studies/logs-entropycut/mbpp/2026-09-21/vllm/dataset-mbpp.model-qwen3.5-9b.alpha4.0.steps100.blocks-1.prefetch-budget-20.rank-accept_first.cut-entropy4.0.samples20.maxnew1024.seed10086.subtreePrefetch.vllm.log,345,19,21,0.3817520291442152
/Users/jiangnanhugo/workspace/power-sharpening/Subtree-Prefetching-Power-Sharpening/case_studies/logs-entropycut/mbpp/2026-09-21/vllm/dataset-mbpp.model-qwen3.5-9b.alpha4.0.steps100.blocks-1.prefetch-budget-20.rank-accept_first.cut-entropy4.0.samples20.maxnew1024.seed10086.subtreePrefetch.vllm.log,346,0,2,0.01679161440088579
/Users/jiangnanhugo/workspace/power-sharpening/Subtree-Prefetching-Power-Sharpening/case_studies/logs-entropycut/mbpp/2026-09-21/vllm/dataset-mbpp.model-qwen3.5-9b.alpha4.0.steps100.blocks-1.prefetch-budget-20.rank-accept_first.cut-entropy4.0.samples20.maxnew1024.seed10086.subtreePrefetch.vllm.log,346,1,21,0.3817520291442152
/Users/jiangnanhugo/workspace/power-sharpening/Subtree-Prefetching-Power-Sharpening/case_studies/logs-entropycut/mbpp/2026-09-21/vllm/dataset-mbpp.model-qwen3.5-9b.alpha4.0.steps100.blocks-1.prefetch-budget-20.rank-accept_first.cut-entropy4.0.samples20.maxnew1024.seed10086.subtreePrefetch.vllm.log,346,2,21,0.3817520291442152
/Users/jiangnanhugo/workspace/power-sharpening/Subtree-Prefetching-Power-Sharpening/case_studies/logs-entropycut/mbpp/2026-09-21/vllm/dataset-mbpp.model-qwen3.5-9b.alpha4.0.steps100.blocks-1.prefetch-budget-20.rank-accept_first.cut-entropy4.0.samples20.maxnew1024.seed10086.subtreePrefetch.vllm.log,346,3,509,0.0266206130244808
/Users/jiangnanhugo/workspace/power-sharpening/Subtree-Prefetching-Power-Sharpening/case_studies/logs-entropycut/mbpp/2026-09-21/vllm/dataset-mbpp.model-qwen3.5-9b.alpha4.0.steps100.blocks-1.prefetch-budget-20.rank-accept_first.cut-entropy4.0.samples20.maxnew1024.seed10086.subtreePrefetch.vllm.log,346,4,21,0.3817520291442152
/Users/jiangnanhugo/workspace/power-sharpening/Subtree-Prefetching-Power-Sharpening/case_studies/logs-entropycut/mbpp/2026-09-21/vllm/dataset-mbpp.model-qwen3.5-9b.alpha4.0.steps100.blocks-1.prefetch-budget-20.rank-accept_first.cut-entropy4.0.samples20.maxnew1024.seed10086.subtreePrefetch.vllm.log,346,5,221,0.13433104089916229
/Users/jiangnanhugo/workspace/power-sharpening/Subtree-Prefetching-Power-Sharpening/case_studies/logs-entropycut/mbpp/2026-09-21/vllm/dataset-mbpp.model-qwen3.5-9b.alpha4.0.steps100.blocks-1.prefetch-budget-20.rank-accept_first.cut-entropy4.0.samples20.maxnew1024.seed10086.subtreePrefetch.vllm.log,346,6,71,0.01019153097310894
/Users/jiangnanhugo/workspace/power-sharpening/Subtree-Prefetching-Power-Sharpening/case_studies/logs-entropycut/mbpp/2026-09-21/vllm/dataset-mbpp.model-qwen3.5-9b.alpha4.0.steps100.blocks-1.prefetch-budget-20.rank-accept_first.cut-entropy4.0.samples20.maxnew1024.seed10086.subtreePrefetch.vllm.log,346,7,21,0.3817520291442152
/Users/jiangnanhugo/workspace/power-sharpening/Subtree-Prefetching-Power-Sharpening/case_studies/logs-entropycut/mbpp/2026-09-21/vllm/dataset-mbpp.model-qwen3.5-9b.alpha4.0.steps100.blocks-1.prefetch-budget-20.rank-accept_first.cut-entropy4.0.samples20.maxnew1024.seed10086.subtreePrefetch.vllm.log,346,8,21,0.3817520291442152
/Users/jiangnanhugo/workspace/power-sharpening/Subtree-Prefetching-Power-Sharpening/case_studies/logs-entropycut/mbpp/2026-09-21/vllm/dataset-mbpp.model-qwen3.5-9b.alpha4.0.steps100.blocks-1.prefetch-budget-20.rank-accept_first.cut-entropy4.0.samples20.maxnew1024.seed10086.subtreePrefetch.vllm.log,346,9,78,0.023694475957424948
/Users/jiangnanhugo/workspace/power-sharpening/Subtree-Prefetching-Power-Sharpening/case_studies/logs-entropycut/mbpp/2026-09-21/vllm/dataset-mbpp.model-qwen3.5-9b.alpha4.0.steps100.blocks-1.prefetch-budget-20.rank-accept_first.cut-entropy4.0.samples20.maxnew1024.seed10086.subtreePrefetch.vllm.log,346,10,21,0.3817520291442152
/Users/jiangnanhugo/workspace/power-sharpening/Subtree-Prefetching-Power-Sharpening/case_studies/logs-entropycut/mbpp/2026-09-21/vllm/dataset-mbpp.model-qwen3.5-9b.alpha4.0.steps100.blocks-1.prefetch-budget-20.rank-accept_first.cut-entropy4.0.samples20.maxnew1024.seed10086.subtreePrefetch.vllm.log,346,11,21,0.3817520291442152
/Users/jiangnanhugo/workspace/power-sharpening/Subtree-Prefetching-Power-Sharpening/case_studies/logs-entropycut/mbpp/2026-09-21/vllm/dataset-mbpp.model-qwen3.5-9b.alpha4.0.steps100.blocks-1.prefetch-budget-20.rank-accept_first.cut-entropy4.0.samples20.maxnew1024.seed10086.subtreePrefetch.vllm.log,346,12,128,0.007779073189999667
/Users/jiangnanhugo/workspace/power-sharpening/Subtree-Prefetching-Power-Sharpening/case_studies/logs-entropycut/mbpp/2026-09-21/vllm/dataset-mbpp.model-qwen3.5-9b.alpha4.0.steps100.blocks-1.prefetch-budget-20.rank-accept_first.cut-entropy4.0.samples20.maxnew1024.seed10086.subtreePrefetch.vllm.log,346,13,21,0.3817520291442152
/Users/jiangnanhugo/workspace/power-sharpening/Subtree-Prefetching-Power-Sharpening/case_studies/logs-entropycut/mbpp/2026-09-21/vllm/dataset-mbpp.model-qwen3.5-9b.alpha4.0.steps100.blocks-1.prefetch-budget-20.rank-accept_first.cut-entropy4.0.samples20.maxnew1024.seed10086.subtreePrefetch.vllm.log,346,14,21,0.3817520291442152
/Users/jiangnanhugo/workspace/power-sharpening/Subtree-Prefetching-Power-Sharpening/case_studies/logs-entropycut/mbpp/2026-09-21/vllm/dataset-mbpp.model-qwen3.5-9b.alpha4.0.steps100.blocks-1.prefetch-budget-20.rank-accept_first.cut-entropy4.0.samples20.maxnew1024.seed10086.subtreePrefetch.vllm.log,346,15,20,0.002842976986836031
/Users/jiangnanhugo/workspace/power-sharpening/Subtree-Prefetching-Power-Sharpening/case_studies/logs-entropycut/mbpp/2026-09-21/vllm/dataset-mbpp.model-qwen3.5-9b.alpha4.0.steps100.blocks-1.prefetch-budget-20.rank-accept_first.cut-entropy4.0.samples20.maxnew1024.seed10086.subtreePrefetch.vllm.log,346,16,21,0.3817520291442152
/Users/jiangnanhugo/workspace/power-sharpening/Subtree-Prefetching-Power-Sharpening/case_studies/logs-entropycut/mbpp/2026-09-21/vllm/dataset-mbpp.model-qwen3.5-9b.alpha4.0.steps100.blocks-1.prefetch-budget-20.rank-accept_first.cut-entropy4.0.samples20.maxnew1024.seed10086.subtreePrefetch.vllm.log,346,17,248,0.006462424190174208
/Users/jiangnanhugo/workspace/power-sharpening/Subtree-Prefetching-Power-Sharpening/case_studies/logs-entropycut/mbpp/2026-09-21/vllm/dataset-mbpp.model-qwen3.5-9b.alpha4.0.steps100.blocks-1.prefetch-budget-20.rank-accept_first.cut-entropy4.0.samples20.maxnew1024.seed10086.subtreePrefetch.vllm.log,346,18,21,0.3817520291442152
/Users/jiangnanhugo/workspace/power-sharpening/Subtree-Prefetching-Power-Sharpening/case_studies/logs-entropycut/mbpp/2026-09-21/vllm/dataset-mbpp.model-qwen3.5-9b.alpha4.0.steps100.blocks-1.prefetch-budget-20.rank-accept_first.cut-entropy4.0.samples20.maxnew1024.seed10086.subtreePrefetch.vllm.log,346,19,21,0.3817520291442152
/Users/jiangnanhugo/workspace/power-sharpening/Subtree-Prefetching-Power-Sharpening/case_studies/logs-entropycut/mbpp/2026-09-21/vllm/dataset-mbpp.model-qwen3.5-9b.alpha4.0.steps100.blocks-1.prefetch-budget-20.rank-accept_first.cut-entropy4.0.samples20.maxnew1024.seed10086.subtreePrefetch.vllm.log,347,0,21,0.3817520291442152
/Users/jiangnanhugo/workspace/power-sharpening/Subtree-Prefetching-Power-Sharpening/case_studies/logs-entropycut/mbpp/2026-09-21/vllm/dataset-mbpp.model-qwen3.5-9b.alpha4.0.steps100.blocks-1.prefetch-budget-20.rank-accept_first.cut-entropy4.0.samples20.maxnew1024.seed10086.subtreePrefetch.vllm.log,347,1,21,0.3817520291442152
/Users/jiangnanhugo/workspace/power-sharpening/Subtree-Prefetching-Power-Sharpening/case_studies/logs-entropycut/mbpp/2026-09-21/vllm/dataset-mbpp.model-qwen3.5-9b.alpha4.0.steps100.blocks-1.prefetch-budget-20.rank-accept_first.cut-entropy4.0.samples20.maxnew1024.seed10086.subtreePrefetch.vllm.log,347,2,71,0.01019153097310894
/Users/jiangnanhugo/workspace/power-sharpening/Subtree-Prefetching-Power-Sharpening/case_studies/logs-entropycut/mbpp/2026-09-21/vllm/dataset-mbpp.model-qwen3.5-9b.alpha4.0.steps100.blocks-1.prefetch-budget-20.rank-accept_first.cut-entropy4.0.samples20.maxnew1024.seed10086.subtreePrefetch.vllm.log,347,3,21,0.3817520291442152
/Users/jiangnanhugo/workspace/power-sharpening/Subtree-Prefetching-Power-Sharpening/case_studies/logs-entropycut/mbpp/2026-09-21/vllm/dataset-mbpp.model-qwen3.5-9b.alpha4.0.steps100.blocks-1.prefetch-budget-20.rank-accept_first.cut-entropy4.0.samples20.maxnew1024.seed10086.subtreePrefetch.vllm.log,347,4,21,0.3817520291442152
/Users/jiangnanhugo/workspace/power-sharpening/Subtree-Prefetching-Power-Sharpening/case_studies/logs-entropycut/mbpp/2026-09-21/vllm/dataset-mbpp.model-qwen3.5-9b.alpha4.0.steps100.blocks-1.prefetch-budget-20.rank-accept_first.cut-entropy4.0.samples20.maxnew1024.seed10086.subtreePrefetch.vllm.log,347,5,221,0.13433104089916229
/Users/jiangnanhugo/workspace/power-sharpening/Subtree-Prefetching-Power-Sharpening/case_studies/logs-entropycut/mbpp/2026-09-21/vllm/dataset-mbpp.model-qwen3.5-9b.alpha4.0.steps100.blocks-1.prefetch-budget-20.rank-accept_first.cut-entropy4.0.samples20.maxnew1024.seed10086.subtreePrefetch.vllm.log,347,6,21,0.3817520291442152
/Users/jiangnanhugo/workspace/power-sharpening/Subtree-Prefetching-Power-Sharpening/case_studies/logs-entropycut/mbpp/2026-09-21/vllm/dataset-mbpp.model-qwen3.5-9b.alpha4.0.steps100.blocks-1.prefetch-budget-20.rank-accept_first.cut-entropy4.0.samples20.maxnew1024.seed10086.subtreePrefetch.vllm.log,347,7,221,0.13433104089916229
/Users/jiangnanhugo/workspace/power-sharpening/Subtree-Prefetching-Power-Sharpening/case_studies/logs-entropycut/mbpp/2026-09-21/vllm/dataset-mbpp.model-qwen3.5-9b.alpha4.0.steps100.blocks-1.prefetch-budget-20.rank-accept_first.cut-entropy4.0.samples20.maxnew1024.seed10086.subtreePrefetch.vllm.log,347,8,21,0.3817520291442152
/Users/jiangnanhugo/workspace/power-sharpening/Subtree-Prefetching-Power-Sharpening/case_studies/logs-entropycut/mbpp/2026-09-21/vllm/dataset-mbpp.model-qwen3.5-9b.alpha4.0.steps100.blocks-1.prefetch-budget-20.rank-accept_first.cut-entropy4.0.samples20.maxnew1024.seed10086.subtreePrefetch.vllm.log,347,9,21,0.3817520291442152
/Users/jiangnanhugo/workspace/power-sharpening/Subtree-Prefetching-Power-Sharpening/case_studies/logs-entropycut/mbpp/2026-09-21/vllm/dataset-mbpp.model-qwen3.5-9b.alpha4.0.steps100.blocks-1.prefetch-budget-20.rank-accept_first.cut-entropy4.0.samples20.maxnew1024.seed10086.subtreePrefetch.vllm.log,347,10,21,0.3817520291442152
/Users/jiangnanhugo/workspace/power-sharpening/Subtree-Prefetching-Power-Sharpening/case_studies/logs-entropycut/mbpp/2026-09-21/vllm/dataset-mbpp.model-qwen3.5-9b.alpha4.0.steps100.blocks-1.prefetch-budget-20.rank-accept_first.cut-entropy4.0.samples20.maxnew1024.seed10086.subtreePrefetch.vllm.log,347,11,21,0.3817520291442152
/Users/jiangnanhugo/workspace/power-sharpening/Subtree-Prefetching-Power-Sharpening/case_studies/logs-entropycut/mbpp/2026-09-21/vllm/dataset-mbpp.model-qwen3.5-9b.alpha4.0.steps100.blocks-1.prefetch-budget-20.rank-accept_first.cut-entropy4.0.samples20.maxnew1024.seed10086.subtreePrefetch.vllm.log,347,12,21,0.3817520291442152
/Users/jiangnanhugo/workspace/power-sharpening/Subtree-Prefetching-Power-Sharpening/case_studies/logs-entropycut/mbpp/2026-09-21/vllm/dataset-mbpp.model-qwen3.5-9b.alpha4.0.steps100.blocks-1.prefetch-budget-20.rank-accept_first.cut-entropy4.0.samples20.maxnew1024.seed10086.subtreePrefetch.vllm.log,347,13,221,0.13433104089916229
/Users/jiangnanhugo/workspace/power-sharpening/Subtree-Prefetching-Power-Sharpening/case_studies/logs-entropycut/mbpp/2026-09-21/vllm/dataset-mbpp.model-qwen3.5-9b.alpha4.0.steps100.blocks-1.prefetch-budget-20.rank-accept_first.cut-entropy4.0.samples20.maxnew1024.seed10086.subtreePrefetch.vllm.log,347,14,21,0.3817520291442152
/Users/jiangnanhugo/workspace/power-sharpening/Subtree-Prefetching-Power-Sharpening/case_studies/logs-entropycut/mbpp/2026-09-21/vllm/dataset-mbpp.model-qwen3.5-9b.alpha4.0.steps100.blocks-1.prefetch-budget-20.rank-accept_first.cut-entropy4.0.samples20.maxnew1024.seed10086.subtreePrefetch.vllm.log,347,15,21,0.3817520291442152
/Users/jiangnanhugo/workspace/power-sharpening/Subtree-Prefetching-Power-Sharpening/case_studies/logs-entropycut/mbpp/2026-09-21/vllm/dataset-mbpp.model-qwen3.5-9b.alpha4.0.steps100.blocks-1.prefetch-budget-20.rank-accept_first.cut-entropy4.0.samples20.maxnew1024.seed10086.subtreePrefetch.vllm.log,347,16,21,0.3817520291442152
/Users/jiangnanhugo/workspace/power-sharpening/Subtree-Prefetching-Power-Sharpening/case_studies/logs-entropycut/mbpp/2026-09-21/vllm/dataset-mbpp.model-qwen3.5-9b.alpha4.0.steps100.blocks-1.prefetch-budget-20.rank-accept_first.cut-entropy4.0.samples20.maxnew1024.seed10086.subtreePrefetch.vllm.log,347,17,21,0.3817520291442152
/Users/jiangnanhugo/workspace/power-sharpening/Subtree-Prefetching-Power-Sharpening/case_studies/logs-entropycut/mbpp/2026-09-21/vllm/dataset-mbpp.model-qwen3.5-9b.alpha4.0.steps100.blocks-1.prefetch-budget-20.rank-accept_first.cut-entropy4.0.samples20.maxnew1024.seed10086.subtreePrefetch.vllm.log,347,18,21,0.3817520291442152
/Users/jiangnanhugo/workspace/power-sharpening/Subtree-Prefetching-Power-Sharpening/case_studies/logs-entropycut/mbpp/2026-09-21/vllm/dataset-mbpp.model-qwen3.5-9b.alpha4.0.steps100.blocks-1.prefetch-budget-20.rank-accept_first.cut-entropy4.0.samples20.maxnew1024.seed10086.subtreePrefetch.vllm.log,347,19,221,0.13433104089916229
/Users/jiangnanhugo/workspace/power-sharpening/Subtree-Prefetching-Power-Sharpening/case_studies/logs-entropycut/mbpp/2026-09-21/vllm/dataset-mbpp.model-qwen3.5-9b.alpha4.0.steps100.blocks-1.prefetch-budget-20.rank-accept_first.cut-entropy4.0.samples20.maxnew1024.seed10086.subtreePrefetch.vllm.log,348,0,137,0.05784608209784947
/Users/jiangnanhugo/workspace/power-sharpening/Subtree-Prefetching-Power-Sharpening/case_studies/logs-entropycut/mbpp/2026-09-21/vllm/dataset-mbpp.model-qwen3.5-9b.alpha4.0.steps100.blocks-1.prefetch-budget-20.rank-accept_first.cut-entropy4.0.samples20.maxnew1024.seed10086.subtreePrefetch.vllm.log,348,1,2,0.01679161440088579
/Users/jiangnanhugo/workspace/power-sharpening/Subtree-Prefetching-Power-Sharpening/case_studies/logs-entropycut/mbpp/2026-09-21/vllm/dataset-mbpp.model-qwen3.5-9b.alpha4.0.steps100.blocks-1.prefetch-budget-20.rank-accept_first.cut-entropy4.0.samples20.maxnew1024.seed10086.subtreePrefetch.vllm.log,348,2,21,0.3817520291442152
/Users/jiangnanhugo/workspace/power-sharpening/Subtree-Prefetching-Power-Sharpening/case_studies/logs-entropycut/mbpp/2026-09-21/vllm/dataset-mbpp.model-qwen3.5-9b.alpha4.0.steps100.blocks-1.prefetch-budget-20.rank-accept_first.cut-entropy4.0.samples20.maxnew1024.seed10086.subtreePrefetch.vllm.log,348,3,57,0.014595491517356602
/Users/jiangnanhugo/workspace/power-sharpening/Subtree-Prefetching-Power-Sharpening/case_studies/logs-entropycut/mbpp/2026-09-21/vllm/dataset-mbpp.model-qwen3.5-9b.alpha4.0.steps100.blocks-1.prefetch-budget-20.rank-accept_first.cut-entropy4.0.samples20.maxnew1024.seed10086.subtreePrefetch.vllm.log,348,4,2,0.01679161440088579
/Users/jiangnanhugo/workspace/power-sharpening/Subtree-Prefetching-Power-Sharpening/case_studies/logs-entropycut/mbpp/2026-09-21/vllm/dataset-mbpp.model-qwen3.5-9b.alpha4.0.steps100.blocks-1.prefetch-budget-20.rank-accept_first.cut-entropy4.0.samples20.maxnew1024.seed10086.subtreePrefetch.vllm.log,348,5,21,0.3817520291442152
/Users/jiangnanhugo/workspace/power-sharpening/Subtree-Prefetching-Power-Sharpening/case_studies/logs-entropycut/mbpp/2026-09-21/vllm/dataset-mbpp.model-qwen3.5-9b.alpha4.0.steps100.blocks-1.prefetch-budget-20.rank-accept_first.cut-entropy4.0.samples20.maxnew1024.seed10086.subtreePrefetch.vllm.log,348,6,21,0.3817520291442152
/Users/jiangnanhugo/workspace/power-sharpening/Subtree-Prefetching-Power-Sharpening/case_studies/logs-entropycut/mbpp/2026-09-21/vllm/dataset-mbpp.model-qwen3.5-9b.alpha4.0.steps100.blocks-1.prefetch-budget-20.rank-accept_first.cut-entropy4.0.samples20.maxnew1024.seed10086.subtreePrefetch.vllm.log,349,0,717,0.03633895844210226
/Users/jiangnanhugo/workspace/power-sharpening/Subtree-Prefetching-Power-Sharpening/case_studies/logs-entropycut/mbpp/2026-09-21/vllm/dataset-mbpp.model-qwen3.5-9b.alpha4.0.steps100.blocks-1.prefetch-budget-20.rank-accept_first.cut-entropy4.0.samples20.maxnew1024.seed10086.subtreePrefetch.vllm.log,349,1,128,0.12338695924514163
/Users/jiangnanhugo/workspace/power-sharpening/Subtree-Prefetching-Power-Sharpening/case_studies/logs-entropycut/mbpp/2026-09-21/vllm/dataset-mbpp.model-qwen3.5-9b.alpha4.0.steps100.blocks-1.prefetch-budget-20.rank-accept_first.cut-entropy4.0.samples20.maxnew1024.seed10086.subtreePrefetch.vllm.log,349,2,415,0.03256804948881542
/Users/jiangnanhugo/workspace/power-sharpening/Subtree-Prefetching-Power-Sharpening/case_studies/logs-entropycut/mbpp/2026-09-21/vllm/dataset-mbpp.model-qwen3.5-9b.alpha4.0.steps100.blocks-1.prefetch-budget-20.rank-accept_first.cut-entropy4.0.samples20.maxnew1024.seed10086.subtreePrefetch.vllm.log,349,3,415,0.03256804948881542
/Users/jiangnanhugo/workspace/power-sharpening/Subtree-Prefetching-Power-Sharpening/case_studies/logs-entropycut/mbpp/2026-09-21/vllm/dataset-mbpp.model-qwen3.5-9b.alpha4.0.steps100.blocks-1.prefetch-budget-20.rank-accept_first.cut-entropy4.0.samples20.maxnew1024.seed10086.subtreePrefetch.vllm.log,349,4,53,0.05829259083252329
/Users/jiangnanhugo/workspace/power-sharpening/Subtree-Prefetching-Power-Sharpening/case_studies/logs-entropycut/mbpp/2026-09-21/vllm/dataset-mbpp.model-qwen3.5-9b.alpha4.0.steps100.blocks-1.prefetch-budget-20.rank-accept_first.cut-entropy4.0.samples20.maxnew1024.seed10086.subtreePrefetch.vllm.log,349,5,416,0.11091301499702476
/Users/jiangnanhugo/workspace/power-sharpening/Subtree-Prefetching-Power-Sharpening/case_studies/logs-entropycut/mbpp/2026-09-21/vllm/dataset-mbpp.model-qwen3.5-9b.alpha4.0.steps100.blocks-1.prefetch-budget-20.rank-accept_first.cut-entropy4.0.samples20.maxnew1024.seed10086.subtreePrefetch.vllm.log,349,6,192,0.051306877590418194
/Users/jiangnanhugo/workspace/power-sharpening/Subtree-Prefetching-Power-Sharpening/case_studies/logs-entropycut/mbpp/2026-09-21/vllm/dataset-mbpp.model-qwen3.5-9b.alpha4.0.steps100.blocks-1.prefetch-budget-20.rank-accept_first.cut-entropy4.0.samples20.maxnew1024.seed10086.subtreePrefetch.vllm.log,349,7,53,0.05829259083252329
/Users/jiangnanhugo/workspace/power-sharpening/Subtree-Prefetching-Power-Sharpening/case_studies/logs-entropycut/mbpp/2026-09-21/vllm/dataset-mbpp.model-qwen3.5-9b.alpha4.0.steps100.blocks-1.prefetch-budget-20.rank-accept_first.cut-entropy4.0.samples20.maxnew1024.seed10086.subtreePrefetch.vllm.log,349,8,416,0.11091301499702476
/Users/jiangnanhugo/workspace/power-sharpening/Subtree-Prefetching-Power-Sharpening/case_studies/logs-entropycut/mbpp/2026-09-21/vllm/dataset-mbpp.model-qwen3.5-9b.alpha4.0.steps100.blocks-1.prefetch-budget-20.rank-accept_first.cut-entropy4.0.samples20.maxnew1024.seed10086.subtreePrefetch.vllm.log,349,9,53,0.05829259083252329
/Users/jiangnanhugo/workspace/power-sharpening/Subtree-Prefetching-Power-Sharpening/case_studies/logs-entropycut/mbpp/2026-09-21/vllm/dataset-mbpp.model-qwen3.5-9b.alpha4.0.steps100.blocks-1.prefetch-budget-20.rank-accept_first.cut-entropy4.0.samples20.maxnew1024.seed10086.subtreePrefetch.vllm.log,349,10,238,0.008087988803861641
/Users/jiangnanhugo/workspace/power-sharpening/Subtree-Prefetching-Power-Sharpening/case_studies/logs-entropycut/mbpp/2026-09-21/vllm/dataset-mbpp.model-qwen3.5-9b.alpha4.0.steps100.blocks-1.prefetch-budget-20.rank-accept_first.cut-entropy4.0.samples20.maxnew1024.seed10086.subtreePrefetch.vllm.log,349,11,374,0.07484845615732533
/Users/jiangnanhugo/workspace/power-sharpening/Subtree-Prefetching-Power-Sharpening/case_studies/logs-entropycut/mbpp/2026-09-21/vllm/dataset-mbpp.model-qwen3.5-9b.alpha4.0.steps100.blocks-1.prefetch-budget-20.rank-accept_first.cut-entropy4.0.samples20.maxnew1024.seed10086.subtreePrefetch.vllm.log,349,12,416,0.11091301499702476
/Users/jiangnanhugo/workspace/power-sharpening/Subtree-Prefetching-Power-Sharpening/case_studies/logs-entropycut/mbpp/2026-09-21/vllm/dataset-mbpp.model-qwen3.5-9b.alpha4.0.steps100.blocks-1.prefetch-budget-20.rank-accept_first.cut-entropy4.0.samples20.maxnew1024.seed10086.subtreePrefetch.vllm.log,349,13,192,0.051306877590418194
/Users/jiangnanhugo/workspace/power-sharpening/Subtree-Prefetching-Power-Sharpening/case_studies/logs-entropycut/mbpp/2026-09-21/vllm/dataset-mbpp.model-qwen3.5-9b.alpha4.0.steps100.blocks-1.prefetch-budget-20.rank-accept_first.cut-entropy4.0.samples20.maxnew1024.seed10086.subtreePrefetch.vllm.log,349,14,53,0.05829259083252329
/Users/jiangnanhugo/workspace/power-sharpening/Subtree-Prefetching-Power-Sharpening/case_studies/logs-entropycut/mbpp/2026-09-21/vllm/dataset-mbpp.model-qwen3.5-9b.alpha4.0.steps100.blocks-1.prefetch-budget-20.rank-accept_first.cut-entropy4.0.samples20.maxnew1024.seed10086.subtreePrefetch.vllm.log,349,15,53,0.05829259083252329
/Users/jiangnanhugo/workspace/power-sharpening/Subtree-Prefetching-Power-Sharpening/case_studies/logs-entropycut/mbpp/2026-09-21/vllm/dataset-mbpp.model-qwen3.5-9b.alpha4.0.steps100.blocks-1.prefetch-budget-20.rank-accept_first.cut-entropy4.0.samples20.maxnew1024.seed10086.subtreePrefetch.vllm.log,349,16,416,0.11091301499702476
/Users/jiangnanhugo/workspace/power-sharpening/Subtree-Prefetching-Power-Sharpening/case_studies/logs-entropycut/mbpp/2026-09-21/vllm/dataset-mbpp.model-qwen3.5-9b.alpha4.0.steps100.blocks-1.prefetch-budget-20.rank-accept_first.cut-entropy4.0.samples20.maxnew1024.seed10086.subtreePrefetch.vllm.log,349,17,128,0.12338695924514163
/Users/jiangnanhugo/workspace/power-sharpening/Subtree-Prefetching-Power-Sharpening/case_studies/logs-entropycut/mbpp/2026-09-21/vllm/dataset-mbpp.model-qwen3.5-9b.alpha4.0.steps100.blocks-1.prefetch-budget-20.rank-accept_first.cut-entropy4.0.samples20.maxnew1024.seed10086.subtreePrefetch.vllm.log,349,18,416,0.11091301499702476
/Users/jiangnanhugo/workspace/power-sharpening/Subtree-Prefetching-Power-Sharpening/case_studies/logs-entropycut/mbpp/2026-09-21/vllm/dataset-mbpp.model-qwen3.5-9b.alpha4.0.steps100.blocks-1.prefetch-budget-20.rank-accept_first.cut-entropy4.0.samples20.maxnew1024.seed10086.subtreePrefetch.vllm.log,349,19,53,0.05829259083252329
/Users/jiangnanhugo/workspace/power-sharpening/Subtree-Prefetching-Power-Sharpening/case_studies/logs-entropycut/mbpp/2026-09-21/vllm/dataset-mbpp.model-qwen3.5-9b.alpha4.0.steps100.blocks-1.prefetch-budget-20.rank-accept_first.cut-entropy4.0.samples20.maxnew1024.seed10086.subtreePrefetch.vllm.log,350,0,492,0.13706560919803268
/Users/jiangnanhugo/workspace/power-sharpening/Subtree-Prefetching-Power-Sharpening/case_studies/logs-entropycut/mbpp/2026-09-21/vllm/dataset-mbpp.model-qwen3.5-9b.alpha4.0.steps100.blocks-1.prefetch-budget-20.rank-accept_first.cut-entropy4.0.samples20.maxnew1024.seed10086.subtreePrefetch.vllm.log,350,1,313,0.011726267386306607
/Users/jiangnanhugo/workspace/power-sharpening/Subtree-Prefetching-Power-Sharpening/case_studies/logs-entropycut/mbpp/2026-09-21/vllm/dataset-mbpp.model-qwen3.5-9b.alpha4.0.steps100.blocks-1.prefetch-budget-20.rank-accept_first.cut-entropy4.0.samples20.maxnew1024.seed10086.subtreePrefetch.vllm.log,350,2,212,0.013005690138968537
/Users/jiangnanhugo/workspace/power-sharpening/Subtree-Prefetching-Power-Sharpening/case_studies/logs-entropycut/mbpp/2026-09-21/vllm/dataset-mbpp.model-qwen3.5-9b.alpha4.0.steps100.blocks-1.prefetch-budget-20.rank-accept_first.cut-entropy4.0.samples20.maxnew1024.seed10086.subtreePrefetch.vllm.log,350,3,70,0.0005244871377455424
/Users/jiangnanhugo/workspace/power-sharpening/Subtree-Prefetching-Power-Sharpening/case_studies/logs-entropycut/mbpp/2026-09-21/vllm/dataset-mbpp.model-qwen3.5-9b.alpha4.0.steps100.blocks-1.prefetch-budget-20.rank-accept_first.cut-entropy4.0.samples20.maxnew1024.seed10086.subtreePrefetch.vllm.log,350,4,192,0.06124585014754709
/Users/jiangnanhugo/workspace/power-sharpening/Subtree-Prefetching-Power-Sharpening/case_studies/logs-entropycut/mbpp/2026-09-21/vllm/dataset-mbpp.model-qwen3.5-9b.alpha4.0.steps100.blocks-1.prefetch-budget-20.rank-accept_first.cut-entropy4.0.samples20.maxnew1024.seed10086.subtreePrefetch.vllm.log,350,5,238,0.008288493351957454
/Users/jiangnanhugo/workspace/power-sharpening/Subtree-Prefetching-Power-Sharpening/case_studies/logs-entropycut/mbpp/2026-09-21/vllm/dataset-mbpp.model-qwen3.5-9b.alpha4.0.steps100.blocks-1.prefetch-budget-20.rank-accept_first.cut-entropy4.0.samples20.maxnew1024.seed10086.subtreePrefetch.vllm.log,350,6,492,0.13706560919803268
/Users/jiangnanhugo/workspace/power-sharpening/Subtree-Prefetching-Power-Sharpening/case_studies/logs-entropycut/mbpp/2026-09-21/vllm/dataset-mbpp.model-qwen3.5-9b.alpha4.0.steps100.blocks-1.prefetch-budget-20.rank-accept_first.cut-entropy4.0.samples20.maxnew1024.seed10086.subtreePrefetch.vllm.log,350,7,431,0.13086054882276538
/Users/jiangnanhugo/workspace/power-sharpening/Subtree-Prefetching-Power-Sharpening/case_studies/logs-entropycut/mbpp/2026-09-21/vllm/dataset-mbpp.model-qwen3.5-9b.alpha4.0.steps100.blocks-1.prefetch-budget-20.rank-accept_first.cut-entropy4.0.samples20.maxnew1024.seed10086.subtreePrefetch.vllm.log,350,8,32,0.018684616616497916
/Users/jiangnanhugo/workspace/power-sharpening/Subtree-Prefetching-Power-Sharpening/case_studies/logs-entropycut/mbpp/2026-09-21/vllm/dataset-mbpp.model-qwen3.5-9b.alpha4.0.steps100.blocks-1.prefetch-budget-20.rank-accept_first.cut-entropy4.0.samples20.maxnew1024.seed10086.subtreePrefetch.vllm.log,350,9,212,0.013005690138968537
/Users/jiangnanhugo/workspace/power-sharpening/Subtree-Prefetching-Power-Sharpening/case_studies/logs-entropycut/mbpp/2026-09-21/vllm/dataset-mbpp.model-qwen3.5-9b.alpha4.0.steps100.blocks-1.prefetch-budget-20.rank-accept_first.cut-entropy4.0.samples20.maxnew1024.seed10086.subtreePrefetch.vllm.log,350,10,128,0.11557179573641566
/Users/jiangnanhugo/workspace/power-sharpening/Subtree-Prefetching-Power-Sharpening/case_studies/logs-entropycut/mbpp/2026-09-21/vllm/dataset-mbpp.model-qwen3.5-9b.alpha4.0.steps100.blocks-1.prefetch-budget-20.rank-accept_first.cut-entropy4.0.samples20.maxnew1024.seed10086.subtreePrefetch.vllm.log,350,11,128,0.11557179573641566
/Users/jiangnanhugo/workspace/power-sharpening/Subtree-Prefetching-Power-Sharpening/case_studies/logs-entropycut/mbpp/2026-09-21/vllm/dataset-mbpp.model-qwen3.5-9b.alpha4.0.steps100.blocks-1.prefetch-budget-20.rank-accept_first.cut-entropy4.0.samples20.maxnew1024.seed10086.subtreePrefetch.vllm.log,350,12,128,0.11557179573641566
/Users/jiangnanhugo/workspace/power-sharpening/Subtree-Prefetching-Power-Sharpening/case_studies/logs-entropycut/mbpp/2026-09-21/vllm/dataset-mbpp.model-qwen3.5-9b.alpha4.0.steps100.blocks-1.prefetch-budget-20.rank-accept_first.cut-entropy4.0.samples20.maxnew1024.seed10086.subtreePrefetch.vllm.log,350,13,32,0.018684616616497916
/Users/jiangnanhugo/workspace/power-sharpening/Subtree-Prefetching-Power-Sharpening/case_studies/logs-entropycut/mbpp/2026-09-21/vllm/dataset-mbpp.model-qwen3.5-9b.alpha4.0.steps100.blocks-1.prefetch-budget-20.rank-accept_first.cut-entropy4.0.samples20.maxnew1024.seed10086.subtreePrefetch.vllm.log,350,14,53,0.05982069631475394
/Users/jiangnanhugo/workspace/power-sharpening/Subtree-Prefetching-Power-Sharpening/case_studies/logs-entropycut/mbpp/2026-09-21/vllm/dataset-mbpp.model-qwen3.5-9b.alpha4.0.steps100.blocks-1.prefetch-budget-20.rank-accept_first.cut-entropy4.0.samples20.maxnew1024.seed10086.subtreePrefetch.vllm.log,350,15,128,0.11557179573641566
/Users/jiangnanhugo/workspace/power-sharpening/Subtree-Prefetching-Power-Sharpening/case_studies/logs-entropycut/mbpp/2026-09-21/vllm/dataset-mbpp.model-qwen3.5-9b.alpha4.0.steps100.blocks-1.prefetch-budget-20.rank-accept_first.cut-entropy4.0.samples20.maxnew1024.seed10086.subtreePrefetch.vllm.log,350,16,492,0.13706560919803268
/Users/jiangnanhugo/workspace/power-sharpening/Subtree-Prefetching-Power-Sharpening/case_studies/logs-entropycut/mbpp/2026-09-21/vllm/dataset-mbpp.model-qwen3.5-9b.alpha4.0.steps100.blocks-1.prefetch-budget-20.rank-accept_first.cut-entropy4.0.samples20.maxnew1024.seed10086.subtreePrefetch.vllm.log,350,17,32,0.018684616616497916
/Users/jiangnanhugo/workspace/power-sharpening/Subtree-Prefetching-Power-Sharpening/case_studies/logs-entropycut/mbpp/2026-09-21/vllm/dataset-mbpp.model-qwen3.5-9b.alpha4.0.steps100.blocks-1.prefetch-budget-20.rank-accept_first.cut-entropy4.0.samples20.maxnew1024.seed10086.subtreePrefetch.vllm.log,350,18,8,0.005480176442716611
/Users/jiangnanhugo/workspace/power-sharpening/Subtree-Prefetching-Power-Sharpening/case_studies/logs-entropycut/mbpp/2026-09-21/vllm/dataset-mbpp.model-qwen3.5-9b.alpha4.0.steps100.blocks-1.prefetch-budget-20.rank-accept_first.cut-entropy4.0.samples20.maxnew1024.seed10086.subtreePrefetch.vllm.log,350,19,31,0.0003551614156667303
/Users/jiangnanhugo/workspace/power-sharpening/Subtree-Prefetching-Power-Sharpening/case_studies/logs-entropycut/mbpp/2026-09-21/vllm/dataset-mbpp.model-qwen3.5-9b.alpha4.0.steps100.blocks-1.prefetch-budget-20.rank-accept_first.cut-entropy4.0.samples20.maxnew1024.seed10086.subtreePrefetch.vllm.log,351,0,185,0.135623670546098
/Users/jiangnanhugo/workspace/power-sharpening/Subtree-Prefetching-Power-Sharpening/case_studies/logs-entropycut/mbpp/2026-09-21/vllm/dataset-mbpp.model-qwen3.5-9b.alpha4.0.steps100.blocks-1.prefetch-budget-20.rank-accept_first.cut-entropy4.0.samples20.maxnew1024.seed10086.subtreePrefetch.vllm.log,351,1,53,0.2916357037093482
/Users/jiangnanhugo/workspace/power-sharpening/Subtree-Prefetching-Power-Sharpening/case_studies/logs-entropycut/mbpp/2026-09-21/vllm/dataset-mbpp.model-qwen3.5-9b.alpha4.0.steps100.blocks-1.prefetch-budget-20.rank-accept_first.cut-entropy4.0.samples20.maxnew1024.seed10086.subtreePrefetch.vllm.log,351,2,53,0.2916357037093482
/Users/jiangnanhugo/workspace/power-sharpening/Subtree-Prefetching-Power-Sharpening/case_studies/logs-entropycut/mbpp/2026-09-21/vllm/dataset-mbpp.model-qwen3.5-9b.alpha4.0.steps100.blocks-1.prefetch-budget-20.rank-accept_first.cut-entropy4.0.samples20.maxnew1024.seed10086.subtreePrefetch.vllm.log,351,3,54,0.006155764146463008
/Users/jiangnanhugo/workspace/power-sharpening/Subtree-Prefetching-Power-Sharpening/case_studies/logs-entropycut/mbpp/2026-09-21/vllm/dataset-mbpp.model-qwen3.5-9b.alpha4.0.steps100.blocks-1.prefetch-budget-20.rank-accept_first.cut-entropy4.0.samples20.maxnew1024.seed10086.subtreePrefetch.vllm.log,351,4,184,0.0005636439070421891
/Users/jiangnanhugo/workspace/power-sharpening/Subtree-Prefetching-Power-Sharpening/case_studies/logs-entropycut/mbpp/2026-09-21/vllm/dataset-mbpp.model-qwen3.5-9b.alpha4.0.steps100.blocks-1.prefetch-budget-20.rank-accept_first.cut-entropy4.0.samples20.maxnew1024.seed10086.subtreePrefetch.vllm.log,351,5,53,0.2916357037093482
/Users/jiangnanhugo/workspace/power-sharpening/Subtree-Prefetching-Power-Sharpening/case_studies/logs-entropycut/mbpp/2026-09-21/vllm/dataset-mbpp.model-qwen3.5-9b.alpha4.0.steps100.blocks-1.prefetch-budget-20.rank-accept_first.cut-entropy4.0.samples20.maxnew1024.seed10086.subtreePrefetch.vllm.log,351,6,2,0.09697486714799768
/Users/jiangnanhugo/workspace/power-sharpening/Subtree-Prefetching-Power-Sharpening/case_studies/logs-entropycut/mbpp/2026-09-21/vllm/dataset-mbpp.model-qwen3.5-9b.alpha4.0.steps100.blocks-1.prefetch-budget-20.rank-accept_first.cut-entropy4.0.samples20.maxnew1024.seed10086.subtreePrefetch.vllm.log,351,7,444,0.002615902742393131
/Users/jiangnanhugo/workspace/power-sharpening/Subtree-Prefetching-Power-Sharpening/case_studies/logs-entropycut/mbpp/2026-09-21/vllm/dataset-mbpp.model-qwen3.5-9b.alpha4.0.steps100.blocks-1.prefetch-budget-20.rank-accept_first.cut-entropy4.0.samples20.maxnew1024.seed10086.subtreePrefetch.vllm.log,351,8,53,0.2916357037093482
/Users/jiangnanhugo/workspace/power-sharpening/Subtree-Prefetching-Power-Sharpening/case_studies/logs-entropycut/mbpp/2026-09-21/vllm/dataset-mbpp.model-qwen3.5-9b.alpha4.0.steps100.blocks-1.prefetch-budget-20.rank-accept_first.cut-entropy4.0.samples20.maxnew1024.seed10086.subtreePrefetch.vllm.log,351,9,53,0.2916357037093482
/Users/jiangnanhugo/workspace/power-sharpening/Subtree-Prefetching-Power-Sharpening/case_studies/logs-entropycut/mbpp/2026-09-21/vllm/dataset-mbpp.model-qwen3.5-9b.alpha4.0.steps100.blocks-1.prefetch-budget-20.rank-accept_first.cut-entropy4.0.samples20.maxnew1024.seed10086.subtreePrefetch.vllm.log,351,10,46,0.025387519998783477
/Users/jiangnanhugo/workspace/power-sharpening/Subtree-Prefetching-Power-Sharpening/case_studies/logs-entropycut/mbpp/2026-09-21/vllm/dataset-mbpp.model-qwen3.5-9b.alpha4.0.steps100.blocks-1.prefetch-budget-20.rank-accept_first.cut-entropy4.0.samples20.maxnew1024.seed10086.subtreePrefetch.vllm.log,351,11,2,0.09697486714799768
/Users/jiangnanhugo/workspace/power-sharpening/Subtree-Prefetching-Power-Sharpening/case_studies/logs-entropycut/mbpp/2026-09-21/vllm/dataset-mbpp.model-qwen3.5-9b.alpha4.0.steps100.blocks-1.prefetch-budget-20.rank-accept_first.cut-entropy4.0.samples20.maxnew1024.seed10086.subtreePrefetch.vllm.log,351,12,32,0.09109056983925153
/Users/jiangnanhugo/workspace/power-sharpening/Subtree-Prefetching-Power-Sharpening/case_studies/logs-entropycut/mbpp/2026-09-21/vllm/dataset-mbpp.model-qwen3.5-9b.alpha4.0.steps100.blocks-1.prefetch-budget-20.rank-accept_first.cut-entropy4.0.samples20.maxnew1024.seed10086.subtreePrefetch.vllm.log,351,13,185,0.135623670546098
/Users/jiangnanhugo/workspace/power-sharpening/Subtree-Prefetching-Power-Sharpening/case_studies/logs-entropycut/mbpp/2026-09-21/vllm/dataset-mbpp.model-qwen3.5-9b.alpha4.0.steps100.blocks-1.prefetch-budget-20.rank-accept_first.cut-entropy4.0.samples20.maxnew1024.seed10086.subtreePrefetch.vllm.log,351,14,10,0.05043473798211418
/Users/jiangnanhugo/workspace/power-sharpening/Subtree-Prefetching-Power-Sharpening/case_studies/logs-entropycut/mbpp/2026-09-21/vllm/dataset-mbpp.model-qwen3.5-9b.alpha4.0.steps100.blocks-1.prefetch-budget-20.rank-accept_first.cut-entropy4.0.samples20.maxnew1024.seed10086.subtreePrefetch.vllm.log,351,15,53,0.2916357037093482
/Users/jiangnanhugo/workspace/power-sharpening/Subtree-Prefetching-Power-Sharpening/case_studies/logs-entropycut/mbpp/2026-09-21/vllm/dataset-mbpp.model-qwen3.5-9b.alpha4.0.steps100.blocks-1.prefetch-budget-20.rank-accept_first.cut-entropy4.0.samples20.maxnew1024.seed10086.subtreePrefetch.vllm.log,351,16,38,0.00898347282148429
/Users/jiangnanhugo/workspace/power-sharpening/Subtree-Prefetching-Power-Sharpening/case_studies/logs-entropycut/mbpp/2026-09-21/vllm/dataset-mbpp.model-qwen3.5-9b.alpha4.0.steps100.blocks-1.prefetch-budget-20.rank-accept_first.cut-entropy4.0.samples20.maxnew1024.seed10086.subtreePrefetch.vllm.log,351,17,32,0.09109056983925153
/Users/jiangnanhugo/workspace/power-sharpening/Subtree-Prefetching-Power-Sharpening/case_studies/logs-entropycut/mbpp/2026-09-21/vllm/dataset-mbpp.model-qwen3.5-9b.alpha4.0.steps100.blocks-1.prefetch-budget-20.rank-accept_first.cut-entropy4.0.samples20.maxnew1024.seed10086.subtreePrefetch.vllm.log,351,18,2,0.09697486714799768
/Users/jiangnanhugo/workspace/power-sharpening/Subtree-Prefetching-Power-Sharpening/case_studies/logs-entropycut/mbpp/2026-09-21/vllm/dataset-mbpp.model-qwen3.5-9b.alpha4.0.steps100.blocks-1.prefetch-budget-20.rank-accept_first.cut-entropy4.0.samples20.maxnew1024.seed10086.subtreePrefetch.vllm.log,351,19,53,0.2916357037093482
/Users/jiangnanhugo/workspace/power-sharpening/Subtree-Prefetching-Power-Sharpening/case_studies/logs-entropycut/mbpp/2026-09-21/vllm/dataset-mbpp.model-qwen3.5-9b.alpha4.0.steps100.blocks-1.prefetch-budget-20.rank-accept_first.cut-entropy4.0.samples20.maxnew1024.seed10086.subtreePrefetch.vllm.log,352,0,185,0.1606566863839019
/Users/jiangnanhugo/workspace/power-sharpening/Subtree-Prefetching-Power-Sharpening/case_studies/logs-entropycut/mbpp/2026-09-21/vllm/dataset-mbpp.model-qwen3.5-9b.alpha4.0.steps100.blocks-1.prefetch-budget-20.rank-accept_first.cut-entropy4.0.samples20.maxnew1024.seed10086.subtreePrefetch.vllm.log,352,1,53,0.3055585898064074
/Users/jiangnanhugo/workspace/power-sharpening/Subtree-Prefetching-Power-Sharpening/case_studies/logs-entropycut/mbpp/2026-09-21/vllm/dataset-mbpp.model-qwen3.5-9b.alpha4.0.steps100.blocks-1.prefetch-budget-20.rank-accept_first.cut-entropy4.0.samples20.maxnew1024.seed10086.subtreePrefetch.vllm.log,352,2,53,0.3055585898064074
/Users/jiangnanhugo/workspace/power-sharpening/Subtree-Prefetching-Power-Sharpening/case_studies/logs-entropycut/mbpp/2026-09-21/vllm/dataset-mbpp.model-qwen3.5-9b.alpha4.0.steps100.blocks-1.prefetch-budget-20.rank-accept_first.cut-entropy4.0.samples20.maxnew1024.seed10086.subtreePrefetch.vllm.log,352,3,357,0.0010168132107156252
/Users/jiangnanhugo/workspace/power-sharpening/Subtree-Prefetching-Power-Sharpening/case_studies/logs-entropycut/mbpp/2026-09-21/vllm/dataset-mbpp.model-qwen3.5-9b.alpha4.0.steps100.blocks-1.prefetch-budget-20.rank-accept_first.cut-entropy4.0.samples20.maxnew1024.seed10086.subtreePrefetch.vllm.log,352,4,62,0.013095463756328724
/Users/jiangnanhugo/workspace/power-sharpening/Subtree-Prefetching-Power-Sharpening/case_studies/logs-entropycut/mbpp/2026-09-21/vllm/dataset-mbpp.model-qwen3.5-9b.alpha4.0.steps100.blocks-1.prefetch-budget-20.rank-accept_first.cut-entropy4.0.samples20.maxnew1024.seed10086.subtreePrefetch.vllm.log,352,5,53,0.3055585898064074
/Users/jiangnanhugo/workspace/power-sharpening/Subtree-Prefetching-Power-Sharpening/case_studies/logs-entropycut/mbpp/2026-09-21/vllm/dataset-mbpp.model-qwen3.5-9b.alpha4.0.steps100.blocks-1.prefetch-budget-20.rank-accept_first.cut-entropy4.0.samples20.maxnew1024.seed10086.subtreePrefetch.vllm.log,352,6,185,0.1606566863839019
/Users/jiangnanhugo/workspace/power-sharpening/Subtree-Prefetching-Power-Sharpening/case_studies/logs-entropycut/mbpp/2026-09-21/vllm/dataset-mbpp.model-qwen3.5-9b.alpha4.0.steps100.blocks-1.prefetch-budget-20.rank-accept_first.cut-entropy4.0.samples20.maxnew1024.seed10086.subtreePrefetch.vllm.log,352,7,53,0.3055585898064074
/Users/jiangnanhugo/workspace/power-sharpening/Subtree-Prefetching-Power-Sharpening/case_studies/logs-entropycut/mbpp/2026-09-21/vllm/dataset-mbpp.model-qwen3.5-9b.alpha4.0.steps100.blocks-1.prefetch-budget-20.rank-accept_first.cut-entropy4.0.samples20.maxnew1024.seed10086.subtreePrefetch.vllm.log,352,8,53,0.3055585898064074
/Users/jiangnanhugo/workspace/power-sharpening/Subtree-Prefetching-Power-Sharpening/case_studies/logs-entropycut/mbpp/2026-09-21/vllm/dataset-mbpp.model-qwen3.5-9b.alpha4.0.steps100.blocks-1.prefetch-budget-20.rank-accept_first.cut-entropy4.0.samples20.maxnew1024.seed10086.subtreePrefetch.vllm.log,352,9,2,0.10160451301236219
/Users/jiangnanhugo/workspace/power-sharpening/Subtree-Prefetching-Power-Sharpening/case_studies/logs-entropycut/mbpp/2026-09-21/vllm/dataset-mbpp.model-qwen3.5-9b.alpha4.0.steps100.blocks-1.prefetch-budget-20.rank-accept_first.cut-entropy4.0.samples20.maxnew1024.seed10086.subtreePrefetch.vllm.log,352,10,2,0.10160451301236219
/Users/jiangnanhugo/workspace/power-sharpening/Subtree-Prefetching-Power-Sharpening/case_studies/logs-entropycut/mbpp/2026-09-21/vllm/dataset-mbpp.model-qwen3.5-9b.alpha4.0.steps100.blocks-1.prefetch-budget-20.rank-accept_first.cut-entropy4.0.samples20.maxnew1024.seed10086.subtreePrefetch.vllm.log,352,11,53,0.3055585898064074
/Users/jiangnanhugo/workspace/power-sharpening/Subtree-Prefetching-Power-Sharpening/case_studies/logs-entropycut/mbpp/2026-09-21/vllm/dataset-mbpp.model-qwen3.5-9b.alpha4.0.steps100.blocks-1.prefetch-budget-20.rank-accept_first.cut-entropy4.0.samples20.maxnew1024.seed10086.subtreePrefetch.vllm.log,352,12,53,0.3055585898064074
/Users/jiangnanhugo/workspace/power-sharpening/Subtree-Prefetching-Power-Sharpening/case_studies/logs-entropycut/mbpp/2026-09-21/vllm/dataset-mbpp.model-qwen3.5-9b.alpha4.0.steps100.blocks-1.prefetch-budget-20.rank-accept_first.cut-entropy4.0.samples20.maxnew1024.seed10086.subtreePrefetch.vllm.log,352,13,2,0.10160451301236219
/Users/jiangnanhugo/workspace/power-sharpening/Subtree-Prefetching-Power-Sharpening/case_studies/logs-entropycut/mbpp/2026-09-21/vllm/dataset-mbpp.model-qwen3.5-9b.alpha4.0.steps100.blocks-1.prefetch-budget-20.rank-accept_first.cut-entropy4.0.samples20.maxnew1024.seed10086.subtreePrefetch.vllm.log,352,14,10,0.05284252654616403
/Users/jiangnanhugo/workspace/power-sharpening/Subtree-Prefetching-Power-Sharpening/case_studies/logs-entropycut/mbpp/2026-09-21/vllm/dataset-mbpp.model-qwen3.5-9b.alpha4.0.steps100.blocks-1.prefetch-budget-20.rank-accept_first.cut-entropy4.0.samples20.maxnew1024.seed10086.subtreePrefetch.vllm.log,352,15,38,0.009412349900863454
/Users/jiangnanhugo/workspace/power-sharpening/Subtree-Prefetching-Power-Sharpening/case_studies/logs-entropycut/mbpp/2026-09-21/vllm/dataset-mbpp.model-qwen3.5-9b.alpha4.0.steps100.blocks-1.prefetch-budget-20.rank-accept_first.cut-entropy4.0.samples20.maxnew1024.seed10086.subtreePrefetch.vllm.log,352,16,32,0.09543929536310604
/Users/jiangnanhugo/workspace/power-sharpening/Subtree-Prefetching-Power-Sharpening/case_studies/logs-entropycut/mbpp/2026-09-21/vllm/dataset-mbpp.model-qwen3.5-9b.alpha4.0.steps100.blocks-1.prefetch-budget-20.rank-accept_first.cut-entropy4.0.samples20.maxnew1024.seed10086.subtreePrefetch.vllm.log,352,17,32,0.09543929536310604
/Users/jiangnanhugo/workspace/power-sharpening/Subtree-Prefetching-Power-Sharpening/case_studies/logs-entropycut/mbpp/2026-09-21/vllm/dataset-mbpp.model-qwen3.5-9b.alpha4.0.steps100.blocks-1.prefetch-budget-20.rank-accept_first.cut-entropy4.0.samples20.maxnew1024.seed10086.subtreePrefetch.vllm.log,352,18,2,0.10160451301236219
/Users/jiangnanhugo/workspace/power-sharpening/Subtree-Prefetching-Power-Sharpening/case_studies/logs-entropycut/mbpp/2026-09-21/vllm/dataset-mbpp.model-qwen3.5-9b.alpha4.0.steps100.blocks-1.prefetch-budget-20.rank-accept_first.cut-entropy4.0.samples20.maxnew1024.seed10086.subtreePrefetch.vllm.log,352,19,10,0.05284252654616403
/Users/jiangnanhugo/workspace/power-sharpening/Subtree-Prefetching-Power-Sharpening/case_studies/logs-entropycut/mbpp/2026-09-21/vllm/dataset-mbpp.model-qwen3.5-9b.alpha4.0.steps100.blocks-1.prefetch-budget-20.rank-accept_first.cut-entropy4.0.samples20.maxnew1024.seed10086.subtreePrefetch.vllm.log,353,0,194,0.00396194796783473
/Users/jiangnanhugo/workspace/power-sharpening/Subtree-Prefetching-Power-Sharpening/case_studies/logs-entropycut/mbpp/2026-09-21/vllm/dataset-mbpp.model-qwen3.5-9b.alpha4.0.steps100.blocks-1.prefetch-budget-20.rank-accept_first.cut-entropy4.0.samples20.maxnew1024.seed10086.subtreePrefetch.vllm.log,353,1,10,0.05287160792451946
/Users/jiangnanhugo/workspace/power-sharpening/Subtree-Prefetching-Power-Sharpening/case_studies/logs-entropycut/mbpp/2026-09-21/vllm/dataset-mbpp.model-qwen3.5-9b.alpha4.0.steps100.blocks-1.prefetch-budget-20.rank-accept_first.cut-entropy4.0.samples20.maxnew1024.seed10086.subtreePrefetch.vllm.log,353,2,53,0.30572675104964675
/Users/jiangnanhugo/workspace/power-sharpening/Subtree-Prefetching-Power-Sharpening/case_studies/logs-entropycut/mbpp/2026-09-21/vllm/dataset-mbpp.model-qwen3.5-9b.alpha4.0.steps100.blocks-1.prefetch-budget-20.rank-accept_first.cut-entropy4.0.samples20.maxnew1024.seed10086.subtreePrefetch.vllm.log,353,3,53,0.30572675104964675
/Users/jiangnanhugo/workspace/power-sharpening/Subtree-Prefetching-Power-Sharpening/case_studies/logs-entropycut/mbpp/2026-09-21/vllm/dataset-mbpp.model-qwen3.5-9b.alpha4.0.steps100.blocks-1.prefetch-budget-20.rank-accept_first.cut-entropy4.0.samples20.maxnew1024.seed10086.subtreePrefetch.vllm.log,353,4,32,0.09549181946518517
/Users/jiangnanhugo/workspace/power-sharpening/Subtree-Prefetching-Power-Sharpening/case_studies/logs-entropycut/mbpp/2026-09-21/vllm/dataset-mbpp.model-qwen3.5-9b.alpha4.0.steps100.blocks-1.prefetch-budget-20.rank-accept_first.cut-entropy4.0.samples20.maxnew1024.seed10086.subtreePrefetch.vllm.log,353,5,53,0.30572675104964675
/Users/jiangnanhugo/workspace/power-sharpening/Subtree-Prefetching-Power-Sharpening/case_studies/logs-entropycut/mbpp/2026-09-21/vllm/dataset-mbpp.model-qwen3.5-9b.alpha4.0.steps100.blocks-1.prefetch-budget-20.rank-accept_first.cut-entropy4.0.samples20.maxnew1024.seed10086.subtreePrefetch.vllm.log,353,6,53,0.30572675104964675
/Users/jiangnanhugo/workspace/power-sharpening/Subtree-Prefetching-Power-Sharpening/case_studies/logs-entropycut/mbpp/2026-09-21/vllm/dataset-mbpp.model-qwen3.5-9b.alpha4.0.steps100.blocks-1.prefetch-budget-20.rank-accept_first.cut-entropy4.0.samples20.maxnew1024.seed10086.subtreePrefetch.vllm.log,353,7,2,0.10166043008292372
/Users/jiangnanhugo/workspace/power-sharpening/Subtree-Prefetching-Power-Sharpening/case_studies/logs-entropycut/mbpp/2026-09-21/vllm/dataset-mbpp.model-qwen3.5-9b.alpha4.0.steps100.blocks-1.prefetch-budget-20.rank-accept_first.cut-entropy4.0.samples20.maxnew1024.seed10086.subtreePrefetch.vllm.log,353,8,212,0.009377552410627288
/Users/jiangnanhugo/workspace/power-sharpening/Subtree-Prefetching-Power-Sharpening/case_studies/logs-entropycut/mbpp/2026-09-21/vllm/dataset-mbpp.model-qwen3.5-9b.alpha4.0.steps100.blocks-1.prefetch-budget-20.rank-accept_first.cut-entropy4.0.samples20.maxnew1024.seed10086.subtreePrefetch.vllm.log,353,9,53,0.30572675104964675
/Users/jiangnanhugo/workspace/power-sharpening/Subtree-Prefetching-Power-Sharpening/case_studies/logs-entropycut/mbpp/2026-09-21/vllm/dataset-mbpp.model-qwen3.5-9b.alpha4.0.steps100.blocks-1.prefetch-budget-20.rank-accept_first.cut-entropy4.0.samples20.maxnew1024.seed10086.subtreePrefetch.vllm.log,353,10,53,0.30572675104964675
/Users/jiangnanhugo/workspace/power-sharpening/Subtree-Prefetching-Power-Sharpening/case_studies/logs-entropycut/mbpp/2026-09-21/vllm/dataset-mbpp.model-qwen3.5-9b.alpha4.0.steps100.blocks-1.prefetch-budget-20.rank-accept_first.cut-entropy4.0.samples20.maxnew1024.seed10086.subtreePrefetch.vllm.log,353,11,46,0.026614176205844338
/Users/jiangnanhugo/workspace/power-sharpening/Subtree-Prefetching-Power-Sharpening/case_studies/logs-entropycut/mbpp/2026-09-21/vllm/dataset-mbpp.model-qwen3.5-9b.alpha4.0.steps100.blocks-1.prefetch-budget-20.rank-accept_first.cut-entropy4.0.samples20.maxnew1024.seed10086.subtreePrefetch.vllm.log,353,12,185,0.1607451022524728
/Users/jiangnanhugo/workspace/power-sharpening/Subtree-Prefetching-Power-Sharpening/case_studies/logs-entropycut/mbpp/2026-09-21/vllm/dataset-mbpp.model-qwen3.5-9b.alpha4.0.steps100.blocks-1.prefetch-budget-20.rank-accept_first.cut-entropy4.0.samples20.maxnew1024.seed10086.subtreePrefetch.vllm.log,353,13,27,6.0475414547455383e-05
/Users/jiangnanhugo/workspace/power-sharpening/Subtree-Prefetching-Power-Sharpening/case_studies/logs-entropycut/mbpp/2026-09-21/vllm/dataset-mbpp.model-qwen3.5-9b.alpha4.0.steps100.blocks-1.prefetch-budget-20.rank-accept_first.cut-entropy4.0.samples20.maxnew1024.seed10086.subtreePrefetch.vllm.log,353,14,2,0.10166043008292372
/Users/jiangnanhugo/workspace/power-sharpening/Subtree-Prefetching-Power-Sharpening/case_studies/logs-entropycut/mbpp/2026-09-21/vllm/dataset-mbpp.model-qwen3.5-9b.alpha4.0.steps100.blocks-1.prefetch-budget-20.rank-accept_first.cut-entropy4.0.samples20.maxnew1024.seed10086.subtreePrefetch.vllm.log,353,15,143,0.009924363995988375
/Users/jiangnanhugo/workspace/power-sharpening/Subtree-Prefetching-Power-Sharpening/case_studies/logs-entropycut/mbpp/2026-09-21/vllm/dataset-mbpp.model-qwen3.5-9b.alpha4.0.steps100.blocks-1.prefetch-budget-20.rank-accept_first.cut-entropy4.0.samples20.maxnew1024.seed10086.subtreePrefetch.vllm.log,353,16,53,0.30572675104964675
/Users/jiangnanhugo/workspace/power-sharpening/Subtree-Prefetching-Power-Sharpening/case_studies/logs-entropycut/mbpp/2026-09-21/vllm/dataset-mbpp.model-qwen3.5-9b.alpha4.0.steps100.blocks-1.prefetch-budget-20.rank-accept_first.cut-entropy4.0.samples20.maxnew1024.seed10086.subtreePrefetch.vllm.log,353,17,8,0.028007640201896767
/Users/jiangnanhugo/workspace/power-sharpening/Subtree-Prefetching-Power-Sharpening/case_studies/logs-entropycut/mbpp/2026-09-21/vllm/dataset-mbpp.model-qwen3.5-9b.alpha4.0.steps100.blocks-1.prefetch-budget-20.rank-accept_first.cut-entropy4.0.samples20.maxnew1024.seed10086.subtreePrefetch.vllm.log,353,18,32,0.09549181946518517
/Users/jiangnanhugo/workspace/power-sharpening/Subtree-Prefetching-Power-Sharpening/case_studies/logs-entropycut/mbpp/2026-09-21/vllm/dataset-mbpp.model-qwen3.5-9b.alpha4.0.steps100.blocks-1.prefetch-budget-20.rank-accept_first.cut-entropy4.0.samples20.maxnew1024.seed10086.subtreePrefetch.vllm.log,353,19,127,0.013368422657055515
/Users/jiangnanhugo/workspace/power-sharpening/Subtree-Prefetching-Power-Sharpening/case_studies/logs-entropycut/mbpp/2026-09-21/vllm/dataset-mbpp.model-qwen3.5-9b.alpha4.0.steps100.blocks-1.prefetch-budget-20.rank-accept_first.cut-entropy4.0.samples20.maxnew1024.seed10086.subtreePrefetch.vllm.log,354,0,10,0.05300310340938547
/Users/jiangnanhugo/workspace/power-sharpening/Subtree-Prefetching-Power-Sharpening/case_studies/logs-entropycut/mbpp/2026-09-21/vllm/dataset-mbpp.model-qwen3.5-9b.alpha4.0.steps100.blocks-1.prefetch-budget-20.rank-accept_first.cut-entropy4.0.samples20.maxnew1024.seed10086.subtreePrefetch.vllm.log,354,1,333,0.0015334925581277667
/Users/jiangnanhugo/workspace/power-sharpening/Subtree-Prefetching-Power-Sharpening/case_studies/logs-entropycut/mbpp/2026-09-21/vllm/dataset-mbpp.model-qwen3.5-9b.alpha4.0.steps100.blocks-1.prefetch-budget-20.rank-accept_first.cut-entropy4.0.samples20.maxnew1024.seed10086.subtreePrefetch.vllm.log,354,2,217,0.007379094730840623
/Users/jiangnanhugo/workspace/power-sharpening/Subtree-Prefetching-Power-Sharpening/case_studies/logs-entropycut/mbpp/2026-09-21/vllm/dataset-mbpp.model-qwen3.5-9b.alpha4.0.steps100.blocks-1.prefetch-budget-20.rank-accept_first.cut-entropy4.0.samples20.maxnew1024.seed10086.subtreePrefetch.vllm.log,354,3,10,0.05300310340938547
/Users/jiangnanhugo/workspace/power-sharpening/Subtree-Prefetching-Power-Sharpening/case_studies/logs-entropycut/mbpp/2026-09-21/vllm/dataset-mbpp.model-qwen3.5-9b.alpha4.0.steps100.blocks-1.prefetch-budget-20.rank-accept_first.cut-entropy4.0.samples20.maxnew1024.seed10086.subtreePrefetch.vllm.log,354,4,2,0.10191326687132866
/Users/jiangnanhugo/workspace/power-sharpening/Subtree-Prefetching-Power-Sharpening/case_studies/logs-entropycut/mbpp/2026-09-21/vllm/dataset-mbpp.model-qwen3.5-9b.alpha4.0.steps100.blocks-1.prefetch-budget-20.rank-accept_first.cut-entropy4.0.samples20.maxnew1024.seed10086.subtreePrefetch.vllm.log,354,5,185,0.16114488686259287
/Users/jiangnanhugo/workspace/power-sharpening/Subtree-Prefetching-Power-Sharpening/case_studies/logs-entropycut/mbpp/2026-09-21/vllm/dataset-mbpp.model-qwen3.5-9b.alpha4.0.steps100.blocks-1.prefetch-budget-20.rank-accept_first.cut-entropy4.0.samples20.maxnew1024.seed10086.subtreePrefetch.vllm.log,354,6,32,0.09572931447610365
/Users/jiangnanhugo/workspace/power-sharpening/Subtree-Prefetching-Power-Sharpening/case_studies/logs-entropycut/mbpp/2026-09-21/vllm/dataset-mbpp.model-qwen3.5-9b.alpha4.0.steps100.blocks-1.prefetch-budget-20.rank-accept_first.cut-entropy4.0.samples20.maxnew1024.seed10086.subtreePrefetch.vllm.log,354,7,2,0.10191326687132866
/Users/jiangnanhugo/workspace/power-sharpening/Subtree-Prefetching-Power-Sharpening/case_studies/logs-entropycut/mbpp/2026-09-21/vllm/dataset-mbpp.model-qwen3.5-9b.alpha4.0.steps100.blocks-1.prefetch-budget-20.rank-accept_first.cut-entropy4.0.samples20.maxnew1024.seed10086.subtreePrefetch.vllm.log,354,8,8,0.028077297213908937
/Users/jiangnanhugo/workspace/power-sharpening/Subtree-Prefetching-Power-Sharpening/case_studies/logs-entropycut/mbpp/2026-09-21/vllm/dataset-mbpp.model-qwen3.5-9b.alpha4.0.steps100.blocks-1.prefetch-budget-20.rank-accept_first.cut-entropy4.0.samples20.maxnew1024.seed10086.subtreePrefetch.vllm.log,354,9,32,0.09572931447610365
/Users/jiangnanhugo/workspace/power-sharpening/Subtree-Prefetching-Power-Sharpening/case_studies/logs-entropycut/mbpp/2026-09-21/vllm/dataset-mbpp.model-qwen3.5-9b.alpha4.0.steps100.blocks-1.prefetch-budget-20.rank-accept_first.cut-entropy4.0.samples20.maxnew1024.seed10086.subtreePrefetch.vllm.log,354,10,185,0.16114488686259287
/Users/jiangnanhugo/workspace/power-sharpening/Subtree-Prefetching-Power-Sharpening/case_studies/logs-entropycut/mbpp/2026-09-21/vllm/dataset-mbpp.model-qwen3.5-9b.alpha4.0.steps100.blocks-1.prefetch-budget-20.rank-accept_first.cut-entropy4.0.samples20.maxnew1024.seed10086.subtreePrefetch.vllm.log,354,11,53,0.3064871154293943
/Users/jiangnanhugo/workspace/power-sharpening/Subtree-Prefetching-Power-Sharpening/case_studies/logs-entropycut/mbpp/2026-09-21/vllm/dataset-mbpp.model-qwen3.5-9b.alpha4.0.steps100.blocks-1.prefetch-budget-20.rank-accept_first.cut-entropy4.0.samples20.maxnew1024.seed10086.subtreePrefetch.vllm.log,354,12,2,0.10191326687132866
/Users/jiangnanhugo/workspace/power-sharpening/Subtree-Prefetching-Power-Sharpening/case_studies/logs-entropycut/mbpp/2026-09-21/vllm/dataset-mbpp.model-qwen3.5-9b.alpha4.0.steps100.blocks-1.prefetch-budget-20.rank-accept_first.cut-entropy4.0.samples20.maxnew1024.seed10086.subtreePrefetch.vllm.log,354,13,32,0.09572931447610365
/Users/jiangnanhugo/workspace/power-sharpening/Subtree-Prefetching-Power-Sharpening/case_studies/logs-entropycut/mbpp/2026-09-21/vllm/dataset-mbpp.model-qwen3.5-9b.alpha4.0.steps100.blocks-1.prefetch-budget-20.rank-accept_first.cut-entropy4.0.samples20.maxnew1024.seed10086.subtreePrefetch.vllm.log,354,14,2,0.10191326687132866
/Users/jiangnanhugo/workspace/power-sharpening/Subtree-Prefetching-Power-Sharpening/case_studies/logs-entropycut/mbpp/2026-09-21/vllm/dataset-mbpp.model-qwen3.5-9b.alpha4.0.steps100.blocks-1.prefetch-budget-20.rank-accept_first.cut-entropy4.0.samples20.maxnew1024.seed10086.subtreePrefetch.vllm.log,354,15,127,0.013401670883999793
/Users/jiangnanhugo/workspace/power-sharpening/Subtree-Prefetching-Power-Sharpening/case_studies/logs-entropycut/mbpp/2026-09-21/vllm/dataset-mbpp.model-qwen3.5-9b.alpha4.0.steps100.blocks-1.prefetch-budget-20.rank-accept_first.cut-entropy4.0.samples20.maxnew1024.seed10086.subtreePrefetch.vllm.log,354,16,2,0.10191326687132866
/Users/jiangnanhugo/workspace/power-sharpening/Subtree-Prefetching-Power-Sharpening/case_studies/logs-entropycut/mbpp/2026-09-21/vllm/dataset-mbpp.model-qwen3.5-9b.alpha4.0.steps100.blocks-1.prefetch-budget-20.rank-accept_first.cut-entropy4.0.samples20.maxnew1024.seed10086.subtreePrefetch.vllm.log,354,17,62,0.0131352580021732
/Users/jiangnanhugo/workspace/power-sharpening/Subtree-Prefetching-Power-Sharpening/case_studies/logs-entropycut/mbpp/2026-09-21/vllm/dataset-mbpp.model-qwen3.5-9b.alpha4.0.steps100.blocks-1.prefetch-budget-20.rank-accept_first.cut-entropy4.0.samples20.maxnew1024.seed10086.subtreePrefetch.vllm.log,354,18,53,0.3064871154293943
/Users/jiangnanhugo/workspace/power-sharpening/Subtree-Prefetching-Power-Sharpening/case_studies/logs-entropycut/mbpp/2026-09-21/vllm/dataset-mbpp.model-qwen3.5-9b.alpha4.0.steps100.blocks-1.prefetch-budget-20.rank-accept_first.cut-entropy4.0.samples20.maxnew1024.seed10086.subtreePrefetch.vllm.log,354,19,2,0.10191326687132866
/Users/jiangnanhugo/workspace/power-sharpening/Subtree-Prefetching-Power-Sharpening/case_studies/logs-entropycut/mbpp/2026-09-21/vllm/dataset-mbpp.model-qwen3.5-9b.alpha4.0.steps100.blocks-1.prefetch-budget-20.rank-accept_first.cut-entropy4.0.samples20.maxnew1024.seed10086.subtreePrefetch.vllm.log,355,0,53,0.3064871154293943
/Users/jiangnanhugo/workspace/power-sharpening/Subtree-Prefetching-Power-Sharpening/case_studies/logs-entropycut/mbpp/2026-09-21/vllm/dataset-mbpp.model-qwen3.5-9b.alpha4.0.steps100.blocks-1.prefetch-budget-20.rank-accept_first.cut-entropy4.0.samples20.maxnew1024.seed10086.subtreePrefetch.vllm.log,355,1,46,0.026680367572853508
/Users/jiangnanhugo/workspace/power-sharpening/Subtree-Prefetching-Power-Sharpening/case_studies/logs-entropycut/mbpp/2026-09-21/vllm/dataset-mbpp.model-qwen3.5-9b.alpha4.0.steps100.blocks-1.prefetch-budget-20.rank-accept_first.cut-entropy4.0.samples20.maxnew1024.seed10086.subtreePrefetch.vllm.log,355,2,2,0.10191326687132866
/Users/jiangnanhugo/workspace/power-sharpening/Subtree-Prefetching-Power-Sharpening/case_studies/logs-entropycut/mbpp/2026-09-21/vllm/dataset-mbpp.model-qwen3.5-9b.alpha4.0.steps100.blocks-1.prefetch-budget-20.rank-accept_first.cut-entropy4.0.samples20.maxnew1024.seed10086.subtreePrefetch.vllm.log,355,3,53,0.3064871154293943
/Users/jiangnanhugo/workspace/power-sharpening/Subtree-Prefetching-Power-Sharpening/case_studies/logs-entropycut/mbpp/2026-09-21/vllm/dataset-mbpp.model-qwen3.5-9b.alpha4.0.steps100.blocks-1.prefetch-budget-20.rank-accept_first.cut-entropy4.0.samples20.maxnew1024.seed10086.subtreePrefetch.vllm.log,355,4,53,0.3064871154293943
/Users/jiangnanhugo/workspace/power-sharpening/Subtree-Prefetching-Power-Sharpening/case_studies/logs-entropycut/mbpp/2026-09-21/vllm/dataset-mbpp.model-qwen3.5-9b.alpha4.0.steps100.blocks-1.prefetch-budget-20.rank-accept_first.cut-entropy4.0.samples20.maxnew1024.seed10086.subtreePrefetch.vllm.log,355,5,32,0.09572931447610365
/Users/jiangnanhugo/workspace/power-sharpening/Subtree-Prefetching-Power-Sharpening/case_studies/logs-entropycut/mbpp/2026-09-21/vllm/dataset-mbpp.model-qwen3.5-9b.alpha4.0.steps100.blocks-1.prefetch-budget-20.rank-accept_first.cut-entropy4.0.samples20.maxnew1024.seed10086.subtreePrefetch.vllm.log,355,6,53,0.3064871154293943
/Users/jiangnanhugo/workspace/power-sharpening/Subtree-Prefetching-Power-Sharpening/case_studies/logs-entropycut/mbpp/2026-09-21/vllm/dataset-mbpp.model-qwen3.5-9b.alpha4.0.steps100.blocks-1.prefetch-budget-20.rank-accept_first.cut-entropy4.0.samples20.maxnew1024.seed10086.subtreePrefetch.vllm.log,355,7,53,0.3064871154293943
/Users/jiangnanhugo/workspace/power-sharpening/Subtree-Prefetching-Power-Sharpening/case_studies/logs-entropycut/mbpp/2026-09-21/vllm/dataset-mbpp.model-qwen3.5-9b.alpha4.0.steps100.blocks-1.prefetch-budget-20.rank-accept_first.cut-entropy4.0.samples20.maxnew1024.seed10086.subtreePrefetch.vllm.log,355,8,53,0.3064871154293943
/Users/jiangnanhugo/workspace/power-sharpening/Subtree-Prefetching-Power-Sharpening/case_studies/logs-entropycut/mbpp/2026-09-21/vllm/dataset-mbpp.model-qwen3.5-9b.alpha4.0.steps100.blocks-1.prefetch-budget-20.rank-accept_first.cut-entropy4.0.samples20.maxnew1024.seed10086.subtreePrefetch.vllm.log,355,9,53,0.3064871154293943
/Users/jiangnanhugo/workspace/power-sharpening/Subtree-Prefetching-Power-Sharpening/case_studies/logs-entropycut/mbpp/2026-09-21/vllm/dataset-mbpp.model-qwen3.5-9b.alpha4.0.steps100.blocks-1.prefetch-budget-20.rank-accept_first.cut-entropy4.0.samples20.maxnew1024.seed10086.subtreePrefetch.vllm.log,355,10,46,0.026680367572853508
/Users/jiangnanhugo/workspace/power-sharpening/Subtree-Prefetching-Power-Sharpening/case_studies/logs-entropycut/mbpp/2026-09-21/vllm/dataset-mbpp.model-qwen3.5-9b.alpha4.0.steps100.blocks-1.prefetch-budget-20.rank-accept_first.cut-entropy4.0.samples20.maxnew1024.seed10086.subtreePrefetch.vllm.log,355,11,53,0.3064871154293943
/Users/jiangnanhugo/workspace/power-sharpening/Subtree-Prefetching-Power-Sharpening/case_studies/logs-entropycut/mbpp/2026-09-21/vllm/dataset-mbpp.model-qwen3.5-9b.alpha4.0.steps100.blocks-1.prefetch-budget-20.rank-accept_first.cut-entropy4.0.samples20.maxnew1024.seed10086.subtreePrefetch.vllm.log,355,12,10,0.05300310340938547
/Users/jiangnanhugo/workspace/power-sharpening/Subtree-Prefetching-Power-Sharpening/case_studies/logs-entropycut/mbpp/2026-09-21/vllm/dataset-mbpp.model-qwen3.5-9b.alpha4.0.steps100.blocks-1.prefetch-budget-20.rank-accept_first.cut-entropy4.0.samples20.maxnew1024.seed10086.subtreePrefetch.vllm.log,355,13,32,0.09572931447610365
/Users/jiangnanhugo/workspace/power-sharpening/Subtree-Prefetching-Power-Sharpening/case_studies/logs-entropycut/mbpp/2026-09-21/vllm/dataset-mbpp.model-qwen3.5-9b.alpha4.0.steps100.blocks-1.prefetch-budget-20.rank-accept_first.cut-entropy4.0.samples20.maxnew1024.seed10086.subtreePrefetch.vllm.log,355,14,31,0.0018196444459084194
/Users/jiangnanhugo/workspace/power-sharpening/Subtree-Prefetching-Power-Sharpening/case_studies/logs-entropycut/mbpp/2026-09-21/vllm/dataset-mbpp.model-qwen3.5-9b.alpha4.0.steps100.blocks-1.prefetch-budget-20.rank-accept_first.cut-entropy4.0.samples20.maxnew1024.seed10086.subtreePrefetch.vllm.log,355,15,32,0.09572931447610365
/Users/jiangnanhugo/workspace/power-sharpening/Subtree-Prefetching-Power-Sharpening/case_studies/logs-entropycut/mbpp/2026-09-21/vllm/dataset-mbpp.model-qwen3.5-9b.alpha4.0.steps100.blocks-1.prefetch-budget-20.rank-accept_first.cut-entropy4.0.samples20.maxnew1024.seed10086.subtreePrefetch.vllm.log,355,16,10,0.05300310340938547
/Users/jiangnanhugo/workspace/power-sharpening/Subtree-Prefetching-Power-Sharpening/case_studies/logs-entropycut/mbpp/2026-09-21/vllm/dataset-mbpp.model-qwen3.5-9b.alpha4.0.steps100.blocks-1.prefetch-budget-20.rank-accept_first.cut-entropy4.0.samples20.maxnew1024.seed10086.subtreePrefetch.vllm.log,355,17,10,0.05300310340938547
/Users/jiangnanhugo/workspace/power-sharpening/Subtree-Prefetching-Power-Sharpening/case_studies/logs-entropycut/mbpp/2026-09-21/vllm/dataset-mbpp.model-qwen3.5-9b.alpha4.0.steps100.blocks-1.prefetch-budget-20.rank-accept_first.cut-entropy4.0.samples20.maxnew1024.seed10086.subtreePrefetch.vllm.log,355,18,185,0.16114488686259287
/Users/jiangnanhugo/workspace/power-sharpening/Subtree-Prefetching-Power-Sharpening/case_studies/logs-entropycut/mbpp/2026-09-21/vllm/dataset-mbpp.model-qwen3.5-9b.alpha4.0.steps100.blocks-1.prefetch-budget-20.rank-accept_first.cut-entropy4.0.samples20.maxnew1024.seed10086.subtreePrefetch.vllm.log,355,19,53,0.3064871154293943
/Users/jiangnanhugo/workspace/power-sharpening/Subtree-Prefetching-Power-Sharpening/case_studies/logs-entropycut/mbpp/2026-09-21/vllm/dataset-mbpp.model-qwen3.5-9b.alpha4.0.steps100.blocks-1.prefetch-budget-20.rank-accept_first.cut-entropy4.0.samples20.maxnew1024.seed10086.subtreePrefetch.vllm.log,356,0,185,0.16114488686259287
/Users/jiangnanhugo/workspace/power-sharpening/Subtree-Prefetching-Power-Sharpening/case_studies/logs-entropycut/mbpp/2026-09-21/vllm/dataset-mbpp.model-qwen3.5-9b.alpha4.0.steps100.blocks-1.prefetch-budget-20.rank-accept_first.cut-entropy4.0.samples20.maxnew1024.seed10086.subtreePrefetch.vllm.log,356,1,46,0.026680367572853508
/Users/jiangnanhugo/workspace/power-sharpening/Subtree-Prefetching-Power-Sharpening/case_studies/logs-entropycut/mbpp/2026-09-21/vllm/dataset-mbpp.model-qwen3.5-9b.alpha4.0.steps100.blocks-1.prefetch-budget-20.rank-accept_first.cut-entropy4.0.samples20.maxnew1024.seed10086.subtreePrefetch.vllm.log,356,2,32,0.09572931447610365
/Users/jiangnanhugo/workspace/power-sharpening/Subtree-Prefetching-Power-Sharpening/case_studies/logs-entropycut/mbpp/2026-09-21/vllm/dataset-mbpp.model-qwen3.5-9b.alpha4.0.steps100.blocks-1.prefetch-budget-20.rank-accept_first.cut-entropy4.0.samples20.maxnew1024.seed10086.subtreePrefetch.vllm.log,356,3,32,0.09572931447610365
/Users/jiangnanhugo/workspace/power-sharpening/Subtree-Prefetching-Power-Sharpening/case_studies/logs-entropycut/mbpp/2026-09-21/vllm/dataset-mbpp.model-qwen3.5-9b.alpha4.0.steps100.blocks-1.prefetch-budget-20.rank-accept_first.cut-entropy4.0.samples20.maxnew1024.seed10086.subtreePrefetch.vllm.log,356,4,10,0.05300310340938547
/Users/jiangnanhugo/workspace/power-sharpening/Subtree-Prefetching-Power-Sharpening/case_studies/logs-entropycut/mbpp/2026-09-21/vllm/dataset-mbpp.model-qwen3.5-9b.alpha4.0.steps100.blocks-1.prefetch-budget-20.rank-accept_first.cut-entropy4.0.samples20.maxnew1024.seed10086.subtreePrefetch.vllm.log,356,5,2,0.10191326687132866
/Users/jiangnanhugo/workspace/power-sharpening/Subtree-Prefetching-Power-Sharpening/case_studies/logs-entropycut/mbpp/2026-09-21/vllm/dataset-mbpp.model-qwen3.5-9b.alpha4.0.steps100.blocks-1.prefetch-budget-20.rank-accept_first.cut-entropy4.0.samples20.maxnew1024.seed10086.subtreePrefetch.vllm.log,356,6,8,0.028077297213908937
/Users/jiangnanhugo/workspace/power-sharpening/Subtree-Prefetching-Power-Sharpening/case_studies/logs-entropycut/mbpp/2026-09-21/vllm/dataset-mbpp.model-qwen3.5-9b.alpha4.0.steps100.blocks-1.prefetch-budget-20.rank-accept_first.cut-entropy4.0.samples20.maxnew1024.seed10086.subtreePrefetch.vllm.log,356,7,44,0.005098993606547367
/Users/jiangnanhugo/workspace/power-sharpening/Subtree-Prefetching-Power-Sharpening/case_studies/logs-entropycut/mbpp/2026-09-21/vllm/dataset-mbpp.model-qwen3.5-9b.alpha4.0.steps100.blocks-1.prefetch-budget-20.rank-accept_first.cut-entropy4.0.samples20.maxnew1024.seed10086.subtreePrefetch.vllm.log,356,8,2,0.10191326687132866
/Users/jiangnanhugo/workspace/power-sharpening/Subtree-Prefetching-Power-Sharpening/case_studies/logs-entropycut/mbpp/2026-09-21/vllm/dataset-mbpp.model-qwen3.5-9b.alpha4.0.steps100.blocks-1.prefetch-budget-20.rank-accept_first.cut-entropy4.0.samples20.maxnew1024.seed10086.subtreePrefetch.vllm.log,356,9,32,0.09572931447610365
/Users/jiangnanhugo/workspace/power-sharpening/Subtree-Prefetching-Power-Sharpening/case_studies/logs-entropycut/mbpp/2026-09-21/vllm/dataset-mbpp.model-qwen3.5-9b.alpha4.0.steps100.blocks-1.prefetch-budget-20.rank-accept_first.cut-entropy4.0.samples20.maxnew1024.seed10086.subtreePrefetch.vllm.log,356,10,2,0.10191326687132866
/Users/jiangnanhugo/workspace/power-sharpening/Subtree-Prefetching-Power-Sharpening/case_studies/logs-entropycut/mbpp/2026-09-21/vllm/dataset-mbpp.model-qwen3.5-9b.alpha4.0.steps100.blocks-1.prefetch-budget-20.rank-accept_first.cut-entropy4.0.samples20.maxnew1024.seed10086.subtreePrefetch.vllm.log,356,11,2,0.10191326687132866
/Users/jiangnanhugo/workspace/power-sharpening/Subtree-Prefetching-Power-Sharpening/case_studies/logs-entropycut/mbpp/2026-09-21/vllm/dataset-mbpp.model-qwen3.5-9b.alpha4.0.steps100.blocks-1.prefetch-budget-20.rank-accept_first.cut-entropy4.0.samples20.maxnew1024.seed10086.subtreePrefetch.vllm.log,356,12,53,0.3064871154293943
/Users/jiangnanhugo/workspace/power-sharpening/Subtree-Prefetching-Power-Sharpening/case_studies/logs-entropycut/mbpp/2026-09-21/vllm/dataset-mbpp.model-qwen3.5-9b.alpha4.0.steps100.blocks-1.prefetch-budget-20.rank-accept_first.cut-entropy4.0.samples20.maxnew1024.seed10086.subtreePrefetch.vllm.log,356,13,32,0.09572931447610365
/Users/jiangnanhugo/workspace/power-sharpening/Subtree-Prefetching-Power-Sharpening/case_studies/logs-entropycut/mbpp/2026-09-21/vllm/dataset-mbpp.model-qwen3.5-9b.alpha4.0.steps100.blocks-1.prefetch-budget-20.rank-accept_first.cut-entropy4.0.samples20.maxnew1024.seed10086.subtreePrefetch.vllm.log,356,14,10,0.05300310340938547
/Users/jiangnanhugo/workspace/power-sharpening/Subtree-Prefetching-Power-Sharpening/case_studies/logs-entropycut/mbpp/2026-09-21/vllm/dataset-mbpp.model-qwen3.5-9b.alpha4.0.steps100.blocks-1.prefetch-budget-20.rank-accept_first.cut-entropy4.0.samples20.maxnew1024.seed10086.subtreePrefetch.vllm.log,356,15,8,0.028077297213908937
/Users/jiangnanhugo/workspace/power-sharpening/Subtree-Prefetching-Power-Sharpening/case_studies/logs-entropycut/mbpp/2026-09-21/vllm/dataset-mbpp.model-qwen3.5-9b.alpha4.0.steps100.blocks-1.prefetch-budget-20.rank-accept_first.cut-entropy4.0.samples20.maxnew1024.seed10086.subtreePrefetch.vllm.log,356,16,10,0.05300310340938547
/Users/jiangnanhugo/workspace/power-sharpening/Subtree-Prefetching-Power-Sharpening/case_studies/logs-entropycut/mbpp/2026-09-21/vllm/dataset-mbpp.model-qwen3.5-9b.alpha4.0.steps100.blocks-1.prefetch-budget-20.rank-accept_first.cut-entropy4.0.samples20.maxnew1024.seed10086.subtreePrefetch.vllm.log,356,17,32,0.09572931447610365
/Users/jiangnanhugo/workspace/power-sharpening/Subtree-Prefetching-Power-Sharpening/case_studies/logs-entropycut/mbpp/2026-09-21/vllm/dataset-mbpp.model-qwen3.5-9b.alpha4.0.steps100.blocks-1.prefetch-budget-20.rank-accept_first.cut-entropy4.0.samples20.maxnew1024.seed10086.subtreePrefetch.vllm.log,356,18,32,0.09572931447610365
/Users/jiangnanhugo/workspace/power-sharpening/Subtree-Prefetching-Power-Sharpening/case_studies/logs-entropycut/mbpp/2026-09-21/vllm/dataset-mbpp.model-qwen3.5-9b.alpha4.0.steps100.blocks-1.prefetch-budget-20.rank-accept_first.cut-entropy4.0.samples20.maxnew1024.seed10086.subtreePrefetch.vllm.log,356,19,2,0.10191326687132866
/Users/jiangnanhugo/workspace/power-sharpening/Subtree-Prefetching-Power-Sharpening/case_studies/logs-entropycut/mbpp/2026-09-21/vllm/dataset-mbpp.model-qwen3.5-9b.alpha4.0.steps100.blocks-1.prefetch-budget-20.rank-accept_first.cut-entropy4.0.samples20.maxnew1024.seed10086.subtreePrefetch.vllm.log,357,0,53,0.3064871154293943
/Users/jiangnanhugo/workspace/power-sharpening/Subtree-Prefetching-Power-Sharpening/case_studies/logs-entropycut/mbpp/2026-09-21/vllm/dataset-mbpp.model-qwen3.5-9b.alpha4.0.steps100.blocks-1.prefetch-budget-20.rank-accept_first.cut-entropy4.0.samples20.maxnew1024.seed10086.subtreePrefetch.vllm.log,357,1,32,0.09572931447610365
/Users/jiangnanhugo/workspace/power-sharpening/Subtree-Prefetching-Power-Sharpening/case_studies/logs-entropycut/mbpp/2026-09-21/vllm/dataset-mbpp.model-qwen3.5-9b.alpha4.0.steps100.blocks-1.prefetch-budget-20.rank-accept_first.cut-entropy4.0.samples20.maxnew1024.seed10086.subtreePrefetch.vllm.log,357,2,32,0.09572931447610365
/Users/jiangnanhugo/workspace/power-sharpening/Subtree-Prefetching-Power-Sharpening/case_studies/logs-entropycut/mbpp/2026-09-21/vllm/dataset-mbpp.model-qwen3.5-9b.alpha4.0.steps100.blocks-1.prefetch-budget-20.rank-accept_first.cut-entropy4.0.samples20.maxnew1024.seed10086.subtreePrefetch.vllm.log,357,3,53,0.3064871154293943
/Users/jiangnanhugo/workspace/power-sharpening/Subtree-Prefetching-Power-Sharpening/case_studies/logs-entropycut/mbpp/2026-09-21/vllm/dataset-mbpp.model-qwen3.5-9b.alpha4.0.steps100.blocks-1.prefetch-budget-20.rank-accept_first.cut-entropy4.0.samples20.maxnew1024.seed10086.subtreePrefetch.vllm.log,357,4,53,0.3064871154293943
/Users/jiangnanhugo/workspace/power-sharpening/Subtree-Prefetching-Power-Sharpening/case_studies/logs-entropycut/mbpp/2026-09-21/vllm/dataset-mbpp.model-qwen3.5-9b.alpha4.0.steps100.blocks-1.prefetch-budget-20.rank-accept_first.cut-entropy4.0.samples20.maxnew1024.seed10086.subtreePrefetch.vllm.log,357,5,2,0.10191326687132866
/Users/jiangnanhugo/workspace/power-sharpening/Subtree-Prefetching-Power-Sharpening/case_studies/logs-entropycut/mbpp/2026-09-21/vllm/dataset-mbpp.model-qwen3.5-9b.alpha4.0.steps100.blocks-1.prefetch-budget-20.rank-accept_first.cut-entropy4.0.samples20.maxnew1024.seed10086.subtreePrefetch.vllm.log,357,6,53,0.3064871154293943
/Users/jiangnanhugo/workspace/power-sharpening/Subtree-Prefetching-Power-Sharpening/case_studies/logs-entropycut/mbpp/2026-09-21/vllm/dataset-mbpp.model-qwen3.5-9b.alpha4.0.steps100.blocks-1.prefetch-budget-20.rank-accept_first.cut-entropy4.0.samples20.maxnew1024.seed10086.subtreePrefetch.vllm.log,357,7,53,0.3064871154293943
/Users/jiangnanhugo/workspace/power-sharpening/Subtree-Prefetching-Power-Sharpening/case_studies/logs-entropycut/mbpp/2026-09-21/vllm/dataset-mbpp.model-qwen3.5-9b.alpha4.0.steps100.blocks-1.prefetch-budget-20.rank-accept_first.cut-entropy4.0.samples20.maxnew1024.seed10086.subtreePrefetch.vllm.log,357,8,53,0.3064871154293943
/Users/jiangnanhugo/workspace/power-sharpening/Subtree-Prefetching-Power-Sharpening/case_studies/logs-entropycut/mbpp/2026-09-21/vllm/dataset-mbpp.model-qwen3.5-9b.alpha4.0.steps100.blocks-1.prefetch-budget-20.rank-accept_first.cut-entropy4.0.samples20.maxnew1024.seed10086.subtreePrefetch.vllm.log,357,9,185,0.16114488686259287
/Users/jiangnanhugo/workspace/power-sharpening/Subtree-Prefetching-Power-Sharpening/case_studies/logs-entropycut/mbpp/2026-09-21/vllm/dataset-mbpp.model-qwen3.5-9b.alpha4.0.steps100.blocks-1.prefetch-budget-20.rank-accept_first.cut-entropy4.0.samples20.maxnew1024.seed10086.subtreePrefetch.vllm.log,357,10,53,0.3064871154293943
/Users/jiangnanhugo/workspace/power-sharpening/Subtree-Prefetching-Power-Sharpening/case_studies/logs-entropycut/mbpp/2026-09-21/vllm/dataset-mbpp.model-qwen3.5-9b.alpha4.0.steps100.blocks-1.prefetch-budget-20.rank-accept_first.cut-entropy4.0.samples20.maxnew1024.seed10086.subtreePrefetch.vllm.log,357,11,32,0.09572931447610365
/Users/jiangnanhugo/workspace/power-sharpening/Subtree-Prefetching-Power-Sharpening/case_studies/logs-entropycut/mbpp/2026-09-21/vllm/dataset-mbpp.model-qwen3.5-9b.alpha4.0.steps100.blocks-1.prefetch-budget-20.rank-accept_first.cut-entropy4.0.samples20.maxnew1024.seed10086.subtreePrefetch.vllm.log,357,12,2,0.10191326687132866
/Users/jiangnanhugo/workspace/power-sharpening/Subtree-Prefetching-Power-Sharpening/case_studies/logs-entropycut/mbpp/2026-09-21/vllm/dataset-mbpp.model-qwen3.5-9b.alpha4.0.steps100.blocks-1.prefetch-budget-20.rank-accept_first.cut-entropy4.0.samples20.maxnew1024.seed10086.subtreePrefetch.vllm.log,357,13,53,0.3064871154293943
/Users/jiangnanhugo/workspace/power-sharpening/Subtree-Prefetching-Power-Sharpening/case_studies/logs-entropycut/mbpp/2026-09-21/vllm/dataset-mbpp.model-qwen3.5-9b.alpha4.0.steps100.blocks-1.prefetch-budget-20.rank-accept_first.cut-entropy4.0.samples20.maxnew1024.seed10086.subtreePrefetch.vllm.log,357,14,53,0.3064871154293943
/Users/jiangnanhugo/workspace/power-sharpening/Subtree-Prefetching-Power-Sharpening/case_studies/logs-entropycut/mbpp/2026-09-21/vllm/dataset-mbpp.model-qwen3.5-9b.alpha4.0.steps100.blocks-1.prefetch-budget-20.rank-accept_first.cut-entropy4.0.samples20.maxnew1024.seed10086.subtreePrefetch.vllm.log,357,15,185,0.16114488686259287
/Users/jiangnanhugo/workspace/power-sharpening/Subtree-Prefetching-Power-Sharpening/case_studies/logs-entropycut/mbpp/2026-09-21/vllm/dataset-mbpp.model-qwen3.5-9b.alpha4.0.steps100.blocks-1.prefetch-budget-20.rank-accept_first.cut-entropy4.0.samples20.maxnew1024.seed10086.subtreePrefetch.vllm.log,357,16,53,0.3064871154293943
/Users/jiangnanhugo/workspace/power-sharpening/Subtree-Prefetching-Power-Sharpening/case_studies/logs-entropycut/mbpp/2026-09-21/vllm/dataset-mbpp.model-qwen3.5-9b.alpha4.0.steps100.blocks-1.prefetch-budget-20.rank-accept_first.cut-entropy4.0.samples20.maxnew1024.seed10086.subtreePrefetch.vllm.log,357,17,32,0.09572931447610365
/Users/jiangnanhugo/workspace/power-sharpening/Subtree-Prefetching-Power-Sharpening/case_studies/logs-entropycut/mbpp/2026-09-21/vllm/dataset-mbpp.model-qwen3.5-9b.alpha4.0.steps100.blocks-1.prefetch-budget-20.rank-accept_first.cut-entropy4.0.samples20.maxnew1024.seed10086.subtreePrefetch.vllm.log,357,18,53,0.3064871154293943
/Users/jiangnanhugo/workspace/power-sharpening/Subtree-Prefetching-Power-Sharpening/case_studies/logs-entropycut/mbpp/2026-09-21/vllm/dataset-mbpp.model-qwen3.5-9b.alpha4.0.steps100.blocks-1.prefetch-budget-20.rank-accept_first.cut-entropy4.0.samples20.maxnew1024.seed10086.subtreePrefetch.vllm.log,357,19,2,0.10191326687132866
/Users/jiangnanhugo/workspace/power-sharpening/Subtree-Prefetching-Power-Sharpening/case_studies/logs-entropycut/mbpp/2026-09-21/vllm/dataset-mbpp.model-qwen3.5-9b.alpha4.0.steps100.blocks-1.prefetch-budget-20.rank-accept_first.cut-entropy4.0.samples20.maxnew1024.seed10086.subtreePrefetch.vllm.log,358,0,53,0.3064871154293943
/Users/jiangnanhugo/workspace/power-sharpening/Subtree-Prefetching-Power-Sharpening/case_studies/logs-entropycut/mbpp/2026-09-21/vllm/dataset-mbpp.model-qwen3.5-9b.alpha4.0.steps100.blocks-1.prefetch-budget-20.rank-accept_first.cut-entropy4.0.samples20.maxnew1024.seed10086.subtreePrefetch.vllm.log,358,1,280,0.0047622528366558625
/Users/jiangnanhugo/workspace/power-sharpening/Subtree-Prefetching-Power-Sharpening/case_studies/logs-entropycut/mbpp/2026-09-21/vllm/dataset-mbpp.model-qwen3.5-9b.alpha4.0.steps100.blocks-1.prefetch-budget-20.rank-accept_first.cut-entropy4.0.samples20.maxnew1024.seed10086.subtreePrefetch.vllm.log,358,2,2,0.10191326687132866
/Users/jiangnanhugo/workspace/power-sharpening/Subtree-Prefetching-Power-Sharpening/case_studies/logs-entropycut/mbpp/2026-09-21/vllm/dataset-mbpp.model-qwen3.5-9b.alpha4.0.steps100.blocks-1.prefetch-budget-20.rank-accept_first.cut-entropy4.0.samples20.maxnew1024.seed10086.subtreePrefetch.vllm.log,358,3,2,0.10191326687132866
/Users/jiangnanhugo/workspace/power-sharpening/Subtree-Prefetching-Power-Sharpening/case_studies/logs-entropycut/mbpp/2026-09-21/vllm/dataset-mbpp.model-qwen3.5-9b.alpha4.0.steps100.blocks-1.prefetch-budget-20.rank-accept_first.cut-entropy4.0.samples20.maxnew1024.seed10086.subtreePrefetch.vllm.log,358,4,53,0.3064871154293943
/Users/jiangnanhugo/workspace/power-sharpening/Subtree-Prefetching-Power-Sharpening/case_studies/logs-entropycut/mbpp/2026-09-21/vllm/dataset-mbpp.model-qwen3.5-9b.alpha4.0.steps100.blocks-1.prefetch-budget-20.rank-accept_first.cut-entropy4.0.samples20.maxnew1024.seed10086.subtreePrefetch.vllm.log,358,5,53,0.3064871154293943
/Users/jiangnanhugo/workspace/power-sharpening/Subtree-Prefetching-Power-Sharpening/case_studies/logs-entropycut/mbpp/2026-09-21/vllm/dataset-mbpp.model-qwen3.5-9b.alpha4.0.steps100.blocks-1.prefetch-budget-20.rank-accept_first.cut-entropy4.0.samples20.maxnew1024.seed10086.subtreePrefetch.vllm.log,358,6,53,0.3064871154293943
/Users/jiangnanhugo/workspace/power-sharpening/Subtree-Prefetching-Power-Sharpening/case_studies/logs-entropycut/mbpp/2026-09-21/vllm/dataset-mbpp.model-qwen3.5-9b.alpha4.0.steps100.blocks-1.prefetch-budget-20.rank-accept_first.cut-entropy4.0.samples20.maxnew1024.seed10086.subtreePrefetch.vllm.log,358,7,2,0.10191326687132866
/Users/jiangnanhugo/workspace/power-sharpening/Subtree-Prefetching-Power-Sharpening/case_studies/logs-entropycut/mbpp/2026-09-21/vllm/dataset-mbpp.model-qwen3.5-9b.alpha4.0.steps100.blocks-1.prefetch-budget-20.rank-accept_first.cut-entropy4.0.samples20.maxnew1024.seed10086.subtreePrefetch.vllm.log,358,8,2,0.10191326687132866
/Users/jiangnanhugo/workspace/power-sharpening/Subtree-Prefetching-Power-Sharpening/case_studies/logs-entropycut/mbpp/2026-09-21/vllm/dataset-mbpp.model-qwen3.5-9b.alpha4.0.steps100.blocks-1.prefetch-budget-20.rank-accept_first.cut-entropy4.0.samples20.maxnew1024.seed10086.subtreePrefetch.vllm.log,358,9,53,0.3064871154293943
/Users/jiangnanhugo/workspace/power-sharpening/Subtree-Prefetching-Power-Sharpening/case_studies/logs-entropycut/mbpp/2026-09-21/vllm/dataset-mbpp.model-qwen3.5-9b.alpha4.0.steps100.blocks-1.prefetch-budget-20.rank-accept_first.cut-entropy4.0.samples20.maxnew1024.seed10086.subtreePrefetch.vllm.log,358,10,53,0.3064871154293943
/Users/jiangnanhugo/workspace/power-sharpening/Subtree-Prefetching-Power-Sharpening/case_studies/logs-entropycut/mbpp/2026-09-21/vllm/dataset-mbpp.model-qwen3.5-9b.alpha4.0.steps100.blocks-1.prefetch-budget-20.rank-accept_first.cut-entropy4.0.samples20.maxnew1024.seed10086.subtreePrefetch.vllm.log,358,11,53,0.3064871154293943
/Users/jiangnanhugo/workspace/power-sharpening/Subtree-Prefetching-Power-Sharpening/case_studies/logs-entropycut/mbpp/2026-09-21/vllm/dataset-mbpp.model-qwen3.5-9b.alpha4.0.steps100.blocks-1.prefetch-budget-20.rank-accept_first.cut-entropy4.0.samples20.maxnew1024.seed10086.subtreePrefetch.vllm.log,358,12,53,0.3064871154293943
/Users/jiangnanhugo/workspace/power-sharpening/Subtree-Prefetching-Power-Sharpening/case_studies/logs-entropycut/mbpp/2026-09-21/vllm/dataset-mbpp.model-qwen3.5-9b.alpha4.0.steps100.blocks-1.prefetch-budget-20.rank-accept_first.cut-entropy4.0.samples20.maxnew1024.seed10086.subtreePrefetch.vllm.log,358,13,309,0.00047182168976146695
/Users/jiangnanhugo/workspace/power-sharpening/Subtree-Prefetching-Power-Sharpening/case_studies/logs-entropycut/mbpp/2026-09-21/vllm/dataset-mbpp.model-qwen3.5-9b.alpha4.0.steps100.blocks-1.prefetch-budget-20.rank-accept_first.cut-entropy4.0.samples20.maxnew1024.seed10086.subtreePrefetch.vllm.log,358,14,217,0.007379094730840623
/Users/jiangnanhugo/workspace/power-sharpening/Subtree-Prefetching-Power-Sharpening/case_studies/logs-entropycut/mbpp/2026-09-21/vllm/dataset-mbpp.model-qwen3.5-9b.alpha4.0.steps100.blocks-1.prefetch-budget-20.rank-accept_first.cut-entropy4.0.samples20.maxnew1024.seed10086.subtreePrefetch.vllm.log,358,15,46,0.026680367572853508
/Users/jiangnanhugo/workspace/power-sharpening/Subtree-Prefetching-Power-Sharpening/case_studies/logs-entropycut/mbpp/2026-09-21/vllm/dataset-mbpp.model-qwen3.5-9b.alpha4.0.steps100.blocks-1.prefetch-budget-20.rank-accept_first.cut-entropy4.0.samples20.maxnew1024.seed10086.subtreePrefetch.vllm.log,358,16,53,0.3064871154293943
/Users/jiangnanhugo/workspace/power-sharpening/Subtree-Prefetching-Power-Sharpening/case_studies/logs-entropycut/mbpp/2026-09-21/vllm/dataset-mbpp.model-qwen3.5-9b.alpha4.0.steps100.blocks-1.prefetch-budget-20.rank-accept_first.cut-entropy4.0.samples20.maxnew1024.seed10086.subtreePrefetch.vllm.log,358,17,2,0.10191326687132866
/Users/jiangnanhugo/workspace/power-sharpening/Subtree-Prefetching-Power-Sharpening/case_studies/logs-entropycut/mbpp/2026-09-21/vllm/dataset-mbpp.model-qwen3.5-9b.alpha4.0.steps100.blocks-1.prefetch-budget-20.rank-accept_first.cut-entropy4.0.samples20.maxnew1024.seed10086.subtreePrefetch.vllm.log,358,18,2,0.10191326687132866
/Users/jiangnanhugo/workspace/power-sharpening/Subtree-Prefetching-Power-Sharpening/case_studies/logs-entropycut/mbpp/2026-09-21/vllm/dataset-mbpp.model-qwen3.5-9b.alpha4.0.steps100.blocks-1.prefetch-budget-20.rank-accept_first.cut-entropy4.0.samples20.maxnew1024.seed10086.subtreePrefetch.vllm.log,358,19,32,0.09572931447610365
/Users/jiangnanhugo/workspace/power-sharpening/Subtree-Prefetching-Power-Sharpening/case_studies/logs-entropycut/mbpp/2026-09-21/vllm/dataset-mbpp.model-qwen3.5-9b.alpha4.0.steps100.blocks-1.prefetch-budget-20.rank-accept_first.cut-entropy4.0.samples20.maxnew1024.seed10086.subtreePrefetch.vllm.log,359,0,2,0.10189241012702718
/Users/jiangnanhugo/workspace/power-sharpening/Subtree-Prefetching-Power-Sharpening/case_studies/logs-entropycut/mbpp/2026-09-21/vllm/dataset-mbpp.model-qwen3.5-9b.alpha4.0.steps100.blocks-1.prefetch-budget-20.rank-accept_first.cut-entropy4.0.samples20.maxnew1024.seed10086.subtreePrefetch.vllm.log,359,1,53,0.30642439225708856
/Users/jiangnanhugo/workspace/power-sharpening/Subtree-Prefetching-Power-Sharpening/case_studies/logs-entropycut/mbpp/2026-09-21/vllm/dataset-mbpp.model-qwen3.5-9b.alpha4.0.steps100.blocks-1.prefetch-budget-20.rank-accept_first.cut-entropy4.0.samples20.maxnew1024.seed10086.subtreePrefetch.vllm.log,359,2,53,0.30642439225708856
/Users/jiangnanhugo/workspace/power-sharpening/Subtree-Prefetching-Power-Sharpening/case_studies/logs-entropycut/mbpp/2026-09-21/vllm/dataset-mbpp.model-qwen3.5-9b.alpha4.0.steps100.blocks-1.prefetch-budget-20.rank-accept_first.cut-entropy4.0.samples20.maxnew1024.seed10086.subtreePrefetch.vllm.log,359,3,32,0.09570972328944584
/Users/jiangnanhugo/workspace/power-sharpening/Subtree-Prefetching-Power-Sharpening/case_studies/logs-entropycut/mbpp/2026-09-21/vllm/dataset-mbpp.model-qwen3.5-9b.alpha4.0.steps100.blocks-1.prefetch-budget-20.rank-accept_first.cut-entropy4.0.samples20.maxnew1024.seed10086.subtreePrefetch.vllm.log,359,4,513,0.0002512716129118735
/Users/jiangnanhugo/workspace/power-sharpening/Subtree-Prefetching-Power-Sharpening/case_studies/logs-entropycut/mbpp/2026-09-21/vllm/dataset-mbpp.model-qwen3.5-9b.alpha4.0.steps100.blocks-1.prefetch-budget-20.rank-accept_first.cut-entropy4.0.samples20.maxnew1024.seed10086.subtreePrefetch.vllm.log,359,5,10,0.05299225622325424
/Users/jiangnanhugo/workspace/power-sharpening/Subtree-Prefetching-Power-Sharpening/case_studies/logs-entropycut/mbpp/2026-09-21/vllm/dataset-mbpp.model-qwen3.5-9b.alpha4.0.steps100.blocks-1.prefetch-budget-20.rank-accept_first.cut-entropy4.0.samples20.maxnew1024.seed10086.subtreePrefetch.vllm.log,359,6,96,0.002642911086621322
/Users/jiangnanhugo/workspace/power-sharpening/Subtree-Prefetching-Power-Sharpening/case_studies/logs-entropycut/mbpp/2026-09-21/vllm/dataset-mbpp.model-qwen3.5-9b.alpha4.0.steps100.blocks-1.prefetch-budget-20.rank-accept_first.cut-entropy4.0.samples20.maxnew1024.seed10086.subtreePrefetch.vllm.log,359,7,10,0.05299225622325424
/Users/jiangnanhugo/workspace/power-sharpening/Subtree-Prefetching-Power-Sharpening/case_studies/logs-entropycut/mbpp/2026-09-21/vllm/dataset-mbpp.model-qwen3.5-9b.alpha4.0.steps100.blocks-1.prefetch-budget-20.rank-accept_first.cut-entropy4.0.samples20.maxnew1024.seed10086.subtreePrefetch.vllm.log,359,8,53,0.30642439225708856
/Users/jiangnanhugo/workspace/power-sharpening/Subtree-Prefetching-Power-Sharpening/case_studies/logs-entropycut/mbpp/2026-09-21/vllm/dataset-mbpp.model-qwen3.5-9b.alpha4.0.steps100.blocks-1.prefetch-budget-20.rank-accept_first.cut-entropy4.0.samples20.maxnew1024.seed10086.subtreePrefetch.vllm.log,359,9,32,0.09570972328944584
/Users/jiangnanhugo/workspace/power-sharpening/Subtree-Prefetching-Power-Sharpening/case_studies/logs-entropycut/mbpp/2026-09-21/vllm/dataset-mbpp.model-qwen3.5-9b.alpha4.0.steps100.blocks-1.prefetch-budget-20.rank-accept_first.cut-entropy4.0.samples20.maxnew1024.seed10086.subtreePrefetch.vllm.log,359,10,2,0.10189241012702718
/Users/jiangnanhugo/workspace/power-sharpening/Subtree-Prefetching-Power-Sharpening/case_studies/logs-entropycut/mbpp/2026-09-21/vllm/dataset-mbpp.model-qwen3.5-9b.alpha4.0.steps100.blocks-1.prefetch-budget-20.rank-accept_first.cut-entropy4.0.samples20.maxnew1024.seed10086.subtreePrefetch.vllm.log,359,11,53,0.30642439225708856
/Users/jiangnanhugo/workspace/power-sharpening/Subtree-Prefetching-Power-Sharpening/case_studies/logs-entropycut/mbpp/2026-09-21/vllm/dataset-mbpp.model-qwen3.5-9b.alpha4.0.steps100.blocks-1.prefetch-budget-20.rank-accept_first.cut-entropy4.0.samples20.maxnew1024.seed10086.subtreePrefetch.vllm.log,359,12,32,0.09570972328944584
/Users/jiangnanhugo/workspace/power-sharpening/Subtree-Prefetching-Power-Sharpening/case_studies/logs-entropycut/mbpp/2026-09-21/vllm/dataset-mbpp.model-qwen3.5-9b.alpha4.0.steps100.blocks-1.prefetch-budget-20.rank-accept_first.cut-entropy4.0.samples20.maxnew1024.seed10086.subtreePrefetch.vllm.log,359,13,2,0.10189241012702718
/Users/jiangnanhugo/workspace/power-sharpening/Subtree-Prefetching-Power-Sharpening/case_studies/logs-entropycut/mbpp/2026-09-21/vllm/dataset-mbpp.model-qwen3.5-9b.alpha4.0.steps100.blocks-1.prefetch-budget-20.rank-accept_first.cut-entropy4.0.samples20.maxnew1024.seed10086.subtreePrefetch.vllm.log,359,14,2,0.10189241012702718
/Users/jiangnanhugo/workspace/power-sharpening/Subtree-Prefetching-Power-Sharpening/case_studies/logs-entropycut/mbpp/2026-09-21/vllm/dataset-mbpp.model-qwen3.5-9b.alpha4.0.steps100.blocks-1.prefetch-budget-20.rank-accept_first.cut-entropy4.0.samples20.maxnew1024.seed10086.subtreePrefetch.vllm.log,359,15,127,0.013398928206511167
/Users/jiangnanhugo/workspace/power-sharpening/Subtree-Prefetching-Power-Sharpening/case_studies/logs-entropycut/mbpp/2026-09-21/vllm/dataset-mbpp.model-qwen3.5-9b.alpha4.0.steps100.blocks-1.prefetch-budget-20.rank-accept_first.cut-entropy4.0.samples20.maxnew1024.seed10086.subtreePrefetch.vllm.log,359,16,53,0.30642439225708856
/Users/jiangnanhugo/workspace/power-sharpening/Subtree-Prefetching-Power-Sharpening/case_studies/logs-entropycut/mbpp/2026-09-21/vllm/dataset-mbpp.model-qwen3.5-9b.alpha4.0.steps100.blocks-1.prefetch-budget-20.rank-accept_first.cut-entropy4.0.samples20.maxnew1024.seed10086.subtreePrefetch.vllm.log,359,17,32,0.09570972328944584
/Users/jiangnanhugo/workspace/power-sharpening/Subtree-Prefetching-Power-Sharpening/case_studies/logs-entropycut/mbpp/2026-09-21/vllm/dataset-mbpp.model-qwen3.5-9b.alpha4.0.steps100.blocks-1.prefetch-budget-20.rank-accept_first.cut-entropy4.0.samples20.maxnew1024.seed10086.subtreePrefetch.vllm.log,359,18,53,0.30642439225708856
/Users/jiangnanhugo/workspace/power-sharpening/Subtree-Prefetching-Power-Sharpening/case_studies/logs-entropycut/mbpp/2026-09-21/vllm/dataset-mbpp.model-qwen3.5-9b.alpha4.0.steps100.blocks-1.prefetch-budget-20.rank-accept_first.cut-entropy4.0.samples20.maxnew1024.seed10086.subtreePrefetch.vllm.log,359,19,2,0.10189241012702718
/Users/jiangnanhugo/workspace/power-sharpening/Subtree-Prefetching-Power-Sharpening/case_studies/logs-entropycut/mbpp/2026-09-21/vllm/dataset-mbpp.model-qwen3.5-9b.alpha4.0.steps100.blocks-1.prefetch-budget-20.rank-accept_first.cut-entropy4.0.samples20.maxnew1024.seed10086.subtreePrefetch.vllm.log,360,0,185,0.16112558341858027
/Users/jiangnanhugo/workspace/power-sharpening/Subtree-Prefetching-Power-Sharpening/case_studies/logs-entropycut/mbpp/2026-09-21/vllm/dataset-mbpp.model-qwen3.5-9b.alpha4.0.steps100.blocks-1.prefetch-budget-20.rank-accept_first.cut-entropy4.0.samples20.maxnew1024.seed10086.subtreePrefetch.vllm.log,360,1,2,0.10190105874558858
/Users/jiangnanhugo/workspace/power-sharpening/Subtree-Prefetching-Power-Sharpening/case_studies/logs-entropycut/mbpp/2026-09-21/vllm/dataset-mbpp.model-qwen3.5-9b.alpha4.0.steps100.blocks-1.prefetch-budget-20.rank-accept_first.cut-entropy4.0.samples20.maxnew1024.seed10086.subtreePrefetch.vllm.log,360,2,53,0.30645040153180525
/Users/jiangnanhugo/workspace/power-sharpening/Subtree-Prefetching-Power-Sharpening/case_studies/logs-entropycut/mbpp/2026-09-21/vllm/dataset-mbpp.model-qwen3.5-9b.alpha4.0.steps100.blocks-1.prefetch-budget-20.rank-accept_first.cut-entropy4.0.samples20.maxnew1024.seed10086.subtreePrefetch.vllm.log,360,3,10,0.05299675420117244
/Users/jiangnanhugo/workspace/power-sharpening/Subtree-Prefetching-Power-Sharpening/case_studies/logs-entropycut/mbpp/2026-09-21/vllm/dataset-mbpp.model-qwen3.5-9b.alpha4.0.steps100.blocks-1.prefetch-budget-20.rank-accept_first.cut-entropy4.0.samples20.maxnew1024.seed10086.subtreePrefetch.vllm.log,360,4,53,0.30645040153180525
/Users/jiangnanhugo/workspace/power-sharpening/Subtree-Prefetching-Power-Sharpening/case_studies/logs-entropycut/mbpp/2026-09-21/vllm/dataset-mbpp.model-qwen3.5-9b.alpha4.0.steps100.blocks-1.prefetch-budget-20.rank-accept_first.cut-entropy4.0.samples20.maxnew1024.seed10086.subtreePrefetch.vllm.log,360,5,194,0.003971325837279805
/Users/jiangnanhugo/workspace/power-sharpening/Subtree-Prefetching-Power-Sharpening/case_studies/logs-entropycut/mbpp/2026-09-21/vllm/dataset-mbpp.model-qwen3.5-9b.alpha4.0.steps100.blocks-1.prefetch-budget-20.rank-accept_first.cut-entropy4.0.samples20.maxnew1024.seed10086.subtreePrefetch.vllm.log,360,6,53,0.30645040153180525
/Users/jiangnanhugo/workspace/power-sharpening/Subtree-Prefetching-Power-Sharpening/case_studies/logs-entropycut/mbpp/2026-09-21/vllm/dataset-mbpp.model-qwen3.5-9b.alpha4.0.steps100.blocks-1.prefetch-budget-20.rank-accept_first.cut-entropy4.0.samples20.maxnew1024.seed10086.subtreePrefetch.vllm.log,360,7,2,0.10190105874558858
/Users/jiangnanhugo/workspace/power-sharpening/Subtree-Prefetching-Power-Sharpening/case_studies/logs-entropycut/mbpp/2026-09-21/vllm/dataset-mbpp.model-qwen3.5-9b.alpha4.0.steps100.blocks-1.prefetch-budget-20.rank-accept_first.cut-entropy4.0.samples20.maxnew1024.seed10086.subtreePrefetch.vllm.log,360,8,53,0.30645040153180525
/Users/jiangnanhugo/workspace/power-sharpening/Subtree-Prefetching-Power-Sharpening/case_studies/logs-entropycut/mbpp/2026-09-21/vllm/dataset-mbpp.model-qwen3.5-9b.alpha4.0.steps100.blocks-1.prefetch-budget-20.rank-accept_first.cut-entropy4.0.samples20.maxnew1024.seed10086.subtreePrefetch.vllm.log,360,9,185,0.16112558341858027
/Users/jiangnanhugo/workspace/power-sharpening/Subtree-Prefetching-Power-Sharpening/case_studies/logs-entropycut/mbpp/2026-09-21/vllm/dataset-mbpp.model-qwen3.5-9b.alpha4.0.steps100.blocks-1.prefetch-budget-20.rank-accept_first.cut-entropy4.0.samples20.maxnew1024.seed10086.subtreePrefetch.vllm.log,360,10,53,0.30645040153180525
/Users/jiangnanhugo/workspace/power-sharpening/Subtree-Prefetching-Power-Sharpening/case_studies/logs-entropycut/mbpp/2026-09-21/vllm/dataset-mbpp.model-qwen3.5-9b.alpha4.0.steps100.blocks-1.prefetch-budget-20.rank-accept_first.cut-entropy4.0.samples20.maxnew1024.seed10086.subtreePrefetch.vllm.log,360,11,8,0.028073933852245124
/Users/jiangnanhugo/workspace/power-sharpening/Subtree-Prefetching-Power-Sharpening/case_studies/logs-entropycut/mbpp/2026-09-21/vllm/dataset-mbpp.model-qwen3.5-9b.alpha4.0.steps100.blocks-1.prefetch-budget-20.rank-accept_first.cut-entropy4.0.samples20.maxnew1024.seed10086.subtreePrefetch.vllm.log,360,12,53,0.30645040153180525
/Users/jiangnanhugo/workspace/power-sharpening/Subtree-Prefetching-Power-Sharpening/case_studies/logs-entropycut/mbpp/2026-09-21/vllm/dataset-mbpp.model-qwen3.5-9b.alpha4.0.steps100.blocks-1.prefetch-budget-20.rank-accept_first.cut-entropy4.0.samples20.maxnew1024.seed10086.subtreePrefetch.vllm.log,360,13,2,0.10190105874558858
/Users/jiangnanhugo/workspace/power-sharpening/Subtree-Prefetching-Power-Sharpening/case_studies/logs-entropycut/mbpp/2026-09-21/vllm/dataset-mbpp.model-qwen3.5-9b.alpha4.0.steps100.blocks-1.prefetch-budget-20.rank-accept_first.cut-entropy4.0.samples20.maxnew1024.seed10086.subtreePrefetch.vllm.log,360,14,2,0.10190105874558858
/Users/jiangnanhugo/workspace/power-sharpening/Subtree-Prefetching-Power-Sharpening/case_studies/logs-entropycut/mbpp/2026-09-21/vllm/dataset-mbpp.model-qwen3.5-9b.alpha4.0.steps100.blocks-1.prefetch-budget-20.rank-accept_first.cut-entropy4.0.samples20.maxnew1024.seed10086.subtreePrefetch.vllm.log,360,15,2,0.10190105874558858
/Users/jiangnanhugo/workspace/power-sharpening/Subtree-Prefetching-Power-Sharpening/case_studies/logs-entropycut/mbpp/2026-09-21/vllm/dataset-mbpp.model-qwen3.5-9b.alpha4.0.steps100.blocks-1.prefetch-budget-20.rank-accept_first.cut-entropy4.0.samples20.maxnew1024.seed10086.subtreePrefetch.vllm.log,360,16,53,0.30645040153180525
/Users/jiangnanhugo/workspace/power-sharpening/Subtree-Prefetching-Power-Sharpening/case_studies/logs-entropycut/mbpp/2026-09-21/vllm/dataset-mbpp.model-qwen3.5-9b.alpha4.0.steps100.blocks-1.prefetch-budget-20.rank-accept_first.cut-entropy4.0.samples20.maxnew1024.seed10086.subtreePrefetch.vllm.log,360,17,53,0.30645040153180525
/Users/jiangnanhugo/workspace/power-sharpening/Subtree-Prefetching-Power-Sharpening/case_studies/logs-entropycut/mbpp/2026-09-21/vllm/dataset-mbpp.model-qwen3.5-9b.alpha4.0.steps100.blocks-1.prefetch-budget-20.rank-accept_first.cut-entropy4.0.samples20.maxnew1024.seed10086.subtreePrefetch.vllm.log,360,18,53,0.30645040153180525
/Users/jiangnanhugo/workspace/power-sharpening/Subtree-Prefetching-Power-Sharpening/case_studies/logs-entropycut/mbpp/2026-09-21/vllm/dataset-mbpp.model-qwen3.5-9b.alpha4.0.steps100.blocks-1.prefetch-budget-20.rank-accept_first.cut-entropy4.0.samples20.maxnew1024.seed10086.subtreePrefetch.vllm.log,360,19,2,0.10190105874558858
/Users/jiangnanhugo/workspace/power-sharpening/Subtree-Prefetching-Power-Sharpening/case_studies/logs-entropycut/mbpp/2026-09-21/vllm/dataset-mbpp.model-qwen3.5-9b.alpha4.0.steps100.blocks-1.prefetch-budget-20.rank-accept_first.cut-entropy4.0.samples20.maxnew1024.seed10086.subtreePrefetch.vllm.log,361,0,53,0.2956750404463707
/Users/jiangnanhugo/workspace/power-sharpening/Subtree-Prefetching-Power-Sharpening/case_studies/logs-entropycut/mbpp/2026-09-21/vllm/dataset-mbpp.model-qwen3.5-9b.alpha4.0.steps100.blocks-1.prefetch-budget-20.rank-accept_first.cut-entropy4.0.samples20.maxnew1024.seed10086.subtreePrefetch.vllm.log,361,1,10,0.05113329061940133
/Users/jiangnanhugo/workspace/power-sharpening/Subtree-Prefetching-Power-Sharpening/case_studies/logs-entropycut/mbpp/2026-09-21/vllm/dataset-mbpp.model-qwen3.5-9b.alpha4.0.steps100.blocks-1.prefetch-budget-20.rank-accept_first.cut-entropy4.0.samples20.maxnew1024.seed10086.subtreePrefetch.vllm.log,361,2,53,0.2956750404463707
/Users/jiangnanhugo/workspace/power-sharpening/Subtree-Prefetching-Power-Sharpening/case_studies/logs-entropycut/mbpp/2026-09-21/vllm/dataset-mbpp.model-qwen3.5-9b.alpha4.0.steps100.blocks-1.prefetch-budget-20.rank-accept_first.cut-entropy4.0.samples20.maxnew1024.seed10086.subtreePrefetch.vllm.log,361,3,10,0.05113329061940133
/Users/jiangnanhugo/workspace/power-sharpening/Subtree-Prefetching-Power-Sharpening/case_studies/logs-entropycut/mbpp/2026-09-21/vllm/dataset-mbpp.model-qwen3.5-9b.alpha4.0.steps100.blocks-1.prefetch-budget-20.rank-accept_first.cut-entropy4.0.samples20.maxnew1024.seed10086.subtreePrefetch.vllm.log,361,4,53,0.2956750404463707
/Users/jiangnanhugo/workspace/power-sharpening/Subtree-Prefetching-Power-Sharpening/case_studies/logs-entropycut/mbpp/2026-09-21/vllm/dataset-mbpp.model-qwen3.5-9b.alpha4.0.steps100.blocks-1.prefetch-budget-20.rank-accept_first.cut-entropy4.0.samples20.maxnew1024.seed10086.subtreePrefetch.vllm.log,361,5,53,0.2956750404463707
/Users/jiangnanhugo/workspace/power-sharpening/Subtree-Prefetching-Power-Sharpening/case_studies/logs-entropycut/mbpp/2026-09-21/vllm/dataset-mbpp.model-qwen3.5-9b.alpha4.0.steps100.blocks-1.prefetch-budget-20.rank-accept_first.cut-entropy4.0.samples20.maxnew1024.seed10086.subtreePrefetch.vllm.log,361,6,53,0.2956750404463707
/Users/jiangnanhugo/workspace/power-sharpening/Subtree-Prefetching-Power-Sharpening/case_studies/logs-entropycut/mbpp/2026-09-21/vllm/dataset-mbpp.model-qwen3.5-9b.alpha4.0.steps100.blocks-1.prefetch-budget-20.rank-accept_first.cut-entropy4.0.samples20.maxnew1024.seed10086.subtreePrefetch.vllm.log,361,7,53,0.2956750404463707
/Users/jiangnanhugo/workspace/power-sharpening/Subtree-Prefetching-Power-Sharpening/case_studies/logs-entropycut/mbpp/2026-09-21/vllm/dataset-mbpp.model-qwen3.5-9b.alpha4.0.steps100.blocks-1.prefetch-budget-20.rank-accept_first.cut-entropy4.0.samples20.maxnew1024.seed10086.subtreePrefetch.vllm.log,361,8,53,0.2956750404463707
/Users/jiangnanhugo/workspace/power-sharpening/Subtree-Prefetching-Power-Sharpening/case_studies/logs-entropycut/mbpp/2026-09-21/vllm/dataset-mbpp.model-qwen3.5-9b.alpha4.0.steps100.blocks-1.prefetch-budget-20.rank-accept_first.cut-entropy4.0.samples20.maxnew1024.seed10086.subtreePrefetch.vllm.log,361,9,53,0.2956750404463707
/Users/jiangnanhugo/workspace/power-sharpening/Subtree-Prefetching-Power-Sharpening/case_studies/logs-entropycut/mbpp/2026-09-21/vllm/dataset-mbpp.model-qwen3.5-9b.alpha4.0.steps100.blocks-1.prefetch-budget-20.rank-accept_first.cut-entropy4.0.samples20.maxnew1024.seed10086.subtreePrefetch.vllm.log,361,10,2,0.09831802965675955
/Users/jiangnanhugo/workspace/power-sharpening/Subtree-Prefetching-Power-Sharpening/case_studies/logs-entropycut/mbpp/2026-09-21/vllm/dataset-mbpp.model-qwen3.5-9b.alpha4.0.steps100.blocks-1.prefetch-budget-20.rank-accept_first.cut-entropy4.0.samples20.maxnew1024.seed10086.subtreePrefetch.vllm.log,361,11,2,0.09831802965675955
/Users/jiangnanhugo/workspace/power-sharpening/Subtree-Prefetching-Power-Sharpening/case_studies/logs-entropycut/mbpp/2026-09-21/vllm/dataset-mbpp.model-qwen3.5-9b.alpha4.0.steps100.blocks-1.prefetch-budget-20.rank-accept_first.cut-entropy4.0.samples20.maxnew1024.seed10086.subtreePrefetch.vllm.log,361,12,2,0.09831802965675955
/Users/jiangnanhugo/workspace/power-sharpening/Subtree-Prefetching-Power-Sharpening/case_studies/logs-entropycut/mbpp/2026-09-21/vllm/dataset-mbpp.model-qwen3.5-9b.alpha4.0.steps100.blocks-1.prefetch-budget-20.rank-accept_first.cut-entropy4.0.samples20.maxnew1024.seed10086.subtreePrefetch.vllm.log,361,13,2,0.09831802965675955
/Users/jiangnanhugo/workspace/power-sharpening/Subtree-Prefetching-Power-Sharpening/case_studies/logs-entropycut/mbpp/2026-09-21/vllm/dataset-mbpp.model-qwen3.5-9b.alpha4.0.steps100.blocks-1.prefetch-budget-20.rank-accept_first.cut-entropy4.0.samples20.maxnew1024.seed10086.subtreePrefetch.vllm.log,361,14,278,0.0007368879566319161
/Users/jiangnanhugo/workspace/power-sharpening/Subtree-Prefetching-Power-Sharpening/case_studies/logs-entropycut/mbpp/2026-09-21/vllm/dataset-mbpp.model-qwen3.5-9b.alpha4.0.steps100.blocks-1.prefetch-budget-20.rank-accept_first.cut-entropy4.0.samples20.maxnew1024.seed10086.subtreePrefetch.vllm.log,361,15,53,0.2956750404463707
/Users/jiangnanhugo/workspace/power-sharpening/Subtree-Prefetching-Power-Sharpening/case_studies/logs-entropycut/mbpp/2026-09-21/vllm/dataset-mbpp.model-qwen3.5-9b.alpha4.0.steps100.blocks-1.prefetch-budget-20.rank-accept_first.cut-entropy4.0.samples20.maxnew1024.seed10086.subtreePrefetch.vllm.log,361,16,2,0.09831802965675955
/Users/jiangnanhugo/workspace/power-sharpening/Subtree-Prefetching-Power-Sharpening/case_studies/logs-entropycut/mbpp/2026-09-21/vllm/dataset-mbpp.model-qwen3.5-9b.alpha4.0.steps100.blocks-1.prefetch-budget-20.rank-accept_first.cut-entropy4.0.samples20.maxnew1024.seed10086.subtreePrefetch.vllm.log,361,17,10,0.05113329061940133
/Users/jiangnanhugo/workspace/power-sharpening/Subtree-Prefetching-Power-Sharpening/case_studies/logs-entropycut/mbpp/2026-09-21/vllm/dataset-mbpp.model-qwen3.5-9b.alpha4.0.steps100.blocks-1.prefetch-budget-20.rank-accept_first.cut-entropy4.0.samples20.maxnew1024.seed10086.subtreePrefetch.vllm.log,361,18,53,0.2956750404463707
/Users/jiangnanhugo/workspace/power-sharpening/Subtree-Prefetching-Power-Sharpening/case_studies/logs-entropycut/mbpp/2026-09-21/vllm/dataset-mbpp.model-qwen3.5-9b.alpha4.0.steps100.blocks-1.prefetch-budget-20.rank-accept_first.cut-entropy4.0.samples20.maxnew1024.seed10086.subtreePrefetch.vllm.log,361,19,38,0.009107899533756906
/Users/jiangnanhugo/workspace/power-sharpening/Subtree-Prefetching-Power-Sharpening/case_studies/logs-entropycut/mbpp/2026-09-21/vllm/dataset-mbpp.model-qwen3.5-9b.alpha4.0.steps100.blocks-1.prefetch-budget-20.rank-accept_first.cut-entropy4.0.samples20.maxnew1024.seed10086.subtreePrefetch.vllm.log,362,0,8,0.02716451291324943
/Users/jiangnanhugo/workspace/power-sharpening/Subtree-Prefetching-Power-Sharpening/case_studies/logs-entropycut/mbpp/2026-09-21/vllm/dataset-mbpp.model-qwen3.5-9b.alpha4.0.steps100.blocks-1.prefetch-budget-20.rank-accept_first.cut-entropy4.0.samples20.maxnew1024.seed10086.subtreePrefetch.vllm.log,362,1,2,0.09860009789639652
/Users/jiangnanhugo/workspace/power-sharpening/Subtree-Prefetching-Power-Sharpening/case_studies/logs-entropycut/mbpp/2026-09-21/vllm/dataset-mbpp.model-qwen3.5-9b.alpha4.0.steps100.blocks-1.prefetch-budget-20.rank-accept_first.cut-entropy4.0.samples20.maxnew1024.seed10086.subtreePrefetch.vllm.log,362,2,32,0.09261718389241634
/Users/jiangnanhugo/workspace/power-sharpening/Subtree-Prefetching-Power-Sharpening/case_studies/logs-entropycut/mbpp/2026-09-21/vllm/dataset-mbpp.model-qwen3.5-9b.alpha4.0.steps100.blocks-1.prefetch-budget-20.rank-accept_first.cut-entropy4.0.samples20.maxnew1024.seed10086.subtreePrefetch.vllm.log,362,3,53,0.2965233135296949
/Users/jiangnanhugo/workspace/power-sharpening/Subtree-Prefetching-Power-Sharpening/case_studies/logs-entropycut/mbpp/2026-09-21/vllm/dataset-mbpp.model-qwen3.5-9b.alpha4.0.steps100.blocks-1.prefetch-budget-20.rank-accept_first.cut-entropy4.0.samples20.maxnew1024.seed10086.subtreePrefetch.vllm.log,362,4,32,0.09261718389241634
/Users/jiangnanhugo/workspace/power-sharpening/Subtree-Prefetching-Power-Sharpening/case_studies/logs-entropycut/mbpp/2026-09-21/vllm/dataset-mbpp.model-qwen3.5-9b.alpha4.0.steps100.blocks-1.prefetch-budget-20.rank-accept_first.cut-entropy4.0.samples20.maxnew1024.seed10086.subtreePrefetch.vllm.log,362,5,53,0.2965233135296949
/Users/jiangnanhugo/workspace/power-sharpening/Subtree-Prefetching-Power-Sharpening/case_studies/logs-entropycut/mbpp/2026-09-21/vllm/dataset-mbpp.model-qwen3.5-9b.alpha4.0.steps100.blocks-1.prefetch-budget-20.rank-accept_first.cut-entropy4.0.samples20.maxnew1024.seed10086.subtreePrefetch.vllm.log,362,6,32,0.09261718389241634
/Users/jiangnanhugo/workspace/power-sharpening/Subtree-Prefetching-Power-Sharpening/case_studies/logs-entropycut/mbpp/2026-09-21/vllm/dataset-mbpp.model-qwen3.5-9b.alpha4.0.steps100.blocks-1.prefetch-budget-20.rank-accept_first.cut-entropy4.0.samples20.maxnew1024.seed10086.subtreePrefetch.vllm.log,362,7,53,0.2965233135296949
/Users/jiangnanhugo/workspace/power-sharpening/Subtree-Prefetching-Power-Sharpening/case_studies/logs-entropycut/mbpp/2026-09-21/vllm/dataset-mbpp.model-qwen3.5-9b.alpha4.0.steps100.blocks-1.prefetch-budget-20.rank-accept_first.cut-entropy4.0.samples20.maxnew1024.seed10086.subtreePrefetch.vllm.log,362,8,53,0.2965233135296949
/Users/jiangnanhugo/workspace/power-sharpening/Subtree-Prefetching-Power-Sharpening/case_studies/logs-entropycut/mbpp/2026-09-21/vllm/dataset-mbpp.model-qwen3.5-9b.alpha4.0.steps100.blocks-1.prefetch-budget-20.rank-accept_first.cut-entropy4.0.samples20.maxnew1024.seed10086.subtreePrefetch.vllm.log,362,9,185,0.18566344876427532
/Users/jiangnanhugo/workspace/power-sharpening/Subtree-Prefetching-Power-Sharpening/case_studies/logs-entropycut/mbpp/2026-09-21/vllm/dataset-mbpp.model-qwen3.5-9b.alpha4.0.steps100.blocks-1.prefetch-budget-20.rank-accept_first.cut-entropy4.0.samples20.maxnew1024.seed10086.subtreePrefetch.vllm.log,362,10,2,0.09860009789639652
/Users/jiangnanhugo/workspace/power-sharpening/Subtree-Prefetching-Power-Sharpening/case_studies/logs-entropycut/mbpp/2026-09-21/vllm/dataset-mbpp.model-qwen3.5-9b.alpha4.0.steps100.blocks-1.prefetch-budget-20.rank-accept_first.cut-entropy4.0.samples20.maxnew1024.seed10086.subtreePrefetch.vllm.log,362,11,53,0.2965233135296949
/Users/jiangnanhugo/workspace/power-sharpening/Subtree-Prefetching-Power-Sharpening/case_studies/logs-entropycut/mbpp/2026-09-21/vllm/dataset-mbpp.model-qwen3.5-9b.alpha4.0.steps100.blocks-1.prefetch-budget-20.rank-accept_first.cut-entropy4.0.samples20.maxnew1024.seed10086.subtreePrefetch.vllm.log,362,12,53,0.2965233135296949
/Users/jiangnanhugo/workspace/power-sharpening/Subtree-Prefetching-Power-Sharpening/case_studies/logs-entropycut/mbpp/2026-09-21/vllm/dataset-mbpp.model-qwen3.5-9b.alpha4.0.steps100.blocks-1.prefetch-budget-20.rank-accept_first.cut-entropy4.0.samples20.maxnew1024.seed10086.subtreePrefetch.vllm.log,362,13,2,0.09860009789639652
/Users/jiangnanhugo/workspace/power-sharpening/Subtree-Prefetching-Power-Sharpening/case_studies/logs-entropycut/mbpp/2026-09-21/vllm/dataset-mbpp.model-qwen3.5-9b.alpha4.0.steps100.blocks-1.prefetch-budget-20.rank-accept_first.cut-entropy4.0.samples20.maxnew1024.seed10086.subtreePrefetch.vllm.log,362,14,10,0.05127998881221716
/Users/jiangnanhugo/workspace/power-sharpening/Subtree-Prefetching-Power-Sharpening/case_studies/logs-entropycut/mbpp/2026-09-21/vllm/dataset-mbpp.model-qwen3.5-9b.alpha4.0.steps100.blocks-1.prefetch-budget-20.rank-accept_first.cut-entropy4.0.samples20.maxnew1024.seed10086.subtreePrefetch.vllm.log,362,15,10,0.05127998881221716
/Users/jiangnanhugo/workspace/power-sharpening/Subtree-Prefetching-Power-Sharpening/case_studies/logs-entropycut/mbpp/2026-09-21/vllm/dataset-mbpp.model-qwen3.5-9b.alpha4.0.steps100.blocks-1.prefetch-budget-20.rank-accept_first.cut-entropy4.0.samples20.maxnew1024.seed10086.subtreePrefetch.vllm.log,362,16,2,0.09860009789639652
/Users/jiangnanhugo/workspace/power-sharpening/Subtree-Prefetching-Power-Sharpening/case_studies/logs-entropycut/mbpp/2026-09-21/vllm/dataset-mbpp.model-qwen3.5-9b.alpha4.0.steps100.blocks-1.prefetch-budget-20.rank-accept_first.cut-entropy4.0.samples20.maxnew1024.seed10086.subtreePrefetch.vllm.log,362,17,2,0.09860009789639652
/Users/jiangnanhugo/workspace/power-sharpening/Subtree-Prefetching-Power-Sharpening/case_studies/logs-entropycut/mbpp/2026-09-21/vllm/dataset-mbpp.model-qwen3.5-9b.alpha4.0.steps100.blocks-1.prefetch-budget-20.rank-accept_first.cut-entropy4.0.samples20.maxnew1024.seed10086.subtreePrefetch.vllm.log,362,18,127,0.012965986683618112
/Users/jiangnanhugo/workspace/power-sharpening/Subtree-Prefetching-Power-Sharpening/case_studies/logs-entropycut/mbpp/2026-09-21/vllm/dataset-mbpp.model-qwen3.5-9b.alpha4.0.steps100.blocks-1.prefetch-budget-20.rank-accept_first.cut-entropy4.0.samples20.maxnew1024.seed10086.subtreePrefetch.vllm.log,362,19,2,0.09860009789639652
/Users/jiangnanhugo/workspace/power-sharpening/Subtree-Prefetching-Power-Sharpening/case_studies/logs-entropycut/mbpp/2026-09-21/vllm/dataset-mbpp.model-qwen3.5-9b.alpha4.0.steps100.blocks-1.prefetch-budget-20.rank-accept_first.cut-entropy4.0.samples20.maxnew1024.seed10086.subtreePrefetch.vllm.log,363,0,53,0.29567504045968335
/Users/jiangnanhugo/workspace/power-sharpening/Subtree-Prefetching-Power-Sharpening/case_studies/logs-entropycut/mbpp/2026-09-21/vllm/dataset-mbpp.model-qwen3.5-9b.alpha4.0.steps100.blocks-1.prefetch-budget-20.rank-accept_first.cut-entropy4.0.samples20.maxnew1024.seed10086.subtreePrefetch.vllm.log,363,1,2,0.09831802966118629
/Users/jiangnanhugo/workspace/power-sharpening/Subtree-Prefetching-Power-Sharpening/case_studies/logs-entropycut/mbpp/2026-09-21/vllm/dataset-mbpp.model-qwen3.5-9b.alpha4.0.steps100.blocks-1.prefetch-budget-20.rank-accept_first.cut-entropy4.0.samples20.maxnew1024.seed10086.subtreePrefetch.vllm.log,363,2,2,0.09831802966118629
/Users/jiangnanhugo/workspace/power-sharpening/Subtree-Prefetching-Power-Sharpening/case_studies/logs-entropycut/mbpp/2026-09-21/vllm/dataset-mbpp.model-qwen3.5-9b.alpha4.0.steps100.blocks-1.prefetch-budget-20.rank-accept_first.cut-entropy4.0.samples20.maxnew1024.seed10086.subtreePrefetch.vllm.log,363,3,185,0.18513231580950876
/Users/jiangnanhugo/workspace/power-sharpening/Subtree-Prefetching-Power-Sharpening/case_studies/logs-entropycut/mbpp/2026-09-21/vllm/dataset-mbpp.model-qwen3.5-9b.alpha4.0.steps100.blocks-1.prefetch-budget-20.rank-accept_first.cut-entropy4.0.samples20.maxnew1024.seed10086.subtreePrefetch.vllm.log,363,4,185,0.18513231580950876
/Users/jiangnanhugo/workspace/power-sharpening/Subtree-Prefetching-Power-Sharpening/case_studies/logs-entropycut/mbpp/2026-09-21/vllm/dataset-mbpp.model-qwen3.5-9b.alpha4.0.steps100.blocks-1.prefetch-budget-20.rank-accept_first.cut-entropy4.0.samples20.maxnew1024.seed10086.subtreePrefetch.vllm.log,363,5,32,0.09235223115739852
/Users/jiangnanhugo/workspace/power-sharpening/Subtree-Prefetching-Power-Sharpening/case_studies/logs-entropycut/mbpp/2026-09-21/vllm/dataset-mbpp.model-qwen3.5-9b.alpha4.0.steps100.blocks-1.prefetch-budget-20.rank-accept_first.cut-entropy4.0.samples20.maxnew1024.seed10086.subtreePrefetch.vllm.log,363,6,53,0.29567504045968335
/Users/jiangnanhugo/workspace/power-sharpening/Subtree-Prefetching-Power-Sharpening/case_studies/logs-entropycut/mbpp/2026-09-21/vllm/dataset-mbpp.model-qwen3.5-9b.alpha4.0.steps100.blocks-1.prefetch-budget-20.rank-accept_first.cut-entropy4.0.samples20.maxnew1024.seed10086.subtreePrefetch.vllm.log,363,7,32,0.09235223115739852
/Users/jiangnanhugo/workspace/power-sharpening/Subtree-Prefetching-Power-Sharpening/case_studies/logs-entropycut/mbpp/2026-09-21/vllm/dataset-mbpp.model-qwen3.5-9b.alpha4.0.steps100.blocks-1.prefetch-budget-20.rank-accept_first.cut-entropy4.0.samples20.maxnew1024.seed10086.subtreePrefetch.vllm.log,363,8,53,0.29567504045968335
/Users/jiangnanhugo/workspace/power-sharpening/Subtree-Prefetching-Power-Sharpening/case_studies/logs-entropycut/mbpp/2026-09-21/vllm/dataset-mbpp.model-qwen3.5-9b.alpha4.0.steps100.blocks-1.prefetch-budget-20.rank-accept_first.cut-entropy4.0.samples20.maxnew1024.seed10086.subtreePrefetch.vllm.log,363,9,53,0.29567504045968335
/Users/jiangnanhugo/workspace/power-sharpening/Subtree-Prefetching-Power-Sharpening/case_studies/logs-entropycut/mbpp/2026-09-21/vllm/dataset-mbpp.model-qwen3.5-9b.alpha4.0.steps100.blocks-1.prefetch-budget-20.rank-accept_first.cut-entropy4.0.samples20.maxnew1024.seed10086.subtreePrefetch.vllm.log,363,10,53,0.29567504045968335
/Users/jiangnanhugo/workspace/power-sharpening/Subtree-Prefetching-Power-Sharpening/case_studies/logs-entropycut/mbpp/2026-09-21/vllm/dataset-mbpp.model-qwen3.5-9b.alpha4.0.steps100.blocks-1.prefetch-budget-20.rank-accept_first.cut-entropy4.0.samples20.maxnew1024.seed10086.subtreePrefetch.vllm.log,363,11,32,0.09235223115739852
/Users/jiangnanhugo/workspace/power-sharpening/Subtree-Prefetching-Power-Sharpening/case_studies/logs-entropycut/mbpp/2026-09-21/vllm/dataset-mbpp.model-qwen3.5-9b.alpha4.0.steps100.blocks-1.prefetch-budget-20.rank-accept_first.cut-entropy4.0.samples20.maxnew1024.seed10086.subtreePrefetch.vllm.log,363,12,8,0.027086802582516927
/Users/jiangnanhugo/workspace/power-sharpening/Subtree-Prefetching-Power-Sharpening/case_studies/logs-entropycut/mbpp/2026-09-21/vllm/dataset-mbpp.model-qwen3.5-9b.alpha4.0.steps100.blocks-1.prefetch-budget-20.rank-accept_first.cut-entropy4.0.samples20.maxnew1024.seed10086.subtreePrefetch.vllm.log,363,13,287,0.0012905429671049567
/Users/jiangnanhugo/workspace/power-sharpening/Subtree-Prefetching-Power-Sharpening/case_studies/logs-entropycut/mbpp/2026-09-21/vllm/dataset-mbpp.model-qwen3.5-9b.alpha4.0.steps100.blocks-1.prefetch-budget-20.rank-accept_first.cut-entropy4.0.samples20.maxnew1024.seed10086.subtreePrefetch.vllm.log,363,14,10,0.05113329062170359
/Users/jiangnanhugo/workspace/power-sharpening/Subtree-Prefetching-Power-Sharpening/case_studies/logs-entropycut/mbpp/2026-09-21/vllm/dataset-mbpp.model-qwen3.5-9b.alpha4.0.steps100.blocks-1.prefetch-budget-20.rank-accept_first.cut-entropy4.0.samples20.maxnew1024.seed10086.subtreePrefetch.vllm.log,363,15,2,0.09831802966118629
/Users/jiangnanhugo/workspace/power-sharpening/Subtree-Prefetching-Power-Sharpening/case_studies/logs-entropycut/mbpp/2026-09-21/vllm/dataset-mbpp.model-qwen3.5-9b.alpha4.0.steps100.blocks-1.prefetch-budget-20.rank-accept_first.cut-entropy4.0.samples20.maxnew1024.seed10086.subtreePrefetch.vllm.log,363,16,2,0.09831802966118629
/Users/jiangnanhugo/workspace/power-sharpening/Subtree-Prefetching-Power-Sharpening/case_studies/logs-entropycut/mbpp/2026-09-21/vllm/dataset-mbpp.model-qwen3.5-9b.alpha4.0.steps100.blocks-1.prefetch-budget-20.rank-accept_first.cut-entropy4.0.samples20.maxnew1024.seed10086.subtreePrefetch.vllm.log,363,17,53,0.29567504045968335
/Users/jiangnanhugo/workspace/power-sharpening/Subtree-Prefetching-Power-Sharpening/case_studies/logs-entropycut/mbpp/2026-09-21/vllm/dataset-mbpp.model-qwen3.5-9b.alpha4.0.steps100.blocks-1.prefetch-budget-20.rank-accept_first.cut-entropy4.0.samples20.maxnew1024.seed10086.subtreePrefetch.vllm.log,363,18,185,0.18513231580950876
/Users/jiangnanhugo/workspace/power-sharpening/Subtree-Prefetching-Power-Sharpening/case_studies/logs-entropycut/mbpp/2026-09-21/vllm/dataset-mbpp.model-qwen3.5-9b.alpha4.0.steps100.blocks-1.prefetch-budget-20.rank-accept_first.cut-entropy4.0.samples20.maxnew1024.seed10086.subtreePrefetch.vllm.log,363,19,53,0.29567504045968335
/Users/jiangnanhugo/workspace/power-sharpening/Subtree-Prefetching-Power-Sharpening/case_studies/logs-entropycut/mbpp/2026-09-21/vllm/dataset-mbpp.model-qwen3.5-9b.alpha4.0.steps100.blocks-1.prefetch-budget-20.rank-accept_first.cut-entropy4.0.samples20.maxnew1024.seed10086.subtreePrefetch.vllm.log,364,0,185,0.18513231578369696
/Users/jiangnanhugo/workspace/power-sharpening/Subtree-Prefetching-Power-Sharpening/case_studies/logs-entropycut/mbpp/2026-09-21/vllm/dataset-mbpp.model-qwen3.5-9b.alpha4.0.steps100.blocks-1.prefetch-budget-20.rank-accept_first.cut-entropy4.0.samples20.maxnew1024.seed10086.subtreePrefetch.vllm.log,364,1,2,0.09831802964747843
/Users/jiangnanhugo/workspace/power-sharpening/Subtree-Prefetching-Power-Sharpening/case_studies/logs-entropycut/mbpp/2026-09-21/vllm/dataset-mbpp.model-qwen3.5-9b.alpha4.0.steps100.blocks-1.prefetch-budget-20.rank-accept_first.cut-entropy4.0.samples20.maxnew1024.seed10086.subtreePrefetch.vllm.log,364,2,321,0.0013366679795406141
/Users/jiangnanhugo/workspace/power-sharpening/Subtree-Prefetching-Power-Sharpening/case_studies/logs-entropycut/mbpp/2026-09-21/vllm/dataset-mbpp.model-qwen3.5-9b.alpha4.0.steps100.blocks-1.prefetch-budget-20.rank-accept_first.cut-entropy4.0.samples20.maxnew1024.seed10086.subtreePrefetch.vllm.log,364,3,185,0.18513231578369696
/Users/jiangnanhugo/workspace/power-sharpening/Subtree-Prefetching-Power-Sharpening/case_studies/logs-entropycut/mbpp/2026-09-21/vllm/dataset-mbpp.model-qwen3.5-9b.alpha4.0.steps100.blocks-1.prefetch-budget-20.rank-accept_first.cut-entropy4.0.samples20.maxnew1024.seed10086.subtreePrefetch.vllm.log,364,4,32,0.09235223114452244
/Users/jiangnanhugo/workspace/power-sharpening/Subtree-Prefetching-Power-Sharpening/case_studies/logs-entropycut/mbpp/2026-09-21/vllm/dataset-mbpp.model-qwen3.5-9b.alpha4.0.steps100.blocks-1.prefetch-budget-20.rank-accept_first.cut-entropy4.0.samples20.maxnew1024.seed10086.subtreePrefetch.vllm.log,364,5,185,0.18513231578369696
/Users/jiangnanhugo/workspace/power-sharpening/Subtree-Prefetching-Power-Sharpening/case_studies/logs-entropycut/mbpp/2026-09-21/vllm/dataset-mbpp.model-qwen3.5-9b.alpha4.0.steps100.blocks-1.prefetch-budget-20.rank-accept_first.cut-entropy4.0.samples20.maxnew1024.seed10086.subtreePrefetch.vllm.log,364,6,185,0.18513231578369696
/Users/jiangnanhugo/workspace/power-sharpening/Subtree-Prefetching-Power-Sharpening/case_studies/logs-entropycut/mbpp/2026-09-21/vllm/dataset-mbpp.model-qwen3.5-9b.alpha4.0.steps100.blocks-1.prefetch-budget-20.rank-accept_first.cut-entropy4.0.samples20.maxnew1024.seed10086.subtreePrefetch.vllm.log,364,7,32,0.09235223114452244
/Users/jiangnanhugo/workspace/power-sharpening/Subtree-Prefetching-Power-Sharpening/case_studies/logs-entropycut/mbpp/2026-09-21/vllm/dataset-mbpp.model-qwen3.5-9b.alpha4.0.steps100.blocks-1.prefetch-budget-20.rank-accept_first.cut-entropy4.0.samples20.maxnew1024.seed10086.subtreePrefetch.vllm.log,364,8,53,0.2956750404184593
/Users/jiangnanhugo/workspace/power-sharpening/Subtree-Prefetching-Power-Sharpening/case_studies/logs-entropycut/mbpp/2026-09-21/vllm/dataset-mbpp.model-qwen3.5-9b.alpha4.0.steps100.blocks-1.prefetch-budget-20.rank-accept_first.cut-entropy4.0.samples20.maxnew1024.seed10086.subtreePrefetch.vllm.log,364,9,2,0.09831802964747843
/Users/jiangnanhugo/workspace/power-sharpening/Subtree-Prefetching-Power-Sharpening/case_studies/logs-entropycut/mbpp/2026-09-21/vllm/dataset-mbpp.model-qwen3.5-9b.alpha4.0.steps100.blocks-1.prefetch-budget-20.rank-accept_first.cut-entropy4.0.samples20.maxnew1024.seed10086.subtreePrefetch.vllm.log,364,10,185,0.18513231578369696
/Users/jiangnanhugo/workspace/power-sharpening/Subtree-Prefetching-Power-Sharpening/case_studies/logs-entropycut/mbpp/2026-09-21/vllm/dataset-mbpp.model-qwen3.5-9b.alpha4.0.steps100.blocks-1.prefetch-budget-20.rank-accept_first.cut-entropy4.0.samples20.maxnew1024.seed10086.subtreePrefetch.vllm.log,364,11,2,0.09831802964747843
/Users/jiangnanhugo/workspace/power-sharpening/Subtree-Prefetching-Power-Sharpening/case_studies/logs-entropycut/mbpp/2026-09-21/vllm/dataset-mbpp.model-qwen3.5-9b.alpha4.0.steps100.blocks-1.prefetch-budget-20.rank-accept_first.cut-entropy4.0.samples20.maxnew1024.seed10086.subtreePrefetch.vllm.log,364,12,185,0.18513231578369696
/Users/jiangnanhugo/workspace/power-sharpening/Subtree-Prefetching-Power-Sharpening/case_studies/logs-entropycut/mbpp/2026-09-21/vllm/dataset-mbpp.model-qwen3.5-9b.alpha4.0.steps100.blocks-1.prefetch-budget-20.rank-accept_first.cut-entropy4.0.samples20.maxnew1024.seed10086.subtreePrefetch.vllm.log,364,13,2,0.09831802964747843
/Users/jiangnanhugo/workspace/power-sharpening/Subtree-Prefetching-Power-Sharpening/case_studies/logs-entropycut/mbpp/2026-09-21/vllm/dataset-mbpp.model-qwen3.5-9b.alpha4.0.steps100.blocks-1.prefetch-budget-20.rank-accept_first.cut-entropy4.0.samples20.maxnew1024.seed10086.subtreePrefetch.vllm.log,364,14,53,0.2956750404184593
/Users/jiangnanhugo/workspace/power-sharpening/Subtree-Prefetching-Power-Sharpening/case_studies/logs-entropycut/mbpp/2026-09-21/vllm/dataset-mbpp.model-qwen3.5-9b.alpha4.0.steps100.blocks-1.prefetch-budget-20.rank-accept_first.cut-entropy4.0.samples20.maxnew1024.seed10086.subtreePrefetch.vllm.log,364,15,185,0.18513231578369696
/Users/jiangnanhugo/workspace/power-sharpening/Subtree-Prefetching-Power-Sharpening/case_studies/logs-entropycut/mbpp/2026-09-21/vllm/dataset-mbpp.model-qwen3.5-9b.alpha4.0.steps100.blocks-1.prefetch-budget-20.rank-accept_first.cut-entropy4.0.samples20.maxnew1024.seed10086.subtreePrefetch.vllm.log,364,16,32,0.09235223114452244
/Users/jiangnanhugo/workspace/power-sharpening/Subtree-Prefetching-Power-Sharpening/case_studies/logs-entropycut/mbpp/2026-09-21/vllm/dataset-mbpp.model-qwen3.5-9b.alpha4.0.steps100.blocks-1.prefetch-budget-20.rank-accept_first.cut-entropy4.0.samples20.maxnew1024.seed10086.subtreePrefetch.vllm.log,364,17,53,0.2956750404184593
/Users/jiangnanhugo/workspace/power-sharpening/Subtree-Prefetching-Power-Sharpening/case_studies/logs-entropycut/mbpp/2026-09-21/vllm/dataset-mbpp.model-qwen3.5-9b.alpha4.0.steps100.blocks-1.prefetch-budget-20.rank-accept_first.cut-entropy4.0.samples20.maxnew1024.seed10086.subtreePrefetch.vllm.log,364,18,185,0.18513231578369696
/Users/jiangnanhugo/workspace/power-sharpening/Subtree-Prefetching-Power-Sharpening/case_studies/logs-entropycut/mbpp/2026-09-21/vllm/dataset-mbpp.model-qwen3.5-9b.alpha4.0.steps100.blocks-1.prefetch-budget-20.rank-accept_first.cut-entropy4.0.samples20.maxnew1024.seed10086.subtreePrefetch.vllm.log,364,19,2,0.09831802964747843
/Users/jiangnanhugo/workspace/power-sharpening/Subtree-Prefetching-Power-Sharpening/case_studies/logs-entropycut/mbpp/2026-09-21/vllm/dataset-mbpp.model-qwen3.5-9b.alpha4.0.steps100.blocks-1.prefetch-budget-20.rank-accept_first.cut-entropy4.0.samples20.maxnew1024.seed10086.subtreePrefetch.vllm.log,365,0,10,0.05113329060521685
/Users/jiangnanhugo/workspace/power-sharpening/Subtree-Prefetching-Power-Sharpening/case_studies/logs-entropycut/mbpp/2026-09-21/vllm/dataset-mbpp.model-qwen3.5-9b.alpha4.0.steps100.blocks-1.prefetch-budget-20.rank-accept_first.cut-entropy4.0.samples20.maxnew1024.seed10086.subtreePrefetch.vllm.log,365,1,53,0.2956750403643499
/Users/jiangnanhugo/workspace/power-sharpening/Subtree-Prefetching-Power-Sharpening/case_studies/logs-entropycut/mbpp/2026-09-21/vllm/dataset-mbpp.model-qwen3.5-9b.alpha4.0.steps100.blocks-1.prefetch-budget-20.rank-accept_first.cut-entropy4.0.samples20.maxnew1024.seed10086.subtreePrefetch.vllm.log,365,2,38,0.009107899531230356
/Users/jiangnanhugo/workspace/power-sharpening/Subtree-Prefetching-Power-Sharpening/case_studies/logs-entropycut/mbpp/2026-09-21/vllm/dataset-mbpp.model-qwen3.5-9b.alpha4.0.steps100.blocks-1.prefetch-budget-20.rank-accept_first.cut-entropy4.0.samples20.maxnew1024.seed10086.subtreePrefetch.vllm.log,365,3,185,0.18513231574981714
/Users/jiangnanhugo/workspace/power-sharpening/Subtree-Prefetching-Power-Sharpening/case_studies/logs-entropycut/mbpp/2026-09-21/vllm/dataset-mbpp.model-qwen3.5-9b.alpha4.0.steps100.blocks-1.prefetch-budget-20.rank-accept_first.cut-entropy4.0.samples20.maxnew1024.seed10086.subtreePrefetch.vllm.log,365,4,2,0.09831802962948594
/Users/jiangnanhugo/workspace/power-sharpening/Subtree-Prefetching-Power-Sharpening/case_studies/logs-entropycut/mbpp/2026-09-21/vllm/dataset-mbpp.model-qwen3.5-9b.alpha4.0.steps100.blocks-1.prefetch-budget-20.rank-accept_first.cut-entropy4.0.samples20.maxnew1024.seed10086.subtreePrefetch.vllm.log,365,5,53,0.2956750403643499
/Users/jiangnanhugo/workspace/power-sharpening/Subtree-Prefetching-Power-Sharpening/case_studies/logs-entropycut/mbpp/2026-09-21/vllm/dataset-mbpp.model-qwen3.5-9b.alpha4.0.steps100.blocks-1.prefetch-budget-20.rank-accept_first.cut-entropy4.0.samples20.maxnew1024.seed10086.subtreePrefetch.vllm.log,365,6,2,0.09831802962948594
/Users/jiangnanhugo/workspace/power-sharpening/Subtree-Prefetching-Power-Sharpening/case_studies/logs-entropycut/mbpp/2026-09-21/vllm/dataset-mbpp.model-qwen3.5-9b.alpha4.0.steps100.blocks-1.prefetch-budget-20.rank-accept_first.cut-entropy4.0.samples20.maxnew1024.seed10086.subtreePrefetch.vllm.log,365,7,2,0.09831802962948594
/Users/jiangnanhugo/workspace/power-sharpening/Subtree-Prefetching-Power-Sharpening/case_studies/logs-entropycut/mbpp/2026-09-21/vllm/dataset-mbpp.model-qwen3.5-9b.alpha4.0.steps100.blocks-1.prefetch-budget-20.rank-accept_first.cut-entropy4.0.samples20.maxnew1024.seed10086.subtreePrefetch.vllm.log,365,8,2,0.09831802962948594
/Users/jiangnanhugo/workspace/power-sharpening/Subtree-Prefetching-Power-Sharpening/case_studies/logs-entropycut/mbpp/2026-09-21/vllm/dataset-mbpp.model-qwen3.5-9b.alpha4.0.steps100.blocks-1.prefetch-budget-20.rank-accept_first.cut-entropy4.0.samples20.maxnew1024.seed10086.subtreePrefetch.vllm.log,365,9,2,0.09831802962948594
/Users/jiangnanhugo/workspace/power-sharpening/Subtree-Prefetching-Power-Sharpening/case_studies/logs-entropycut/mbpp/2026-09-21/vllm/dataset-mbpp.model-qwen3.5-9b.alpha4.0.steps100.blocks-1.prefetch-budget-20.rank-accept_first.cut-entropy4.0.samples20.maxnew1024.seed10086.subtreePrefetch.vllm.log,365,10,10,0.05113329060521685
/Users/jiangnanhugo/workspace/power-sharpening/Subtree-Prefetching-Power-Sharpening/case_studies/logs-entropycut/mbpp/2026-09-21/vllm/dataset-mbpp.model-qwen3.5-9b.alpha4.0.steps100.blocks-1.prefetch-budget-20.rank-accept_first.cut-entropy4.0.samples20.maxnew1024.seed10086.subtreePrefetch.vllm.log,365,11,53,0.2956750403643499
/Users/jiangnanhugo/workspace/power-sharpening/Subtree-Prefetching-Power-Sharpening/case_studies/logs-entropycut/mbpp/2026-09-21/vllm/dataset-mbpp.model-qwen3.5-9b.alpha4.0.steps100.blocks-1.prefetch-budget-20.rank-accept_first.cut-entropy4.0.samples20.maxnew1024.seed10086.subtreePrefetch.vllm.log,365,12,46,0.025739153008069872
/Users/jiangnanhugo/workspace/power-sharpening/Subtree-Prefetching-Power-Sharpening/case_studies/logs-entropycut/mbpp/2026-09-21/vllm/dataset-mbpp.model-qwen3.5-9b.alpha4.0.steps100.blocks-1.prefetch-budget-20.rank-accept_first.cut-entropy4.0.samples20.maxnew1024.seed10086.subtreePrefetch.vllm.log,365,13,53,0.2956750403643499
/Users/jiangnanhugo/workspace/power-sharpening/Subtree-Prefetching-Power-Sharpening/case_studies/logs-entropycut/mbpp/2026-09-21/vllm/dataset-mbpp.model-qwen3.5-9b.alpha4.0.steps100.blocks-1.prefetch-budget-20.rank-accept_first.cut-entropy4.0.samples20.maxnew1024.seed10086.subtreePrefetch.vllm.log,365,14,32,0.0923522311276217
/Users/jiangnanhugo/workspace/power-sharpening/Subtree-Prefetching-Power-Sharpening/case_studies/logs-entropycut/mbpp/2026-09-21/vllm/dataset-mbpp.model-qwen3.5-9b.alpha4.0.steps100.blocks-1.prefetch-budget-20.rank-accept_first.cut-entropy4.0.samples20.maxnew1024.seed10086.subtreePrefetch.vllm.log,365,15,53,0.2956750403643499
/Users/jiangnanhugo/workspace/power-sharpening/Subtree-Prefetching-Power-Sharpening/case_studies/logs-entropycut/mbpp/2026-09-21/vllm/dataset-mbpp.model-qwen3.5-9b.alpha4.0.steps100.blocks-1.prefetch-budget-20.rank-accept_first.cut-entropy4.0.samples20.maxnew1024.seed10086.subtreePrefetch.vllm.log,365,16,2,0.09831802962948594
/Users/jiangnanhugo/workspace/power-sharpening/Subtree-Prefetching-Power-Sharpening/case_studies/logs-entropycut/mbpp/2026-09-21/vllm/dataset-mbpp.model-qwen3.5-9b.alpha4.0.steps100.blocks-1.prefetch-budget-20.rank-accept_first.cut-entropy4.0.samples20.maxnew1024.seed10086.subtreePrefetch.vllm.log,365,17,8,0.02708680257378342
/Users/jiangnanhugo/workspace/power-sharpening/Subtree-Prefetching-Power-Sharpening/case_studies/logs-entropycut/mbpp/2026-09-21/vllm/dataset-mbpp.model-qwen3.5-9b.alpha4.0.steps100.blocks-1.prefetch-budget-20.rank-accept_first.cut-entropy4.0.samples20.maxnew1024.seed10086.subtreePrefetch.vllm.log,365,18,53,0.2956750403643499
/Users/jiangnanhugo/workspace/power-sharpening/Subtree-Prefetching-Power-Sharpening/case_studies/logs-entropycut/mbpp/2026-09-21/vllm/dataset-mbpp.model-qwen3.5-9b.alpha4.0.steps100.blocks-1.prefetch-budget-20.rank-accept_first.cut-entropy4.0.samples20.maxnew1024.seed10086.subtreePrefetch.vllm.log,365,19,53,0.2956750403643499
/Users/jiangnanhugo/workspace/power-sharpening/Subtree-Prefetching-Power-Sharpening/case_studies/logs-entropycut/mbpp/2026-09-21/vllm/dataset-mbpp.model-qwen3.5-9b.alpha4.0.steps100.blocks-1.prefetch-budget-20.rank-accept_first.cut-entropy4.0.samples20.maxnew1024.seed10086.subtreePrefetch.vllm.log,366,0,32,0.09235223115739852
/Users/jiangnanhugo/workspace/power-sharpening/Subtree-Prefetching-Power-Sharpening/case_studies/logs-entropycut/mbpp/2026-09-21/vllm/dataset-mbpp.model-qwen3.5-9b.alpha4.0.steps100.blocks-1.prefetch-budget-20.rank-accept_first.cut-entropy4.0.samples20.maxnew1024.seed10086.subtreePrefetch.vllm.log,366,1,2,0.09831802966118629
/Users/jiangnanhugo/workspace/power-sharpening/Subtree-Prefetching-Power-Sharpening/case_studies/logs-entropycut/mbpp/2026-09-21/vllm/dataset-mbpp.model-qwen3.5-9b.alpha4.0.steps100.blocks-1.prefetch-budget-20.rank-accept_first.cut-entropy4.0.samples20.maxnew1024.seed10086.subtreePrefetch.vllm.log,366,2,2,0.09831802966118629
/Users/jiangnanhugo/workspace/power-sharpening/Subtree-Prefetching-Power-Sharpening/case_studies/logs-entropycut/mbpp/2026-09-21/vllm/dataset-mbpp.model-qwen3.5-9b.alpha4.0.steps100.blocks-1.prefetch-budget-20.rank-accept_first.cut-entropy4.0.samples20.maxnew1024.seed10086.subtreePrefetch.vllm.log,366,3,53,0.29567504045968335
/Users/jiangnanhugo/workspace/power-sharpening/Subtree-Prefetching-Power-Sharpening/case_studies/logs-entropycut/mbpp/2026-09-21/vllm/dataset-mbpp.model-qwen3.5-9b.alpha4.0.steps100.blocks-1.prefetch-budget-20.rank-accept_first.cut-entropy4.0.samples20.maxnew1024.seed10086.subtreePrefetch.vllm.log,366,4,2,0.09831802966118629
/Users/jiangnanhugo/workspace/power-sharpening/Subtree-Prefetching-Power-Sharpening/case_studies/logs-entropycut/mbpp/2026-09-21/vllm/dataset-mbpp.model-qwen3.5-9b.alpha4.0.steps100.blocks-1.prefetch-budget-20.rank-accept_first.cut-entropy4.0.samples20.maxnew1024.seed10086.subtreePrefetch.vllm.log,366,5,32,0.09235223115739852
/Users/jiangnanhugo/workspace/power-sharpening/Subtree-Prefetching-Power-Sharpening/case_studies/logs-entropycut/mbpp/2026-09-21/vllm/dataset-mbpp.model-qwen3.5-9b.alpha4.0.steps100.blocks-1.prefetch-budget-20.rank-accept_first.cut-entropy4.0.samples20.maxnew1024.seed10086.subtreePrefetch.vllm.log,366,6,46,0.025739153016368862
/Users/jiangnanhugo/workspace/power-sharpening/Subtree-Prefetching-Power-Sharpening/case_studies/logs-entropycut/mbpp/2026-09-21/vllm/dataset-mbpp.model-qwen3.5-9b.alpha4.0.steps100.blocks-1.prefetch-budget-20.rank-accept_first.cut-entropy4.0.samples20.maxnew1024.seed10086.subtreePrefetch.vllm.log,366,7,53,0.29567504045968335
/Users/jiangnanhugo/workspace/power-sharpening/Subtree-Prefetching-Power-Sharpening/case_studies/logs-entropycut/mbpp/2026-09-21/vllm/dataset-mbpp.model-qwen3.5-9b.alpha4.0.steps100.blocks-1.prefetch-budget-20.rank-accept_first.cut-entropy4.0.samples20.maxnew1024.seed10086.subtreePrefetch.vllm.log,366,8,10,0.05113329062170359
/Users/jiangnanhugo/workspace/power-sharpening/Subtree-Prefetching-Power-Sharpening/case_studies/logs-entropycut/mbpp/2026-09-21/vllm/dataset-mbpp.model-qwen3.5-9b.alpha4.0.steps100.blocks-1.prefetch-budget-20.rank-accept_first.cut-entropy4.0.samples20.maxnew1024.seed10086.subtreePrefetch.vllm.log,366,9,46,0.025739153016368862
/Users/jiangnanhugo/workspace/power-sharpening/Subtree-Prefetching-Power-Sharpening/case_studies/logs-entropycut/mbpp/2026-09-21/vllm/dataset-mbpp.model-qwen3.5-9b.alpha4.0.steps100.blocks-1.prefetch-budget-20.rank-accept_first.cut-entropy4.0.samples20.maxnew1024.seed10086.subtreePrefetch.vllm.log,366,10,10,0.05113329062170359
/Users/jiangnanhugo/workspace/power-sharpening/Subtree-Prefetching-Power-Sharpening/case_studies/logs-entropycut/mbpp/2026-09-21/vllm/dataset-mbpp.model-qwen3.5-9b.alpha4.0.steps100.blocks-1.prefetch-budget-20.rank-accept_first.cut-entropy4.0.samples20.maxnew1024.seed10086.subtreePrefetch.vllm.log,366,11,127,0.012928894499536811
/Users/jiangnanhugo/workspace/power-sharpening/Subtree-Prefetching-Power-Sharpening/case_studies/logs-entropycut/mbpp/2026-09-21/vllm/dataset-mbpp.model-qwen3.5-9b.alpha4.0.steps100.blocks-1.prefetch-budget-20.rank-accept_first.cut-entropy4.0.samples20.maxnew1024.seed10086.subtreePrefetch.vllm.log,366,12,53,0.29567504045968335
/Users/jiangnanhugo/workspace/power-sharpening/Subtree-Prefetching-Power-Sharpening/case_studies/logs-entropycut/mbpp/2026-09-21/vllm/dataset-mbpp.model-qwen3.5-9b.alpha4.0.steps100.blocks-1.prefetch-budget-20.rank-accept_first.cut-entropy4.0.samples20.maxnew1024.seed10086.subtreePrefetch.vllm.log,366,13,53,0.29567504045968335
/Users/jiangnanhugo/workspace/power-sharpening/Subtree-Prefetching-Power-Sharpening/case_studies/logs-entropycut/mbpp/2026-09-21/vllm/dataset-mbpp.model-qwen3.5-9b.alpha4.0.steps100.blocks-1.prefetch-budget-20.rank-accept_first.cut-entropy4.0.samples20.maxnew1024.seed10086.subtreePrefetch.vllm.log,366,14,2,0.09831802966118629
/Users/jiangnanhugo/workspace/power-sharpening/Subtree-Prefetching-Power-Sharpening/case_studies/logs-entropycut/mbpp/2026-09-21/vllm/dataset-mbpp.model-qwen3.5-9b.alpha4.0.steps100.blocks-1.prefetch-budget-20.rank-accept_first.cut-entropy4.0.samples20.maxnew1024.seed10086.subtreePrefetch.vllm.log,366,15,2,0.09831802966118629
/Users/jiangnanhugo/workspace/power-sharpening/Subtree-Prefetching-Power-Sharpening/case_studies/logs-entropycut/mbpp/2026-09-21/vllm/dataset-mbpp.model-qwen3.5-9b.alpha4.0.steps100.blocks-1.prefetch-budget-20.rank-accept_first.cut-entropy4.0.samples20.maxnew1024.seed10086.subtreePrefetch.vllm.log,366,16,53,0.29567504045968335
/Users/jiangnanhugo/workspace/power-sharpening/Subtree-Prefetching-Power-Sharpening/case_studies/logs-entropycut/mbpp/2026-09-21/vllm/dataset-mbpp.model-qwen3.5-9b.alpha4.0.steps100.blocks-1.prefetch-budget-20.rank-accept_first.cut-entropy4.0.samples20.maxnew1024.seed10086.subtreePrefetch.vllm.log,366,17,32,0.09235223115739852
/Users/jiangnanhugo/workspace/power-sharpening/Subtree-Prefetching-Power-Sharpening/case_studies/logs-entropycut/mbpp/2026-09-21/vllm/dataset-mbpp.model-qwen3.5-9b.alpha4.0.steps100.blocks-1.prefetch-budget-20.rank-accept_first.cut-entropy4.0.samples20.maxnew1024.seed10086.subtreePrefetch.vllm.log,366,18,8,0.027086802582516927
/Users/jiangnanhugo/workspace/power-sharpening/Subtree-Prefetching-Power-Sharpening/case_studies/logs-entropycut/mbpp/2026-09-21/vllm/dataset-mbpp.model-qwen3.5-9b.alpha4.0.steps100.blocks-1.prefetch-budget-20.rank-accept_first.cut-entropy4.0.samples20.maxnew1024.seed10086.subtreePrefetch.vllm.log,366,19,2,0.09831802966118629
/Users/jiangnanhugo/workspace/power-sharpening/Subtree-Prefetching-Power-Sharpening/case_studies/logs-entropycut/mbpp/2026-09-21/vllm/dataset-mbpp.model-qwen3.5-9b.alpha4.0.steps100.blocks-1.prefetch-budget-20.rank-accept_first.cut-entropy4.0.samples20.maxnew1024.seed10086.subtreePrefetch.vllm.log,367,0,369,0.0011180462229618163
/Users/jiangnanhugo/workspace/power-sharpening/Subtree-Prefetching-Power-Sharpening/case_studies/logs-entropycut/mbpp/2026-09-21/vllm/dataset-mbpp.model-qwen3.5-9b.alpha4.0.steps100.blocks-1.prefetch-budget-20.rank-accept_first.cut-entropy4.0.samples20.maxnew1024.seed10086.subtreePrefetch.vllm.log,367,1,46,0.025739153016368862
/Users/jiangnanhugo/workspace/power-sharpening/Subtree-Prefetching-Power-Sharpening/case_studies/logs-entropycut/mbpp/2026-09-21/vllm/dataset-mbpp.model-qwen3.5-9b.alpha4.0.steps100.blocks-1.prefetch-budget-20.rank-accept_first.cut-entropy4.0.samples20.maxnew1024.seed10086.subtreePrefetch.vllm.log,367,2,32,0.09235223115739852
/Users/jiangnanhugo/workspace/power-sharpening/Subtree-Prefetching-Power-Sharpening/case_studies/logs-entropycut/mbpp/2026-09-21/vllm/dataset-mbpp.model-qwen3.5-9b.alpha4.0.steps100.blocks-1.prefetch-budget-20.rank-accept_first.cut-entropy4.0.samples20.maxnew1024.seed10086.subtreePrefetch.vllm.log,367,3,32,0.09235223115739852
/Users/jiangnanhugo/workspace/power-sharpening/Subtree-Prefetching-Power-Sharpening/case_studies/logs-entropycut/mbpp/2026-09-21/vllm/dataset-mbpp.model-qwen3.5-9b.alpha4.0.steps100.blocks-1.prefetch-budget-20.rank-accept_first.cut-entropy4.0.samples20.maxnew1024.seed10086.subtreePrefetch.vllm.log,367,4,38,0.009107899534166984
/Users/jiangnanhugo/workspace/power-sharpening/Subtree-Prefetching-Power-Sharpening/case_studies/logs-entropycut/mbpp/2026-09-21/vllm/dataset-mbpp.model-qwen3.5-9b.alpha4.0.steps100.blocks-1.prefetch-budget-20.rank-accept_first.cut-entropy4.0.samples20.maxnew1024.seed10086.subtreePrefetch.vllm.log,367,5,53,0.29567504045968335
/Users/jiangnanhugo/workspace/power-sharpening/Subtree-Prefetching-Power-Sharpening/case_studies/logs-entropycut/mbpp/2026-09-21/vllm/dataset-mbpp.model-qwen3.5-9b.alpha4.0.steps100.blocks-1.prefetch-budget-20.rank-accept_first.cut-entropy4.0.samples20.maxnew1024.seed10086.subtreePrefetch.vllm.log,367,6,10,0.05113329062170359
/Users/jiangnanhugo/workspace/power-sharpening/Subtree-Prefetching-Power-Sharpening/case_studies/logs-entropycut/mbpp/2026-09-21/vllm/dataset-mbpp.model-qwen3.5-9b.alpha4.0.steps100.blocks-1.prefetch-budget-20.rank-accept_first.cut-entropy4.0.samples20.maxnew1024.seed10086.subtreePrefetch.vllm.log,367,7,32,0.09235223115739852
/Users/jiangnanhugo/workspace/power-sharpening/Subtree-Prefetching-Power-Sharpening/case_studies/logs-entropycut/mbpp/2026-09-21/vllm/dataset-mbpp.model-qwen3.5-9b.alpha4.0.steps100.blocks-1.prefetch-budget-20.rank-accept_first.cut-entropy4.0.samples20.maxnew1024.seed10086.subtreePrefetch.vllm.log,367,8,2,0.09831802966118629
/Users/jiangnanhugo/workspace/power-sharpening/Subtree-Prefetching-Power-Sharpening/case_studies/logs-entropycut/mbpp/2026-09-21/vllm/dataset-mbpp.model-qwen3.5-9b.alpha4.0.steps100.blocks-1.prefetch-budget-20.rank-accept_first.cut-entropy4.0.samples20.maxnew1024.seed10086.subtreePrefetch.vllm.log,367,9,53,0.29567504045968335
/Users/jiangnanhugo/workspace/power-sharpening/Subtree-Prefetching-Power-Sharpening/case_studies/logs-entropycut/mbpp/2026-09-21/vllm/dataset-mbpp.model-qwen3.5-9b.alpha4.0.steps100.blocks-1.prefetch-budget-20.rank-accept_first.cut-entropy4.0.samples20.maxnew1024.seed10086.subtreePrefetch.vllm.log,367,10,8,0.027086802582516927
/Users/jiangnanhugo/workspace/power-sharpening/Subtree-Prefetching-Power-Sharpening/case_studies/logs-entropycut/mbpp/2026-09-21/vllm/dataset-mbpp.model-qwen3.5-9b.alpha4.0.steps100.blocks-1.prefetch-budget-20.rank-accept_first.cut-entropy4.0.samples20.maxnew1024.seed10086.subtreePrefetch.vllm.log,367,11,2,0.09831802966118629
/Users/jiangnanhugo/workspace/power-sharpening/Subtree-Prefetching-Power-Sharpening/case_studies/logs-entropycut/mbpp/2026-09-21/vllm/dataset-mbpp.model-qwen3.5-9b.alpha4.0.steps100.blocks-1.prefetch-budget-20.rank-accept_first.cut-entropy4.0.samples20.maxnew1024.seed10086.subtreePrefetch.vllm.log,367,12,2,0.09831802966118629
/Users/jiangnanhugo/workspace/power-sharpening/Subtree-Prefetching-Power-Sharpening/case_studies/logs-entropycut/mbpp/2026-09-21/vllm/dataset-mbpp.model-qwen3.5-9b.alpha4.0.steps100.blocks-1.prefetch-budget-20.rank-accept_first.cut-entropy4.0.samples20.maxnew1024.seed10086.subtreePrefetch.vllm.log,367,13,53,0.29567504045968335
/Users/jiangnanhugo/workspace/power-sharpening/Subtree-Prefetching-Power-Sharpening/case_studies/logs-entropycut/mbpp/2026-09-21/vllm/dataset-mbpp.model-qwen3.5-9b.alpha4.0.steps100.blocks-1.prefetch-budget-20.rank-accept_first.cut-entropy4.0.samples20.maxnew1024.seed10086.subtreePrefetch.vllm.log,367,14,2,0.09831802966118629
/Users/jiangnanhugo/workspace/power-sharpening/Subtree-Prefetching-Power-Sharpening/case_studies/logs-entropycut/mbpp/2026-09-21/vllm/dataset-mbpp.model-qwen3.5-9b.alpha4.0.steps100.blocks-1.prefetch-budget-20.rank-accept_first.cut-entropy4.0.samples20.maxnew1024.seed10086.subtreePrefetch.vllm.log,367,15,2,0.09831802966118629
/Users/jiangnanhugo/workspace/power-sharpening/Subtree-Prefetching-Power-Sharpening/case_studies/logs-entropycut/mbpp/2026-09-21/vllm/dataset-mbpp.model-qwen3.5-9b.alpha4.0.steps100.blocks-1.prefetch-budget-20.rank-accept_first.cut-entropy4.0.samples20.maxnew1024.seed10086.subtreePrefetch.vllm.log,367,16,2,0.09831802966118629
/Users/jiangnanhugo/workspace/power-sharpening/Subtree-Prefetching-Power-Sharpening/case_studies/logs-entropycut/mbpp/2026-09-21/vllm/dataset-mbpp.model-qwen3.5-9b.alpha4.0.steps100.blocks-1.prefetch-budget-20.rank-accept_first.cut-entropy4.0.samples20.maxnew1024.seed10086.subtreePrefetch.vllm.log,367,17,2,0.09831802966118629
/Users/jiangnanhugo/workspace/power-sharpening/Subtree-Prefetching-Power-Sharpening/case_studies/logs-entropycut/mbpp/2026-09-21/vllm/dataset-mbpp.model-qwen3.5-9b.alpha4.0.steps100.blocks-1.prefetch-budget-20.rank-accept_first.cut-entropy4.0.samples20.maxnew1024.seed10086.subtreePrefetch.vllm.log,367,18,32,0.09235223115739852
/Users/jiangnanhugo/workspace/power-sharpening/Subtree-Prefetching-Power-Sharpening/case_studies/logs-entropycut/mbpp/2026-09-21/vllm/dataset-mbpp.model-qwen3.5-9b.alpha4.0.steps100.blocks-1.prefetch-budget-20.rank-accept_first.cut-entropy4.0.samples20.maxnew1024.seed10086.subtreePrefetch.vllm.log,367,19,32,0.09235223115739852
/Users/jiangnanhugo/workspace/power-sharpening/Subtree-Prefetching-Power-Sharpening/case_studies/logs-entropycut/mbpp/2026-09-21/vllm/dataset-mbpp.model-qwen3.5-9b.alpha4.0.steps100.blocks-1.prefetch-budget-20.rank-accept_first.cut-entropy4.0.samples20.maxnew1024.seed10086.subtreePrefetch.vllm.log,368,0,185,0.1854188933273105
/Users/jiangnanhugo/workspace/power-sharpening/Subtree-Prefetching-Power-Sharpening/case_studies/logs-entropycut/mbpp/2026-09-21/vllm/dataset-mbpp.model-qwen3.5-9b.alpha4.0.steps100.blocks-1.prefetch-budget-20.rank-accept_first.cut-entropy4.0.samples20.maxnew1024.seed10086.subtreePrefetch.vllm.log,368,1,53,0.29613273375218263
/Users/jiangnanhugo/workspace/power-sharpening/Subtree-Prefetching-Power-Sharpening/case_studies/logs-entropycut/mbpp/2026-09-21/vllm/dataset-mbpp.model-qwen3.5-9b.alpha4.0.steps100.blocks-1.prefetch-budget-20.rank-accept_first.cut-entropy4.0.samples20.maxnew1024.seed10086.subtreePrefetch.vllm.log,368,2,185,0.1854188933273105
/Users/jiangnanhugo/workspace/power-sharpening/Subtree-Prefetching-Power-Sharpening/case_studies/logs-entropycut/mbpp/2026-09-21/vllm/dataset-mbpp.model-qwen3.5-9b.alpha4.0.steps100.blocks-1.prefetch-budget-20.rank-accept_first.cut-entropy4.0.samples20.maxnew1024.seed10086.subtreePrefetch.vllm.log,368,3,185,0.1854188933273105
/Users/jiangnanhugo/workspace/power-sharpening/Subtree-Prefetching-Power-Sharpening/case_studies/logs-entropycut/mbpp/2026-09-21/vllm/dataset-mbpp.model-qwen3.5-9b.alpha4.0.steps100.blocks-1.prefetch-budget-20.rank-accept_first.cut-entropy4.0.samples20.maxnew1024.seed10086.subtreePrefetch.vllm.log,368,4,8,0.027128731883813362
/Users/jiangnanhugo/workspace/power-sharpening/Subtree-Prefetching-Power-Sharpening/case_studies/logs-entropycut/mbpp/2026-09-21/vllm/dataset-mbpp.model-qwen3.5-9b.alpha4.0.steps100.blocks-1.prefetch-budget-20.rank-accept_first.cut-entropy4.0.samples20.maxnew1024.seed10086.subtreePrefetch.vllm.log,368,5,66,0.006275939367430416
/Users/jiangnanhugo/workspace/power-sharpening/Subtree-Prefetching-Power-Sharpening/case_studies/logs-entropycut/mbpp/2026-09-21/vllm/dataset-mbpp.model-qwen3.5-9b.alpha4.0.steps100.blocks-1.prefetch-budget-20.rank-accept_first.cut-entropy4.0.samples20.maxnew1024.seed10086.subtreePrefetch.vllm.log,368,6,2,0.09847022209054289
/Users/jiangnanhugo/workspace/power-sharpening/Subtree-Prefetching-Power-Sharpening/case_studies/logs-entropycut/mbpp/2026-09-21/vllm/dataset-mbpp.model-qwen3.5-9b.alpha4.0.steps100.blocks-1.prefetch-budget-20.rank-accept_first.cut-entropy4.0.samples20.maxnew1024.seed10086.subtreePrefetch.vllm.log,368,7,53,0.29613273375218263
/Users/jiangnanhugo/workspace/power-sharpening/Subtree-Prefetching-Power-Sharpening/case_studies/logs-entropycut/mbpp/2026-09-21/vllm/dataset-mbpp.model-qwen3.5-9b.alpha4.0.steps100.blocks-1.prefetch-budget-20.rank-accept_first.cut-entropy4.0.samples20.maxnew1024.seed10086.subtreePrefetch.vllm.log,368,8,185,0.1854188933273105
/Users/jiangnanhugo/workspace/power-sharpening/Subtree-Prefetching-Power-Sharpening/case_studies/logs-entropycut/mbpp/2026-09-21/vllm/dataset-mbpp.model-qwen3.5-9b.alpha4.0.steps100.blocks-1.prefetch-budget-20.rank-accept_first.cut-entropy4.0.samples20.maxnew1024.seed10086.subtreePrefetch.vllm.log,368,9,53,0.29613273375218263
/Users/jiangnanhugo/workspace/power-sharpening/Subtree-Prefetching-Power-Sharpening/case_studies/logs-entropycut/mbpp/2026-09-21/vllm/dataset-mbpp.model-qwen3.5-9b.alpha4.0.steps100.blocks-1.prefetch-budget-20.rank-accept_first.cut-entropy4.0.samples20.maxnew1024.seed10086.subtreePrefetch.vllm.log,368,10,53,0.29613273375218263
/Users/jiangnanhugo/workspace/power-sharpening/Subtree-Prefetching-Power-Sharpening/case_studies/logs-entropycut/mbpp/2026-09-21/vllm/dataset-mbpp.model-qwen3.5-9b.alpha4.0.steps100.blocks-1.prefetch-budget-20.rank-accept_first.cut-entropy4.0.samples20.maxnew1024.seed10086.subtreePrefetch.vllm.log,368,11,53,0.29613273375218263
/Users/jiangnanhugo/workspace/power-sharpening/Subtree-Prefetching-Power-Sharpening/case_studies/logs-entropycut/mbpp/2026-09-21/vllm/dataset-mbpp.model-qwen3.5-9b.alpha4.0.steps100.blocks-1.prefetch-budget-20.rank-accept_first.cut-entropy4.0.samples20.maxnew1024.seed10086.subtreePrefetch.vllm.log,368,12,8,0.027128731883813362
/Users/jiangnanhugo/workspace/power-sharpening/Subtree-Prefetching-Power-Sharpening/case_studies/logs-entropycut/mbpp/2026-09-21/vllm/dataset-mbpp.model-qwen3.5-9b.alpha4.0.steps100.blocks-1.prefetch-budget-20.rank-accept_first.cut-entropy4.0.samples20.maxnew1024.seed10086.subtreePrefetch.vllm.log,368,13,53,0.29613273375218263
/Users/jiangnanhugo/workspace/power-sharpening/Subtree-Prefetching-Power-Sharpening/case_studies/logs-entropycut/mbpp/2026-09-21/vllm/dataset-mbpp.model-qwen3.5-9b.alpha4.0.steps100.blocks-1.prefetch-budget-20.rank-accept_first.cut-entropy4.0.samples20.maxnew1024.seed10086.subtreePrefetch.vllm.log,368,14,53,0.29613273375218263
/Users/jiangnanhugo/workspace/power-sharpening/Subtree-Prefetching-Power-Sharpening/case_studies/logs-entropycut/mbpp/2026-09-21/vllm/dataset-mbpp.model-qwen3.5-9b.alpha4.0.steps100.blocks-1.prefetch-budget-20.rank-accept_first.cut-entropy4.0.samples20.maxnew1024.seed10086.subtreePrefetch.vllm.log,368,15,185,0.1854188933273105
/Users/jiangnanhugo/workspace/power-sharpening/Subtree-Prefetching-Power-Sharpening/case_studies/logs-entropycut/mbpp/2026-09-21/vllm/dataset-mbpp.model-qwen3.5-9b.alpha4.0.steps100.blocks-1.prefetch-budget-20.rank-accept_first.cut-entropy4.0.samples20.maxnew1024.seed10086.subtreePrefetch.vllm.log,368,16,32,0.09249518876613806
/Users/jiangnanhugo/workspace/power-sharpening/Subtree-Prefetching-Power-Sharpening/case_studies/logs-entropycut/mbpp/2026-09-21/vllm/dataset-mbpp.model-qwen3.5-9b.alpha4.0.steps100.blocks-1.prefetch-budget-20.rank-accept_first.cut-entropy4.0.samples20.maxnew1024.seed10086.subtreePrefetch.vllm.log,368,17,185,0.1854188933273105
/Users/jiangnanhugo/workspace/power-sharpening/Subtree-Prefetching-Power-Sharpening/case_studies/logs-entropycut/mbpp/2026-09-21/vllm/dataset-mbpp.model-qwen3.5-9b.alpha4.0.steps100.blocks-1.prefetch-budget-20.rank-accept_first.cut-entropy4.0.samples20.maxnew1024.seed10086.subtreePrefetch.vllm.log,368,18,53,0.29613273375218263
/Users/jiangnanhugo/workspace/power-sharpening/Subtree-Prefetching-Power-Sharpening/case_studies/logs-entropycut/mbpp/2026-09-21/vllm/dataset-mbpp.model-qwen3.5-9b.alpha4.0.steps100.blocks-1.prefetch-budget-20.rank-accept_first.cut-entropy4.0.samples20.maxnew1024.seed10086.subtreePrefetch.vllm.log,368,19,32,0.09249518876613806
/Users/jiangnanhugo/workspace/power-sharpening/Subtree-Prefetching-Power-Sharpening/case_studies/logs-entropycut/mbpp/2026-09-21/vllm/dataset-mbpp.model-qwen3.5-9b.alpha4.0.steps100.blocks-1.prefetch-budget-20.rank-accept_first.cut-entropy4.0.samples20.maxnew1024.seed10086.subtreePrefetch.vllm.log,369,0,185,0.1854188933273105
/Users/jiangnanhugo/workspace/power-sharpening/Subtree-Prefetching-Power-Sharpening/case_studies/logs-entropycut/mbpp/2026-09-21/vllm/dataset-mbpp.model-qwen3.5-9b.alpha4.0.steps100.blocks-1.prefetch-budget-20.rank-accept_first.cut-entropy4.0.samples20.maxnew1024.seed10086.subtreePrefetch.vllm.log,369,1,32,0.09249518876613806
/Users/jiangnanhugo/workspace/power-sharpening/Subtree-Prefetching-Power-Sharpening/case_studies/logs-entropycut/mbpp/2026-09-21/vllm/dataset-mbpp.model-qwen3.5-9b.alpha4.0.steps100.blocks-1.prefetch-budget-20.rank-accept_first.cut-entropy4.0.samples20.maxnew1024.seed10086.subtreePrefetch.vllm.log,369,2,32,0.09249518876613806
/Users/jiangnanhugo/workspace/power-sharpening/Subtree-Prefetching-Power-Sharpening/case_studies/logs-entropycut/mbpp/2026-09-21/vllm/dataset-mbpp.model-qwen3.5-9b.alpha4.0.steps100.blocks-1.prefetch-budget-20.rank-accept_first.cut-entropy4.0.samples20.maxnew1024.seed10086.subtreePrefetch.vllm.log,369,3,131,0.0033754762452716
/Users/jiangnanhugo/workspace/power-sharpening/Subtree-Prefetching-Power-Sharpening/case_studies/logs-entropycut/mbpp/2026-09-21/vllm/dataset-mbpp.model-qwen3.5-9b.alpha4.0.steps100.blocks-1.prefetch-budget-20.rank-accept_first.cut-entropy4.0.samples20.maxnew1024.seed10086.subtreePrefetch.vllm.log,369,4,2,0.09847022209054289
/Users/jiangnanhugo/workspace/power-sharpening/Subtree-Prefetching-Power-Sharpening/case_studies/logs-entropycut/mbpp/2026-09-21/vllm/dataset-mbpp.model-qwen3.5-9b.alpha4.0.steps100.blocks-1.prefetch-budget-20.rank-accept_first.cut-entropy4.0.samples20.maxnew1024.seed10086.subtreePrefetch.vllm.log,369,5,150,0.008764237750507095
/Users/jiangnanhugo/workspace/power-sharpening/Subtree-Prefetching-Power-Sharpening/case_studies/logs-entropycut/mbpp/2026-09-21/vllm/dataset-mbpp.model-qwen3.5-9b.alpha4.0.steps100.blocks-1.prefetch-budget-20.rank-accept_first.cut-entropy4.0.samples20.maxnew1024.seed10086.subtreePrefetch.vllm.log,369,6,53,0.29613273375218263
/Users/jiangnanhugo/workspace/power-sharpening/Subtree-Prefetching-Power-Sharpening/case_studies/logs-entropycut/mbpp/2026-09-21/vllm/dataset-mbpp.model-qwen3.5-9b.alpha4.0.steps100.blocks-1.prefetch-budget-20.rank-accept_first.cut-entropy4.0.samples20.maxnew1024.seed10086.subtreePrefetch.vllm.log,369,7,8,0.027128731883813362
/Users/jiangnanhugo/workspace/power-sharpening/Subtree-Prefetching-Power-Sharpening/case_studies/logs-entropycut/mbpp/2026-09-21/vllm/dataset-mbpp.model-qwen3.5-9b.alpha4.0.steps100.blocks-1.prefetch-budget-20.rank-accept_first.cut-entropy4.0.samples20.maxnew1024.seed10086.subtreePrefetch.vllm.log,369,8,194,0.004980579259939253
/Users/jiangnanhugo/workspace/power-sharpening/Subtree-Prefetching-Power-Sharpening/case_studies/logs-entropycut/mbpp/2026-09-21/vllm/dataset-mbpp.model-qwen3.5-9b.alpha4.0.steps100.blocks-1.prefetch-budget-20.rank-accept_first.cut-entropy4.0.samples20.maxnew1024.seed10086.subtreePrefetch.vllm.log,369,9,44,0.004926728857675676
/Users/jiangnanhugo/workspace/power-sharpening/Subtree-Prefetching-Power-Sharpening/case_studies/logs-entropycut/mbpp/2026-09-21/vllm/dataset-mbpp.model-qwen3.5-9b.alpha4.0.steps100.blocks-1.prefetch-budget-20.rank-accept_first.cut-entropy4.0.samples20.maxnew1024.seed10086.subtreePrefetch.vllm.log,369,10,53,0.29613273375218263
/Users/jiangnanhugo/workspace/power-sharpening/Subtree-Prefetching-Power-Sharpening/case_studies/logs-entropycut/mbpp/2026-09-21/vllm/dataset-mbpp.model-qwen3.5-9b.alpha4.0.steps100.blocks-1.prefetch-budget-20.rank-accept_first.cut-entropy4.0.samples20.maxnew1024.seed10086.subtreePrefetch.vllm.log,369,11,68,0.005994457746891573
/Users/jiangnanhugo/workspace/power-sharpening/Subtree-Prefetching-Power-Sharpening/case_studies/logs-entropycut/mbpp/2026-09-21/vllm/dataset-mbpp.model-qwen3.5-9b.alpha4.0.steps100.blocks-1.prefetch-budget-20.rank-accept_first.cut-entropy4.0.samples20.maxnew1024.seed10086.subtreePrefetch.vllm.log,369,12,53,0.29613273375218263
/Users/jiangnanhugo/workspace/power-sharpening/Subtree-Prefetching-Power-Sharpening/case_studies/logs-entropycut/mbpp/2026-09-21/vllm/dataset-mbpp.model-qwen3.5-9b.alpha4.0.steps100.blocks-1.prefetch-budget-20.rank-accept_first.cut-entropy4.0.samples20.maxnew1024.seed10086.subtreePrefetch.vllm.log,369,13,32,0.09249518876613806
/Users/jiangnanhugo/workspace/power-sharpening/Subtree-Prefetching-Power-Sharpening/case_studies/logs-entropycut/mbpp/2026-09-21/vllm/dataset-mbpp.model-qwen3.5-9b.alpha4.0.steps100.blocks-1.prefetch-budget-20.rank-accept_first.cut-entropy4.0.samples20.maxnew1024.seed10086.subtreePrefetch.vllm.log,369,14,10,0.05121244293738294
/Users/jiangnanhugo/workspace/power-sharpening/Subtree-Prefetching-Power-Sharpening/case_studies/logs-entropycut/mbpp/2026-09-21/vllm/dataset-mbpp.model-qwen3.5-9b.alpha4.0.steps100.blocks-1.prefetch-budget-20.rank-accept_first.cut-entropy4.0.samples20.maxnew1024.seed10086.subtreePrefetch.vllm.log,369,15,185,0.1854188933273105
/Users/jiangnanhugo/workspace/power-sharpening/Subtree-Prefetching-Power-Sharpening/case_studies/logs-entropycut/mbpp/2026-09-21/vllm/dataset-mbpp.model-qwen3.5-9b.alpha4.0.steps100.blocks-1.prefetch-budget-20.rank-accept_first.cut-entropy4.0.samples20.maxnew1024.seed10086.subtreePrefetch.vllm.log,369,16,32,0.09249518876613806
/Users/jiangnanhugo/workspace/power-sharpening/Subtree-Prefetching-Power-Sharpening/case_studies/logs-entropycut/mbpp/2026-09-21/vllm/dataset-mbpp.model-qwen3.5-9b.alpha4.0.steps100.blocks-1.prefetch-budget-20.rank-accept_first.cut-entropy4.0.samples20.maxnew1024.seed10086.subtreePrefetch.vllm.log,369,17,10,0.05121244293738294
/Users/jiangnanhugo/workspace/power-sharpening/Subtree-Prefetching-Power-Sharpening/case_studies/logs-entropycut/mbpp/2026-09-21/vllm/dataset-mbpp.model-qwen3.5-9b.alpha4.0.steps100.blocks-1.prefetch-budget-20.rank-accept_first.cut-entropy4.0.samples20.maxnew1024.seed10086.subtreePrefetch.vllm.log,369,18,46,0.025778996209327894
/Users/jiangnanhugo/workspace/power-sharpening/Subtree-Prefetching-Power-Sharpening/case_studies/logs-entropycut/mbpp/2026-09-21/vllm/dataset-mbpp.model-qwen3.5-9b.alpha4.0.steps100.blocks-1.prefetch-budget-20.rank-accept_first.cut-entropy4.0.samples20.maxnew1024.seed10086.subtreePrefetch.vllm.log,369,19,2,0.09847022209054289
/Users/jiangnanhugo/workspace/power-sharpening/Subtree-Prefetching-Power-Sharpening/case_studies/logs-entropycut/mbpp/2026-09-21/vllm/dataset-mbpp.model-qwen3.5-9b.alpha4.0.steps100.blocks-1.prefetch-budget-20.rank-accept_first.cut-entropy4.0.samples20.maxnew1024.seed10086.subtreePrefetch.vllm.log,370,0,8,0.027212721011941325
/Users/jiangnanhugo/workspace/power-sharpening/Subtree-Prefetching-Power-Sharpening/case_studies/logs-entropycut/mbpp/2026-09-21/vllm/dataset-mbpp.model-qwen3.5-9b.alpha4.0.steps100.blocks-1.prefetch-budget-20.rank-accept_first.cut-entropy4.0.samples20.maxnew1024.seed10086.subtreePrefetch.vllm.log,370,1,329,0.0002707113577691867
/Users/jiangnanhugo/workspace/power-sharpening/Subtree-Prefetching-Power-Sharpening/case_studies/logs-entropycut/mbpp/2026-09-21/vllm/dataset-mbpp.model-qwen3.5-9b.alpha4.0.steps100.blocks-1.prefetch-budget-20.rank-accept_first.cut-entropy4.0.samples20.maxnew1024.seed10086.subtreePrefetch.vllm.log,370,2,53,0.2970495451322544
/Users/jiangnanhugo/workspace/power-sharpening/Subtree-Prefetching-Power-Sharpening/case_studies/logs-entropycut/mbpp/2026-09-21/vllm/dataset-mbpp.model-qwen3.5-9b.alpha4.0.steps100.blocks-1.prefetch-budget-20.rank-accept_first.cut-entropy4.0.samples20.maxnew1024.seed10086.subtreePrefetch.vllm.log,370,3,53,0.2970495451322544
/Users/jiangnanhugo/workspace/power-sharpening/Subtree-Prefetching-Power-Sharpening/case_studies/logs-entropycut/mbpp/2026-09-21/vllm/dataset-mbpp.model-qwen3.5-9b.alpha4.0.steps100.blocks-1.prefetch-budget-20.rank-accept_first.cut-entropy4.0.samples20.maxnew1024.seed10086.subtreePrefetch.vllm.log,370,4,32,0.09278154900935806
/Users/jiangnanhugo/workspace/power-sharpening/Subtree-Prefetching-Power-Sharpening/case_studies/logs-entropycut/mbpp/2026-09-21/vllm/dataset-mbpp.model-qwen3.5-9b.alpha4.0.steps100.blocks-1.prefetch-budget-20.rank-accept_first.cut-entropy4.0.samples20.maxnew1024.seed10086.subtreePrefetch.vllm.log,370,5,8,0.027212721011941325
/Users/jiangnanhugo/workspace/power-sharpening/Subtree-Prefetching-Power-Sharpening/case_studies/logs-entropycut/mbpp/2026-09-21/vllm/dataset-mbpp.model-qwen3.5-9b.alpha4.0.steps100.blocks-1.prefetch-budget-20.rank-accept_first.cut-entropy4.0.samples20.maxnew1024.seed10086.subtreePrefetch.vllm.log,370,6,2,0.09877508072290991
/Users/jiangnanhugo/workspace/power-sharpening/Subtree-Prefetching-Power-Sharpening/case_studies/logs-entropycut/mbpp/2026-09-21/vllm/dataset-mbpp.model-qwen3.5-9b.alpha4.0.steps100.blocks-1.prefetch-budget-20.rank-accept_first.cut-entropy4.0.samples20.maxnew1024.seed10086.subtreePrefetch.vllm.log,370,7,185,0.18599294047613074
/Users/jiangnanhugo/workspace/power-sharpening/Subtree-Prefetching-Power-Sharpening/case_studies/logs-entropycut/mbpp/2026-09-21/vllm/dataset-mbpp.model-qwen3.5-9b.alpha4.0.steps100.blocks-1.prefetch-budget-20.rank-accept_first.cut-entropy4.0.samples20.maxnew1024.seed10086.subtreePrefetch.vllm.log,370,8,38,0.009150239430181058
/Users/jiangnanhugo/workspace/power-sharpening/Subtree-Prefetching-Power-Sharpening/case_studies/logs-entropycut/mbpp/2026-09-21/vllm/dataset-mbpp.model-qwen3.5-9b.alpha4.0.steps100.blocks-1.prefetch-budget-20.rank-accept_first.cut-entropy4.0.samples20.maxnew1024.seed10086.subtreePrefetch.vllm.log,370,9,143,0.009642688448471888
/Users/jiangnanhugo/workspace/power-sharpening/Subtree-Prefetching-Power-Sharpening/case_studies/logs-entropycut/mbpp/2026-09-21/vllm/dataset-mbpp.model-qwen3.5-9b.alpha4.0.steps100.blocks-1.prefetch-budget-20.rank-accept_first.cut-entropy4.0.samples20.maxnew1024.seed10086.subtreePrefetch.vllm.log,370,10,66,0.006295369345872163
/Users/jiangnanhugo/workspace/power-sharpening/Subtree-Prefetching-Power-Sharpening/case_studies/logs-entropycut/mbpp/2026-09-21/vllm/dataset-mbpp.model-qwen3.5-9b.alpha4.0.steps100.blocks-1.prefetch-budget-20.rank-accept_first.cut-entropy4.0.samples20.maxnew1024.seed10086.subtreePrefetch.vllm.log,370,11,127,0.01298899705629359
/Users/jiangnanhugo/workspace/power-sharpening/Subtree-Prefetching-Power-Sharpening/case_studies/logs-entropycut/mbpp/2026-09-21/vllm/dataset-mbpp.model-qwen3.5-9b.alpha4.0.steps100.blocks-1.prefetch-budget-20.rank-accept_first.cut-entropy4.0.samples20.maxnew1024.seed10086.subtreePrefetch.vllm.log,370,12,38,0.009150239430181058
/Users/jiangnanhugo/workspace/power-sharpening/Subtree-Prefetching-Power-Sharpening/case_studies/logs-entropycut/mbpp/2026-09-21/vllm/dataset-mbpp.model-qwen3.5-9b.alpha4.0.steps100.blocks-1.prefetch-budget-20.rank-accept_first.cut-entropy4.0.samples20.maxnew1024.seed10086.subtreePrefetch.vllm.log,370,13,2,0.09877508072290991
/Users/jiangnanhugo/workspace/power-sharpening/Subtree-Prefetching-Power-Sharpening/case_studies/logs-entropycut/mbpp/2026-09-21/vllm/dataset-mbpp.model-qwen3.5-9b.alpha4.0.steps100.blocks-1.prefetch-budget-20.rank-accept_first.cut-entropy4.0.samples20.maxnew1024.seed10086.subtreePrefetch.vllm.log,370,14,185,0.18599294047613074
/Users/jiangnanhugo/workspace/power-sharpening/Subtree-Prefetching-Power-Sharpening/case_studies/logs-entropycut/mbpp/2026-09-21/vllm/dataset-mbpp.model-qwen3.5-9b.alpha4.0.steps100.blocks-1.prefetch-budget-20.rank-accept_first.cut-entropy4.0.samples20.maxnew1024.seed10086.subtreePrefetch.vllm.log,370,15,53,0.2970495451322544
/Users/jiangnanhugo/workspace/power-sharpening/Subtree-Prefetching-Power-Sharpening/case_studies/logs-entropycut/mbpp/2026-09-21/vllm/dataset-mbpp.model-qwen3.5-9b.alpha4.0.steps100.blocks-1.prefetch-budget-20.rank-accept_first.cut-entropy4.0.samples20.maxnew1024.seed10086.subtreePrefetch.vllm.log,370,16,8,0.027212721011941325
/Users/jiangnanhugo/workspace/power-sharpening/Subtree-Prefetching-Power-Sharpening/case_studies/logs-entropycut/mbpp/2026-09-21/vllm/dataset-mbpp.model-qwen3.5-9b.alpha4.0.steps100.blocks-1.prefetch-budget-20.rank-accept_first.cut-entropy4.0.samples20.maxnew1024.seed10086.subtreePrefetch.vllm.log,370,17,2,0.09877508072290991
/Users/jiangnanhugo/workspace/power-sharpening/Subtree-Prefetching-Power-Sharpening/case_studies/logs-entropycut/mbpp/2026-09-21/vllm/dataset-mbpp.model-qwen3.5-9b.alpha4.0.steps100.blocks-1.prefetch-budget-20.rank-accept_first.cut-entropy4.0.samples20.maxnew1024.seed10086.subtreePrefetch.vllm.log,370,18,185,0.18599294047613074
/Users/jiangnanhugo/workspace/power-sharpening/Subtree-Prefetching-Power-Sharpening/case_studies/logs-entropycut/mbpp/2026-09-21/vllm/dataset-mbpp.model-qwen3.5-9b.alpha4.0.steps100.blocks-1.prefetch-budget-20.rank-accept_first.cut-entropy4.0.samples20.maxnew1024.seed10086.subtreePrefetch.vllm.log,371,0,42,0.032964326148932244
/Users/jiangnanhugo/workspace/power-sharpening/Subtree-Prefetching-Power-Sharpening/case_studies/logs-entropycut/mbpp/2026-09-21/vllm/dataset-mbpp.model-qwen3.5-9b.alpha4.0.steps100.blocks-1.prefetch-budget-20.rank-accept_first.cut-entropy4.0.samples20.maxnew1024.seed10086.subtreePrefetch.vllm.log,371,1,86,0.07515115694736138
/Users/jiangnanhugo/workspace/power-sharpening/Subtree-Prefetching-Power-Sharpening/case_studies/logs-entropycut/mbpp/2026-09-21/vllm/dataset-mbpp.model-qwen3.5-9b.alpha4.0.steps100.blocks-1.prefetch-budget-20.rank-accept_first.cut-entropy4.0.samples20.maxnew1024.seed10086.subtreePrefetch.vllm.log,371,2,69,0.3046970716675638
/Users/jiangnanhugo/workspace/power-sharpening/Subtree-Prefetching-Power-Sharpening/case_studies/logs-entropycut/mbpp/2026-09-21/vllm/dataset-mbpp.model-qwen3.5-9b.alpha4.0.steps100.blocks-1.prefetch-budget-20.rank-accept_first.cut-entropy4.0.samples20.maxnew1024.seed10086.subtreePrefetch.vllm.log,371,3,36,0.10843872061859323
/Users/jiangnanhugo/workspace/power-sharpening/Subtree-Prefetching-Power-Sharpening/case_studies/logs-entropycut/mbpp/2026-09-21/vllm/dataset-mbpp.model-qwen3.5-9b.alpha4.0.steps100.blocks-1.prefetch-budget-20.rank-accept_first.cut-entropy4.0.samples20.maxnew1024.seed10086.subtreePrefetch.vllm.log,371,4,36,0.10843872061859323
/Users/jiangnanhugo/workspace/power-sharpening/Subtree-Prefetching-Power-Sharpening/case_studies/logs-entropycut/mbpp/2026-09-21/vllm/dataset-mbpp.model-qwen3.5-9b.alpha4.0.steps100.blocks-1.prefetch-budget-20.rank-accept_first.cut-entropy4.0.samples20.maxnew1024.seed10086.subtreePrefetch.vllm.log,371,5,29,0.08233366987316752
/Users/jiangnanhugo/workspace/power-sharpening/Subtree-Prefetching-Power-Sharpening/case_studies/logs-entropycut/mbpp/2026-09-21/vllm/dataset-mbpp.model-qwen3.5-9b.alpha4.0.steps100.blocks-1.prefetch-budget-20.rank-accept_first.cut-entropy4.0.samples20.maxnew1024.seed10086.subtreePrefetch.vllm.log,371,6,69,0.3046970716675638
/Users/jiangnanhugo/workspace/power-sharpening/Subtree-Prefetching-Power-Sharpening/case_studies/logs-entropycut/mbpp/2026-09-21/vllm/dataset-mbpp.model-qwen3.5-9b.alpha4.0.steps100.blocks-1.prefetch-budget-20.rank-accept_first.cut-entropy4.0.samples20.maxnew1024.seed10086.subtreePrefetch.vllm.log,371,7,34,0.15706841782457356
/Users/jiangnanhugo/workspace/power-sharpening/Subtree-Prefetching-Power-Sharpening/case_studies/logs-entropycut/mbpp/2026-09-21/vllm/dataset-mbpp.model-qwen3.5-9b.alpha4.0.steps100.blocks-1.prefetch-budget-20.rank-accept_first.cut-entropy4.0.samples20.maxnew1024.seed10086.subtreePrefetch.vllm.log,371,8,69,0.3046970716675638
/Users/jiangnanhugo/workspace/power-sharpening/Subtree-Prefetching-Power-Sharpening/case_studies/logs-entropycut/mbpp/2026-09-21/vllm/dataset-mbpp.model-qwen3.5-9b.alpha4.0.steps100.blocks-1.prefetch-budget-20.rank-accept_first.cut-entropy4.0.samples20.maxnew1024.seed10086.subtreePrefetch.vllm.log,371,9,36,0.10843872061859323
/Users/jiangnanhugo/workspace/power-sharpening/Subtree-Prefetching-Power-Sharpening/case_studies/logs-entropycut/mbpp/2026-09-21/vllm/dataset-mbpp.model-qwen3.5-9b.alpha4.0.steps100.blocks-1.prefetch-budget-20.rank-accept_first.cut-entropy4.0.samples20.maxnew1024.seed10086.subtreePrefetch.vllm.log,371,10,34,0.15706841782457356
/Users/jiangnanhugo/workspace/power-sharpening/Subtree-Prefetching-Power-Sharpening/case_studies/logs-entropycut/mbpp/2026-09-21/vllm/dataset-mbpp.model-qwen3.5-9b.alpha4.0.steps100.blocks-1.prefetch-budget-20.rank-accept_first.cut-entropy4.0.samples20.maxnew1024.seed10086.subtreePrefetch.vllm.log,371,11,34,0.15706841782457356
/Users/jiangnanhugo/workspace/power-sharpening/Subtree-Prefetching-Power-Sharpening/case_studies/logs-entropycut/mbpp/2026-09-21/vllm/dataset-mbpp.model-qwen3.5-9b.alpha4.0.steps100.blocks-1.prefetch-budget-20.rank-accept_first.cut-entropy4.0.samples20.maxnew1024.seed10086.subtreePrefetch.vllm.log,371,12,69,0.3046970716675638
/Users/jiangnanhugo/workspace/power-sharpening/Subtree-Prefetching-Power-Sharpening/case_studies/logs-entropycut/mbpp/2026-09-21/vllm/dataset-mbpp.model-qwen3.5-9b.alpha4.0.steps100.blocks-1.prefetch-budget-20.rank-accept_first.cut-entropy4.0.samples20.maxnew1024.seed10086.subtreePrefetch.vllm.log,371,13,69,0.3046970716675638
/Users/jiangnanhugo/workspace/power-sharpening/Subtree-Prefetching-Power-Sharpening/case_studies/logs-entropycut/mbpp/2026-09-21/vllm/dataset-mbpp.model-qwen3.5-9b.alpha4.0.steps100.blocks-1.prefetch-budget-20.rank-accept_first.cut-entropy4.0.samples20.maxnew1024.seed10086.subtreePrefetch.vllm.log,371,14,69,0.3046970716675638
/Users/jiangnanhugo/workspace/power-sharpening/Subtree-Prefetching-Power-Sharpening/case_studies/logs-entropycut/mbpp/2026-09-21/vllm/dataset-mbpp.model-qwen3.5-9b.alpha4.0.steps100.blocks-1.prefetch-budget-20.rank-accept_first.cut-entropy4.0.samples20.maxnew1024.seed10086.subtreePrefetch.vllm.log,371,15,34,0.15706841782457356
/Users/jiangnanhugo/workspace/power-sharpening/Subtree-Prefetching-Power-Sharpening/case_studies/logs-entropycut/mbpp/2026-09-21/vllm/dataset-mbpp.model-qwen3.5-9b.alpha4.0.steps100.blocks-1.prefetch-budget-20.rank-accept_first.cut-entropy4.0.samples20.maxnew1024.seed10086.subtreePrefetch.vllm.log,371,16,69,0.3046970716675638
/Users/jiangnanhugo/workspace/power-sharpening/Subtree-Prefetching-Power-Sharpening/case_studies/logs-entropycut/mbpp/2026-09-21/vllm/dataset-mbpp.model-qwen3.5-9b.alpha4.0.steps100.blocks-1.prefetch-budget-20.rank-accept_first.cut-entropy4.0.samples20.maxnew1024.seed10086.subtreePrefetch.vllm.log,371,17,36,0.10843872061859323
/Users/jiangnanhugo/workspace/power-sharpening/Subtree-Prefetching-Power-Sharpening/case_studies/logs-entropycut/mbpp/2026-09-21/vllm/dataset-mbpp.model-qwen3.5-9b.alpha4.0.steps100.blocks-1.prefetch-budget-20.rank-accept_first.cut-entropy4.0.samples20.maxnew1024.seed10086.subtreePrefetch.vllm.log,371,18,29,0.08233366987316752
/Users/jiangnanhugo/workspace/power-sharpening/Subtree-Prefetching-Power-Sharpening/case_studies/logs-entropycut/mbpp/2026-09-21/vllm/dataset-mbpp.model-qwen3.5-9b.alpha4.0.steps100.blocks-1.prefetch-budget-20.rank-accept_first.cut-entropy4.0.samples20.maxnew1024.seed10086.subtreePrefetch.vllm.log,371,19,34,0.15706841782457356
/Users/jiangnanhugo/workspace/power-sharpening/Subtree-Prefetching-Power-Sharpening/case_studies/logs-entropycut/mbpp/2026-09-21/vllm/dataset-mbpp.model-qwen3.5-9b.alpha4.0.steps100.blocks-1.prefetch-budget-20.rank-accept_first.cut-entropy4.0.samples20.maxnew1024.seed10086.subtreePrefetch.vllm.log,372,0,36,0.10102202652836567
/Users/jiangnanhugo/workspace/power-sharpening/Subtree-Prefetching-Power-Sharpening/case_studies/logs-entropycut/mbpp/2026-09-21/vllm/dataset-mbpp.model-qwen3.5-9b.alpha4.0.steps100.blocks-1.prefetch-budget-20.rank-accept_first.cut-entropy4.0.samples20.maxnew1024.seed10086.subtreePrefetch.vllm.log,372,1,355,0.0005795208074475144
/Users/jiangnanhugo/workspace/power-sharpening/Subtree-Prefetching-Power-Sharpening/case_studies/logs-entropycut/mbpp/2026-09-21/vllm/dataset-mbpp.model-qwen3.5-9b.alpha4.0.steps100.blocks-1.prefetch-budget-20.rank-accept_first.cut-entropy4.0.samples20.maxnew1024.seed10086.subtreePrefetch.vllm.log,372,2,34,0.14632568312984898
/Users/jiangnanhugo/workspace/power-sharpening/Subtree-Prefetching-Power-Sharpening/case_studies/logs-entropycut/mbpp/2026-09-21/vllm/dataset-mbpp.model-qwen3.5-9b.alpha4.0.steps100.blocks-1.prefetch-budget-20.rank-accept_first.cut-entropy4.0.samples20.maxnew1024.seed10086.subtreePrefetch.vllm.log,372,3,69,0.285062117274336
/Users/jiangnanhugo/workspace/power-sharpening/Subtree-Prefetching-Power-Sharpening/case_studies/logs-entropycut/mbpp/2026-09-21/vllm/dataset-mbpp.model-qwen3.5-9b.alpha4.0.steps100.blocks-1.prefetch-budget-20.rank-accept_first.cut-entropy4.0.samples20.maxnew1024.seed10086.subtreePrefetch.vllm.log,372,4,69,0.285062117274336
/Users/jiangnanhugo/workspace/power-sharpening/Subtree-Prefetching-Power-Sharpening/case_studies/logs-entropycut/mbpp/2026-09-21/vllm/dataset-mbpp.model-qwen3.5-9b.alpha4.0.steps100.blocks-1.prefetch-budget-20.rank-accept_first.cut-entropy4.0.samples20.maxnew1024.seed10086.subtreePrefetch.vllm.log,372,5,69,0.285062117274336
/Users/jiangnanhugo/workspace/power-sharpening/Subtree-Prefetching-Power-Sharpening/case_studies/logs-entropycut/mbpp/2026-09-21/vllm/dataset-mbpp.model-qwen3.5-9b.alpha4.0.steps100.blocks-1.prefetch-budget-20.rank-accept_first.cut-entropy4.0.samples20.maxnew1024.seed10086.subtreePrefetch.vllm.log,372,6,69,0.285062117274336
/Users/jiangnanhugo/workspace/power-sharpening/Subtree-Prefetching-Power-Sharpening/case_studies/logs-entropycut/mbpp/2026-09-21/vllm/dataset-mbpp.model-qwen3.5-9b.alpha4.0.steps100.blocks-1.prefetch-budget-20.rank-accept_first.cut-entropy4.0.samples20.maxnew1024.seed10086.subtreePrefetch.vllm.log,372,7,69,0.285062117274336
/Users/jiangnanhugo/workspace/power-sharpening/Subtree-Prefetching-Power-Sharpening/case_studies/logs-entropycut/mbpp/2026-09-21/vllm/dataset-mbpp.model-qwen3.5-9b.alpha4.0.steps100.blocks-1.prefetch-budget-20.rank-accept_first.cut-entropy4.0.samples20.maxnew1024.seed10086.subtreePrefetch.vllm.log,372,8,42,0.030709722613014103
/Users/jiangnanhugo/workspace/power-sharpening/Subtree-Prefetching-Power-Sharpening/case_studies/logs-entropycut/mbpp/2026-09-21/vllm/dataset-mbpp.model-qwen3.5-9b.alpha4.0.steps100.blocks-1.prefetch-budget-20.rank-accept_first.cut-entropy4.0.samples20.maxnew1024.seed10086.subtreePrefetch.vllm.log,372,9,29,0.0767024374195603
/Users/jiangnanhugo/workspace/power-sharpening/Subtree-Prefetching-Power-Sharpening/case_studies/logs-entropycut/mbpp/2026-09-21/vllm/dataset-mbpp.model-qwen3.5-9b.alpha4.0.steps100.blocks-1.prefetch-budget-20.rank-accept_first.cut-entropy4.0.samples20.maxnew1024.seed10086.subtreePrefetch.vllm.log,372,10,36,0.10102202652836567
/Users/jiangnanhugo/workspace/power-sharpening/Subtree-Prefetching-Power-Sharpening/case_studies/logs-entropycut/mbpp/2026-09-21/vllm/dataset-mbpp.model-qwen3.5-9b.alpha4.0.steps100.blocks-1.prefetch-budget-20.rank-accept_first.cut-entropy4.0.samples20.maxnew1024.seed10086.subtreePrefetch.vllm.log,372,11,47,0.02529055725834696
/Users/jiangnanhugo/workspace/power-sharpening/Subtree-Prefetching-Power-Sharpening/case_studies/logs-entropycut/mbpp/2026-09-21/vllm/dataset-mbpp.model-qwen3.5-9b.alpha4.0.steps100.blocks-1.prefetch-budget-20.rank-accept_first.cut-entropy4.0.samples20.maxnew1024.seed10086.subtreePrefetch.vllm.log,372,12,69,0.285062117274336
/Users/jiangnanhugo/workspace/power-sharpening/Subtree-Prefetching-Power-Sharpening/case_studies/logs-entropycut/mbpp/2026-09-21/vllm/dataset-mbpp.model-qwen3.5-9b.alpha4.0.steps100.blocks-1.prefetch-budget-20.rank-accept_first.cut-entropy4.0.samples20.maxnew1024.seed10086.subtreePrefetch.vllm.log,372,13,69,0.285062117274336
/Users/jiangnanhugo/workspace/power-sharpening/Subtree-Prefetching-Power-Sharpening/case_studies/logs-entropycut/mbpp/2026-09-21/vllm/dataset-mbpp.model-qwen3.5-9b.alpha4.0.steps100.blocks-1.prefetch-budget-20.rank-accept_first.cut-entropy4.0.samples20.maxnew1024.seed10086.subtreePrefetch.vllm.log,372,14,2,0.011111801843072602
/Users/jiangnanhugo/workspace/power-sharpening/Subtree-Prefetching-Power-Sharpening/case_studies/logs-entropycut/mbpp/2026-09-21/vllm/dataset-mbpp.model-qwen3.5-9b.alpha4.0.steps100.blocks-1.prefetch-budget-20.rank-accept_first.cut-entropy4.0.samples20.maxnew1024.seed10086.subtreePrefetch.vllm.log,372,15,2,0.011111801843072602
/Users/jiangnanhugo/workspace/power-sharpening/Subtree-Prefetching-Power-Sharpening/case_studies/logs-entropycut/mbpp/2026-09-21/vllm/dataset-mbpp.model-qwen3.5-9b.alpha4.0.steps100.blocks-1.prefetch-budget-20.rank-accept_first.cut-entropy4.0.samples20.maxnew1024.seed10086.subtreePrefetch.vllm.log,372,16,34,0.14632568312984898
/Users/jiangnanhugo/workspace/power-sharpening/Subtree-Prefetching-Power-Sharpening/case_studies/logs-entropycut/mbpp/2026-09-21/vllm/dataset-mbpp.model-qwen3.5-9b.alpha4.0.steps100.blocks-1.prefetch-budget-20.rank-accept_first.cut-entropy4.0.samples20.maxnew1024.seed10086.subtreePrefetch.vllm.log,372,17,34,0.14632568312984898
/Users/jiangnanhugo/workspace/power-sharpening/Subtree-Prefetching-Power-Sharpening/case_studies/logs-entropycut/mbpp/2026-09-21/vllm/dataset-mbpp.model-qwen3.5-9b.alpha4.0.steps100.blocks-1.prefetch-budget-20.rank-accept_first.cut-entropy4.0.samples20.maxnew1024.seed10086.subtreePrefetch.vllm.log,372,18,34,0.14632568312984898
/Users/jiangnanhugo/workspace/power-sharpening/Subtree-Prefetching-Power-Sharpening/case_studies/logs-entropycut/mbpp/2026-09-21/vllm/dataset-mbpp.model-qwen3.5-9b.alpha4.0.steps100.blocks-1.prefetch-budget-20.rank-accept_first.cut-entropy4.0.samples20.maxnew1024.seed10086.subtreePrefetch.vllm.log,372,19,69,0.285062117274336
/Users/jiangnanhugo/workspace/power-sharpening/Subtree-Prefetching-Power-Sharpening/case_studies/logs-entropycut/mbpp/2026-09-21/vllm/dataset-mbpp.model-qwen3.5-9b.alpha4.0.steps100.blocks-1.prefetch-budget-20.rank-accept_first.cut-entropy4.0.samples20.maxnew1024.seed10086.subtreePrefetch.vllm.log,373,0,34,0.1463256831286887
/Users/jiangnanhugo/workspace/power-sharpening/Subtree-Prefetching-Power-Sharpening/case_studies/logs-entropycut/mbpp/2026-09-21/vllm/dataset-mbpp.model-qwen3.5-9b.alpha4.0.steps100.blocks-1.prefetch-budget-20.rank-accept_first.cut-entropy4.0.samples20.maxnew1024.seed10086.subtreePrefetch.vllm.log,373,1,69,0.28506211727207564
/Users/jiangnanhugo/workspace/power-sharpening/Subtree-Prefetching-Power-Sharpening/case_studies/logs-entropycut/mbpp/2026-09-21/vllm/dataset-mbpp.model-qwen3.5-9b.alpha4.0.steps100.blocks-1.prefetch-budget-20.rank-accept_first.cut-entropy4.0.samples20.maxnew1024.seed10086.subtreePrefetch.vllm.log,373,2,34,0.1463256831286887
/Users/jiangnanhugo/workspace/power-sharpening/Subtree-Prefetching-Power-Sharpening/case_studies/logs-entropycut/mbpp/2026-09-21/vllm/dataset-mbpp.model-qwen3.5-9b.alpha4.0.steps100.blocks-1.prefetch-budget-20.rank-accept_first.cut-entropy4.0.samples20.maxnew1024.seed10086.subtreePrefetch.vllm.log,373,3,69,0.28506211727207564
/Users/jiangnanhugo/workspace/power-sharpening/Subtree-Prefetching-Power-Sharpening/case_studies/logs-entropycut/mbpp/2026-09-21/vllm/dataset-mbpp.model-qwen3.5-9b.alpha4.0.steps100.blocks-1.prefetch-budget-20.rank-accept_first.cut-entropy4.0.samples20.maxnew1024.seed10086.subtreePrefetch.vllm.log,373,4,69,0.28506211727207564
/Users/jiangnanhugo/workspace/power-sharpening/Subtree-Prefetching-Power-Sharpening/case_studies/logs-entropycut/mbpp/2026-09-21/vllm/dataset-mbpp.model-qwen3.5-9b.alpha4.0.steps100.blocks-1.prefetch-budget-20.rank-accept_first.cut-entropy4.0.samples20.maxnew1024.seed10086.subtreePrefetch.vllm.log,373,5,69,0.28506211727207564
/Users/jiangnanhugo/workspace/power-sharpening/Subtree-Prefetching-Power-Sharpening/case_studies/logs-entropycut/mbpp/2026-09-21/vllm/dataset-mbpp.model-qwen3.5-9b.alpha4.0.steps100.blocks-1.prefetch-budget-20.rank-accept_first.cut-entropy4.0.samples20.maxnew1024.seed10086.subtreePrefetch.vllm.log,373,6,34,0.1463256831286887
/Users/jiangnanhugo/workspace/power-sharpening/Subtree-Prefetching-Power-Sharpening/case_studies/logs-entropycut/mbpp/2026-09-21/vllm/dataset-mbpp.model-qwen3.5-9b.alpha4.0.steps100.blocks-1.prefetch-budget-20.rank-accept_first.cut-entropy4.0.samples20.maxnew1024.seed10086.subtreePrefetch.vllm.log,373,7,29,0.0767024374189521
/Users/jiangnanhugo/workspace/power-sharpening/Subtree-Prefetching-Power-Sharpening/case_studies/logs-entropycut/mbpp/2026-09-21/vllm/dataset-mbpp.model-qwen3.5-9b.alpha4.0.steps100.blocks-1.prefetch-budget-20.rank-accept_first.cut-entropy4.0.samples20.maxnew1024.seed10086.subtreePrefetch.vllm.log,373,8,36,0.10102202652756463
/Users/jiangnanhugo/workspace/power-sharpening/Subtree-Prefetching-Power-Sharpening/case_studies/logs-entropycut/mbpp/2026-09-21/vllm/dataset-mbpp.model-qwen3.5-9b.alpha4.0.steps100.blocks-1.prefetch-budget-20.rank-accept_first.cut-entropy4.0.samples20.maxnew1024.seed10086.subtreePrefetch.vllm.log,373,9,34,0.1463256831286887
/Users/jiangnanhugo/workspace/power-sharpening/Subtree-Prefetching-Power-Sharpening/case_studies/logs-entropycut/mbpp/2026-09-21/vllm/dataset-mbpp.model-qwen3.5-9b.alpha4.0.steps100.blocks-1.prefetch-budget-20.rank-accept_first.cut-entropy4.0.samples20.maxnew1024.seed10086.subtreePrefetch.vllm.log,373,10,36,0.10102202652756463
/Users/jiangnanhugo/workspace/power-sharpening/Subtree-Prefetching-Power-Sharpening/case_studies/logs-entropycut/mbpp/2026-09-21/vllm/dataset-mbpp.model-qwen3.5-9b.alpha4.0.steps100.blocks-1.prefetch-budget-20.rank-accept_first.cut-entropy4.0.samples20.maxnew1024.seed10086.subtreePrefetch.vllm.log,373,11,69,0.28506211727207564
/Users/jiangnanhugo/workspace/power-sharpening/Subtree-Prefetching-Power-Sharpening/case_studies/logs-entropycut/mbpp/2026-09-21/vllm/dataset-mbpp.model-qwen3.5-9b.alpha4.0.steps100.blocks-1.prefetch-budget-20.rank-accept_first.cut-entropy4.0.samples20.maxnew1024.seed10086.subtreePrefetch.vllm.log,373,12,73,0.12168840970080522
/Users/jiangnanhugo/workspace/power-sharpening/Subtree-Prefetching-Power-Sharpening/case_studies/logs-entropycut/mbpp/2026-09-21/vllm/dataset-mbpp.model-qwen3.5-9b.alpha4.0.steps100.blocks-1.prefetch-budget-20.rank-accept_first.cut-entropy4.0.samples20.maxnew1024.seed10086.subtreePrefetch.vllm.log,373,13,29,0.0767024374189521
/Users/jiangnanhugo/workspace/power-sharpening/Subtree-Prefetching-Power-Sharpening/case_studies/logs-entropycut/mbpp/2026-09-21/vllm/dataset-mbpp.model-qwen3.5-9b.alpha4.0.steps100.blocks-1.prefetch-budget-20.rank-accept_first.cut-entropy4.0.samples20.maxnew1024.seed10086.subtreePrefetch.vllm.log,373,14,29,0.0767024374189521
/Users/jiangnanhugo/workspace/power-sharpening/Subtree-Prefetching-Power-Sharpening/case_studies/logs-entropycut/mbpp/2026-09-21/vllm/dataset-mbpp.model-qwen3.5-9b.alpha4.0.steps100.blocks-1.prefetch-budget-20.rank-accept_first.cut-entropy4.0.samples20.maxnew1024.seed10086.subtreePrefetch.vllm.log,373,15,69,0.28506211727207564
/Users/jiangnanhugo/workspace/power-sharpening/Subtree-Prefetching-Power-Sharpening/case_studies/logs-entropycut/mbpp/2026-09-21/vllm/dataset-mbpp.model-qwen3.5-9b.alpha4.0.steps100.blocks-1.prefetch-budget-20.rank-accept_first.cut-entropy4.0.samples20.maxnew1024.seed10086.subtreePrefetch.vllm.log,373,16,29,0.0767024374189521
/Users/jiangnanhugo/workspace/power-sharpening/Subtree-Prefetching-Power-Sharpening/case_studies/logs-entropycut/mbpp/2026-09-21/vllm/dataset-mbpp.model-qwen3.5-9b.alpha4.0.steps100.blocks-1.prefetch-budget-20.rank-accept_first.cut-entropy4.0.samples20.maxnew1024.seed10086.subtreePrefetch.vllm.log,373,17,34,0.1463256831286887
/Users/jiangnanhugo/workspace/power-sharpening/Subtree-Prefetching-Power-Sharpening/case_studies/logs-entropycut/mbpp/2026-09-21/vllm/dataset-mbpp.model-qwen3.5-9b.alpha4.0.steps100.blocks-1.prefetch-budget-20.rank-accept_first.cut-entropy4.0.samples20.maxnew1024.seed10086.subtreePrefetch.vllm.log,373,18,69,0.28506211727207564
/Users/jiangnanhugo/workspace/power-sharpening/Subtree-Prefetching-Power-Sharpening/case_studies/logs-entropycut/mbpp/2026-09-21/vllm/dataset-mbpp.model-qwen3.5-9b.alpha4.0.steps100.blocks-1.prefetch-budget-20.rank-accept_first.cut-entropy4.0.samples20.maxnew1024.seed10086.subtreePrefetch.vllm.log,373,19,69,0.28506211727207564
/Users/jiangnanhugo/workspace/power-sharpening/Subtree-Prefetching-Power-Sharpening/case_studies/logs-entropycut/mbpp/2026-09-21/vllm/dataset-mbpp.model-qwen3.5-9b.alpha4.0.steps100.blocks-1.prefetch-budget-20.rank-accept_first.cut-entropy4.0.samples20.maxnew1024.seed10086.subtreePrefetch.vllm.log,374,0,69,0.28506211727421416
/Users/jiangnanhugo/workspace/power-sharpening/Subtree-Prefetching-Power-Sharpening/case_studies/logs-entropycut/mbpp/2026-09-21/vllm/dataset-mbpp.model-qwen3.5-9b.alpha4.0.steps100.blocks-1.prefetch-budget-20.rank-accept_first.cut-entropy4.0.samples20.maxnew1024.seed10086.subtreePrefetch.vllm.log,374,1,69,0.28506211727421416
/Users/jiangnanhugo/workspace/power-sharpening/Subtree-Prefetching-Power-Sharpening/case_studies/logs-entropycut/mbpp/2026-09-21/vllm/dataset-mbpp.model-qwen3.5-9b.alpha4.0.steps100.blocks-1.prefetch-budget-20.rank-accept_first.cut-entropy4.0.samples20.maxnew1024.seed10086.subtreePrefetch.vllm.log,374,2,29,0.07670243741952751
/Users/jiangnanhugo/workspace/power-sharpening/Subtree-Prefetching-Power-Sharpening/case_studies/logs-entropycut/mbpp/2026-09-21/vllm/dataset-mbpp.model-qwen3.5-9b.alpha4.0.steps100.blocks-1.prefetch-budget-20.rank-accept_first.cut-entropy4.0.samples20.maxnew1024.seed10086.subtreePrefetch.vllm.log,374,3,86,0.13870800914993422
/Users/jiangnanhugo/workspace/power-sharpening/Subtree-Prefetching-Power-Sharpening/case_studies/logs-entropycut/mbpp/2026-09-21/vllm/dataset-mbpp.model-qwen3.5-9b.alpha4.0.steps100.blocks-1.prefetch-budget-20.rank-accept_first.cut-entropy4.0.samples20.maxnew1024.seed10086.subtreePrefetch.vllm.log,374,4,69,0.28506211727421416
/Users/jiangnanhugo/workspace/power-sharpening/Subtree-Prefetching-Power-Sharpening/case_studies/logs-entropycut/mbpp/2026-09-21/vllm/dataset-mbpp.model-qwen3.5-9b.alpha4.0.steps100.blocks-1.prefetch-budget-20.rank-accept_first.cut-entropy4.0.samples20.maxnew1024.seed10086.subtreePrefetch.vllm.log,374,5,69,0.28506211727421416
/Users/jiangnanhugo/workspace/power-sharpening/Subtree-Prefetching-Power-Sharpening/case_studies/logs-entropycut/mbpp/2026-09-21/vllm/dataset-mbpp.model-qwen3.5-9b.alpha4.0.steps100.blocks-1.prefetch-budget-20.rank-accept_first.cut-entropy4.0.samples20.maxnew1024.seed10086.subtreePrefetch.vllm.log,374,6,34,0.14632568312978644
/Users/jiangnanhugo/workspace/power-sharpening/Subtree-Prefetching-Power-Sharpening/case_studies/logs-entropycut/mbpp/2026-09-21/vllm/dataset-mbpp.model-qwen3.5-9b.alpha4.0.steps100.blocks-1.prefetch-budget-20.rank-accept_first.cut-entropy4.0.samples20.maxnew1024.seed10086.subtreePrefetch.vllm.log,374,7,34,0.14632568312978644
/Users/jiangnanhugo/workspace/power-sharpening/Subtree-Prefetching-Power-Sharpening/case_studies/logs-entropycut/mbpp/2026-09-21/vllm/dataset-mbpp.model-qwen3.5-9b.alpha4.0.steps100.blocks-1.prefetch-budget-20.rank-accept_first.cut-entropy4.0.samples20.maxnew1024.seed10086.subtreePrefetch.vllm.log,374,8,34,0.14632568312978644
/Users/jiangnanhugo/workspace/power-sharpening/Subtree-Prefetching-Power-Sharpening/case_studies/logs-entropycut/mbpp/2026-09-21/vllm/dataset-mbpp.model-qwen3.5-9b.alpha4.0.steps100.blocks-1.prefetch-budget-20.rank-accept_first.cut-entropy4.0.samples20.maxnew1024.seed10086.subtreePrefetch.vllm.log,374,9,34,0.14632568312978644
/Users/jiangnanhugo/workspace/power-sharpening/Subtree-Prefetching-Power-Sharpening/case_studies/logs-entropycut/mbpp/2026-09-21/vllm/dataset-mbpp.model-qwen3.5-9b.alpha4.0.steps100.blocks-1.prefetch-budget-20.rank-accept_first.cut-entropy4.0.samples20.maxnew1024.seed10086.subtreePrefetch.vllm.log,374,10,29,0.07670243741952751
/Users/jiangnanhugo/workspace/power-sharpening/Subtree-Prefetching-Power-Sharpening/case_studies/logs-entropycut/mbpp/2026-09-21/vllm/dataset-mbpp.model-qwen3.5-9b.alpha4.0.steps100.blocks-1.prefetch-budget-20.rank-accept_first.cut-entropy4.0.samples20.maxnew1024.seed10086.subtreePrefetch.vllm.log,374,11,69,0.28506211727421416
/Users/jiangnanhugo/workspace/power-sharpening/Subtree-Prefetching-Power-Sharpening/case_studies/logs-entropycut/mbpp/2026-09-21/vllm/dataset-mbpp.model-qwen3.5-9b.alpha4.0.steps100.blocks-1.prefetch-budget-20.rank-accept_first.cut-entropy4.0.samples20.maxnew1024.seed10086.subtreePrefetch.vllm.log,374,12,29,0.07670243741952751
/Users/jiangnanhugo/workspace/power-sharpening/Subtree-Prefetching-Power-Sharpening/case_studies/logs-entropycut/mbpp/2026-09-21/vllm/dataset-mbpp.model-qwen3.5-9b.alpha4.0.steps100.blocks-1.prefetch-budget-20.rank-accept_first.cut-entropy4.0.samples20.maxnew1024.seed10086.subtreePrefetch.vllm.log,374,13,69,0.28506211727421416
/Users/jiangnanhugo/workspace/power-sharpening/Subtree-Prefetching-Power-Sharpening/case_studies/logs-entropycut/mbpp/2026-09-21/vllm/dataset-mbpp.model-qwen3.5-9b.alpha4.0.steps100.blocks-1.prefetch-budget-20.rank-accept_first.cut-entropy4.0.samples20.maxnew1024.seed10086.subtreePrefetch.vllm.log,374,14,69,0.28506211727421416
/Users/jiangnanhugo/workspace/power-sharpening/Subtree-Prefetching-Power-Sharpening/case_studies/logs-entropycut/mbpp/2026-09-21/vllm/dataset-mbpp.model-qwen3.5-9b.alpha4.0.steps100.blocks-1.prefetch-budget-20.rank-accept_first.cut-entropy4.0.samples20.maxnew1024.seed10086.subtreePrefetch.vllm.log,374,15,34,0.14632568312978644
/Users/jiangnanhugo/workspace/power-sharpening/Subtree-Prefetching-Power-Sharpening/case_studies/logs-entropycut/mbpp/2026-09-21/vllm/dataset-mbpp.model-qwen3.5-9b.alpha4.0.steps100.blocks-1.prefetch-budget-20.rank-accept_first.cut-entropy4.0.samples20.maxnew1024.seed10086.subtreePrefetch.vllm.log,374,16,29,0.07670243741952751
/Users/jiangnanhugo/workspace/power-sharpening/Subtree-Prefetching-Power-Sharpening/case_studies/logs-entropycut/mbpp/2026-09-21/vllm/dataset-mbpp.model-qwen3.5-9b.alpha4.0.steps100.blocks-1.prefetch-budget-20.rank-accept_first.cut-entropy4.0.samples20.maxnew1024.seed10086.subtreePrefetch.vllm.log,374,17,29,0.07670243741952751
/Users/jiangnanhugo/workspace/power-sharpening/Subtree-Prefetching-Power-Sharpening/case_studies/logs-entropycut/mbpp/2026-09-21/vllm/dataset-mbpp.model-qwen3.5-9b.alpha4.0.steps100.blocks-1.prefetch-budget-20.rank-accept_first.cut-entropy4.0.samples20.maxnew1024.seed10086.subtreePrefetch.vllm.log,374,18,69,0.28506211727421416
/Users/jiangnanhugo/workspace/power-sharpening/Subtree-Prefetching-Power-Sharpening/case_studies/logs-entropycut/mbpp/2026-09-21/vllm/dataset-mbpp.model-qwen3.5-9b.alpha4.0.steps100.blocks-1.prefetch-budget-20.rank-accept_first.cut-entropy4.0.samples20.maxnew1024.seed10086.subtreePrefetch.vllm.log,374,19,29,0.07670243741952751
/Users/jiangnanhugo/workspace/power-sharpening/Subtree-Prefetching-Power-Sharpening/case_studies/logs-entropycut/mbpp/2026-09-21/vllm/dataset-mbpp.model-qwen3.5-9b.alpha4.0.steps100.blocks-1.prefetch-budget-20.rank-accept_first.cut-entropy4.0.samples20.maxnew1024.seed10086.subtreePrefetch.vllm.log,375,0,34,0.14632568312984898
/Users/jiangnanhugo/workspace/power-sharpening/Subtree-Prefetching-Power-Sharpening/case_studies/logs-entropycut/mbpp/2026-09-21/vllm/dataset-mbpp.model-qwen3.5-9b.alpha4.0.steps100.blocks-1.prefetch-budget-20.rank-accept_first.cut-entropy4.0.samples20.maxnew1024.seed10086.subtreePrefetch.vllm.log,375,1,69,0.285062117274336
/Users/jiangnanhugo/workspace/power-sharpening/Subtree-Prefetching-Power-Sharpening/case_studies/logs-entropycut/mbpp/2026-09-21/vllm/dataset-mbpp.model-qwen3.5-9b.alpha4.0.steps100.blocks-1.prefetch-budget-20.rank-accept_first.cut-entropy4.0.samples20.maxnew1024.seed10086.subtreePrefetch.vllm.log,375,2,86,0.13870800914999354
/Users/jiangnanhugo/workspace/power-sharpening/Subtree-Prefetching-Power-Sharpening/case_studies/logs-entropycut/mbpp/2026-09-21/vllm/dataset-mbpp.model-qwen3.5-9b.alpha4.0.steps100.blocks-1.prefetch-budget-20.rank-accept_first.cut-entropy4.0.samples20.maxnew1024.seed10086.subtreePrefetch.vllm.log,375,3,34,0.14632568312984898
/Users/jiangnanhugo/workspace/power-sharpening/Subtree-Prefetching-Power-Sharpening/case_studies/logs-entropycut/mbpp/2026-09-21/vllm/dataset-mbpp.model-qwen3.5-9b.alpha4.0.steps100.blocks-1.prefetch-budget-20.rank-accept_first.cut-entropy4.0.samples20.maxnew1024.seed10086.subtreePrefetch.vllm.log,375,4,36,0.10102202652836567
/Users/jiangnanhugo/workspace/power-sharpening/Subtree-Prefetching-Power-Sharpening/case_studies/logs-entropycut/mbpp/2026-09-21/vllm/dataset-mbpp.model-qwen3.5-9b.alpha4.0.steps100.blocks-1.prefetch-budget-20.rank-accept_first.cut-entropy4.0.samples20.maxnew1024.seed10086.subtreePrefetch.vllm.log,375,5,34,0.14632568312984898
/Users/jiangnanhugo/workspace/power-sharpening/Subtree-Prefetching-Power-Sharpening/case_studies/logs-entropycut/mbpp/2026-09-21/vllm/dataset-mbpp.model-qwen3.5-9b.alpha4.0.steps100.blocks-1.prefetch-budget-20.rank-accept_first.cut-entropy4.0.samples20.maxnew1024.seed10086.subtreePrefetch.vllm.log,375,6,36,0.10102202652836567
/Users/jiangnanhugo/workspace/power-sharpening/Subtree-Prefetching-Power-Sharpening/case_studies/logs-entropycut/mbpp/2026-09-21/vllm/dataset-mbpp.model-qwen3.5-9b.alpha4.0.steps100.blocks-1.prefetch-budget-20.rank-accept_first.cut-entropy4.0.samples20.maxnew1024.seed10086.subtreePrefetch.vllm.log,375,7,36,0.10102202652836567
/Users/jiangnanhugo/workspace/power-sharpening/Subtree-Prefetching-Power-Sharpening/case_studies/logs-entropycut/mbpp/2026-09-21/vllm/dataset-mbpp.model-qwen3.5-9b.alpha4.0.steps100.blocks-1.prefetch-budget-20.rank-accept_first.cut-entropy4.0.samples20.maxnew1024.seed10086.subtreePrefetch.vllm.log,375,8,36,0.10102202652836567
/Users/jiangnanhugo/workspace/power-sharpening/Subtree-Prefetching-Power-Sharpening/case_studies/logs-entropycut/mbpp/2026-09-21/vllm/dataset-mbpp.model-qwen3.5-9b.alpha4.0.steps100.blocks-1.prefetch-budget-20.rank-accept_first.cut-entropy4.0.samples20.maxnew1024.seed10086.subtreePrefetch.vllm.log,375,9,34,0.14632568312984898
/Users/jiangnanhugo/workspace/power-sharpening/Subtree-Prefetching-Power-Sharpening/case_studies/logs-entropycut/mbpp/2026-09-21/vllm/dataset-mbpp.model-qwen3.5-9b.alpha4.0.steps100.blocks-1.prefetch-budget-20.rank-accept_first.cut-entropy4.0.samples20.maxnew1024.seed10086.subtreePrefetch.vllm.log,375,10,29,0.0767024374195603
/Users/jiangnanhugo/workspace/power-sharpening/Subtree-Prefetching-Power-Sharpening/case_studies/logs-entropycut/mbpp/2026-09-21/vllm/dataset-mbpp.model-qwen3.5-9b.alpha4.0.steps100.blocks-1.prefetch-budget-20.rank-accept_first.cut-entropy4.0.samples20.maxnew1024.seed10086.subtreePrefetch.vllm.log,375,11,34,0.14632568312984898
/Users/jiangnanhugo/workspace/power-sharpening/Subtree-Prefetching-Power-Sharpening/case_studies/logs-entropycut/mbpp/2026-09-21/vllm/dataset-mbpp.model-qwen3.5-9b.alpha4.0.steps100.blocks-1.prefetch-budget-20.rank-accept_first.cut-entropy4.0.samples20.maxnew1024.seed10086.subtreePrefetch.vllm.log,375,12,73,0.12168840970177014
/Users/jiangnanhugo/workspace/power-sharpening/Subtree-Prefetching-Power-Sharpening/case_studies/logs-entropycut/mbpp/2026-09-21/vllm/dataset-mbpp.model-qwen3.5-9b.alpha4.0.steps100.blocks-1.prefetch-budget-20.rank-accept_first.cut-entropy4.0.samples20.maxnew1024.seed10086.subtreePrefetch.vllm.log,375,13,29,0.0767024374195603
/Users/jiangnanhugo/workspace/power-sharpening/Subtree-Prefetching-Power-Sharpening/case_studies/logs-entropycut/mbpp/2026-09-21/vllm/dataset-mbpp.model-qwen3.5-9b.alpha4.0.steps100.blocks-1.prefetch-budget-20.rank-accept_first.cut-entropy4.0.samples20.maxnew1024.seed10086.subtreePrefetch.vllm.log,375,14,36,0.10102202652836567
/Users/jiangnanhugo/workspace/power-sharpening/Subtree-Prefetching-Power-Sharpening/case_studies/logs-entropycut/mbpp/2026-09-21/vllm/dataset-mbpp.model-qwen3.5-9b.alpha4.0.steps100.blocks-1.prefetch-budget-20.rank-accept_first.cut-entropy4.0.samples20.maxnew1024.seed10086.subtreePrefetch.vllm.log,375,15,29,0.0767024374195603
/Users/jiangnanhugo/workspace/power-sharpening/Subtree-Prefetching-Power-Sharpening/case_studies/logs-entropycut/mbpp/2026-09-21/vllm/dataset-mbpp.model-qwen3.5-9b.alpha4.0.steps100.blocks-1.prefetch-budget-20.rank-accept_first.cut-entropy4.0.samples20.maxnew1024.seed10086.subtreePrefetch.vllm.log,375,16,29,0.0767024374195603
/Users/jiangnanhugo/workspace/power-sharpening/Subtree-Prefetching-Power-Sharpening/case_studies/logs-entropycut/mbpp/2026-09-21/vllm/dataset-mbpp.model-qwen3.5-9b.alpha4.0.steps100.blocks-1.prefetch-budget-20.rank-accept_first.cut-entropy4.0.samples20.maxnew1024.seed10086.subtreePrefetch.vllm.log,375,17,47,0.02529055725834696
/Users/jiangnanhugo/workspace/power-sharpening/Subtree-Prefetching-Power-Sharpening/case_studies/logs-entropycut/mbpp/2026-09-21/vllm/dataset-mbpp.model-qwen3.5-9b.alpha4.0.steps100.blocks-1.prefetch-budget-20.rank-accept_first.cut-entropy4.0.samples20.maxnew1024.seed10086.subtreePrefetch.vllm.log,375,18,29,0.0767024374195603
/Users/jiangnanhugo/workspace/power-sharpening/Subtree-Prefetching-Power-Sharpening/case_studies/logs-entropycut/mbpp/2026-09-21/vllm/dataset-mbpp.model-qwen3.5-9b.alpha4.0.steps100.blocks-1.prefetch-budget-20.rank-accept_first.cut-entropy4.0.samples20.maxnew1024.seed10086.subtreePrefetch.vllm.log,375,19,69,0.285062117274336
/Users/jiangnanhugo/workspace/power-sharpening/Subtree-Prefetching-Power-Sharpening/case_studies/logs-entropycut/mbpp/2026-09-21/vllm/dataset-mbpp.model-qwen3.5-9b.alpha4.0.steps100.blocks-1.prefetch-budget-20.rank-accept_first.cut-entropy4.0.samples20.maxnew1024.seed10086.subtreePrefetch.vllm.log,376,0,34,0.1463256831298477
/Users/jiangnanhugo/workspace/power-sharpening/Subtree-Prefetching-Power-Sharpening/case_studies/logs-entropycut/mbpp/2026-09-21/vllm/dataset-mbpp.model-qwen3.5-9b.alpha4.0.steps100.blocks-1.prefetch-budget-20.rank-accept_first.cut-entropy4.0.samples20.maxnew1024.seed10086.subtreePrefetch.vllm.log,376,1,34,0.1463256831298477
/Users/jiangnanhugo/workspace/power-sharpening/Subtree-Prefetching-Power-Sharpening/case_studies/logs-entropycut/mbpp/2026-09-21/vllm/dataset-mbpp.model-qwen3.5-9b.alpha4.0.steps100.blocks-1.prefetch-budget-20.rank-accept_first.cut-entropy4.0.samples20.maxnew1024.seed10086.subtreePrefetch.vllm.log,376,2,73,0.12168840970176907
/Users/jiangnanhugo/workspace/power-sharpening/Subtree-Prefetching-Power-Sharpening/case_studies/logs-entropycut/mbpp/2026-09-21/vllm/dataset-mbpp.model-qwen3.5-9b.alpha4.0.steps100.blocks-1.prefetch-budget-20.rank-accept_first.cut-entropy4.0.samples20.maxnew1024.seed10086.subtreePrefetch.vllm.log,376,3,34,0.1463256831298477
/Users/jiangnanhugo/workspace/power-sharpening/Subtree-Prefetching-Power-Sharpening/case_studies/logs-entropycut/mbpp/2026-09-21/vllm/dataset-mbpp.model-qwen3.5-9b.alpha4.0.steps100.blocks-1.prefetch-budget-20.rank-accept_first.cut-entropy4.0.samples20.maxnew1024.seed10086.subtreePrefetch.vllm.log,376,4,36,0.1010220265283648
/Users/jiangnanhugo/workspace/power-sharpening/Subtree-Prefetching-Power-Sharpening/case_studies/logs-entropycut/mbpp/2026-09-21/vllm/dataset-mbpp.model-qwen3.5-9b.alpha4.0.steps100.blocks-1.prefetch-budget-20.rank-accept_first.cut-entropy4.0.samples20.maxnew1024.seed10086.subtreePrefetch.vllm.log,376,5,34,0.1463256831298477
/Users/jiangnanhugo/workspace/power-sharpening/Subtree-Prefetching-Power-Sharpening/case_studies/logs-entropycut/mbpp/2026-09-21/vllm/dataset-mbpp.model-qwen3.5-9b.alpha4.0.steps100.blocks-1.prefetch-budget-20.rank-accept_first.cut-entropy4.0.samples20.maxnew1024.seed10086.subtreePrefetch.vllm.log,376,6,73,0.12168840970176907
/Users/jiangnanhugo/workspace/power-sharpening/Subtree-Prefetching-Power-Sharpening/case_studies/logs-entropycut/mbpp/2026-09-21/vllm/dataset-mbpp.model-qwen3.5-9b.alpha4.0.steps100.blocks-1.prefetch-budget-20.rank-accept_first.cut-entropy4.0.samples20.maxnew1024.seed10086.subtreePrefetch.vllm.log,376,7,29,0.07670243741955964
/Users/jiangnanhugo/workspace/power-sharpening/Subtree-Prefetching-Power-Sharpening/case_studies/logs-entropycut/mbpp/2026-09-21/vllm/dataset-mbpp.model-qwen3.5-9b.alpha4.0.steps100.blocks-1.prefetch-budget-20.rank-accept_first.cut-entropy4.0.samples20.maxnew1024.seed10086.subtreePrefetch.vllm.log,376,8,29,0.07670243741955964
/Users/jiangnanhugo/workspace/power-sharpening/Subtree-Prefetching-Power-Sharpening/case_studies/logs-entropycut/mbpp/2026-09-21/vllm/dataset-mbpp.model-qwen3.5-9b.alpha4.0.steps100.blocks-1.prefetch-budget-20.rank-accept_first.cut-entropy4.0.samples20.maxnew1024.seed10086.subtreePrefetch.vllm.log,376,9,36,0.1010220265283648
/Users/jiangnanhugo/workspace/power-sharpening/Subtree-Prefetching-Power-Sharpening/case_studies/logs-entropycut/mbpp/2026-09-21/vllm/dataset-mbpp.model-qwen3.5-9b.alpha4.0.steps100.blocks-1.prefetch-budget-20.rank-accept_first.cut-entropy4.0.samples20.maxnew1024.seed10086.subtreePrefetch.vllm.log,376,10,73,0.12168840970176907
/Users/jiangnanhugo/workspace/power-sharpening/Subtree-Prefetching-Power-Sharpening/case_studies/logs-entropycut/mbpp/2026-09-21/vllm/dataset-mbpp.model-qwen3.5-9b.alpha4.0.steps100.blocks-1.prefetch-budget-20.rank-accept_first.cut-entropy4.0.samples20.maxnew1024.seed10086.subtreePrefetch.vllm.log,376,11,69,0.2850621172743335
/Users/jiangnanhugo/workspace/power-sharpening/Subtree-Prefetching-Power-Sharpening/case_studies/logs-entropycut/mbpp/2026-09-21/vllm/dataset-mbpp.model-qwen3.5-9b.alpha4.0.steps100.blocks-1.prefetch-budget-20.rank-accept_first.cut-entropy4.0.samples20.maxnew1024.seed10086.subtreePrefetch.vllm.log,376,12,69,0.2850621172743335
/Users/jiangnanhugo/workspace/power-sharpening/Subtree-Prefetching-Power-Sharpening/case_studies/logs-entropycut/mbpp/2026-09-21/vllm/dataset-mbpp.model-qwen3.5-9b.alpha4.0.steps100.blocks-1.prefetch-budget-20.rank-accept_first.cut-entropy4.0.samples20.maxnew1024.seed10086.subtreePrefetch.vllm.log,376,13,29,0.07670243741955964
/Users/jiangnanhugo/workspace/power-sharpening/Subtree-Prefetching-Power-Sharpening/case_studies/logs-entropycut/mbpp/2026-09-21/vllm/dataset-mbpp.model-qwen3.5-9b.alpha4.0.steps100.blocks-1.prefetch-budget-20.rank-accept_first.cut-entropy4.0.samples20.maxnew1024.seed10086.subtreePrefetch.vllm.log,376,14,36,0.1010220265283648
/Users/jiangnanhugo/workspace/power-sharpening/Subtree-Prefetching-Power-Sharpening/case_studies/logs-entropycut/mbpp/2026-09-21/vllm/dataset-mbpp.model-qwen3.5-9b.alpha4.0.steps100.blocks-1.prefetch-budget-20.rank-accept_first.cut-entropy4.0.samples20.maxnew1024.seed10086.subtreePrefetch.vllm.log,376,15,29,0.07670243741955964
/Users/jiangnanhugo/workspace/power-sharpening/Subtree-Prefetching-Power-Sharpening/case_studies/logs-entropycut/mbpp/2026-09-21/vllm/dataset-mbpp.model-qwen3.5-9b.alpha4.0.steps100.blocks-1.prefetch-budget-20.rank-accept_first.cut-entropy4.0.samples20.maxnew1024.seed10086.subtreePrefetch.vllm.log,376,16,47,0.025290557258346738
/Users/jiangnanhugo/workspace/power-sharpening/Subtree-Prefetching-Power-Sharpening/case_studies/logs-entropycut/mbpp/2026-09-21/vllm/dataset-mbpp.model-qwen3.5-9b.alpha4.0.steps100.blocks-1.prefetch-budget-20.rank-accept_first.cut-entropy4.0.samples20.maxnew1024.seed10086.subtreePrefetch.vllm.log,376,17,69,0.2850621172743335
/Users/jiangnanhugo/workspace/power-sharpening/Subtree-Prefetching-Power-Sharpening/case_studies/logs-entropycut/mbpp/2026-09-21/vllm/dataset-mbpp.model-qwen3.5-9b.alpha4.0.steps100.blocks-1.prefetch-budget-20.rank-accept_first.cut-entropy4.0.samples20.maxnew1024.seed10086.subtreePrefetch.vllm.log,376,18,36,0.1010220265283648
/Users/jiangnanhugo/workspace/power-sharpening/Subtree-Prefetching-Power-Sharpening/case_studies/logs-entropycut/mbpp/2026-09-21/vllm/dataset-mbpp.model-qwen3.5-9b.alpha4.0.steps100.blocks-1.prefetch-budget-20.rank-accept_first.cut-entropy4.0.samples20.maxnew1024.seed10086.subtreePrefetch.vllm.log,376,19,69,0.2850621172743335
/Users/jiangnanhugo/workspace/power-sharpening/Subtree-Prefetching-Power-Sharpening/case_studies/logs-entropycut/mbpp/2026-09-21/vllm/dataset-mbpp.model-qwen3.5-9b.alpha4.0.steps100.blocks-1.prefetch-budget-20.rank-accept_first.cut-entropy4.0.samples20.maxnew1024.seed10086.subtreePrefetch.vllm.log,377,0,36,0.10173087782706568
/Users/jiangnanhugo/workspace/power-sharpening/Subtree-Prefetching-Power-Sharpening/case_studies/logs-entropycut/mbpp/2026-09-21/vllm/dataset-mbpp.model-qwen3.5-9b.alpha4.0.steps100.blocks-1.prefetch-budget-20.rank-accept_first.cut-entropy4.0.samples20.maxnew1024.seed10086.subtreePrefetch.vllm.log,377,1,34,0.1473524211006086
/Users/jiangnanhugo/workspace/power-sharpening/Subtree-Prefetching-Power-Sharpening/case_studies/logs-entropycut/mbpp/2026-09-21/vllm/dataset-mbpp.model-qwen3.5-9b.alpha4.0.steps100.blocks-1.prefetch-budget-20.rank-accept_first.cut-entropy4.0.samples20.maxnew1024.seed10086.subtreePrefetch.vllm.log,377,2,36,0.10173087782706568
/Users/jiangnanhugo/workspace/power-sharpening/Subtree-Prefetching-Power-Sharpening/case_studies/logs-entropycut/mbpp/2026-09-21/vllm/dataset-mbpp.model-qwen3.5-9b.alpha4.0.steps100.blocks-1.prefetch-budget-20.rank-accept_first.cut-entropy4.0.samples20.maxnew1024.seed10086.subtreePrefetch.vllm.log,377,3,29,0.07724064303913421
/Users/jiangnanhugo/workspace/power-sharpening/Subtree-Prefetching-Power-Sharpening/case_studies/logs-entropycut/mbpp/2026-09-21/vllm/dataset-mbpp.model-qwen3.5-9b.alpha4.0.steps100.blocks-1.prefetch-budget-20.rank-accept_first.cut-entropy4.0.samples20.maxnew1024.seed10086.subtreePrefetch.vllm.log,377,4,29,0.07724064303913421
/Users/jiangnanhugo/workspace/power-sharpening/Subtree-Prefetching-Power-Sharpening/case_studies/logs-entropycut/mbpp/2026-09-21/vllm/dataset-mbpp.model-qwen3.5-9b.alpha4.0.steps100.blocks-1.prefetch-budget-20.rank-accept_first.cut-entropy4.0.samples20.maxnew1024.seed10086.subtreePrefetch.vllm.log,377,5,69,0.2870623409778602
/Users/jiangnanhugo/workspace/power-sharpening/Subtree-Prefetching-Power-Sharpening/case_studies/logs-entropycut/mbpp/2026-09-21/vllm/dataset-mbpp.model-qwen3.5-9b.alpha4.0.steps100.blocks-1.prefetch-budget-20.rank-accept_first.cut-entropy4.0.samples20.maxnew1024.seed10086.subtreePrefetch.vllm.log,377,6,73,0.1231899537478691
/Users/jiangnanhugo/workspace/power-sharpening/Subtree-Prefetching-Power-Sharpening/case_studies/logs-entropycut/mbpp/2026-09-21/vllm/dataset-mbpp.model-qwen3.5-9b.alpha4.0.steps100.blocks-1.prefetch-budget-20.rank-accept_first.cut-entropy4.0.samples20.maxnew1024.seed10086.subtreePrefetch.vllm.log,377,7,29,0.07724064303913421
/Users/jiangnanhugo/workspace/power-sharpening/Subtree-Prefetching-Power-Sharpening/case_studies/logs-entropycut/mbpp/2026-09-21/vllm/dataset-mbpp.model-qwen3.5-9b.alpha4.0.steps100.blocks-1.prefetch-budget-20.rank-accept_first.cut-entropy4.0.samples20.maxnew1024.seed10086.subtreePrefetch.vllm.log,377,8,33,0.0009095211206486417
/Users/jiangnanhugo/workspace/power-sharpening/Subtree-Prefetching-Power-Sharpening/case_studies/logs-entropycut/mbpp/2026-09-21/vllm/dataset-mbpp.model-qwen3.5-9b.alpha4.0.steps100.blocks-1.prefetch-budget-20.rank-accept_first.cut-entropy4.0.samples20.maxnew1024.seed10086.subtreePrefetch.vllm.log,377,9,29,0.07724064303913421
/Users/jiangnanhugo/workspace/power-sharpening/Subtree-Prefetching-Power-Sharpening/case_studies/logs-entropycut/mbpp/2026-09-21/vllm/dataset-mbpp.model-qwen3.5-9b.alpha4.0.steps100.blocks-1.prefetch-budget-20.rank-accept_first.cut-entropy4.0.samples20.maxnew1024.seed10086.subtreePrefetch.vllm.log,377,10,69,0.2870623409778602
/Users/jiangnanhugo/workspace/power-sharpening/Subtree-Prefetching-Power-Sharpening/case_studies/logs-entropycut/mbpp/2026-09-21/vllm/dataset-mbpp.model-qwen3.5-9b.alpha4.0.steps100.blocks-1.prefetch-budget-20.rank-accept_first.cut-entropy4.0.samples20.maxnew1024.seed10086.subtreePrefetch.vllm.log,377,11,34,0.1473524211006086
/Users/jiangnanhugo/workspace/power-sharpening/Subtree-Prefetching-Power-Sharpening/case_studies/logs-entropycut/mbpp/2026-09-21/vllm/dataset-mbpp.model-qwen3.5-9b.alpha4.0.steps100.blocks-1.prefetch-budget-20.rank-accept_first.cut-entropy4.0.samples20.maxnew1024.seed10086.subtreePrefetch.vllm.log,377,12,34,0.1473524211006086
/Users/jiangnanhugo/workspace/power-sharpening/Subtree-Prefetching-Power-Sharpening/case_studies/logs-entropycut/mbpp/2026-09-21/vllm/dataset-mbpp.model-qwen3.5-9b.alpha4.0.steps100.blocks-1.prefetch-budget-20.rank-accept_first.cut-entropy4.0.samples20.maxnew1024.seed10086.subtreePrefetch.vllm.log,377,13,36,0.10173087782706568
/Users/jiangnanhugo/workspace/power-sharpening/Subtree-Prefetching-Power-Sharpening/case_studies/logs-entropycut/mbpp/2026-09-21/vllm/dataset-mbpp.model-qwen3.5-9b.alpha4.0.steps100.blocks-1.prefetch-budget-20.rank-accept_first.cut-entropy4.0.samples20.maxnew1024.seed10086.subtreePrefetch.vllm.log,377,14,34,0.1473524211006086
/Users/jiangnanhugo/workspace/power-sharpening/Subtree-Prefetching-Power-Sharpening/case_studies/logs-entropycut/mbpp/2026-09-21/vllm/dataset-mbpp.model-qwen3.5-9b.alpha4.0.steps100.blocks-1.prefetch-budget-20.rank-accept_first.cut-entropy4.0.samples20.maxnew1024.seed10086.subtreePrefetch.vllm.log,377,15,69,0.2870623409778602
/Users/jiangnanhugo/workspace/power-sharpening/Subtree-Prefetching-Power-Sharpening/case_studies/logs-entropycut/mbpp/2026-09-21/vllm/dataset-mbpp.model-qwen3.5-9b.alpha4.0.steps100.blocks-1.prefetch-budget-20.rank-accept_first.cut-entropy4.0.samples20.maxnew1024.seed10086.subtreePrefetch.vllm.log,377,16,34,0.1473524211006086
/Users/jiangnanhugo/workspace/power-sharpening/Subtree-Prefetching-Power-Sharpening/case_studies/logs-entropycut/mbpp/2026-09-21/vllm/dataset-mbpp.model-qwen3.5-9b.alpha4.0.steps100.blocks-1.prefetch-budget-20.rank-accept_first.cut-entropy4.0.samples20.maxnew1024.seed10086.subtreePrefetch.vllm.log,377,17,29,0.07724064303913421
/Users/jiangnanhugo/workspace/power-sharpening/Subtree-Prefetching-Power-Sharpening/case_studies/logs-entropycut/mbpp/2026-09-21/vllm/dataset-mbpp.model-qwen3.5-9b.alpha4.0.steps100.blocks-1.prefetch-budget-20.rank-accept_first.cut-entropy4.0.samples20.maxnew1024.seed10086.subtreePrefetch.vllm.log,377,18,34,0.1473524211006086
/Users/jiangnanhugo/workspace/power-sharpening/Subtree-Prefetching-Power-Sharpening/case_studies/logs-entropycut/mbpp/2026-09-21/vllm/dataset-mbpp.model-qwen3.5-9b.alpha4.0.steps100.blocks-1.prefetch-budget-20.rank-accept_first.cut-entropy4.0.samples20.maxnew1024.seed10086.subtreePrefetch.vllm.log,377,19,34,0.1473524211006086
/Users/jiangnanhugo/workspace/power-sharpening/Subtree-Prefetching-Power-Sharpening/case_studies/logs-entropycut/mbpp/2026-09-21/vllm/dataset-mbpp.model-qwen3.5-9b.alpha4.0.steps100.blocks-1.prefetch-budget-20.rank-accept_first.cut-entropy4.0.samples20.maxnew1024.seed10086.subtreePrefetch.vllm.log,378,0,86,0.1281816665196329
/Users/jiangnanhugo/workspace/power-sharpening/Subtree-Prefetching-Power-Sharpening/case_studies/logs-entropycut/mbpp/2026-09-21/vllm/dataset-mbpp.model-qwen3.5-9b.alpha4.0.steps100.blocks-1.prefetch-budget-20.rank-accept_first.cut-entropy4.0.samples20.maxnew1024.seed10086.subtreePrefetch.vllm.log,378,1,36,0.10173087782706568
/Users/jiangnanhugo/workspace/power-sharpening/Subtree-Prefetching-Power-Sharpening/case_studies/logs-entropycut/mbpp/2026-09-21/vllm/dataset-mbpp.model-qwen3.5-9b.alpha4.0.steps100.blocks-1.prefetch-budget-20.rank-accept_first.cut-entropy4.0.samples20.maxnew1024.seed10086.subtreePrefetch.vllm.log,378,2,73,0.1231899537478691
/Users/jiangnanhugo/workspace/power-sharpening/Subtree-Prefetching-Power-Sharpening/case_studies/logs-entropycut/mbpp/2026-09-21/vllm/dataset-mbpp.model-qwen3.5-9b.alpha4.0.steps100.blocks-1.prefetch-budget-20.rank-accept_first.cut-entropy4.0.samples20.maxnew1024.seed10086.subtreePrefetch.vllm.log,378,3,36,0.10173087782706568
/Users/jiangnanhugo/workspace/power-sharpening/Subtree-Prefetching-Power-Sharpening/case_studies/logs-entropycut/mbpp/2026-09-21/vllm/dataset-mbpp.model-qwen3.5-9b.alpha4.0.steps100.blocks-1.prefetch-budget-20.rank-accept_first.cut-entropy4.0.samples20.maxnew1024.seed10086.subtreePrefetch.vllm.log,378,4,36,0.10173087782706568
/Users/jiangnanhugo/workspace/power-sharpening/Subtree-Prefetching-Power-Sharpening/case_studies/logs-entropycut/mbpp/2026-09-21/vllm/dataset-mbpp.model-qwen3.5-9b.alpha4.0.steps100.blocks-1.prefetch-budget-20.rank-accept_first.cut-entropy4.0.samples20.maxnew1024.seed10086.subtreePrefetch.vllm.log,378,5,29,0.07724064303913421
/Users/jiangnanhugo/workspace/power-sharpening/Subtree-Prefetching-Power-Sharpening/case_studies/logs-entropycut/mbpp/2026-09-21/vllm/dataset-mbpp.model-qwen3.5-9b.alpha4.0.steps100.blocks-1.prefetch-budget-20.rank-accept_first.cut-entropy4.0.samples20.maxnew1024.seed10086.subtreePrefetch.vllm.log,378,6,73,0.1231899537478691
/Users/jiangnanhugo/workspace/power-sharpening/Subtree-Prefetching-Power-Sharpening/case_studies/logs-entropycut/mbpp/2026-09-21/vllm/dataset-mbpp.model-qwen3.5-9b.alpha4.0.steps100.blocks-1.prefetch-budget-20.rank-accept_first.cut-entropy4.0.samples20.maxnew1024.seed10086.subtreePrefetch.vllm.log,378,7,69,0.2870623409778602
/Users/jiangnanhugo/workspace/power-sharpening/Subtree-Prefetching-Power-Sharpening/case_studies/logs-entropycut/mbpp/2026-09-21/vllm/dataset-mbpp.model-qwen3.5-9b.alpha4.0.steps100.blocks-1.prefetch-budget-20.rank-accept_first.cut-entropy4.0.samples20.maxnew1024.seed10086.subtreePrefetch.vllm.log,378,8,34,0.1473524211006086
/Users/jiangnanhugo/workspace/power-sharpening/Subtree-Prefetching-Power-Sharpening/case_studies/logs-entropycut/mbpp/2026-09-21/vllm/dataset-mbpp.model-qwen3.5-9b.alpha4.0.steps100.blocks-1.prefetch-budget-20.rank-accept_first.cut-entropy4.0.samples20.maxnew1024.seed10086.subtreePrefetch.vllm.log,378,9,34,0.1473524211006086
/Users/jiangnanhugo/workspace/power-sharpening/Subtree-Prefetching-Power-Sharpening/case_studies/logs-entropycut/mbpp/2026-09-21/vllm/dataset-mbpp.model-qwen3.5-9b.alpha4.0.steps100.blocks-1.prefetch-budget-20.rank-accept_first.cut-entropy4.0.samples20.maxnew1024.seed10086.subtreePrefetch.vllm.log,378,10,34,0.1473524211006086
/Users/jiangnanhugo/workspace/power-sharpening/Subtree-Prefetching-Power-Sharpening/case_studies/logs-entropycut/mbpp/2026-09-21/vllm/dataset-mbpp.model-qwen3.5-9b.alpha4.0.steps100.blocks-1.prefetch-budget-20.rank-accept_first.cut-entropy4.0.samples20.maxnew1024.seed10086.subtreePrefetch.vllm.log,378,11,29,0.07724064303913421
/Users/jiangnanhugo/workspace/power-sharpening/Subtree-Prefetching-Power-Sharpening/case_studies/logs-entropycut/mbpp/2026-09-21/vllm/dataset-mbpp.model-qwen3.5-9b.alpha4.0.steps100.blocks-1.prefetch-budget-20.rank-accept_first.cut-entropy4.0.samples20.maxnew1024.seed10086.subtreePrefetch.vllm.log,378,12,187,0.0007872434416923245
/Users/jiangnanhugo/workspace/power-sharpening/Subtree-Prefetching-Power-Sharpening/case_studies/logs-entropycut/mbpp/2026-09-21/vllm/dataset-mbpp.model-qwen3.5-9b.alpha4.0.steps100.blocks-1.prefetch-budget-20.rank-accept_first.cut-entropy4.0.samples20.maxnew1024.seed10086.subtreePrefetch.vllm.log,378,13,34,0.1473524211006086
/Users/jiangnanhugo/workspace/power-sharpening/Subtree-Prefetching-Power-Sharpening/case_studies/logs-entropycut/mbpp/2026-09-21/vllm/dataset-mbpp.model-qwen3.5-9b.alpha4.0.steps100.blocks-1.prefetch-budget-20.rank-accept_first.cut-entropy4.0.samples20.maxnew1024.seed10086.subtreePrefetch.vllm.log,378,14,29,0.07724064303913421
/Users/jiangnanhugo/workspace/power-sharpening/Subtree-Prefetching-Power-Sharpening/case_studies/logs-entropycut/mbpp/2026-09-21/vllm/dataset-mbpp.model-qwen3.5-9b.alpha4.0.steps100.blocks-1.prefetch-budget-20.rank-accept_first.cut-entropy4.0.samples20.maxnew1024.seed10086.subtreePrefetch.vllm.log,378,15,36,0.10173087782706568
/Users/jiangnanhugo/workspace/power-sharpening/Subtree-Prefetching-Power-Sharpening/case_studies/logs-entropycut/mbpp/2026-09-21/vllm/dataset-mbpp.model-qwen3.5-9b.alpha4.0.steps100.blocks-1.prefetch-budget-20.rank-accept_first.cut-entropy4.0.samples20.maxnew1024.seed10086.subtreePrefetch.vllm.log,378,16,34,0.1473524211006086
/Users/jiangnanhugo/workspace/power-sharpening/Subtree-Prefetching-Power-Sharpening/case_studies/logs-entropycut/mbpp/2026-09-21/vllm/dataset-mbpp.model-qwen3.5-9b.alpha4.0.steps100.blocks-1.prefetch-budget-20.rank-accept_first.cut-entropy4.0.samples20.maxnew1024.seed10086.subtreePrefetch.vllm.log,378,17,34,0.1473524211006086
/Users/jiangnanhugo/workspace/power-sharpening/Subtree-Prefetching-Power-Sharpening/case_studies/logs-entropycut/mbpp/2026-09-21/vllm/dataset-mbpp.model-qwen3.5-9b.alpha4.0.steps100.blocks-1.prefetch-budget-20.rank-accept_first.cut-entropy4.0.samples20.maxnew1024.seed10086.subtreePrefetch.vllm.log,378,18,34,0.1473524211006086
/Users/jiangnanhugo/workspace/power-sharpening/Subtree-Prefetching-Power-Sharpening/case_studies/logs-entropycut/mbpp/2026-09-21/vllm/dataset-mbpp.model-qwen3.5-9b.alpha4.0.steps100.blocks-1.prefetch-budget-20.rank-accept_first.cut-entropy4.0.samples20.maxnew1024.seed10086.subtreePrefetch.vllm.log,378,19,73,0.1231899537478691
/Users/jiangnanhugo/workspace/power-sharpening/Subtree-Prefetching-Power-Sharpening/case_studies/logs-entropycut/mbpp/2026-09-21/vllm/dataset-mbpp.model-qwen3.5-9b.alpha4.0.steps100.blocks-1.prefetch-budget-20.rank-accept_first.cut-entropy4.0.samples20.maxnew1024.seed10086.subtreePrefetch.vllm.log,379,0,43,0.008160523435368822
/Users/jiangnanhugo/workspace/power-sharpening/Subtree-Prefetching-Power-Sharpening/case_studies/logs-entropycut/mbpp/2026-09-21/vllm/dataset-mbpp.model-qwen3.5-9b.alpha4.0.steps100.blocks-1.prefetch-budget-20.rank-accept_first.cut-entropy4.0.samples20.maxnew1024.seed10086.subtreePrefetch.vllm.log,379,1,34,0.14735242109793298
/Users/jiangnanhugo/workspace/power-sharpening/Subtree-Prefetching-Power-Sharpening/case_studies/logs-entropycut/mbpp/2026-09-21/vllm/dataset-mbpp.model-qwen3.5-9b.alpha4.0.steps100.blocks-1.prefetch-budget-20.rank-accept_first.cut-entropy4.0.samples20.maxnew1024.seed10086.subtreePrefetch.vllm.log,379,2,276,0.0010693460878832598
/Users/jiangnanhugo/workspace/power-sharpening/Subtree-Prefetching-Power-Sharpening/case_studies/logs-entropycut/mbpp/2026-09-21/vllm/dataset-mbpp.model-qwen3.5-9b.alpha4.0.steps100.blocks-1.prefetch-budget-20.rank-accept_first.cut-entropy4.0.samples20.maxnew1024.seed10086.subtreePrefetch.vllm.log,379,3,69,0.2870623409726477
/Users/jiangnanhugo/workspace/power-sharpening/Subtree-Prefetching-Power-Sharpening/case_studies/logs-entropycut/mbpp/2026-09-21/vllm/dataset-mbpp.model-qwen3.5-9b.alpha4.0.steps100.blocks-1.prefetch-budget-20.rank-accept_first.cut-entropy4.0.samples20.maxnew1024.seed10086.subtreePrefetch.vllm.log,379,4,29,0.07724064303773168
/Users/jiangnanhugo/workspace/power-sharpening/Subtree-Prefetching-Power-Sharpening/case_studies/logs-entropycut/mbpp/2026-09-21/vllm/dataset-mbpp.model-qwen3.5-9b.alpha4.0.steps100.blocks-1.prefetch-budget-20.rank-accept_first.cut-entropy4.0.samples20.maxnew1024.seed10086.subtreePrefetch.vllm.log,379,5,69,0.2870623409726477
/Users/jiangnanhugo/workspace/power-sharpening/Subtree-Prefetching-Power-Sharpening/case_studies/logs-entropycut/mbpp/2026-09-21/vllm/dataset-mbpp.model-qwen3.5-9b.alpha4.0.steps100.blocks-1.prefetch-budget-20.rank-accept_first.cut-entropy4.0.samples20.maxnew1024.seed10086.subtreePrefetch.vllm.log,379,6,29,0.07724064303773168
/Users/jiangnanhugo/workspace/power-sharpening/Subtree-Prefetching-Power-Sharpening/case_studies/logs-entropycut/mbpp/2026-09-21/vllm/dataset-mbpp.model-qwen3.5-9b.alpha4.0.steps100.blocks-1.prefetch-budget-20.rank-accept_first.cut-entropy4.0.samples20.maxnew1024.seed10086.subtreePrefetch.vllm.log,379,7,69,0.2870623409726477
/Users/jiangnanhugo/workspace/power-sharpening/Subtree-Prefetching-Power-Sharpening/case_studies/logs-entropycut/mbpp/2026-09-21/vllm/dataset-mbpp.model-qwen3.5-9b.alpha4.0.steps100.blocks-1.prefetch-budget-20.rank-accept_first.cut-entropy4.0.samples20.maxnew1024.seed10086.subtreePrefetch.vllm.log,379,8,34,0.14735242109793298
/Users/jiangnanhugo/workspace/power-sharpening/Subtree-Prefetching-Power-Sharpening/case_studies/logs-entropycut/mbpp/2026-09-21/vllm/dataset-mbpp.model-qwen3.5-9b.alpha4.0.steps100.blocks-1.prefetch-budget-20.rank-accept_first.cut-entropy4.0.samples20.maxnew1024.seed10086.subtreePrefetch.vllm.log,379,9,34,0.14735242109793298
/Users/jiangnanhugo/workspace/power-sharpening/Subtree-Prefetching-Power-Sharpening/case_studies/logs-entropycut/mbpp/2026-09-21/vllm/dataset-mbpp.model-qwen3.5-9b.alpha4.0.steps100.blocks-1.prefetch-budget-20.rank-accept_first.cut-entropy4.0.samples20.maxnew1024.seed10086.subtreePrefetch.vllm.log,379,10,73,0.12318995374563223
/Users/jiangnanhugo/workspace/power-sharpening/Subtree-Prefetching-Power-Sharpening/case_studies/logs-entropycut/mbpp/2026-09-21/vllm/dataset-mbpp.model-qwen3.5-9b.alpha4.0.steps100.blocks-1.prefetch-budget-20.rank-accept_first.cut-entropy4.0.samples20.maxnew1024.seed10086.subtreePrefetch.vllm.log,379,11,47,0.025468016025774032
/Users/jiangnanhugo/workspace/power-sharpening/Subtree-Prefetching-Power-Sharpening/case_studies/logs-entropycut/mbpp/2026-09-21/vllm/dataset-mbpp.model-qwen3.5-9b.alpha4.0.steps100.blocks-1.prefetch-budget-20.rank-accept_first.cut-entropy4.0.samples20.maxnew1024.seed10086.subtreePrefetch.vllm.log,379,12,34,0.14735242109793298
/Users/jiangnanhugo/workspace/power-sharpening/Subtree-Prefetching-Power-Sharpening/case_studies/logs-entropycut/mbpp/2026-09-21/vllm/dataset-mbpp.model-qwen3.5-9b.alpha4.0.steps100.blocks-1.prefetch-budget-20.rank-accept_first.cut-entropy4.0.samples20.maxnew1024.seed10086.subtreePrefetch.vllm.log,379,13,36,0.10173087782521846
/Users/jiangnanhugo/workspace/power-sharpening/Subtree-Prefetching-Power-Sharpening/case_studies/logs-entropycut/mbpp/2026-09-21/vllm/dataset-mbpp.model-qwen3.5-9b.alpha4.0.steps100.blocks-1.prefetch-budget-20.rank-accept_first.cut-entropy4.0.samples20.maxnew1024.seed10086.subtreePrefetch.vllm.log,379,14,34,0.14735242109793298
/Users/jiangnanhugo/workspace/power-sharpening/Subtree-Prefetching-Power-Sharpening/case_studies/logs-entropycut/mbpp/2026-09-21/vllm/dataset-mbpp.model-qwen3.5-9b.alpha4.0.steps100.blocks-1.prefetch-budget-20.rank-accept_first.cut-entropy4.0.samples20.maxnew1024.seed10086.subtreePrefetch.vllm.log,379,15,34,0.14735242109793298
/Users/jiangnanhugo/workspace/power-sharpening/Subtree-Prefetching-Power-Sharpening/case_studies/logs-entropycut/mbpp/2026-09-21/vllm/dataset-mbpp.model-qwen3.5-9b.alpha4.0.steps100.blocks-1.prefetch-budget-20.rank-accept_first.cut-entropy4.0.samples20.maxnew1024.seed10086.subtreePrefetch.vllm.log,379,16,29,0.07724064303773168
/Users/jiangnanhugo/workspace/power-sharpening/Subtree-Prefetching-Power-Sharpening/case_studies/logs-entropycut/mbpp/2026-09-21/vllm/dataset-mbpp.model-qwen3.5-9b.alpha4.0.steps100.blocks-1.prefetch-budget-20.rank-accept_first.cut-entropy4.0.samples20.maxnew1024.seed10086.subtreePrefetch.vllm.log,379,17,29,0.07724064303773168
/Users/jiangnanhugo/workspace/power-sharpening/Subtree-Prefetching-Power-Sharpening/case_studies/logs-entropycut/mbpp/2026-09-21/vllm/dataset-mbpp.model-qwen3.5-9b.alpha4.0.steps100.blocks-1.prefetch-budget-20.rank-accept_first.cut-entropy4.0.samples20.maxnew1024.seed10086.subtreePrefetch.vllm.log,379,18,36,0.10173087782521846
/Users/jiangnanhugo/workspace/power-sharpening/Subtree-Prefetching-Power-Sharpening/case_studies/logs-entropycut/mbpp/2026-09-21/vllm/dataset-mbpp.model-qwen3.5-9b.alpha4.0.steps100.blocks-1.prefetch-budget-20.rank-accept_first.cut-entropy4.0.samples20.maxnew1024.seed10086.subtreePrefetch.vllm.log,379,19,86,0.12818166651730536
/Users/jiangnanhugo/workspace/power-sharpening/Subtree-Prefetching-Power-Sharpening/case_studies/logs-entropycut/mbpp/2026-09-21/vllm/dataset-mbpp.model-qwen3.5-9b.alpha4.0.steps100.blocks-1.prefetch-budget-20.rank-accept_first.cut-entropy4.0.samples20.maxnew1024.seed10086.subtreePrefetch.vllm.log,380,0,29,0.07670243741936404
/Users/jiangnanhugo/workspace/power-sharpening/Subtree-Prefetching-Power-Sharpening/case_studies/logs-entropycut/mbpp/2026-09-21/vllm/dataset-mbpp.model-qwen3.5-9b.alpha4.0.steps100.blocks-1.prefetch-budget-20.rank-accept_first.cut-entropy4.0.samples20.maxnew1024.seed10086.subtreePrefetch.vllm.log,380,1,69,0.28506211727360664
/Users/jiangnanhugo/workspace/power-sharpening/Subtree-Prefetching-Power-Sharpening/case_studies/logs-entropycut/mbpp/2026-09-21/vllm/dataset-mbpp.model-qwen3.5-9b.alpha4.0.steps100.blocks-1.prefetch-budget-20.rank-accept_first.cut-entropy4.0.samples20.maxnew1024.seed10086.subtreePrefetch.vllm.log,380,2,69,0.28506211727360664
/Users/jiangnanhugo/workspace/power-sharpening/Subtree-Prefetching-Power-Sharpening/case_studies/logs-entropycut/mbpp/2026-09-21/vllm/dataset-mbpp.model-qwen3.5-9b.alpha4.0.steps100.blocks-1.prefetch-budget-20.rank-accept_first.cut-entropy4.0.samples20.maxnew1024.seed10086.subtreePrefetch.vllm.log,380,3,34,0.14632568312947458
/Users/jiangnanhugo/workspace/power-sharpening/Subtree-Prefetching-Power-Sharpening/case_studies/logs-entropycut/mbpp/2026-09-21/vllm/dataset-mbpp.model-qwen3.5-9b.alpha4.0.steps100.blocks-1.prefetch-budget-20.rank-accept_first.cut-entropy4.0.samples20.maxnew1024.seed10086.subtreePrefetch.vllm.log,380,4,86,0.13870800914963863
/Users/jiangnanhugo/workspace/power-sharpening/Subtree-Prefetching-Power-Sharpening/case_studies/logs-entropycut/mbpp/2026-09-21/vllm/dataset-mbpp.model-qwen3.5-9b.alpha4.0.steps100.blocks-1.prefetch-budget-20.rank-accept_first.cut-entropy4.0.samples20.maxnew1024.seed10086.subtreePrefetch.vllm.log,380,5,69,0.28506211727360664
/Users/jiangnanhugo/workspace/power-sharpening/Subtree-Prefetching-Power-Sharpening/case_studies/logs-entropycut/mbpp/2026-09-21/vllm/dataset-mbpp.model-qwen3.5-9b.alpha4.0.steps100.blocks-1.prefetch-budget-20.rank-accept_first.cut-entropy4.0.samples20.maxnew1024.seed10086.subtreePrefetch.vllm.log,380,6,29,0.07670243741936404
/Users/jiangnanhugo/workspace/power-sharpening/Subtree-Prefetching-Power-Sharpening/case_studies/logs-entropycut/mbpp/2026-09-21/vllm/dataset-mbpp.model-qwen3.5-9b.alpha4.0.steps100.blocks-1.prefetch-budget-20.rank-accept_first.cut-entropy4.0.samples20.maxnew1024.seed10086.subtreePrefetch.vllm.log,380,7,34,0.14632568312947458
/Users/jiangnanhugo/workspace/power-sharpening/Subtree-Prefetching-Power-Sharpening/case_studies/logs-entropycut/mbpp/2026-09-21/vllm/dataset-mbpp.model-qwen3.5-9b.alpha4.0.steps100.blocks-1.prefetch-budget-20.rank-accept_first.cut-entropy4.0.samples20.maxnew1024.seed10086.subtreePrefetch.vllm.log,380,8,34,0.14632568312947458
/Users/jiangnanhugo/workspace/power-sharpening/Subtree-Prefetching-Power-Sharpening/case_studies/logs-entropycut/mbpp/2026-09-21/vllm/dataset-mbpp.model-qwen3.5-9b.alpha4.0.steps100.blocks-1.prefetch-budget-20.rank-accept_first.cut-entropy4.0.samples20.maxnew1024.seed10086.subtreePrefetch.vllm.log,380,9,69,0.28506211727360664
/Users/jiangnanhugo/workspace/power-sharpening/Subtree-Prefetching-Power-Sharpening/case_studies/logs-entropycut/mbpp/2026-09-21/vllm/dataset-mbpp.model-qwen3.5-9b.alpha4.0.steps100.blocks-1.prefetch-budget-20.rank-accept_first.cut-entropy4.0.samples20.maxnew1024.seed10086.subtreePrefetch.vllm.log,380,10,86,0.13870800914963863
/Users/jiangnanhugo/workspace/power-sharpening/Subtree-Prefetching-Power-Sharpening/case_studies/logs-entropycut/mbpp/2026-09-21/vllm/dataset-mbpp.model-qwen3.5-9b.alpha4.0.steps100.blocks-1.prefetch-budget-20.rank-accept_first.cut-entropy4.0.samples20.maxnew1024.seed10086.subtreePrefetch.vllm.log,380,11,34,0.14632568312947458
/Users/jiangnanhugo/workspace/power-sharpening/Subtree-Prefetching-Power-Sharpening/case_studies/logs-entropycut/mbpp/2026-09-21/vllm/dataset-mbpp.model-qwen3.5-9b.alpha4.0.steps100.blocks-1.prefetch-budget-20.rank-accept_first.cut-entropy4.0.samples20.maxnew1024.seed10086.subtreePrefetch.vllm.log,380,12,43,0.008103661666887807
/Users/jiangnanhugo/workspace/power-sharpening/Subtree-Prefetching-Power-Sharpening/case_studies/logs-entropycut/mbpp/2026-09-21/vllm/dataset-mbpp.model-qwen3.5-9b.alpha4.0.steps100.blocks-1.prefetch-budget-20.rank-accept_first.cut-entropy4.0.samples20.maxnew1024.seed10086.subtreePrefetch.vllm.log,380,13,2,0.011111801843044172
/Users/jiangnanhugo/workspace/power-sharpening/Subtree-Prefetching-Power-Sharpening/case_studies/logs-entropycut/mbpp/2026-09-21/vllm/dataset-mbpp.model-qwen3.5-9b.alpha4.0.steps100.blocks-1.prefetch-budget-20.rank-accept_first.cut-entropy4.0.samples20.maxnew1024.seed10086.subtreePrefetch.vllm.log,380,14,69,0.28506211727360664
/Users/jiangnanhugo/workspace/power-sharpening/Subtree-Prefetching-Power-Sharpening/case_studies/logs-entropycut/mbpp/2026-09-21/vllm/dataset-mbpp.model-qwen3.5-9b.alpha4.0.steps100.blocks-1.prefetch-budget-20.rank-accept_first.cut-entropy4.0.samples20.maxnew1024.seed10086.subtreePrefetch.vllm.log,380,15,69,0.28506211727360664
/Users/jiangnanhugo/workspace/power-sharpening/Subtree-Prefetching-Power-Sharpening/case_studies/logs-entropycut/mbpp/2026-09-21/vllm/dataset-mbpp.model-qwen3.5-9b.alpha4.0.steps100.blocks-1.prefetch-budget-20.rank-accept_first.cut-entropy4.0.samples20.maxnew1024.seed10086.subtreePrefetch.vllm.log,380,16,34,0.14632568312947458
/Users/jiangnanhugo/workspace/power-sharpening/Subtree-Prefetching-Power-Sharpening/case_studies/logs-entropycut/mbpp/2026-09-21/vllm/dataset-mbpp.model-qwen3.5-9b.alpha4.0.steps100.blocks-1.prefetch-budget-20.rank-accept_first.cut-entropy4.0.samples20.maxnew1024.seed10086.subtreePrefetch.vllm.log,380,17,2,0.011111801843044172
/Users/jiangnanhugo/workspace/power-sharpening/Subtree-Prefetching-Power-Sharpening/case_studies/logs-entropycut/mbpp/2026-09-21/vllm/dataset-mbpp.model-qwen3.5-9b.alpha4.0.steps100.blocks-1.prefetch-budget-20.rank-accept_first.cut-entropy4.0.samples20.maxnew1024.seed10086.subtreePrefetch.vllm.log,380,18,86,0.13870800914963863
/Users/jiangnanhugo/workspace/power-sharpening/Subtree-Prefetching-Power-Sharpening/case_studies/logs-entropycut/mbpp/2026-09-21/vllm/dataset-mbpp.model-qwen3.5-9b.alpha4.0.steps100.blocks-1.prefetch-budget-20.rank-accept_first.cut-entropy4.0.samples20.maxnew1024.seed10086.subtreePrefetch.vllm.log,380,19,36,0.1010220265281072
/Users/jiangnanhugo/workspace/power-sharpening/Subtree-Prefetching-Power-Sharpening/case_studies/logs-entropycut/mbpp/2026-09-21/vllm/dataset-mbpp.model-qwen3.5-9b.alpha4.0.steps100.blocks-1.prefetch-budget-20.rank-accept_first.cut-entropy4.0.samples20.maxnew1024.seed10086.subtreePrefetch.vllm.log,381,0,34,0.14632568312970454
/Users/jiangnanhugo/workspace/power-sharpening/Subtree-Prefetching-Power-Sharpening/case_studies/logs-entropycut/mbpp/2026-09-21/vllm/dataset-mbpp.model-qwen3.5-9b.alpha4.0.steps100.blocks-1.prefetch-budget-20.rank-accept_first.cut-entropy4.0.samples20.maxnew1024.seed10086.subtreePrefetch.vllm.log,381,1,29,0.07670243741948458
/Users/jiangnanhugo/workspace/power-sharpening/Subtree-Prefetching-Power-Sharpening/case_studies/logs-entropycut/mbpp/2026-09-21/vllm/dataset-mbpp.model-qwen3.5-9b.alpha4.0.steps100.blocks-1.prefetch-budget-20.rank-accept_first.cut-entropy4.0.samples20.maxnew1024.seed10086.subtreePrefetch.vllm.log,381,2,43,0.008103661666900543
/Users/jiangnanhugo/workspace/power-sharpening/Subtree-Prefetching-Power-Sharpening/case_studies/logs-entropycut/mbpp/2026-09-21/vllm/dataset-mbpp.model-qwen3.5-9b.alpha4.0.steps100.blocks-1.prefetch-budget-20.rank-accept_first.cut-entropy4.0.samples20.maxnew1024.seed10086.subtreePrefetch.vllm.log,381,3,34,0.14632568312970454
/Users/jiangnanhugo/workspace/power-sharpening/Subtree-Prefetching-Power-Sharpening/case_studies/logs-entropycut/mbpp/2026-09-21/vllm/dataset-mbpp.model-qwen3.5-9b.alpha4.0.steps100.blocks-1.prefetch-budget-20.rank-accept_first.cut-entropy4.0.samples20.maxnew1024.seed10086.subtreePrefetch.vllm.log,381,4,34,0.14632568312970454
/Users/jiangnanhugo/workspace/power-sharpening/Subtree-Prefetching-Power-Sharpening/case_studies/logs-entropycut/mbpp/2026-09-21/vllm/dataset-mbpp.model-qwen3.5-9b.alpha4.0.steps100.blocks-1.prefetch-budget-20.rank-accept_first.cut-entropy4.0.samples20.maxnew1024.seed10086.subtreePrefetch.vllm.log,381,5,29,0.07670243741948458
/Users/jiangnanhugo/workspace/power-sharpening/Subtree-Prefetching-Power-Sharpening/case_studies/logs-entropycut/mbpp/2026-09-21/vllm/dataset-mbpp.model-qwen3.5-9b.alpha4.0.steps100.blocks-1.prefetch-budget-20.rank-accept_first.cut-entropy4.0.samples20.maxnew1024.seed10086.subtreePrefetch.vllm.log,381,6,29,0.07670243741948458
/Users/jiangnanhugo/workspace/power-sharpening/Subtree-Prefetching-Power-Sharpening/case_studies/logs-entropycut/mbpp/2026-09-21/vllm/dataset-mbpp.model-qwen3.5-9b.alpha4.0.steps100.blocks-1.prefetch-budget-20.rank-accept_first.cut-entropy4.0.samples20.maxnew1024.seed10086.subtreePrefetch.vllm.log,381,7,36,0.10102202652826596
/Users/jiangnanhugo/workspace/power-sharpening/Subtree-Prefetching-Power-Sharpening/case_studies/logs-entropycut/mbpp/2026-09-21/vllm/dataset-mbpp.model-qwen3.5-9b.alpha4.0.steps100.blocks-1.prefetch-budget-20.rank-accept_first.cut-entropy4.0.samples20.maxnew1024.seed10086.subtreePrefetch.vllm.log,381,8,29,0.07670243741948458
/Users/jiangnanhugo/workspace/power-sharpening/Subtree-Prefetching-Power-Sharpening/case_studies/logs-entropycut/mbpp/2026-09-21/vllm/dataset-mbpp.model-qwen3.5-9b.alpha4.0.steps100.blocks-1.prefetch-budget-20.rank-accept_first.cut-entropy4.0.samples20.maxnew1024.seed10086.subtreePrefetch.vllm.log,381,9,29,0.07670243741948458
/Users/jiangnanhugo/workspace/power-sharpening/Subtree-Prefetching-Power-Sharpening/case_studies/logs-entropycut/mbpp/2026-09-21/vllm/dataset-mbpp.model-qwen3.5-9b.alpha4.0.steps100.blocks-1.prefetch-budget-20.rank-accept_first.cut-entropy4.0.samples20.maxnew1024.seed10086.subtreePrefetch.vllm.log,381,10,29,0.07670243741948458
/Users/jiangnanhugo/workspace/power-sharpening/Subtree-Prefetching-Power-Sharpening/case_studies/logs-entropycut/mbpp/2026-09-21/vllm/dataset-mbpp.model-qwen3.5-9b.alpha4.0.steps100.blocks-1.prefetch-budget-20.rank-accept_first.cut-entropy4.0.samples20.maxnew1024.seed10086.subtreePrefetch.vllm.log,381,11,36,0.10102202652826596
/Users/jiangnanhugo/workspace/power-sharpening/Subtree-Prefetching-Power-Sharpening/case_studies/logs-entropycut/mbpp/2026-09-21/vllm/dataset-mbpp.model-qwen3.5-9b.alpha4.0.steps100.blocks-1.prefetch-budget-20.rank-accept_first.cut-entropy4.0.samples20.maxnew1024.seed10086.subtreePrefetch.vllm.log,381,12,34,0.14632568312970454
/Users/jiangnanhugo/workspace/power-sharpening/Subtree-Prefetching-Power-Sharpening/case_studies/logs-entropycut/mbpp/2026-09-21/vllm/dataset-mbpp.model-qwen3.5-9b.alpha4.0.steps100.blocks-1.prefetch-budget-20.rank-accept_first.cut-entropy4.0.samples20.maxnew1024.seed10086.subtreePrefetch.vllm.log,381,13,36,0.10102202652826596
/Users/jiangnanhugo/workspace/power-sharpening/Subtree-Prefetching-Power-Sharpening/case_studies/logs-entropycut/mbpp/2026-09-21/vllm/dataset-mbpp.model-qwen3.5-9b.alpha4.0.steps100.blocks-1.prefetch-budget-20.rank-accept_first.cut-entropy4.0.samples20.maxnew1024.seed10086.subtreePrefetch.vllm.log,381,14,33,0.0009031836620379579
/Users/jiangnanhugo/workspace/power-sharpening/Subtree-Prefetching-Power-Sharpening/case_studies/logs-entropycut/mbpp/2026-09-21/vllm/dataset-mbpp.model-qwen3.5-9b.alpha4.0.steps100.blocks-1.prefetch-budget-20.rank-accept_first.cut-entropy4.0.samples20.maxnew1024.seed10086.subtreePrefetch.vllm.log,381,15,34,0.14632568312970454
/Users/jiangnanhugo/workspace/power-sharpening/Subtree-Prefetching-Power-Sharpening/case_studies/logs-entropycut/mbpp/2026-09-21/vllm/dataset-mbpp.model-qwen3.5-9b.alpha4.0.steps100.blocks-1.prefetch-budget-20.rank-accept_first.cut-entropy4.0.samples20.maxnew1024.seed10086.subtreePrefetch.vllm.log,381,16,86,0.13870800914985662
/Users/jiangnanhugo/workspace/power-sharpening/Subtree-Prefetching-Power-Sharpening/case_studies/logs-entropycut/mbpp/2026-09-21/vllm/dataset-mbpp.model-qwen3.5-9b.alpha4.0.steps100.blocks-1.prefetch-budget-20.rank-accept_first.cut-entropy4.0.samples20.maxnew1024.seed10086.subtreePrefetch.vllm.log,381,17,2,0.011111801843061635
/Users/jiangnanhugo/workspace/power-sharpening/Subtree-Prefetching-Power-Sharpening/case_studies/logs-entropycut/mbpp/2026-09-21/vllm/dataset-mbpp.model-qwen3.5-9b.alpha4.0.steps100.blocks-1.prefetch-budget-20.rank-accept_first.cut-entropy4.0.samples20.maxnew1024.seed10086.subtreePrefetch.vllm.log,381,18,29,0.07670243741948458
/Users/jiangnanhugo/workspace/power-sharpening/Subtree-Prefetching-Power-Sharpening/case_studies/logs-entropycut/mbpp/2026-09-21/vllm/dataset-mbpp.model-qwen3.5-9b.alpha4.0.steps100.blocks-1.prefetch-budget-20.rank-accept_first.cut-entropy4.0.samples20.maxnew1024.seed10086.subtreePrefetch.vllm.log,381,19,36,0.10102202652826596
/Users/jiangnanhugo/workspace/power-sharpening/Subtree-Prefetching-Power-Sharpening/case_studies/logs-entropycut/mbpp/2026-09-21/vllm/dataset-mbpp.model-qwen3.5-9b.alpha4.0.steps100.blocks-1.prefetch-budget-20.rank-accept_first.cut-entropy4.0.samples20.maxnew1024.seed10086.subtreePrefetch.vllm.log,382,0,355,0.0005795208074469424
/Users/jiangnanhugo/workspace/power-sharpening/Subtree-Prefetching-Power-Sharpening/case_studies/logs-entropycut/mbpp/2026-09-21/vllm/dataset-mbpp.model-qwen3.5-9b.alpha4.0.steps100.blocks-1.prefetch-budget-20.rank-accept_first.cut-entropy4.0.samples20.maxnew1024.seed10086.subtreePrefetch.vllm.log,382,1,69,0.2850621172740546
/Users/jiangnanhugo/workspace/power-sharpening/Subtree-Prefetching-Power-Sharpening/case_studies/logs-entropycut/mbpp/2026-09-21/vllm/dataset-mbpp.model-qwen3.5-9b.alpha4.0.steps100.blocks-1.prefetch-budget-20.rank-accept_first.cut-entropy4.0.samples20.maxnew1024.seed10086.subtreePrefetch.vllm.log,382,2,36,0.10102202652826596
/Users/jiangnanhugo/workspace/power-sharpening/Subtree-Prefetching-Power-Sharpening/case_studies/logs-entropycut/mbpp/2026-09-21/vllm/dataset-mbpp.model-qwen3.5-9b.alpha4.0.steps100.blocks-1.prefetch-budget-20.rank-accept_first.cut-entropy4.0.samples20.maxnew1024.seed10086.subtreePrefetch.vllm.log,382,3,86,0.13870800914985662
/Users/jiangnanhugo/workspace/power-sharpening/Subtree-Prefetching-Power-Sharpening/case_studies/logs-entropycut/mbpp/2026-09-21/vllm/dataset-mbpp.model-qwen3.5-9b.alpha4.0.steps100.blocks-1.prefetch-budget-20.rank-accept_first.cut-entropy4.0.samples20.maxnew1024.seed10086.subtreePrefetch.vllm.log,382,4,69,0.2850621172740546
/Users/jiangnanhugo/workspace/power-sharpening/Subtree-Prefetching-Power-Sharpening/case_studies/logs-entropycut/mbpp/2026-09-21/vllm/dataset-mbpp.model-qwen3.5-9b.alpha4.0.steps100.blocks-1.prefetch-budget-20.rank-accept_first.cut-entropy4.0.samples20.maxnew1024.seed10086.subtreePrefetch.vllm.log,382,5,77,0.000784231693706408
/Users/jiangnanhugo/workspace/power-sharpening/Subtree-Prefetching-Power-Sharpening/case_studies/logs-entropycut/mbpp/2026-09-21/vllm/dataset-mbpp.model-qwen3.5-9b.alpha4.0.steps100.blocks-1.prefetch-budget-20.rank-accept_first.cut-entropy4.0.samples20.maxnew1024.seed10086.subtreePrefetch.vllm.log,382,6,36,0.10102202652826596
/Users/jiangnanhugo/workspace/power-sharpening/Subtree-Prefetching-Power-Sharpening/case_studies/logs-entropycut/mbpp/2026-09-21/vllm/dataset-mbpp.model-qwen3.5-9b.alpha4.0.steps100.blocks-1.prefetch-budget-20.rank-accept_first.cut-entropy4.0.samples20.maxnew1024.seed10086.subtreePrefetch.vllm.log,382,7,69,0.2850621172740546
/Users/jiangnanhugo/workspace/power-sharpening/Subtree-Prefetching-Power-Sharpening/case_studies/logs-entropycut/mbpp/2026-09-21/vllm/dataset-mbpp.model-qwen3.5-9b.alpha4.0.steps100.blocks-1.prefetch-budget-20.rank-accept_first.cut-entropy4.0.samples20.maxnew1024.seed10086.subtreePrefetch.vllm.log,382,8,69,0.2850621172740546
/Users/jiangnanhugo/workspace/power-sharpening/Subtree-Prefetching-Power-Sharpening/case_studies/logs-entropycut/mbpp/2026-09-21/vllm/dataset-mbpp.model-qwen3.5-9b.alpha4.0.steps100.blocks-1.prefetch-budget-20.rank-accept_first.cut-entropy4.0.samples20.maxnew1024.seed10086.subtreePrefetch.vllm.log,382,9,34,0.14632568312970454
/Users/jiangnanhugo/workspace/power-sharpening/Subtree-Prefetching-Power-Sharpening/case_studies/logs-entropycut/mbpp/2026-09-21/vllm/dataset-mbpp.model-qwen3.5-9b.alpha4.0.steps100.blocks-1.prefetch-budget-20.rank-accept_first.cut-entropy4.0.samples20.maxnew1024.seed10086.subtreePrefetch.vllm.log,382,10,29,0.07670243741948458
/Users/jiangnanhugo/workspace/power-sharpening/Subtree-Prefetching-Power-Sharpening/case_studies/logs-entropycut/mbpp/2026-09-21/vllm/dataset-mbpp.model-qwen3.5-9b.alpha4.0.steps100.blocks-1.prefetch-budget-20.rank-accept_first.cut-entropy4.0.samples20.maxnew1024.seed10086.subtreePrefetch.vllm.log,382,11,29,0.07670243741948458
/Users/jiangnanhugo/workspace/power-sharpening/Subtree-Prefetching-Power-Sharpening/case_studies/logs-entropycut/mbpp/2026-09-21/vllm/dataset-mbpp.model-qwen3.5-9b.alpha4.0.steps100.blocks-1.prefetch-budget-20.rank-accept_first.cut-entropy4.0.samples20.maxnew1024.seed10086.subtreePrefetch.vllm.log,382,12,29,0.07670243741948458
/Users/jiangnanhugo/workspace/power-sharpening/Subtree-Prefetching-Power-Sharpening/case_studies/logs-entropycut/mbpp/2026-09-21/vllm/dataset-mbpp.model-qwen3.5-9b.alpha4.0.steps100.blocks-1.prefetch-budget-20.rank-accept_first.cut-entropy4.0.samples20.maxnew1024.seed10086.subtreePrefetch.vllm.log,382,13,29,0.07670243741948458
/Users/jiangnanhugo/workspace/power-sharpening/Subtree-Prefetching-Power-Sharpening/case_studies/logs-entropycut/mbpp/2026-09-21/vllm/dataset-mbpp.model-qwen3.5-9b.alpha4.0.steps100.blocks-1.prefetch-budget-20.rank-accept_first.cut-entropy4.0.samples20.maxnew1024.seed10086.subtreePrefetch.vllm.log,382,14,34,0.14632568312970454
/Users/jiangnanhugo/workspace/power-sharpening/Subtree-Prefetching-Power-Sharpening/case_studies/logs-entropycut/mbpp/2026-09-21/vllm/dataset-mbpp.model-qwen3.5-9b.alpha4.0.steps100.blocks-1.prefetch-budget-20.rank-accept_first.cut-entropy4.0.samples20.maxnew1024.seed10086.subtreePrefetch.vllm.log,382,15,69,0.2850621172740546
/Users/jiangnanhugo/workspace/power-sharpening/Subtree-Prefetching-Power-Sharpening/case_studies/logs-entropycut/mbpp/2026-09-21/vllm/dataset-mbpp.model-qwen3.5-9b.alpha4.0.steps100.blocks-1.prefetch-budget-20.rank-accept_first.cut-entropy4.0.samples20.maxnew1024.seed10086.subtreePrefetch.vllm.log,382,16,29,0.07670243741948458
/Users/jiangnanhugo/workspace/power-sharpening/Subtree-Prefetching-Power-Sharpening/case_studies/logs-entropycut/mbpp/2026-09-21/vllm/dataset-mbpp.model-qwen3.5-9b.alpha4.0.steps100.blocks-1.prefetch-budget-20.rank-accept_first.cut-entropy4.0.samples20.maxnew1024.seed10086.subtreePrefetch.vllm.log,382,17,69,0.2850621172740546
/Users/jiangnanhugo/workspace/power-sharpening/Subtree-Prefetching-Power-Sharpening/case_studies/logs-entropycut/mbpp/2026-09-21/vllm/dataset-mbpp.model-qwen3.5-9b.alpha4.0.steps100.blocks-1.prefetch-budget-20.rank-accept_first.cut-entropy4.0.samples20.maxnew1024.seed10086.subtreePrefetch.vllm.log,382,18,29,0.07670243741948458
/Users/jiangnanhugo/workspace/power-sharpening/Subtree-Prefetching-Power-Sharpening/case_studies/logs-entropycut/mbpp/2026-09-21/vllm/dataset-mbpp.model-qwen3.5-9b.alpha4.0.steps100.blocks-1.prefetch-budget-20.rank-accept_first.cut-entropy4.0.samples20.maxnew1024.seed10086.subtreePrefetch.vllm.log,382,19,34,0.14632568312970454
/Users/jiangnanhugo/workspace/power-sharpening/Subtree-Prefetching-Power-Sharpening/case_studies/logs-entropycut/mbpp/2026-09-21/vllm/dataset-mbpp.model-qwen3.5-9b.alpha4.0.steps100.blocks-1.prefetch-budget-20.rank-accept_first.cut-entropy4.0.samples20.maxnew1024.seed10086.subtreePrefetch.vllm.log,383,0,69,0.28506211727191716
/Users/jiangnanhugo/workspace/power-sharpening/Subtree-Prefetching-Power-Sharpening/case_studies/logs-entropycut/mbpp/2026-09-21/vllm/dataset-mbpp.model-qwen3.5-9b.alpha4.0.steps100.blocks-1.prefetch-budget-20.rank-accept_first.cut-entropy4.0.samples20.maxnew1024.seed10086.subtreePrefetch.vllm.log,383,1,69,0.28506211727191716
/Users/jiangnanhugo/workspace/power-sharpening/Subtree-Prefetching-Power-Sharpening/case_studies/logs-entropycut/mbpp/2026-09-21/vllm/dataset-mbpp.model-qwen3.5-9b.alpha4.0.steps100.blocks-1.prefetch-budget-20.rank-accept_first.cut-entropy4.0.samples20.maxnew1024.seed10086.subtreePrefetch.vllm.log,383,2,34,0.14632568312860736
/Users/jiangnanhugo/workspace/power-sharpening/Subtree-Prefetching-Power-Sharpening/case_studies/logs-entropycut/mbpp/2026-09-21/vllm/dataset-mbpp.model-qwen3.5-9b.alpha4.0.steps100.blocks-1.prefetch-budget-20.rank-accept_first.cut-entropy4.0.samples20.maxnew1024.seed10086.subtreePrefetch.vllm.log,383,3,36,0.10102202652750848
/Users/jiangnanhugo/workspace/power-sharpening/Subtree-Prefetching-Power-Sharpening/case_studies/logs-entropycut/mbpp/2026-09-21/vllm/dataset-mbpp.model-qwen3.5-9b.alpha4.0.steps100.blocks-1.prefetch-budget-20.rank-accept_first.cut-entropy4.0.samples20.maxnew1024.seed10086.subtreePrefetch.vllm.log,383,4,29,0.07670243741890946
/Users/jiangnanhugo/workspace/power-sharpening/Subtree-Prefetching-Power-Sharpening/case_studies/logs-entropycut/mbpp/2026-09-21/vllm/dataset-mbpp.model-qwen3.5-9b.alpha4.0.steps100.blocks-1.prefetch-budget-20.rank-accept_first.cut-entropy4.0.samples20.maxnew1024.seed10086.subtreePrefetch.vllm.log,383,5,47,0.02529055725813236
/Users/jiangnanhugo/workspace/power-sharpening/Subtree-Prefetching-Power-Sharpening/case_studies/logs-entropycut/mbpp/2026-09-21/vllm/dataset-mbpp.model-qwen3.5-9b.alpha4.0.steps100.blocks-1.prefetch-budget-20.rank-accept_first.cut-entropy4.0.samples20.maxnew1024.seed10086.subtreePrefetch.vllm.log,383,6,34,0.14632568312860736
/Users/jiangnanhugo/workspace/power-sharpening/Subtree-Prefetching-Power-Sharpening/case_studies/logs-entropycut/mbpp/2026-09-21/vllm/dataset-mbpp.model-qwen3.5-9b.alpha4.0.steps100.blocks-1.prefetch-budget-20.rank-accept_first.cut-entropy4.0.samples20.maxnew1024.seed10086.subtreePrefetch.vllm.log,383,7,34,0.14632568312860736
/Users/jiangnanhugo/workspace/power-sharpening/Subtree-Prefetching-Power-Sharpening/case_studies/logs-entropycut/mbpp/2026-09-21/vllm/dataset-mbpp.model-qwen3.5-9b.alpha4.0.steps100.blocks-1.prefetch-budget-20.rank-accept_first.cut-entropy4.0.samples20.maxnew1024.seed10086.subtreePrefetch.vllm.log,383,8,34,0.14632568312860736
/Users/jiangnanhugo/workspace/power-sharpening/Subtree-Prefetching-Power-Sharpening/case_studies/logs-entropycut/mbpp/2026-09-21/vllm/dataset-mbpp.model-qwen3.5-9b.alpha4.0.steps100.blocks-1.prefetch-budget-20.rank-accept_first.cut-entropy4.0.samples20.maxnew1024.seed10086.subtreePrefetch.vllm.log,383,9,34,0.14632568312860736
/Users/jiangnanhugo/workspace/power-sharpening/Subtree-Prefetching-Power-Sharpening/case_studies/logs-entropycut/mbpp/2026-09-21/vllm/dataset-mbpp.model-qwen3.5-9b.alpha4.0.steps100.blocks-1.prefetch-budget-20.rank-accept_first.cut-entropy4.0.samples20.maxnew1024.seed10086.subtreePrefetch.vllm.log,383,10,36,0.10102202652750848
/Users/jiangnanhugo/workspace/power-sharpening/Subtree-Prefetching-Power-Sharpening/case_studies/logs-entropycut/mbpp/2026-09-21/vllm/dataset-mbpp.model-qwen3.5-9b.alpha4.0.steps100.blocks-1.prefetch-budget-20.rank-accept_first.cut-entropy4.0.samples20.maxnew1024.seed10086.subtreePrefetch.vllm.log,383,11,34,0.14632568312860736
/Users/jiangnanhugo/workspace/power-sharpening/Subtree-Prefetching-Power-Sharpening/case_studies/logs-entropycut/mbpp/2026-09-21/vllm/dataset-mbpp.model-qwen3.5-9b.alpha4.0.steps100.blocks-1.prefetch-budget-20.rank-accept_first.cut-entropy4.0.samples20.maxnew1024.seed10086.subtreePrefetch.vllm.log,383,12,29,0.07670243741890946
/Users/jiangnanhugo/workspace/power-sharpening/Subtree-Prefetching-Power-Sharpening/case_studies/logs-entropycut/mbpp/2026-09-21/vllm/dataset-mbpp.model-qwen3.5-9b.alpha4.0.steps100.blocks-1.prefetch-budget-20.rank-accept_first.cut-entropy4.0.samples20.maxnew1024.seed10086.subtreePrefetch.vllm.log,383,13,33,0.0009031836620311856
/Users/jiangnanhugo/workspace/power-sharpening/Subtree-Prefetching-Power-Sharpening/case_studies/logs-entropycut/mbpp/2026-09-21/vllm/dataset-mbpp.model-qwen3.5-9b.alpha4.0.steps100.blocks-1.prefetch-budget-20.rank-accept_first.cut-entropy4.0.samples20.maxnew1024.seed10086.subtreePrefetch.vllm.log,383,14,36,0.10102202652750848
/Users/jiangnanhugo/workspace/power-sharpening/Subtree-Prefetching-Power-Sharpening/case_studies/logs-entropycut/mbpp/2026-09-21/vllm/dataset-mbpp.model-qwen3.5-9b.alpha4.0.steps100.blocks-1.prefetch-budget-20.rank-accept_first.cut-entropy4.0.samples20.maxnew1024.seed10086.subtreePrefetch.vllm.log,383,15,34,0.14632568312860736
/Users/jiangnanhugo/workspace/power-sharpening/Subtree-Prefetching-Power-Sharpening/case_studies/logs-entropycut/mbpp/2026-09-21/vllm/dataset-mbpp.model-qwen3.5-9b.alpha4.0.steps100.blocks-1.prefetch-budget-20.rank-accept_first.cut-entropy4.0.samples20.maxnew1024.seed10086.subtreePrefetch.vllm.log,383,16,29,0.07670243741890946
/Users/jiangnanhugo/workspace/power-sharpening/Subtree-Prefetching-Power-Sharpening/case_studies/logs-entropycut/mbpp/2026-09-21/vllm/dataset-mbpp.model-qwen3.5-9b.alpha4.0.steps100.blocks-1.prefetch-budget-20.rank-accept_first.cut-entropy4.0.samples20.maxnew1024.seed10086.subtreePrefetch.vllm.log,383,17,69,0.28506211727191716
/Users/jiangnanhugo/workspace/power-sharpening/Subtree-Prefetching-Power-Sharpening/case_studies/logs-entropycut/mbpp/2026-09-21/vllm/dataset-mbpp.model-qwen3.5-9b.alpha4.0.steps100.blocks-1.prefetch-budget-20.rank-accept_first.cut-entropy4.0.samples20.maxnew1024.seed10086.subtreePrefetch.vllm.log,383,18,34,0.14632568312860736
/Users/jiangnanhugo/workspace/power-sharpening/Subtree-Prefetching-Power-Sharpening/case_studies/logs-entropycut/mbpp/2026-09-21/vllm/dataset-mbpp.model-qwen3.5-9b.alpha4.0.steps100.blocks-1.prefetch-budget-20.rank-accept_first.cut-entropy4.0.samples20.maxnew1024.seed10086.subtreePrefetch.vllm.log,383,19,29,0.07670243741890946
/Users/jiangnanhugo/workspace/power-sharpening/Subtree-Prefetching-Power-Sharpening/case_studies/logs-entropycut/mbpp/2026-09-21/vllm/dataset-mbpp.model-qwen3.5-9b.alpha4.0.steps100.blocks-1.prefetch-budget-20.rank-accept_first.cut-entropy4.0.samples20.maxnew1024.seed10086.subtreePrefetch.vllm.log,384,0,69,0.2850621172739021
/Users/jiangnanhugo/workspace/power-sharpening/Subtree-Prefetching-Power-Sharpening/case_studies/logs-entropycut/mbpp/2026-09-21/vllm/dataset-mbpp.model-qwen3.5-9b.alpha4.0.steps100.blocks-1.prefetch-budget-20.rank-accept_first.cut-entropy4.0.samples20.maxnew1024.seed10086.subtreePrefetch.vllm.log,384,1,29,0.07670243741944355
/Users/jiangnanhugo/workspace/power-sharpening/Subtree-Prefetching-Power-Sharpening/case_studies/logs-entropycut/mbpp/2026-09-21/vllm/dataset-mbpp.model-qwen3.5-9b.alpha4.0.steps100.blocks-1.prefetch-budget-20.rank-accept_first.cut-entropy4.0.samples20.maxnew1024.seed10086.subtreePrefetch.vllm.log,384,2,69,0.2850621172739021
/Users/jiangnanhugo/workspace/power-sharpening/Subtree-Prefetching-Power-Sharpening/case_studies/logs-entropycut/mbpp/2026-09-21/vllm/dataset-mbpp.model-qwen3.5-9b.alpha4.0.steps100.blocks-1.prefetch-budget-20.rank-accept_first.cut-entropy4.0.samples20.maxnew1024.seed10086.subtreePrefetch.vllm.log,384,3,34,0.14632568312962627
/Users/jiangnanhugo/workspace/power-sharpening/Subtree-Prefetching-Power-Sharpening/case_studies/logs-entropycut/mbpp/2026-09-21/vllm/dataset-mbpp.model-qwen3.5-9b.alpha4.0.steps100.blocks-1.prefetch-budget-20.rank-accept_first.cut-entropy4.0.samples20.maxnew1024.seed10086.subtreePrefetch.vllm.log,384,4,73,0.1216884097015849
/Users/jiangnanhugo/workspace/power-sharpening/Subtree-Prefetching-Power-Sharpening/case_studies/logs-entropycut/mbpp/2026-09-21/vllm/dataset-mbpp.model-qwen3.5-9b.alpha4.0.steps100.blocks-1.prefetch-budget-20.rank-accept_first.cut-entropy4.0.samples20.maxnew1024.seed10086.subtreePrefetch.vllm.log,384,5,34,0.14632568312962627
/Users/jiangnanhugo/workspace/power-sharpening/Subtree-Prefetching-Power-Sharpening/case_studies/logs-entropycut/mbpp/2026-09-21/vllm/dataset-mbpp.model-qwen3.5-9b.alpha4.0.steps100.blocks-1.prefetch-budget-20.rank-accept_first.cut-entropy4.0.samples20.maxnew1024.seed10086.subtreePrefetch.vllm.log,384,6,36,0.1010220265282119
/Users/jiangnanhugo/workspace/power-sharpening/Subtree-Prefetching-Power-Sharpening/case_studies/logs-entropycut/mbpp/2026-09-21/vllm/dataset-mbpp.model-qwen3.5-9b.alpha4.0.steps100.blocks-1.prefetch-budget-20.rank-accept_first.cut-entropy4.0.samples20.maxnew1024.seed10086.subtreePrefetch.vllm.log,384,7,34,0.14632568312962627
/Users/jiangnanhugo/workspace/power-sharpening/Subtree-Prefetching-Power-Sharpening/case_studies/logs-entropycut/mbpp/2026-09-21/vllm/dataset-mbpp.model-qwen3.5-9b.alpha4.0.steps100.blocks-1.prefetch-budget-20.rank-accept_first.cut-entropy4.0.samples20.maxnew1024.seed10086.subtreePrefetch.vllm.log,384,8,36,0.1010220265282119
/Users/jiangnanhugo/workspace/power-sharpening/Subtree-Prefetching-Power-Sharpening/case_studies/logs-entropycut/mbpp/2026-09-21/vllm/dataset-mbpp.model-qwen3.5-9b.alpha4.0.steps100.blocks-1.prefetch-budget-20.rank-accept_first.cut-entropy4.0.samples20.maxnew1024.seed10086.subtreePrefetch.vllm.log,384,9,69,0.2850621172739021
/Users/jiangnanhugo/workspace/power-sharpening/Subtree-Prefetching-Power-Sharpening/case_studies/logs-entropycut/mbpp/2026-09-21/vllm/dataset-mbpp.model-qwen3.5-9b.alpha4.0.steps100.blocks-1.prefetch-budget-20.rank-accept_first.cut-entropy4.0.samples20.maxnew1024.seed10086.subtreePrefetch.vllm.log,384,10,51,0.004139282532939534
/Users/jiangnanhugo/workspace/power-sharpening/Subtree-Prefetching-Power-Sharpening/case_studies/logs-entropycut/mbpp/2026-09-21/vllm/dataset-mbpp.model-qwen3.5-9b.alpha4.0.steps100.blocks-1.prefetch-budget-20.rank-accept_first.cut-entropy4.0.samples20.maxnew1024.seed10086.subtreePrefetch.vllm.log,384,11,29,0.07670243741944355
/Users/jiangnanhugo/workspace/power-sharpening/Subtree-Prefetching-Power-Sharpening/case_studies/logs-entropycut/mbpp/2026-09-21/vllm/dataset-mbpp.model-qwen3.5-9b.alpha4.0.steps100.blocks-1.prefetch-budget-20.rank-accept_first.cut-entropy4.0.samples20.maxnew1024.seed10086.subtreePrefetch.vllm.log,384,12,34,0.14632568312962627
/Users/jiangnanhugo/workspace/power-sharpening/Subtree-Prefetching-Power-Sharpening/case_studies/logs-entropycut/mbpp/2026-09-21/vllm/dataset-mbpp.model-qwen3.5-9b.alpha4.0.steps100.blocks-1.prefetch-budget-20.rank-accept_first.cut-entropy4.0.samples20.maxnew1024.seed10086.subtreePrefetch.vllm.log,384,13,34,0.14632568312962627
/Users/jiangnanhugo/workspace/power-sharpening/Subtree-Prefetching-Power-Sharpening/case_studies/logs-entropycut/mbpp/2026-09-21/vllm/dataset-mbpp.model-qwen3.5-9b.alpha4.0.steps100.blocks-1.prefetch-budget-20.rank-accept_first.cut-entropy4.0.samples20.maxnew1024.seed10086.subtreePrefetch.vllm.log,384,14,29,0.07670243741944355
/Users/jiangnanhugo/workspace/power-sharpening/Subtree-Prefetching-Power-Sharpening/case_studies/logs-entropycut/mbpp/2026-09-21/vllm/dataset-mbpp.model-qwen3.5-9b.alpha4.0.steps100.blocks-1.prefetch-budget-20.rank-accept_first.cut-entropy4.0.samples20.maxnew1024.seed10086.subtreePrefetch.vllm.log,384,15,36,0.1010220265282119
/Users/jiangnanhugo/workspace/power-sharpening/Subtree-Prefetching-Power-Sharpening/case_studies/logs-entropycut/mbpp/2026-09-21/vllm/dataset-mbpp.model-qwen3.5-9b.alpha4.0.steps100.blocks-1.prefetch-budget-20.rank-accept_first.cut-entropy4.0.samples20.maxnew1024.seed10086.subtreePrefetch.vllm.log,384,16,34,0.14632568312962627
/Users/jiangnanhugo/workspace/power-sharpening/Subtree-Prefetching-Power-Sharpening/case_studies/logs-entropycut/mbpp/2026-09-21/vllm/dataset-mbpp.model-qwen3.5-9b.alpha4.0.steps100.blocks-1.prefetch-budget-20.rank-accept_first.cut-entropy4.0.samples20.maxnew1024.seed10086.subtreePrefetch.vllm.log,384,17,34,0.14632568312962627
/Users/jiangnanhugo/workspace/power-sharpening/Subtree-Prefetching-Power-Sharpening/case_studies/logs-entropycut/mbpp/2026-09-21/vllm/dataset-mbpp.model-qwen3.5-9b.alpha4.0.steps100.blocks-1.prefetch-budget-20.rank-accept_first.cut-entropy4.0.samples20.maxnew1024.seed10086.subtreePrefetch.vllm.log,384,18,36,0.1010220265282119
/Users/jiangnanhugo/workspace/power-sharpening/Subtree-Prefetching-Power-Sharpening/case_studies/logs-entropycut/mbpp/2026-09-21/vllm/dataset-mbpp.model-qwen3.5-9b.alpha4.0.steps100.blocks-1.prefetch-budget-20.rank-accept_first.cut-entropy4.0.samples20.maxnew1024.seed10086.subtreePrefetch.vllm.log,384,19,134,0.009661951023019106
/Users/jiangnanhugo/workspace/power-sharpening/Subtree-Prefetching-Power-Sharpening/case_studies/logs-entropycut/mbpp/2026-09-21/vllm/dataset-mbpp.model-qwen3.5-9b.alpha4.0.steps100.blocks-1.prefetch-budget-20.rank-accept_first.cut-entropy4.0.samples20.maxnew1024.seed10086.subtreePrefetch.vllm.log,385,0,73,0.12168840970127821
/Users/jiangnanhugo/workspace/power-sharpening/Subtree-Prefetching-Power-Sharpening/case_studies/logs-entropycut/mbpp/2026-09-21/vllm/dataset-mbpp.model-qwen3.5-9b.alpha4.0.steps100.blocks-1.prefetch-budget-20.rank-accept_first.cut-entropy4.0.samples20.maxnew1024.seed10086.subtreePrefetch.vllm.log,385,1,34,0.14632568312925748
/Users/jiangnanhugo/workspace/power-sharpening/Subtree-Prefetching-Power-Sharpening/case_studies/logs-entropycut/mbpp/2026-09-21/vllm/dataset-mbpp.model-qwen3.5-9b.alpha4.0.steps100.blocks-1.prefetch-budget-20.rank-accept_first.cut-entropy4.0.samples20.maxnew1024.seed10086.subtreePrefetch.vllm.log,385,2,34,0.14632568312925748
/Users/jiangnanhugo/workspace/power-sharpening/Subtree-Prefetching-Power-Sharpening/case_studies/logs-entropycut/mbpp/2026-09-21/vllm/dataset-mbpp.model-qwen3.5-9b.alpha4.0.steps100.blocks-1.prefetch-budget-20.rank-accept_first.cut-entropy4.0.samples20.maxnew1024.seed10086.subtreePrefetch.vllm.log,385,3,34,0.14632568312925748
/Users/jiangnanhugo/workspace/power-sharpening/Subtree-Prefetching-Power-Sharpening/case_studies/logs-entropycut/mbpp/2026-09-21/vllm/dataset-mbpp.model-qwen3.5-9b.alpha4.0.steps100.blocks-1.prefetch-budget-20.rank-accept_first.cut-entropy4.0.samples20.maxnew1024.seed10086.subtreePrefetch.vllm.log,385,4,29,0.07670243741925023
/Users/jiangnanhugo/workspace/power-sharpening/Subtree-Prefetching-Power-Sharpening/case_studies/logs-entropycut/mbpp/2026-09-21/vllm/dataset-mbpp.model-qwen3.5-9b.alpha4.0.steps100.blocks-1.prefetch-budget-20.rank-accept_first.cut-entropy4.0.samples20.maxnew1024.seed10086.subtreePrefetch.vllm.log,385,5,42,0.030709722612889963
/Users/jiangnanhugo/workspace/power-sharpening/Subtree-Prefetching-Power-Sharpening/case_studies/logs-entropycut/mbpp/2026-09-21/vllm/dataset-mbpp.model-qwen3.5-9b.alpha4.0.steps100.blocks-1.prefetch-budget-20.rank-accept_first.cut-entropy4.0.samples20.maxnew1024.seed10086.subtreePrefetch.vllm.log,385,6,69,0.28506211727318365
/Users/jiangnanhugo/workspace/power-sharpening/Subtree-Prefetching-Power-Sharpening/case_studies/logs-entropycut/mbpp/2026-09-21/vllm/dataset-mbpp.model-qwen3.5-9b.alpha4.0.steps100.blocks-1.prefetch-budget-20.rank-accept_first.cut-entropy4.0.samples20.maxnew1024.seed10086.subtreePrefetch.vllm.log,385,7,69,0.28506211727318365
/Users/jiangnanhugo/workspace/power-sharpening/Subtree-Prefetching-Power-Sharpening/case_studies/logs-entropycut/mbpp/2026-09-21/vllm/dataset-mbpp.model-qwen3.5-9b.alpha4.0.steps100.blocks-1.prefetch-budget-20.rank-accept_first.cut-entropy4.0.samples20.maxnew1024.seed10086.subtreePrefetch.vllm.log,385,8,69,0.28506211727318365
/Users/jiangnanhugo/workspace/power-sharpening/Subtree-Prefetching-Power-Sharpening/case_studies/logs-entropycut/mbpp/2026-09-21/vllm/dataset-mbpp.model-qwen3.5-9b.alpha4.0.steps100.blocks-1.prefetch-budget-20.rank-accept_first.cut-entropy4.0.samples20.maxnew1024.seed10086.subtreePrefetch.vllm.log,385,9,34,0.14632568312925748
/Users/jiangnanhugo/workspace/power-sharpening/Subtree-Prefetching-Power-Sharpening/case_studies/logs-entropycut/mbpp/2026-09-21/vllm/dataset-mbpp.model-qwen3.5-9b.alpha4.0.steps100.blocks-1.prefetch-budget-20.rank-accept_first.cut-entropy4.0.samples20.maxnew1024.seed10086.subtreePrefetch.vllm.log,385,10,34,0.14632568312925748
/Users/jiangnanhugo/workspace/power-sharpening/Subtree-Prefetching-Power-Sharpening/case_studies/logs-entropycut/mbpp/2026-09-21/vllm/dataset-mbpp.model-qwen3.5-9b.alpha4.0.steps100.blocks-1.prefetch-budget-20.rank-accept_first.cut-entropy4.0.samples20.maxnew1024.seed10086.subtreePrefetch.vllm.log,385,11,69,0.28506211727318365
/Users/jiangnanhugo/workspace/power-sharpening/Subtree-Prefetching-Power-Sharpening/case_studies/logs-entropycut/mbpp/2026-09-21/vllm/dataset-mbpp.model-qwen3.5-9b.alpha4.0.steps100.blocks-1.prefetch-budget-20.rank-accept_first.cut-entropy4.0.samples20.maxnew1024.seed10086.subtreePrefetch.vllm.log,385,12,42,0.030709722612889963
/Users/jiangnanhugo/workspace/power-sharpening/Subtree-Prefetching-Power-Sharpening/case_studies/logs-entropycut/mbpp/2026-09-21/vllm/dataset-mbpp.model-qwen3.5-9b.alpha4.0.steps100.blocks-1.prefetch-budget-20.rank-accept_first.cut-entropy4.0.samples20.maxnew1024.seed10086.subtreePrefetch.vllm.log,385,13,34,0.14632568312925748
/Users/jiangnanhugo/workspace/power-sharpening/Subtree-Prefetching-Power-Sharpening/case_studies/logs-entropycut/mbpp/2026-09-21/vllm/dataset-mbpp.model-qwen3.5-9b.alpha4.0.steps100.blocks-1.prefetch-budget-20.rank-accept_first.cut-entropy4.0.samples20.maxnew1024.seed10086.subtreePrefetch.vllm.log,385,14,34,0.14632568312925748
/Users/jiangnanhugo/workspace/power-sharpening/Subtree-Prefetching-Power-Sharpening/case_studies/logs-entropycut/mbpp/2026-09-21/vllm/dataset-mbpp.model-qwen3.5-9b.alpha4.0.steps100.blocks-1.prefetch-budget-20.rank-accept_first.cut-entropy4.0.samples20.maxnew1024.seed10086.subtreePrefetch.vllm.log,385,15,34,0.14632568312925748
/Users/jiangnanhugo/workspace/power-sharpening/Subtree-Prefetching-Power-Sharpening/case_studies/logs-entropycut/mbpp/2026-09-21/vllm/dataset-mbpp.model-qwen3.5-9b.alpha4.0.steps100.blocks-1.prefetch-budget-20.rank-accept_first.cut-entropy4.0.samples20.maxnew1024.seed10086.subtreePrefetch.vllm.log,385,16,34,0.14632568312925748
/Users/jiangnanhugo/workspace/power-sharpening/Subtree-Prefetching-Power-Sharpening/case_studies/logs-entropycut/mbpp/2026-09-21/vllm/dataset-mbpp.model-qwen3.5-9b.alpha4.0.steps100.blocks-1.prefetch-budget-20.rank-accept_first.cut-entropy4.0.samples20.maxnew1024.seed10086.subtreePrefetch.vllm.log,385,17,73,0.12168840970127821
/Users/jiangnanhugo/workspace/power-sharpening/Subtree-Prefetching-Power-Sharpening/case_studies/logs-entropycut/mbpp/2026-09-21/vllm/dataset-mbpp.model-qwen3.5-9b.alpha4.0.steps100.blocks-1.prefetch-budget-20.rank-accept_first.cut-entropy4.0.samples20.maxnew1024.seed10086.subtreePrefetch.vllm.log,385,18,34,0.14632568312925748
/Users/jiangnanhugo/workspace/power-sharpening/Subtree-Prefetching-Power-Sharpening/case_studies/logs-entropycut/mbpp/2026-09-21/vllm/dataset-mbpp.model-qwen3.5-9b.alpha4.0.steps100.blocks-1.prefetch-budget-20.rank-accept_first.cut-entropy4.0.samples20.maxnew1024.seed10086.subtreePrefetch.vllm.log,385,19,42,0.030709722612889963
/Users/jiangnanhugo/workspace/power-sharpening/Subtree-Prefetching-Power-Sharpening/case_studies/logs-entropycut/mbpp/2026-09-21/vllm/dataset-mbpp.model-qwen3.5-9b.alpha4.0.steps100.blocks-1.prefetch-budget-20.rank-accept_first.cut-entropy4.0.samples20.maxnew1024.seed10086.subtreePrefetch.vllm.log,386,0,69,0.2870623409778602
/Users/jiangnanhugo/workspace/power-sharpening/Subtree-Prefetching-Power-Sharpening/case_studies/logs-entropycut/mbpp/2026-09-21/vllm/dataset-mbpp.model-qwen3.5-9b.alpha4.0.steps100.blocks-1.prefetch-budget-20.rank-accept_first.cut-entropy4.0.samples20.maxnew1024.seed10086.subtreePrefetch.vllm.log,386,1,43,0.008160523435517
/Users/jiangnanhugo/workspace/power-sharpening/Subtree-Prefetching-Power-Sharpening/case_studies/logs-entropycut/mbpp/2026-09-21/vllm/dataset-mbpp.model-qwen3.5-9b.alpha4.0.steps100.blocks-1.prefetch-budget-20.rank-accept_first.cut-entropy4.0.samples20.maxnew1024.seed10086.subtreePrefetch.vllm.log,386,2,73,0.1231899537478691
/Users/jiangnanhugo/workspace/power-sharpening/Subtree-Prefetching-Power-Sharpening/case_studies/logs-entropycut/mbpp/2026-09-21/vllm/dataset-mbpp.model-qwen3.5-9b.alpha4.0.steps100.blocks-1.prefetch-budget-20.rank-accept_first.cut-entropy4.0.samples20.maxnew1024.seed10086.subtreePrefetch.vllm.log,386,3,34,0.1473524211006086
/Users/jiangnanhugo/workspace/power-sharpening/Subtree-Prefetching-Power-Sharpening/case_studies/logs-entropycut/mbpp/2026-09-21/vllm/dataset-mbpp.model-qwen3.5-9b.alpha4.0.steps100.blocks-1.prefetch-budget-20.rank-accept_first.cut-entropy4.0.samples20.maxnew1024.seed10086.subtreePrefetch.vllm.log,386,4,2,0.011189771127970559
/Users/jiangnanhugo/workspace/power-sharpening/Subtree-Prefetching-Power-Sharpening/case_studies/logs-entropycut/mbpp/2026-09-21/vllm/dataset-mbpp.model-qwen3.5-9b.alpha4.0.steps100.blocks-1.prefetch-budget-20.rank-accept_first.cut-entropy4.0.samples20.maxnew1024.seed10086.subtreePrefetch.vllm.log,386,5,69,0.2870623409778602
/Users/jiangnanhugo/workspace/power-sharpening/Subtree-Prefetching-Power-Sharpening/case_studies/logs-entropycut/mbpp/2026-09-21/vllm/dataset-mbpp.model-qwen3.5-9b.alpha4.0.steps100.blocks-1.prefetch-budget-20.rank-accept_first.cut-entropy4.0.samples20.maxnew1024.seed10086.subtreePrefetch.vllm.log,386,6,34,0.1473524211006086
/Users/jiangnanhugo/workspace/power-sharpening/Subtree-Prefetching-Power-Sharpening/case_studies/logs-entropycut/mbpp/2026-09-21/vllm/dataset-mbpp.model-qwen3.5-9b.alpha4.0.steps100.blocks-1.prefetch-budget-20.rank-accept_first.cut-entropy4.0.samples20.maxnew1024.seed10086.subtreePrefetch.vllm.log,386,7,29,0.07724064303913421
/Users/jiangnanhugo/workspace/power-sharpening/Subtree-Prefetching-Power-Sharpening/case_studies/logs-entropycut/mbpp/2026-09-21/vllm/dataset-mbpp.model-qwen3.5-9b.alpha4.0.steps100.blocks-1.prefetch-budget-20.rank-accept_first.cut-entropy4.0.samples20.maxnew1024.seed10086.subtreePrefetch.vllm.log,386,8,69,0.2870623409778602
/Users/jiangnanhugo/workspace/power-sharpening/Subtree-Prefetching-Power-Sharpening/case_studies/logs-entropycut/mbpp/2026-09-21/vllm/dataset-mbpp.model-qwen3.5-9b.alpha4.0.steps100.blocks-1.prefetch-budget-20.rank-accept_first.cut-entropy4.0.samples20.maxnew1024.seed10086.subtreePrefetch.vllm.log,386,9,34,0.1473524211006086
/Users/jiangnanhugo/workspace/power-sharpening/Subtree-Prefetching-Power-Sharpening/case_studies/logs-entropycut/mbpp/2026-09-21/vllm/dataset-mbpp.model-qwen3.5-9b.alpha4.0.steps100.blocks-1.prefetch-budget-20.rank-accept_first.cut-entropy4.0.samples20.maxnew1024.seed10086.subtreePrefetch.vllm.log,386,10,69,0.2870623409778602
/Users/jiangnanhugo/workspace/power-sharpening/Subtree-Prefetching-Power-Sharpening/case_studies/logs-entropycut/mbpp/2026-09-21/vllm/dataset-mbpp.model-qwen3.5-9b.alpha4.0.steps100.blocks-1.prefetch-budget-20.rank-accept_first.cut-entropy4.0.samples20.maxnew1024.seed10086.subtreePrefetch.vllm.log,386,11,29,0.07724064303913421
/Users/jiangnanhugo/workspace/power-sharpening/Subtree-Prefetching-Power-Sharpening/case_studies/logs-entropycut/mbpp/2026-09-21/vllm/dataset-mbpp.model-qwen3.5-9b.alpha4.0.steps100.blocks-1.prefetch-budget-20.rank-accept_first.cut-entropy4.0.samples20.maxnew1024.seed10086.subtreePrefetch.vllm.log,386,12,29,0.07724064303913421
/Users/jiangnanhugo/workspace/power-sharpening/Subtree-Prefetching-Power-Sharpening/case_studies/logs-entropycut/mbpp/2026-09-21/vllm/dataset-mbpp.model-qwen3.5-9b.alpha4.0.steps100.blocks-1.prefetch-budget-20.rank-accept_first.cut-entropy4.0.samples20.maxnew1024.seed10086.subtreePrefetch.vllm.log,386,13,73,0.1231899537478691
/Users/jiangnanhugo/workspace/power-sharpening/Subtree-Prefetching-Power-Sharpening/case_studies/logs-entropycut/mbpp/2026-09-21/vllm/dataset-mbpp.model-qwen3.5-9b.alpha4.0.steps100.blocks-1.prefetch-budget-20.rank-accept_first.cut-entropy4.0.samples20.maxnew1024.seed10086.subtreePrefetch.vllm.log,386,14,34,0.1473524211006086
/Users/jiangnanhugo/workspace/power-sharpening/Subtree-Prefetching-Power-Sharpening/case_studies/logs-entropycut/mbpp/2026-09-21/vllm/dataset-mbpp.model-qwen3.5-9b.alpha4.0.steps100.blocks-1.prefetch-budget-20.rank-accept_first.cut-entropy4.0.samples20.maxnew1024.seed10086.subtreePrefetch.vllm.log,386,15,29,0.07724064303913421
/Users/jiangnanhugo/workspace/power-sharpening/Subtree-Prefetching-Power-Sharpening/case_studies/logs-entropycut/mbpp/2026-09-21/vllm/dataset-mbpp.model-qwen3.5-9b.alpha4.0.steps100.blocks-1.prefetch-budget-20.rank-accept_first.cut-entropy4.0.samples20.maxnew1024.seed10086.subtreePrefetch.vllm.log,386,16,69,0.2870623409778602
/Users/jiangnanhugo/workspace/power-sharpening/Subtree-Prefetching-Power-Sharpening/case_studies/logs-entropycut/mbpp/2026-09-21/vllm/dataset-mbpp.model-qwen3.5-9b.alpha4.0.steps100.blocks-1.prefetch-budget-20.rank-accept_first.cut-entropy4.0.samples20.maxnew1024.seed10086.subtreePrefetch.vllm.log,386,17,42,0.030925206577304205
/Users/jiangnanhugo/workspace/power-sharpening/Subtree-Prefetching-Power-Sharpening/case_studies/logs-entropycut/mbpp/2026-09-21/vllm/dataset-mbpp.model-qwen3.5-9b.alpha4.0.steps100.blocks-1.prefetch-budget-20.rank-accept_first.cut-entropy4.0.samples20.maxnew1024.seed10086.subtreePrefetch.vllm.log,386,18,34,0.1473524211006086
/Users/jiangnanhugo/workspace/power-sharpening/Subtree-Prefetching-Power-Sharpening/case_studies/logs-entropycut/mbpp/2026-09-21/vllm/dataset-mbpp.model-qwen3.5-9b.alpha4.0.steps100.blocks-1.prefetch-budget-20.rank-accept_first.cut-entropy4.0.samples20.maxnew1024.seed10086.subtreePrefetch.vllm.log,386,19,51,0.004168327048285675
/Users/jiangnanhugo/workspace/power-sharpening/Subtree-Prefetching-Power-Sharpening/case_studies/logs-entropycut/mbpp/2026-09-21/vllm/dataset-mbpp.model-qwen3.5-9b.alpha4.0.steps100.blocks-1.prefetch-budget-20.rank-accept_first.cut-entropy4.0.samples20.maxnew1024.seed10086.subtreePrefetch.vllm.log,387,0,69,0.2911671358818867
/Users/jiangnanhugo/workspace/power-sharpening/Subtree-Prefetching-Power-Sharpening/case_studies/logs-entropycut/mbpp/2026-09-21/vllm/dataset-mbpp.model-qwen3.5-9b.alpha4.0.steps100.blocks-1.prefetch-budget-20.rank-accept_first.cut-entropy4.0.samples20.maxnew1024.seed10086.subtreePrefetch.vllm.log,387,1,69,0.2911671358818867
/Users/jiangnanhugo/workspace/power-sharpening/Subtree-Prefetching-Power-Sharpening/case_studies/logs-entropycut/mbpp/2026-09-21/vllm/dataset-mbpp.model-qwen3.5-9b.alpha4.0.steps100.blocks-1.prefetch-budget-20.rank-accept_first.cut-entropy4.0.samples20.maxnew1024.seed10086.subtreePrefetch.vllm.log,387,2,69,0.2911671358818867
/Users/jiangnanhugo/workspace/power-sharpening/Subtree-Prefetching-Power-Sharpening/case_studies/logs-entropycut/mbpp/2026-09-21/vllm/dataset-mbpp.model-qwen3.5-9b.alpha4.0.steps100.blocks-1.prefetch-budget-20.rank-accept_first.cut-entropy4.0.samples20.maxnew1024.seed10086.subtreePrefetch.vllm.log,387,3,34,0.1465876105480056
/Users/jiangnanhugo/workspace/power-sharpening/Subtree-Prefetching-Power-Sharpening/case_studies/logs-entropycut/mbpp/2026-09-21/vllm/dataset-mbpp.model-qwen3.5-9b.alpha4.0.steps100.blocks-1.prefetch-budget-20.rank-accept_first.cut-entropy4.0.samples20.maxnew1024.seed10086.subtreePrefetch.vllm.log,387,4,69,0.2911671358818867
/Users/jiangnanhugo/workspace/power-sharpening/Subtree-Prefetching-Power-Sharpening/case_studies/logs-entropycut/mbpp/2026-09-21/vllm/dataset-mbpp.model-qwen3.5-9b.alpha4.0.steps100.blocks-1.prefetch-budget-20.rank-accept_first.cut-entropy4.0.samples20.maxnew1024.seed10086.subtreePrefetch.vllm.log,387,5,43,0.009515362322711152
/Users/jiangnanhugo/workspace/power-sharpening/Subtree-Prefetching-Power-Sharpening/case_studies/logs-entropycut/mbpp/2026-09-21/vllm/dataset-mbpp.model-qwen3.5-9b.alpha4.0.steps100.blocks-1.prefetch-budget-20.rank-accept_first.cut-entropy4.0.samples20.maxnew1024.seed10086.subtreePrefetch.vllm.log,387,6,69,0.2911671358818867
/Users/jiangnanhugo/workspace/power-sharpening/Subtree-Prefetching-Power-Sharpening/case_studies/logs-entropycut/mbpp/2026-09-21/vllm/dataset-mbpp.model-qwen3.5-9b.alpha4.0.steps100.blocks-1.prefetch-budget-20.rank-accept_first.cut-entropy4.0.samples20.maxnew1024.seed10086.subtreePrefetch.vllm.log,387,7,69,0.2911671358818867
/Users/jiangnanhugo/workspace/power-sharpening/Subtree-Prefetching-Power-Sharpening/case_studies/logs-entropycut/mbpp/2026-09-21/vllm/dataset-mbpp.model-qwen3.5-9b.alpha4.0.steps100.blocks-1.prefetch-budget-20.rank-accept_first.cut-entropy4.0.samples20.maxnew1024.seed10086.subtreePrefetch.vllm.log,387,8,29,0.07683973711275084
/Users/jiangnanhugo/workspace/power-sharpening/Subtree-Prefetching-Power-Sharpening/case_studies/logs-entropycut/mbpp/2026-09-21/vllm/dataset-mbpp.model-qwen3.5-9b.alpha4.0.steps100.blocks-1.prefetch-budget-20.rank-accept_first.cut-entropy4.0.samples20.maxnew1024.seed10086.subtreePrefetch.vllm.log,387,9,51,0.00439455313269808
/Users/jiangnanhugo/workspace/power-sharpening/Subtree-Prefetching-Power-Sharpening/case_studies/logs-entropycut/mbpp/2026-09-21/vllm/dataset-mbpp.model-qwen3.5-9b.alpha4.0.steps100.blocks-1.prefetch-budget-20.rank-accept_first.cut-entropy4.0.samples20.maxnew1024.seed10086.subtreePrefetch.vllm.log,387,10,42,0.028067060329166425
/Users/jiangnanhugo/workspace/power-sharpening/Subtree-Prefetching-Power-Sharpening/case_studies/logs-entropycut/mbpp/2026-09-21/vllm/dataset-mbpp.model-qwen3.5-9b.alpha4.0.steps100.blocks-1.prefetch-budget-20.rank-accept_first.cut-entropy4.0.samples20.maxnew1024.seed10086.subtreePrefetch.vllm.log,387,11,36,0.10120285902488677
/Users/jiangnanhugo/workspace/power-sharpening/Subtree-Prefetching-Power-Sharpening/case_studies/logs-entropycut/mbpp/2026-09-21/vllm/dataset-mbpp.model-qwen3.5-9b.alpha4.0.steps100.blocks-1.prefetch-budget-20.rank-accept_first.cut-entropy4.0.samples20.maxnew1024.seed10086.subtreePrefetch.vllm.log,387,12,69,0.2911671358818867
/Users/jiangnanhugo/workspace/power-sharpening/Subtree-Prefetching-Power-Sharpening/case_studies/logs-entropycut/mbpp/2026-09-21/vllm/dataset-mbpp.model-qwen3.5-9b.alpha4.0.steps100.blocks-1.prefetch-budget-20.rank-accept_first.cut-entropy4.0.samples20.maxnew1024.seed10086.subtreePrefetch.vllm.log,387,13,34,0.1465876105480056
/Users/jiangnanhugo/workspace/power-sharpening/Subtree-Prefetching-Power-Sharpening/case_studies/logs-entropycut/mbpp/2026-09-21/vllm/dataset-mbpp.model-qwen3.5-9b.alpha4.0.steps100.blocks-1.prefetch-budget-20.rank-accept_first.cut-entropy4.0.samples20.maxnew1024.seed10086.subtreePrefetch.vllm.log,387,14,29,0.07683973711275084
/Users/jiangnanhugo/workspace/power-sharpening/Subtree-Prefetching-Power-Sharpening/case_studies/logs-entropycut/mbpp/2026-09-21/vllm/dataset-mbpp.model-qwen3.5-9b.alpha4.0.steps100.blocks-1.prefetch-budget-20.rank-accept_first.cut-entropy4.0.samples20.maxnew1024.seed10086.subtreePrefetch.vllm.log,387,15,69,0.2911671358818867
/Users/jiangnanhugo/workspace/power-sharpening/Subtree-Prefetching-Power-Sharpening/case_studies/logs-entropycut/mbpp/2026-09-21/vllm/dataset-mbpp.model-qwen3.5-9b.alpha4.0.steps100.blocks-1.prefetch-budget-20.rank-accept_first.cut-entropy4.0.samples20.maxnew1024.seed10086.subtreePrefetch.vllm.log,387,16,69,0.2911671358818867
/Users/jiangnanhugo/workspace/power-sharpening/Subtree-Prefetching-Power-Sharpening/case_studies/logs-entropycut/mbpp/2026-09-21/vllm/dataset-mbpp.model-qwen3.5-9b.alpha4.0.steps100.blocks-1.prefetch-budget-20.rank-accept_first.cut-entropy4.0.samples20.maxnew1024.seed10086.subtreePrefetch.vllm.log,387,17,36,0.10120285902488677
/Users/jiangnanhugo/workspace/power-sharpening/Subtree-Prefetching-Power-Sharpening/case_studies/logs-entropycut/mbpp/2026-09-21/vllm/dataset-mbpp.model-qwen3.5-9b.alpha4.0.steps100.blocks-1.prefetch-budget-20.rank-accept_first.cut-entropy4.0.samples20.maxnew1024.seed10086.subtreePrefetch.vllm.log,387,18,69,0.2911671358818867
/Users/jiangnanhugo/workspace/power-sharpening/Subtree-Prefetching-Power-Sharpening/case_studies/logs-entropycut/mbpp/2026-09-21/vllm/dataset-mbpp.model-qwen3.5-9b.alpha4.0.steps100.blocks-1.prefetch-budget-20.rank-accept_first.cut-entropy4.0.samples20.maxnew1024.seed10086.subtreePrefetch.vllm.log,387,19,29,0.07683973711275084
/Users/jiangnanhugo/workspace/power-sharpening/Subtree-Prefetching-Power-Sharpening/case_studies/logs-entropycut/mbpp/2026-09-21/vllm/dataset-mbpp.model-qwen3.5-9b.alpha4.0.steps100.blocks-1.prefetch-budget-20.rank-accept_first.cut-entropy4.0.samples20.maxnew1024.seed10086.subtreePrefetch.vllm.log,388,0,42,0.028035896840705662
/Users/jiangnanhugo/workspace/power-sharpening/Subtree-Prefetching-Power-Sharpening/case_studies/logs-entropycut/mbpp/2026-09-21/vllm/dataset-mbpp.model-qwen3.5-9b.alpha4.0.steps100.blocks-1.prefetch-budget-20.rank-accept_first.cut-entropy4.0.samples20.maxnew1024.seed10086.subtreePrefetch.vllm.log,388,1,34,0.14642485102648006
/Users/jiangnanhugo/workspace/power-sharpening/Subtree-Prefetching-Power-Sharpening/case_studies/logs-entropycut/mbpp/2026-09-21/vllm/dataset-mbpp.model-qwen3.5-9b.alpha4.0.steps100.blocks-1.prefetch-budget-20.rank-accept_first.cut-entropy4.0.samples20.maxnew1024.seed10086.subtreePrefetch.vllm.log,388,2,36,0.10109049121392151
/Users/jiangnanhugo/workspace/power-sharpening/Subtree-Prefetching-Power-Sharpening/case_studies/logs-entropycut/mbpp/2026-09-21/vllm/dataset-mbpp.model-qwen3.5-9b.alpha4.0.steps100.blocks-1.prefetch-budget-20.rank-accept_first.cut-entropy4.0.samples20.maxnew1024.seed10086.subtreePrefetch.vllm.log,388,3,29,0.07675442022410067
/Users/jiangnanhugo/workspace/power-sharpening/Subtree-Prefetching-Power-Sharpening/case_studies/logs-entropycut/mbpp/2026-09-21/vllm/dataset-mbpp.model-qwen3.5-9b.alpha4.0.steps100.blocks-1.prefetch-budget-20.rank-accept_first.cut-entropy4.0.samples20.maxnew1024.seed10086.subtreePrefetch.vllm.log,388,4,34,0.14642485102648006
/Users/jiangnanhugo/workspace/power-sharpening/Subtree-Prefetching-Power-Sharpening/case_studies/logs-entropycut/mbpp/2026-09-21/vllm/dataset-mbpp.model-qwen3.5-9b.alpha4.0.steps100.blocks-1.prefetch-budget-20.rank-accept_first.cut-entropy4.0.samples20.maxnew1024.seed10086.subtreePrefetch.vllm.log,388,5,51,0.004389673761497999
/Users/jiangnanhugo/workspace/power-sharpening/Subtree-Prefetching-Power-Sharpening/case_studies/logs-entropycut/mbpp/2026-09-21/vllm/dataset-mbpp.model-qwen3.5-9b.alpha4.0.steps100.blocks-1.prefetch-budget-20.rank-accept_first.cut-entropy4.0.samples20.maxnew1024.seed10086.subtreePrefetch.vllm.log,388,6,36,0.10109049121392151
/Users/jiangnanhugo/workspace/power-sharpening/Subtree-Prefetching-Power-Sharpening/case_studies/logs-entropycut/mbpp/2026-09-21/vllm/dataset-mbpp.model-qwen3.5-9b.alpha4.0.steps100.blocks-1.prefetch-budget-20.rank-accept_first.cut-entropy4.0.samples20.maxnew1024.seed10086.subtreePrefetch.vllm.log,388,7,43,0.0095047972018732
/Users/jiangnanhugo/workspace/power-sharpening/Subtree-Prefetching-Power-Sharpening/case_studies/logs-entropycut/mbpp/2026-09-21/vllm/dataset-mbpp.model-qwen3.5-9b.alpha4.0.steps100.blocks-1.prefetch-budget-20.rank-accept_first.cut-entropy4.0.samples20.maxnew1024.seed10086.subtreePrefetch.vllm.log,388,8,36,0.10109049121392151
/Users/jiangnanhugo/workspace/power-sharpening/Subtree-Prefetching-Power-Sharpening/case_studies/logs-entropycut/mbpp/2026-09-21/vllm/dataset-mbpp.model-qwen3.5-9b.alpha4.0.steps100.blocks-1.prefetch-budget-20.rank-accept_first.cut-entropy4.0.samples20.maxnew1024.seed10086.subtreePrefetch.vllm.log,388,9,29,0.07675442022410067
/Users/jiangnanhugo/workspace/power-sharpening/Subtree-Prefetching-Power-Sharpening/case_studies/logs-entropycut/mbpp/2026-09-21/vllm/dataset-mbpp.model-qwen3.5-9b.alpha4.0.steps100.blocks-1.prefetch-budget-20.rank-accept_first.cut-entropy4.0.samples20.maxnew1024.seed10086.subtreePrefetch.vllm.log,388,10,34,0.14642485102648006
/Users/jiangnanhugo/workspace/power-sharpening/Subtree-Prefetching-Power-Sharpening/case_studies/logs-entropycut/mbpp/2026-09-21/vllm/dataset-mbpp.model-qwen3.5-9b.alpha4.0.steps100.blocks-1.prefetch-budget-20.rank-accept_first.cut-entropy4.0.samples20.maxnew1024.seed10086.subtreePrefetch.vllm.log,388,11,34,0.14642485102648006
/Users/jiangnanhugo/workspace/power-sharpening/Subtree-Prefetching-Power-Sharpening/case_studies/logs-entropycut/mbpp/2026-09-21/vllm/dataset-mbpp.model-qwen3.5-9b.alpha4.0.steps100.blocks-1.prefetch-budget-20.rank-accept_first.cut-entropy4.0.samples20.maxnew1024.seed10086.subtreePrefetch.vllm.log,388,12,36,0.10109049121392151
/Users/jiangnanhugo/workspace/power-sharpening/Subtree-Prefetching-Power-Sharpening/case_studies/logs-entropycut/mbpp/2026-09-21/vllm/dataset-mbpp.model-qwen3.5-9b.alpha4.0.steps100.blocks-1.prefetch-budget-20.rank-accept_first.cut-entropy4.0.samples20.maxnew1024.seed10086.subtreePrefetch.vllm.log,388,13,86,0.13880201439376938
/Users/jiangnanhugo/workspace/power-sharpening/Subtree-Prefetching-Power-Sharpening/case_studies/logs-entropycut/mbpp/2026-09-21/vllm/dataset-mbpp.model-qwen3.5-9b.alpha4.0.steps100.blocks-1.prefetch-budget-20.rank-accept_first.cut-entropy4.0.samples20.maxnew1024.seed10086.subtreePrefetch.vllm.log,388,14,29,0.07675442022410067
/Users/jiangnanhugo/workspace/power-sharpening/Subtree-Prefetching-Power-Sharpening/case_studies/logs-entropycut/mbpp/2026-09-21/vllm/dataset-mbpp.model-qwen3.5-9b.alpha4.0.steps100.blocks-1.prefetch-budget-20.rank-accept_first.cut-entropy4.0.samples20.maxnew1024.seed10086.subtreePrefetch.vllm.log,388,15,69,0.2852553096789408
/Users/jiangnanhugo/workspace/power-sharpening/Subtree-Prefetching-Power-Sharpening/case_studies/logs-entropycut/mbpp/2026-09-21/vllm/dataset-mbpp.model-qwen3.5-9b.alpha4.0.steps100.blocks-1.prefetch-budget-20.rank-accept_first.cut-entropy4.0.samples20.maxnew1024.seed10086.subtreePrefetch.vllm.log,388,16,36,0.10109049121392151
/Users/jiangnanhugo/workspace/power-sharpening/Subtree-Prefetching-Power-Sharpening/case_studies/logs-entropycut/mbpp/2026-09-21/vllm/dataset-mbpp.model-qwen3.5-9b.alpha4.0.steps100.blocks-1.prefetch-budget-20.rank-accept_first.cut-entropy4.0.samples20.maxnew1024.seed10086.subtreePrefetch.vllm.log,388,17,36,0.10109049121392151
/Users/jiangnanhugo/workspace/power-sharpening/Subtree-Prefetching-Power-Sharpening/case_studies/logs-entropycut/mbpp/2026-09-21/vllm/dataset-mbpp.model-qwen3.5-9b.alpha4.0.steps100.blocks-1.prefetch-budget-20.rank-accept_first.cut-entropy4.0.samples20.maxnew1024.seed10086.subtreePrefetch.vllm.log,388,18,36,0.10109049121392151
/Users/jiangnanhugo/workspace/power-sharpening/Subtree-Prefetching-Power-Sharpening/case_studies/logs-entropycut/mbpp/2026-09-21/vllm/dataset-mbpp.model-qwen3.5-9b.alpha4.0.steps100.blocks-1.prefetch-budget-20.rank-accept_first.cut-entropy4.0.samples20.maxnew1024.seed10086.subtreePrefetch.vllm.log,388,19,36,0.10109049121392151
/Users/jiangnanhugo/workspace/power-sharpening/Subtree-Prefetching-Power-Sharpening/case_studies/logs-entropycut/mbpp/2026-09-21/vllm/dataset-mbpp.model-qwen3.5-9b.alpha4.0.steps100.blocks-1.prefetch-budget-20.rank-accept_first.cut-entropy4.0.samples20.maxnew1024.seed10086.subtreePrefetch.vllm.log,389,0,69,0.2911669385155031
/Users/jiangnanhugo/workspace/power-sharpening/Subtree-Prefetching-Power-Sharpening/case_studies/logs-entropycut/mbpp/2026-09-21/vllm/dataset-mbpp.model-qwen3.5-9b.alpha4.0.steps100.blocks-1.prefetch-budget-20.rank-accept_first.cut-entropy4.0.samples20.maxnew1024.seed10086.subtreePrefetch.vllm.log,389,1,69,0.2911669385155031
/Users/jiangnanhugo/workspace/power-sharpening/Subtree-Prefetching-Power-Sharpening/case_studies/logs-entropycut/mbpp/2026-09-21/vllm/dataset-mbpp.model-qwen3.5-9b.alpha4.0.steps100.blocks-1.prefetch-budget-20.rank-accept_first.cut-entropy4.0.samples20.maxnew1024.seed10086.subtreePrefetch.vllm.log,389,2,36,0.10120279042496655
/Users/jiangnanhugo/workspace/power-sharpening/Subtree-Prefetching-Power-Sharpening/case_studies/logs-entropycut/mbpp/2026-09-21/vllm/dataset-mbpp.model-qwen3.5-9b.alpha4.0.steps100.blocks-1.prefetch-budget-20.rank-accept_first.cut-entropy4.0.samples20.maxnew1024.seed10086.subtreePrefetch.vllm.log,389,3,69,0.2911669385155031
/Users/jiangnanhugo/workspace/power-sharpening/Subtree-Prefetching-Power-Sharpening/case_studies/logs-entropycut/mbpp/2026-09-21/vllm/dataset-mbpp.model-qwen3.5-9b.alpha4.0.steps100.blocks-1.prefetch-budget-20.rank-accept_first.cut-entropy4.0.samples20.maxnew1024.seed10086.subtreePrefetch.vllm.log,389,4,29,0.07683968502726743
/Users/jiangnanhugo/workspace/power-sharpening/Subtree-Prefetching-Power-Sharpening/case_studies/logs-entropycut/mbpp/2026-09-21/vllm/dataset-mbpp.model-qwen3.5-9b.alpha4.0.steps100.blocks-1.prefetch-budget-20.rank-accept_first.cut-entropy4.0.samples20.maxnew1024.seed10086.subtreePrefetch.vllm.log,389,5,2,0.011131684760377241
/Users/jiangnanhugo/workspace/power-sharpening/Subtree-Prefetching-Power-Sharpening/case_studies/logs-entropycut/mbpp/2026-09-21/vllm/dataset-mbpp.model-qwen3.5-9b.alpha4.0.steps100.blocks-1.prefetch-budget-20.rank-accept_first.cut-entropy4.0.samples20.maxnew1024.seed10086.subtreePrefetch.vllm.log,389,6,73,0.12272103417768175
/Users/jiangnanhugo/workspace/power-sharpening/Subtree-Prefetching-Power-Sharpening/case_studies/logs-entropycut/mbpp/2026-09-21/vllm/dataset-mbpp.model-qwen3.5-9b.alpha4.0.steps100.blocks-1.prefetch-budget-20.rank-accept_first.cut-entropy4.0.samples20.maxnew1024.seed10086.subtreePrefetch.vllm.log,389,7,73,0.12272103417768175
/Users/jiangnanhugo/workspace/power-sharpening/Subtree-Prefetching-Power-Sharpening/case_studies/logs-entropycut/mbpp/2026-09-21/vllm/dataset-mbpp.model-qwen3.5-9b.alpha4.0.steps100.blocks-1.prefetch-budget-20.rank-accept_first.cut-entropy4.0.samples20.maxnew1024.seed10086.subtreePrefetch.vllm.log,389,8,34,0.1465875111842279
/Users/jiangnanhugo/workspace/power-sharpening/Subtree-Prefetching-Power-Sharpening/case_studies/logs-entropycut/mbpp/2026-09-21/vllm/dataset-mbpp.model-qwen3.5-9b.alpha4.0.steps100.blocks-1.prefetch-budget-20.rank-accept_first.cut-entropy4.0.samples20.maxnew1024.seed10086.subtreePrefetch.vllm.log,389,9,29,0.07683968502726743
/Users/jiangnanhugo/workspace/power-sharpening/Subtree-Prefetching-Power-Sharpening/case_studies/logs-entropycut/mbpp/2026-09-21/vllm/dataset-mbpp.model-qwen3.5-9b.alpha4.0.steps100.blocks-1.prefetch-budget-20.rank-accept_first.cut-entropy4.0.samples20.maxnew1024.seed10086.subtreePrefetch.vllm.log,389,10,29,0.07683968502726743
/Users/jiangnanhugo/workspace/power-sharpening/Subtree-Prefetching-Power-Sharpening/case_studies/logs-entropycut/mbpp/2026-09-21/vllm/dataset-mbpp.model-qwen3.5-9b.alpha4.0.steps100.blocks-1.prefetch-budget-20.rank-accept_first.cut-entropy4.0.samples20.maxnew1024.seed10086.subtreePrefetch.vllm.log,389,11,69,0.2911669385155031
/Users/jiangnanhugo/workspace/power-sharpening/Subtree-Prefetching-Power-Sharpening/case_studies/logs-entropycut/mbpp/2026-09-21/vllm/dataset-mbpp.model-qwen3.5-9b.alpha4.0.steps100.blocks-1.prefetch-budget-20.rank-accept_first.cut-entropy4.0.samples20.maxnew1024.seed10086.subtreePrefetch.vllm.log,389,12,34,0.1465875111842279
/Users/jiangnanhugo/workspace/power-sharpening/Subtree-Prefetching-Power-Sharpening/case_studies/logs-entropycut/mbpp/2026-09-21/vllm/dataset-mbpp.model-qwen3.5-9b.alpha4.0.steps100.blocks-1.prefetch-budget-20.rank-accept_first.cut-entropy4.0.samples20.maxnew1024.seed10086.subtreePrefetch.vllm.log,389,13,29,0.07683968502726743
/Users/jiangnanhugo/workspace/power-sharpening/Subtree-Prefetching-Power-Sharpening/case_studies/logs-entropycut/mbpp/2026-09-21/vllm/dataset-mbpp.model-qwen3.5-9b.alpha4.0.steps100.blocks-1.prefetch-budget-20.rank-accept_first.cut-entropy4.0.samples20.maxnew1024.seed10086.subtreePrefetch.vllm.log,389,14,86,0.13024132949674516
/Users/jiangnanhugo/workspace/power-sharpening/Subtree-Prefetching-Power-Sharpening/case_studies/logs-entropycut/mbpp/2026-09-21/vllm/dataset-mbpp.model-qwen3.5-9b.alpha4.0.steps100.blocks-1.prefetch-budget-20.rank-accept_first.cut-entropy4.0.samples20.maxnew1024.seed10086.subtreePrefetch.vllm.log,389,15,69,0.2911669385155031
/Users/jiangnanhugo/workspace/power-sharpening/Subtree-Prefetching-Power-Sharpening/case_studies/logs-entropycut/mbpp/2026-09-21/vllm/dataset-mbpp.model-qwen3.5-9b.alpha4.0.steps100.blocks-1.prefetch-budget-20.rank-accept_first.cut-entropy4.0.samples20.maxnew1024.seed10086.subtreePrefetch.vllm.log,389,16,34,0.1465875111842279
/Users/jiangnanhugo/workspace/power-sharpening/Subtree-Prefetching-Power-Sharpening/case_studies/logs-entropycut/mbpp/2026-09-21/vllm/dataset-mbpp.model-qwen3.5-9b.alpha4.0.steps100.blocks-1.prefetch-budget-20.rank-accept_first.cut-entropy4.0.samples20.maxnew1024.seed10086.subtreePrefetch.vllm.log,389,17,69,0.2911669385155031
/Users/jiangnanhugo/workspace/power-sharpening/Subtree-Prefetching-Power-Sharpening/case_studies/logs-entropycut/mbpp/2026-09-21/vllm/dataset-mbpp.model-qwen3.5-9b.alpha4.0.steps100.blocks-1.prefetch-budget-20.rank-accept_first.cut-entropy4.0.samples20.maxnew1024.seed10086.subtreePrefetch.vllm.log,389,18,36,0.10120279042496655
/Users/jiangnanhugo/workspace/power-sharpening/Subtree-Prefetching-Power-Sharpening/case_studies/logs-entropycut/mbpp/2026-09-21/vllm/dataset-mbpp.model-qwen3.5-9b.alpha4.0.steps100.blocks-1.prefetch-budget-20.rank-accept_first.cut-entropy4.0.samples20.maxnew1024.seed10086.subtreePrefetch.vllm.log,389,19,34,0.1465875111842279
/Users/jiangnanhugo/workspace/power-sharpening/Subtree-Prefetching-Power-Sharpening/case_studies/logs-entropycut/mbpp/2026-09-21/vllm/dataset-mbpp.model-qwen3.5-9b.alpha4.0.steps100.blocks-1.prefetch-budget-20.rank-accept_first.cut-entropy4.0.samples20.maxnew1024.seed10086.subtreePrefetch.vllm.log,390,0,29,0.07675442022417538
/Users/jiangnanhugo/workspace/power-sharpening/Subtree-Prefetching-Power-Sharpening/case_studies/logs-entropycut/mbpp/2026-09-21/vllm/dataset-mbpp.model-qwen3.5-9b.alpha4.0.steps100.blocks-1.prefetch-budget-20.rank-accept_first.cut-entropy4.0.samples20.maxnew1024.seed10086.subtreePrefetch.vllm.log,390,1,69,0.28525530967921847
/Users/jiangnanhugo/workspace/power-sharpening/Subtree-Prefetching-Power-Sharpening/case_studies/logs-entropycut/mbpp/2026-09-21/vllm/dataset-mbpp.model-qwen3.5-9b.alpha4.0.steps100.blocks-1.prefetch-budget-20.rank-accept_first.cut-entropy4.0.samples20.maxnew1024.seed10086.subtreePrefetch.vllm.log,390,2,34,0.1464248510266226
/Users/jiangnanhugo/workspace/power-sharpening/Subtree-Prefetching-Power-Sharpening/case_studies/logs-entropycut/mbpp/2026-09-21/vllm/dataset-mbpp.model-qwen3.5-9b.alpha4.0.steps100.blocks-1.prefetch-budget-20.rank-accept_first.cut-entropy4.0.samples20.maxnew1024.seed10086.subtreePrefetch.vllm.log,390,3,34,0.1464248510266226
/Users/jiangnanhugo/workspace/power-sharpening/Subtree-Prefetching-Power-Sharpening/case_studies/logs-entropycut/mbpp/2026-09-21/vllm/dataset-mbpp.model-qwen3.5-9b.alpha4.0.steps100.blocks-1.prefetch-budget-20.rank-accept_first.cut-entropy4.0.samples20.maxnew1024.seed10086.subtreePrefetch.vllm.log,390,4,34,0.1464248510266226
/Users/jiangnanhugo/workspace/power-sharpening/Subtree-Prefetching-Power-Sharpening/case_studies/logs-entropycut/mbpp/2026-09-21/vllm/dataset-mbpp.model-qwen3.5-9b.alpha4.0.steps100.blocks-1.prefetch-budget-20.rank-accept_first.cut-entropy4.0.samples20.maxnew1024.seed10086.subtreePrefetch.vllm.log,390,5,86,0.1388020143939045
/Users/jiangnanhugo/workspace/power-sharpening/Subtree-Prefetching-Power-Sharpening/case_studies/logs-entropycut/mbpp/2026-09-21/vllm/dataset-mbpp.model-qwen3.5-9b.alpha4.0.steps100.blocks-1.prefetch-budget-20.rank-accept_first.cut-entropy4.0.samples20.maxnew1024.seed10086.subtreePrefetch.vllm.log,390,6,29,0.07675442022417538
/Users/jiangnanhugo/workspace/power-sharpening/Subtree-Prefetching-Power-Sharpening/case_studies/logs-entropycut/mbpp/2026-09-21/vllm/dataset-mbpp.model-qwen3.5-9b.alpha4.0.steps100.blocks-1.prefetch-budget-20.rank-accept_first.cut-entropy4.0.samples20.maxnew1024.seed10086.subtreePrefetch.vllm.log,390,7,69,0.28525530967921847
/Users/jiangnanhugo/workspace/power-sharpening/Subtree-Prefetching-Power-Sharpening/case_studies/logs-entropycut/mbpp/2026-09-21/vllm/dataset-mbpp.model-qwen3.5-9b.alpha4.0.steps100.blocks-1.prefetch-budget-20.rank-accept_first.cut-entropy4.0.samples20.maxnew1024.seed10086.subtreePrefetch.vllm.log,390,8,2,0.011119332537579353
/Users/jiangnanhugo/workspace/power-sharpening/Subtree-Prefetching-Power-Sharpening/case_studies/logs-entropycut/mbpp/2026-09-21/vllm/dataset-mbpp.model-qwen3.5-9b.alpha4.0.steps100.blocks-1.prefetch-budget-20.rank-accept_first.cut-entropy4.0.samples20.maxnew1024.seed10086.subtreePrefetch.vllm.log,390,9,36,0.1010904912140199
/Users/jiangnanhugo/workspace/power-sharpening/Subtree-Prefetching-Power-Sharpening/case_studies/logs-entropycut/mbpp/2026-09-21/vllm/dataset-mbpp.model-qwen3.5-9b.alpha4.0.steps100.blocks-1.prefetch-budget-20.rank-accept_first.cut-entropy4.0.samples20.maxnew1024.seed10086.subtreePrefetch.vllm.log,390,10,34,0.1464248510266226
/Users/jiangnanhugo/workspace/power-sharpening/Subtree-Prefetching-Power-Sharpening/case_studies/logs-entropycut/mbpp/2026-09-21/vllm/dataset-mbpp.model-qwen3.5-9b.alpha4.0.steps100.blocks-1.prefetch-budget-20.rank-accept_first.cut-entropy4.0.samples20.maxnew1024.seed10086.subtreePrefetch.vllm.log,390,11,34,0.1464248510266226
/Users/jiangnanhugo/workspace/power-sharpening/Subtree-Prefetching-Power-Sharpening/case_studies/logs-entropycut/mbpp/2026-09-21/vllm/dataset-mbpp.model-qwen3.5-9b.alpha4.0.steps100.blocks-1.prefetch-budget-20.rank-accept_first.cut-entropy4.0.samples20.maxnew1024.seed10086.subtreePrefetch.vllm.log,390,12,34,0.1464248510266226
/Users/jiangnanhugo/workspace/power-sharpening/Subtree-Prefetching-Power-Sharpening/case_studies/logs-entropycut/mbpp/2026-09-21/vllm/dataset-mbpp.model-qwen3.5-9b.alpha4.0.steps100.blocks-1.prefetch-budget-20.rank-accept_first.cut-entropy4.0.samples20.maxnew1024.seed10086.subtreePrefetch.vllm.log,390,13,69,0.28525530967921847
/Users/jiangnanhugo/workspace/power-sharpening/Subtree-Prefetching-Power-Sharpening/case_studies/logs-entropycut/mbpp/2026-09-21/vllm/dataset-mbpp.model-qwen3.5-9b.alpha4.0.steps100.blocks-1.prefetch-budget-20.rank-accept_first.cut-entropy4.0.samples20.maxnew1024.seed10086.subtreePrefetch.vllm.log,390,14,69,0.28525530967921847
/Users/jiangnanhugo/workspace/power-sharpening/Subtree-Prefetching-Power-Sharpening/case_studies/logs-entropycut/mbpp/2026-09-21/vllm/dataset-mbpp.model-qwen3.5-9b.alpha4.0.steps100.blocks-1.prefetch-budget-20.rank-accept_first.cut-entropy4.0.samples20.maxnew1024.seed10086.subtreePrefetch.vllm.log,390,15,34,0.1464248510266226
/Users/jiangnanhugo/workspace/power-sharpening/Subtree-Prefetching-Power-Sharpening/case_studies/logs-entropycut/mbpp/2026-09-21/vllm/dataset-mbpp.model-qwen3.5-9b.alpha4.0.steps100.blocks-1.prefetch-budget-20.rank-accept_first.cut-entropy4.0.samples20.maxnew1024.seed10086.subtreePrefetch.vllm.log,390,16,69,0.28525530967921847
/Users/jiangnanhugo/workspace/power-sharpening/Subtree-Prefetching-Power-Sharpening/case_studies/logs-entropycut/mbpp/2026-09-21/vllm/dataset-mbpp.model-qwen3.5-9b.alpha4.0.steps100.blocks-1.prefetch-budget-20.rank-accept_first.cut-entropy4.0.samples20.maxnew1024.seed10086.subtreePrefetch.vllm.log,390,17,69,0.28525530967921847
/Users/jiangnanhugo/workspace/power-sharpening/Subtree-Prefetching-Power-Sharpening/case_studies/logs-entropycut/mbpp/2026-09-21/vllm/dataset-mbpp.model-qwen3.5-9b.alpha4.0.steps100.blocks-1.prefetch-budget-20.rank-accept_first.cut-entropy4.0.samples20.maxnew1024.seed10086.subtreePrefetch.vllm.log,390,18,34,0.1464248510266226
/Users/jiangnanhugo/workspace/power-sharpening/Subtree-Prefetching-Power-Sharpening/case_studies/logs-entropycut/mbpp/2026-09-21/vllm/dataset-mbpp.model-qwen3.5-9b.alpha4.0.steps100.blocks-1.prefetch-budget-20.rank-accept_first.cut-entropy4.0.samples20.maxnew1024.seed10086.subtreePrefetch.vllm.log,390,19,34,0.1464248510266226
/Users/jiangnanhugo/workspace/power-sharpening/Subtree-Prefetching-Power-Sharpening/case_studies/logs-entropycut/mbpp/2026-09-21/vllm/dataset-mbpp.model-qwen3.5-9b.alpha4.0.steps100.blocks-1.prefetch-budget-20.rank-accept_first.cut-entropy4.0.samples20.maxnew1024.seed10086.subtreePrefetch.vllm.log,391,0,34,0.1464248510267031
/Users/jiangnanhugo/workspace/power-sharpening/Subtree-Prefetching-Power-Sharpening/case_studies/logs-entropycut/mbpp/2026-09-21/vllm/dataset-mbpp.model-qwen3.5-9b.alpha4.0.steps100.blocks-1.prefetch-budget-20.rank-accept_first.cut-entropy4.0.samples20.maxnew1024.seed10086.subtreePrefetch.vllm.log,391,1,69,0.2852553096793753
/Users/jiangnanhugo/workspace/power-sharpening/Subtree-Prefetching-Power-Sharpening/case_studies/logs-entropycut/mbpp/2026-09-21/vllm/dataset-mbpp.model-qwen3.5-9b.alpha4.0.steps100.blocks-1.prefetch-budget-20.rank-accept_first.cut-entropy4.0.samples20.maxnew1024.seed10086.subtreePrefetch.vllm.log,391,2,69,0.2852553096793753
/Users/jiangnanhugo/workspace/power-sharpening/Subtree-Prefetching-Power-Sharpening/case_studies/logs-entropycut/mbpp/2026-09-21/vllm/dataset-mbpp.model-qwen3.5-9b.alpha4.0.steps100.blocks-1.prefetch-budget-20.rank-accept_first.cut-entropy4.0.samples20.maxnew1024.seed10086.subtreePrefetch.vllm.log,391,3,69,0.2852553096793753
/Users/jiangnanhugo/workspace/power-sharpening/Subtree-Prefetching-Power-Sharpening/case_studies/logs-entropycut/mbpp/2026-09-21/vllm/dataset-mbpp.model-qwen3.5-9b.alpha4.0.steps100.blocks-1.prefetch-budget-20.rank-accept_first.cut-entropy4.0.samples20.maxnew1024.seed10086.subtreePrefetch.vllm.log,391,4,34,0.1464248510267031
/Users/jiangnanhugo/workspace/power-sharpening/Subtree-Prefetching-Power-Sharpening/case_studies/logs-entropycut/mbpp/2026-09-21/vllm/dataset-mbpp.model-qwen3.5-9b.alpha4.0.steps100.blocks-1.prefetch-budget-20.rank-accept_first.cut-entropy4.0.samples20.maxnew1024.seed10086.subtreePrefetch.vllm.log,391,5,34,0.1464248510267031
/Users/jiangnanhugo/workspace/power-sharpening/Subtree-Prefetching-Power-Sharpening/case_studies/logs-entropycut/mbpp/2026-09-21/vllm/dataset-mbpp.model-qwen3.5-9b.alpha4.0.steps100.blocks-1.prefetch-budget-20.rank-accept_first.cut-entropy4.0.samples20.maxnew1024.seed10086.subtreePrefetch.vllm.log,391,6,69,0.2852553096793753
/Users/jiangnanhugo/workspace/power-sharpening/Subtree-Prefetching-Power-Sharpening/case_studies/logs-entropycut/mbpp/2026-09-21/vllm/dataset-mbpp.model-qwen3.5-9b.alpha4.0.steps100.blocks-1.prefetch-budget-20.rank-accept_first.cut-entropy4.0.samples20.maxnew1024.seed10086.subtreePrefetch.vllm.log,391,7,69,0.2852553096793753
/Users/jiangnanhugo/workspace/power-sharpening/Subtree-Prefetching-Power-Sharpening/case_studies/logs-entropycut/mbpp/2026-09-21/vllm/dataset-mbpp.model-qwen3.5-9b.alpha4.0.steps100.blocks-1.prefetch-budget-20.rank-accept_first.cut-entropy4.0.samples20.maxnew1024.seed10086.subtreePrefetch.vllm.log,391,8,36,0.10109049121407548
/Users/jiangnanhugo/workspace/power-sharpening/Subtree-Prefetching-Power-Sharpening/case_studies/logs-entropycut/mbpp/2026-09-21/vllm/dataset-mbpp.model-qwen3.5-9b.alpha4.0.steps100.blocks-1.prefetch-budget-20.rank-accept_first.cut-entropy4.0.samples20.maxnew1024.seed10086.subtreePrefetch.vllm.log,391,9,69,0.2852553096793753
/Users/jiangnanhugo/workspace/power-sharpening/Subtree-Prefetching-Power-Sharpening/case_studies/logs-entropycut/mbpp/2026-09-21/vllm/dataset-mbpp.model-qwen3.5-9b.alpha4.0.steps100.blocks-1.prefetch-budget-20.rank-accept_first.cut-entropy4.0.samples20.maxnew1024.seed10086.subtreePrefetch.vllm.log,391,10,366,0.00010263550406662765
/Users/jiangnanhugo/workspace/power-sharpening/Subtree-Prefetching-Power-Sharpening/case_studies/logs-entropycut/mbpp/2026-09-21/vllm/dataset-mbpp.model-qwen3.5-9b.alpha4.0.steps100.blocks-1.prefetch-budget-20.rank-accept_first.cut-entropy4.0.samples20.maxnew1024.seed10086.subtreePrefetch.vllm.log,391,11,69,0.2852553096793753
/Users/jiangnanhugo/workspace/power-sharpening/Subtree-Prefetching-Power-Sharpening/case_studies/logs-entropycut/mbpp/2026-09-21/vllm/dataset-mbpp.model-qwen3.5-9b.alpha4.0.steps100.blocks-1.prefetch-budget-20.rank-accept_first.cut-entropy4.0.samples20.maxnew1024.seed10086.subtreePrefetch.vllm.log,391,12,2,0.011119332537585468
/Users/jiangnanhugo/workspace/power-sharpening/Subtree-Prefetching-Power-Sharpening/case_studies/logs-entropycut/mbpp/2026-09-21/vllm/dataset-mbpp.model-qwen3.5-9b.alpha4.0.steps100.blocks-1.prefetch-budget-20.rank-accept_first.cut-entropy4.0.samples20.maxnew1024.seed10086.subtreePrefetch.vllm.log,391,13,29,0.07675442022421758
/Users/jiangnanhugo/workspace/power-sharpening/Subtree-Prefetching-Power-Sharpening/case_studies/logs-entropycut/mbpp/2026-09-21/vllm/dataset-mbpp.model-qwen3.5-9b.alpha4.0.steps100.blocks-1.prefetch-budget-20.rank-accept_first.cut-entropy4.0.samples20.maxnew1024.seed10086.subtreePrefetch.vllm.log,391,14,34,0.1464248510267031
/Users/jiangnanhugo/workspace/power-sharpening/Subtree-Prefetching-Power-Sharpening/case_studies/logs-entropycut/mbpp/2026-09-21/vllm/dataset-mbpp.model-qwen3.5-9b.alpha4.0.steps100.blocks-1.prefetch-budget-20.rank-accept_first.cut-entropy4.0.samples20.maxnew1024.seed10086.subtreePrefetch.vllm.log,391,15,69,0.2852553096793753
/Users/jiangnanhugo/workspace/power-sharpening/Subtree-Prefetching-Power-Sharpening/case_studies/logs-entropycut/mbpp/2026-09-21/vllm/dataset-mbpp.model-qwen3.5-9b.alpha4.0.steps100.blocks-1.prefetch-budget-20.rank-accept_first.cut-entropy4.0.samples20.maxnew1024.seed10086.subtreePrefetch.vllm.log,391,16,36,0.10109049121407548
/Users/jiangnanhugo/workspace/power-sharpening/Subtree-Prefetching-Power-Sharpening/case_studies/logs-entropycut/mbpp/2026-09-21/vllm/dataset-mbpp.model-qwen3.5-9b.alpha4.0.steps100.blocks-1.prefetch-budget-20.rank-accept_first.cut-entropy4.0.samples20.maxnew1024.seed10086.subtreePrefetch.vllm.log,391,17,69,0.2852553096793753
/Users/jiangnanhugo/workspace/power-sharpening/Subtree-Prefetching-Power-Sharpening/case_studies/logs-entropycut/mbpp/2026-09-21/vllm/dataset-mbpp.model-qwen3.5-9b.alpha4.0.steps100.blocks-1.prefetch-budget-20.rank-accept_first.cut-entropy4.0.samples20.maxnew1024.seed10086.subtreePrefetch.vllm.log,391,18,69,0.2852553096793753
/Users/jiangnanhugo/workspace/power-sharpening/Subtree-Prefetching-Power-Sharpening/case_studies/logs-entropycut/mbpp/2026-09-21/vllm/dataset-mbpp.model-qwen3.5-9b.alpha4.0.steps100.blocks-1.prefetch-budget-20.rank-accept_first.cut-entropy4.0.samples20.maxnew1024.seed10086.subtreePrefetch.vllm.log,391,19,34,0.1464248510267031
/Users/jiangnanhugo/workspace/power-sharpening/Subtree-Prefetching-Power-Sharpening/case_studies/logs-entropycut/mbpp/2026-09-21/vllm/dataset-mbpp.model-qwen3.5-9b.alpha4.0.steps100.blocks-1.prefetch-budget-20.rank-accept_first.cut-entropy4.0.samples20.maxnew1024.seed10086.subtreePrefetch.vllm.log,392,0,69,0.28525530967759377
/Users/jiangnanhugo/workspace/power-sharpening/Subtree-Prefetching-Power-Sharpening/case_studies/logs-entropycut/mbpp/2026-09-21/vllm/dataset-mbpp.model-qwen3.5-9b.alpha4.0.steps100.blocks-1.prefetch-budget-20.rank-accept_first.cut-entropy4.0.samples20.maxnew1024.seed10086.subtreePrefetch.vllm.log,392,1,69,0.28525530967759377
/Users/jiangnanhugo/workspace/power-sharpening/Subtree-Prefetching-Power-Sharpening/case_studies/logs-entropycut/mbpp/2026-09-21/vllm/dataset-mbpp.model-qwen3.5-9b.alpha4.0.steps100.blocks-1.prefetch-budget-20.rank-accept_first.cut-entropy4.0.samples20.maxnew1024.seed10086.subtreePrefetch.vllm.log,392,2,36,0.10109049121344413
/Users/jiangnanhugo/workspace/power-sharpening/Subtree-Prefetching-Power-Sharpening/case_studies/logs-entropycut/mbpp/2026-09-21/vllm/dataset-mbpp.model-qwen3.5-9b.alpha4.0.steps100.blocks-1.prefetch-budget-20.rank-accept_first.cut-entropy4.0.samples20.maxnew1024.seed10086.subtreePrefetch.vllm.log,392,3,73,0.12177088041567519
/Users/jiangnanhugo/workspace/power-sharpening/Subtree-Prefetching-Power-Sharpening/case_studies/logs-entropycut/mbpp/2026-09-21/vllm/dataset-mbpp.model-qwen3.5-9b.alpha4.0.steps100.blocks-1.prefetch-budget-20.rank-accept_first.cut-entropy4.0.samples20.maxnew1024.seed10086.subtreePrefetch.vllm.log,392,4,34,0.14642485102578862
/Users/jiangnanhugo/workspace/power-sharpening/Subtree-Prefetching-Power-Sharpening/case_studies/logs-entropycut/mbpp/2026-09-21/vllm/dataset-mbpp.model-qwen3.5-9b.alpha4.0.steps100.blocks-1.prefetch-budget-20.rank-accept_first.cut-entropy4.0.samples20.maxnew1024.seed10086.subtreePrefetch.vllm.log,392,5,34,0.14642485102578862
/Users/jiangnanhugo/workspace/power-sharpening/Subtree-Prefetching-Power-Sharpening/case_studies/logs-entropycut/mbpp/2026-09-21/vllm/dataset-mbpp.model-qwen3.5-9b.alpha4.0.steps100.blocks-1.prefetch-budget-20.rank-accept_first.cut-entropy4.0.samples20.maxnew1024.seed10086.subtreePrefetch.vllm.log,392,6,47,0.02568223015931335
/Users/jiangnanhugo/workspace/power-sharpening/Subtree-Prefetching-Power-Sharpening/case_studies/logs-entropycut/mbpp/2026-09-21/vllm/dataset-mbpp.model-qwen3.5-9b.alpha4.0.steps100.blocks-1.prefetch-budget-20.rank-accept_first.cut-entropy4.0.samples20.maxnew1024.seed10086.subtreePrefetch.vllm.log,392,7,29,0.07675442022373821
/Users/jiangnanhugo/workspace/power-sharpening/Subtree-Prefetching-Power-Sharpening/case_studies/logs-entropycut/mbpp/2026-09-21/vllm/dataset-mbpp.model-qwen3.5-9b.alpha4.0.steps100.blocks-1.prefetch-budget-20.rank-accept_first.cut-entropy4.0.samples20.maxnew1024.seed10086.subtreePrefetch.vllm.log,392,8,36,0.10109049121344413
/Users/jiangnanhugo/workspace/power-sharpening/Subtree-Prefetching-Power-Sharpening/case_studies/logs-entropycut/mbpp/2026-09-21/vllm/dataset-mbpp.model-qwen3.5-9b.alpha4.0.steps100.blocks-1.prefetch-budget-20.rank-accept_first.cut-entropy4.0.samples20.maxnew1024.seed10086.subtreePrefetch.vllm.log,392,9,69,0.28525530967759377
/Users/jiangnanhugo/workspace/power-sharpening/Subtree-Prefetching-Power-Sharpening/case_studies/logs-entropycut/mbpp/2026-09-21/vllm/dataset-mbpp.model-qwen3.5-9b.alpha4.0.steps100.blocks-1.prefetch-budget-20.rank-accept_first.cut-entropy4.0.samples20.maxnew1024.seed10086.subtreePrefetch.vllm.log,392,10,29,0.07675442022373821
/Users/jiangnanhugo/workspace/power-sharpening/Subtree-Prefetching-Power-Sharpening/case_studies/logs-entropycut/mbpp/2026-09-21/vllm/dataset-mbpp.model-qwen3.5-9b.alpha4.0.steps100.blocks-1.prefetch-budget-20.rank-accept_first.cut-entropy4.0.samples20.maxnew1024.seed10086.subtreePrefetch.vllm.log,392,11,34,0.14642485102578862
/Users/jiangnanhugo/workspace/power-sharpening/Subtree-Prefetching-Power-Sharpening/case_studies/logs-entropycut/mbpp/2026-09-21/vllm/dataset-mbpp.model-qwen3.5-9b.alpha4.0.steps100.blocks-1.prefetch-budget-20.rank-accept_first.cut-entropy4.0.samples20.maxnew1024.seed10086.subtreePrefetch.vllm.log,392,12,36,0.10109049121344413
/Users/jiangnanhugo/workspace/power-sharpening/Subtree-Prefetching-Power-Sharpening/case_studies/logs-entropycut/mbpp/2026-09-21/vllm/dataset-mbpp.model-qwen3.5-9b.alpha4.0.steps100.blocks-1.prefetch-budget-20.rank-accept_first.cut-entropy4.0.samples20.maxnew1024.seed10086.subtreePrefetch.vllm.log,392,13,34,0.14642485102578862
/Users/jiangnanhugo/workspace/power-sharpening/Subtree-Prefetching-Power-Sharpening/case_studies/logs-entropycut/mbpp/2026-09-21/vllm/dataset-mbpp.model-qwen3.5-9b.alpha4.0.steps100.blocks-1.prefetch-budget-20.rank-accept_first.cut-entropy4.0.samples20.maxnew1024.seed10086.subtreePrefetch.vllm.log,392,14,2,0.011119332537516022
/Users/jiangnanhugo/workspace/power-sharpening/Subtree-Prefetching-Power-Sharpening/case_studies/logs-entropycut/mbpp/2026-09-21/vllm/dataset-mbpp.model-qwen3.5-9b.alpha4.0.steps100.blocks-1.prefetch-budget-20.rank-accept_first.cut-entropy4.0.samples20.maxnew1024.seed10086.subtreePrefetch.vllm.log,392,15,36,0.10109049121344413
/Users/jiangnanhugo/workspace/power-sharpening/Subtree-Prefetching-Power-Sharpening/case_studies/logs-entropycut/mbpp/2026-09-21/vllm/dataset-mbpp.model-qwen3.5-9b.alpha4.0.steps100.blocks-1.prefetch-budget-20.rank-accept_first.cut-entropy4.0.samples20.maxnew1024.seed10086.subtreePrefetch.vllm.log,392,16,36,0.10109049121344413
/Users/jiangnanhugo/workspace/power-sharpening/Subtree-Prefetching-Power-Sharpening/case_studies/logs-entropycut/mbpp/2026-09-21/vllm/dataset-mbpp.model-qwen3.5-9b.alpha4.0.steps100.blocks-1.prefetch-budget-20.rank-accept_first.cut-entropy4.0.samples20.maxnew1024.seed10086.subtreePrefetch.vllm.log,392,17,69,0.28525530967759377
/Users/jiangnanhugo/workspace/power-sharpening/Subtree-Prefetching-Power-Sharpening/case_studies/logs-entropycut/mbpp/2026-09-21/vllm/dataset-mbpp.model-qwen3.5-9b.alpha4.0.steps100.blocks-1.prefetch-budget-20.rank-accept_first.cut-entropy4.0.samples20.maxnew1024.seed10086.subtreePrefetch.vllm.log,392,18,34,0.14642485102578862
/Users/jiangnanhugo/workspace/power-sharpening/Subtree-Prefetching-Power-Sharpening/case_studies/logs-entropycut/mbpp/2026-09-21/vllm/dataset-mbpp.model-qwen3.5-9b.alpha4.0.steps100.blocks-1.prefetch-budget-20.rank-accept_first.cut-entropy4.0.samples20.maxnew1024.seed10086.subtreePrefetch.vllm.log,392,19,73,0.12177088041567519
/Users/jiangnanhugo/workspace/power-sharpening/Subtree-Prefetching-Power-Sharpening/case_studies/logs-entropycut/mbpp/2026-09-21/vllm/dataset-mbpp.model-qwen3.5-9b.alpha4.0.steps100.blocks-1.prefetch-budget-20.rank-accept_first.cut-entropy4.0.samples20.maxnew1024.seed10086.subtreePrefetch.vllm.log,393,0,69,0.28525530967925083
/Users/jiangnanhugo/workspace/power-sharpening/Subtree-Prefetching-Power-Sharpening/case_studies/logs-entropycut/mbpp/2026-09-21/vllm/dataset-mbpp.model-qwen3.5-9b.alpha4.0.steps100.blocks-1.prefetch-budget-20.rank-accept_first.cut-entropy4.0.samples20.maxnew1024.seed10086.subtreePrefetch.vllm.log,393,1,86,0.13880201439392023
/Users/jiangnanhugo/workspace/power-sharpening/Subtree-Prefetching-Power-Sharpening/case_studies/logs-entropycut/mbpp/2026-09-21/vllm/dataset-mbpp.model-qwen3.5-9b.alpha4.0.steps100.blocks-1.prefetch-budget-20.rank-accept_first.cut-entropy4.0.samples20.maxnew1024.seed10086.subtreePrefetch.vllm.log,393,2,34,0.1464248510266392
/Users/jiangnanhugo/workspace/power-sharpening/Subtree-Prefetching-Power-Sharpening/case_studies/logs-entropycut/mbpp/2026-09-21/vllm/dataset-mbpp.model-qwen3.5-9b.alpha4.0.steps100.blocks-1.prefetch-budget-20.rank-accept_first.cut-entropy4.0.samples20.maxnew1024.seed10086.subtreePrefetch.vllm.log,393,3,73,0.12177088041638257
/Users/jiangnanhugo/workspace/power-sharpening/Subtree-Prefetching-Power-Sharpening/case_studies/logs-entropycut/mbpp/2026-09-21/vllm/dataset-mbpp.model-qwen3.5-9b.alpha4.0.steps100.blocks-1.prefetch-budget-20.rank-accept_first.cut-entropy4.0.samples20.maxnew1024.seed10086.subtreePrefetch.vllm.log,393,4,29,0.07675442022418409
/Users/jiangnanhugo/workspace/power-sharpening/Subtree-Prefetching-Power-Sharpening/case_studies/logs-entropycut/mbpp/2026-09-21/vllm/dataset-mbpp.model-qwen3.5-9b.alpha4.0.steps100.blocks-1.prefetch-budget-20.rank-accept_first.cut-entropy4.0.samples20.maxnew1024.seed10086.subtreePrefetch.vllm.log,393,5,36,0.10109049121403138
/Users/jiangnanhugo/workspace/power-sharpening/Subtree-Prefetching-Power-Sharpening/case_studies/logs-entropycut/mbpp/2026-09-21/vllm/dataset-mbpp.model-qwen3.5-9b.alpha4.0.steps100.blocks-1.prefetch-budget-20.rank-accept_first.cut-entropy4.0.samples20.maxnew1024.seed10086.subtreePrefetch.vllm.log,393,6,69,0.28525530967925083
/Users/jiangnanhugo/workspace/power-sharpening/Subtree-Prefetching-Power-Sharpening/case_studies/logs-entropycut/mbpp/2026-09-21/vllm/dataset-mbpp.model-qwen3.5-9b.alpha4.0.steps100.blocks-1.prefetch-budget-20.rank-accept_first.cut-entropy4.0.samples20.maxnew1024.seed10086.subtreePrefetch.vllm.log,393,7,51,0.004389673761502771
/Users/jiangnanhugo/workspace/power-sharpening/Subtree-Prefetching-Power-Sharpening/case_studies/logs-entropycut/mbpp/2026-09-21/vllm/dataset-mbpp.model-qwen3.5-9b.alpha4.0.steps100.blocks-1.prefetch-budget-20.rank-accept_first.cut-entropy4.0.samples20.maxnew1024.seed10086.subtreePrefetch.vllm.log,393,8,69,0.28525530967925083
/Users/jiangnanhugo/workspace/power-sharpening/Subtree-Prefetching-Power-Sharpening/case_studies/logs-entropycut/mbpp/2026-09-21/vllm/dataset-mbpp.model-qwen3.5-9b.alpha4.0.steps100.blocks-1.prefetch-budget-20.rank-accept_first.cut-entropy4.0.samples20.maxnew1024.seed10086.subtreePrefetch.vllm.log,393,9,36,0.10109049121403138
/Users/jiangnanhugo/workspace/power-sharpening/Subtree-Prefetching-Power-Sharpening/case_studies/logs-entropycut/mbpp/2026-09-21/vllm/dataset-mbpp.model-qwen3.5-9b.alpha4.0.steps100.blocks-1.prefetch-budget-20.rank-accept_first.cut-entropy4.0.samples20.maxnew1024.seed10086.subtreePrefetch.vllm.log,393,10,36,0.10109049121403138
/Users/jiangnanhugo/workspace/power-sharpening/Subtree-Prefetching-Power-Sharpening/case_studies/logs-entropycut/mbpp/2026-09-21/vllm/dataset-mbpp.model-qwen3.5-9b.alpha4.0.steps100.blocks-1.prefetch-budget-20.rank-accept_first.cut-entropy4.0.samples20.maxnew1024.seed10086.subtreePrefetch.vllm.log,393,11,69,0.28525530967925083
/Users/jiangnanhugo/workspace/power-sharpening/Subtree-Prefetching-Power-Sharpening/case_studies/logs-entropycut/mbpp/2026-09-21/vllm/dataset-mbpp.model-qwen3.5-9b.alpha4.0.steps100.blocks-1.prefetch-budget-20.rank-accept_first.cut-entropy4.0.samples20.maxnew1024.seed10086.subtreePrefetch.vllm.log,393,12,42,0.028035896840736135
/Users/jiangnanhugo/workspace/power-sharpening/Subtree-Prefetching-Power-Sharpening/case_studies/logs-entropycut/mbpp/2026-09-21/vllm/dataset-mbpp.model-qwen3.5-9b.alpha4.0.steps100.blocks-1.prefetch-budget-20.rank-accept_first.cut-entropy4.0.samples20.maxnew1024.seed10086.subtreePrefetch.vllm.log,393,13,34,0.1464248510266392
/Users/jiangnanhugo/workspace/power-sharpening/Subtree-Prefetching-Power-Sharpening/case_studies/logs-entropycut/mbpp/2026-09-21/vllm/dataset-mbpp.model-qwen3.5-9b.alpha4.0.steps100.blocks-1.prefetch-budget-20.rank-accept_first.cut-entropy4.0.samples20.maxnew1024.seed10086.subtreePrefetch.vllm.log,393,14,69,0.28525530967925083
/Users/jiangnanhugo/workspace/power-sharpening/Subtree-Prefetching-Power-Sharpening/case_studies/logs-entropycut/mbpp/2026-09-21/vllm/dataset-mbpp.model-qwen3.5-9b.alpha4.0.steps100.blocks-1.prefetch-budget-20.rank-accept_first.cut-entropy4.0.samples20.maxnew1024.seed10086.subtreePrefetch.vllm.log,393,15,73,0.12177088041638257
/Users/jiangnanhugo/workspace/power-sharpening/Subtree-Prefetching-Power-Sharpening/case_studies/logs-entropycut/mbpp/2026-09-21/vllm/dataset-mbpp.model-qwen3.5-9b.alpha4.0.steps100.blocks-1.prefetch-budget-20.rank-accept_first.cut-entropy4.0.samples20.maxnew1024.seed10086.subtreePrefetch.vllm.log,394,0,36,0.10439206885995339
/Users/jiangnanhugo/workspace/power-sharpening/Subtree-Prefetching-Power-Sharpening/case_studies/logs-entropycut/mbpp/2026-09-21/vllm/dataset-mbpp.model-qwen3.5-9b.alpha4.0.steps100.blocks-1.prefetch-budget-20.rank-accept_first.cut-entropy4.0.samples20.maxnew1024.seed10086.subtreePrefetch.vllm.log,394,1,29,0.07926119089068864
/Users/jiangnanhugo/workspace/power-sharpening/Subtree-Prefetching-Power-Sharpening/case_studies/logs-entropycut/mbpp/2026-09-21/vllm/dataset-mbpp.model-qwen3.5-9b.alpha4.0.steps100.blocks-1.prefetch-budget-20.rank-accept_first.cut-entropy4.0.samples20.maxnew1024.seed10086.subtreePrefetch.vllm.log,394,2,34,0.1512070319137958
/Users/jiangnanhugo/workspace/power-sharpening/Subtree-Prefetching-Power-Sharpening/case_studies/logs-entropycut/mbpp/2026-09-21/vllm/dataset-mbpp.model-qwen3.5-9b.alpha4.0.steps100.blocks-1.prefetch-budget-20.rank-accept_first.cut-entropy4.0.samples20.maxnew1024.seed10086.subtreePrefetch.vllm.log,394,3,69,0.29451918949674605
/Users/jiangnanhugo/workspace/power-sharpening/Subtree-Prefetching-Power-Sharpening/case_studies/logs-entropycut/mbpp/2026-09-21/vllm/dataset-mbpp.model-qwen3.5-9b.alpha4.0.steps100.blocks-1.prefetch-budget-20.rank-accept_first.cut-entropy4.0.samples20.maxnew1024.seed10086.subtreePrefetch.vllm.log,394,4,34,0.1512070319137958
/Users/jiangnanhugo/workspace/power-sharpening/Subtree-Prefetching-Power-Sharpening/case_studies/logs-entropycut/mbpp/2026-09-21/vllm/dataset-mbpp.model-qwen3.5-9b.alpha4.0.steps100.blocks-1.prefetch-budget-20.rank-accept_first.cut-entropy4.0.samples20.maxnew1024.seed10086.subtreePrefetch.vllm.log,394,5,69,0.29451918949674605
/Users/jiangnanhugo/workspace/power-sharpening/Subtree-Prefetching-Power-Sharpening/case_studies/logs-entropycut/mbpp/2026-09-21/vllm/dataset-mbpp.model-qwen3.5-9b.alpha4.0.steps100.blocks-1.prefetch-budget-20.rank-accept_first.cut-entropy4.0.samples20.maxnew1024.seed10086.subtreePrefetch.vllm.log,394,6,86,0.10640535938586039
/Users/jiangnanhugo/workspace/power-sharpening/Subtree-Prefetching-Power-Sharpening/case_studies/logs-entropycut/mbpp/2026-09-21/vllm/dataset-mbpp.model-qwen3.5-9b.alpha4.0.steps100.blocks-1.prefetch-budget-20.rank-accept_first.cut-entropy4.0.samples20.maxnew1024.seed10086.subtreePrefetch.vllm.log,395,0,292,0.022148794892116654
/Users/jiangnanhugo/workspace/power-sharpening/Subtree-Prefetching-Power-Sharpening/case_studies/logs-entropycut/mbpp/2026-09-21/vllm/dataset-mbpp.model-qwen3.5-9b.alpha4.0.steps100.blocks-1.prefetch-budget-20.rank-accept_first.cut-entropy4.0.samples20.maxnew1024.seed10086.subtreePrefetch.vllm.log,395,1,59,0.13655221872559525
/Users/jiangnanhugo/workspace/power-sharpening/Subtree-Prefetching-Power-Sharpening/case_studies/logs-entropycut/mbpp/2026-09-21/vllm/dataset-mbpp.model-qwen3.5-9b.alpha4.0.steps100.blocks-1.prefetch-budget-20.rank-accept_first.cut-entropy4.0.samples20.maxnew1024.seed10086.subtreePrefetch.vllm.log,395,2,313,0.0034168695185110187
/Users/jiangnanhugo/workspace/power-sharpening/Subtree-Prefetching-Power-Sharpening/case_studies/logs-entropycut/mbpp/2026-09-21/vllm/dataset-mbpp.model-qwen3.5-9b.alpha4.0.steps100.blocks-1.prefetch-budget-20.rank-accept_first.cut-entropy4.0.samples20.maxnew1024.seed10086.subtreePrefetch.vllm.log,395,3,76,0.16264200026220518
/Users/jiangnanhugo/workspace/power-sharpening/Subtree-Prefetching-Power-Sharpening/case_studies/logs-entropycut/mbpp/2026-09-21/vllm/dataset-mbpp.model-qwen3.5-9b.alpha4.0.steps100.blocks-1.prefetch-budget-20.rank-accept_first.cut-entropy4.0.samples20.maxnew1024.seed10086.subtreePrefetch.vllm.log,395,4,76,0.16264200026220518
/Users/jiangnanhugo/workspace/power-sharpening/Subtree-Prefetching-Power-Sharpening/case_studies/logs-entropycut/mbpp/2026-09-21/vllm/dataset-mbpp.model-qwen3.5-9b.alpha4.0.steps100.blocks-1.prefetch-budget-20.rank-accept_first.cut-entropy4.0.samples20.maxnew1024.seed10086.subtreePrefetch.vllm.log,395,5,59,0.13655221872559525
/Users/jiangnanhugo/workspace/power-sharpening/Subtree-Prefetching-Power-Sharpening/case_studies/logs-entropycut/mbpp/2026-09-21/vllm/dataset-mbpp.model-qwen3.5-9b.alpha4.0.steps100.blocks-1.prefetch-budget-20.rank-accept_first.cut-entropy4.0.samples20.maxnew1024.seed10086.subtreePrefetch.vllm.log,395,6,757,0.13418317424152484
/Users/jiangnanhugo/workspace/power-sharpening/Subtree-Prefetching-Power-Sharpening/case_studies/logs-entropycut/mbpp/2026-09-21/vllm/dataset-mbpp.model-qwen3.5-9b.alpha4.0.steps100.blocks-1.prefetch-budget-20.rank-accept_first.cut-entropy4.0.samples20.maxnew1024.seed10086.subtreePrefetch.vllm.log,395,7,91,0.011283380054153708
/Users/jiangnanhugo/workspace/power-sharpening/Subtree-Prefetching-Power-Sharpening/case_studies/logs-entropycut/mbpp/2026-09-21/vllm/dataset-mbpp.model-qwen3.5-9b.alpha4.0.steps100.blocks-1.prefetch-budget-20.rank-accept_first.cut-entropy4.0.samples20.maxnew1024.seed10086.subtreePrefetch.vllm.log,395,8,291,0.00720940788346583
/Users/jiangnanhugo/workspace/power-sharpening/Subtree-Prefetching-Power-Sharpening/case_studies/logs-entropycut/mbpp/2026-09-21/vllm/dataset-mbpp.model-qwen3.5-9b.alpha4.0.steps100.blocks-1.prefetch-budget-20.rank-accept_first.cut-entropy4.0.samples20.maxnew1024.seed10086.subtreePrefetch.vllm.log,395,9,59,0.13655221872559525
/Users/jiangnanhugo/workspace/power-sharpening/Subtree-Prefetching-Power-Sharpening/case_studies/logs-entropycut/mbpp/2026-09-21/vllm/dataset-mbpp.model-qwen3.5-9b.alpha4.0.steps100.blocks-1.prefetch-budget-20.rank-accept_first.cut-entropy4.0.samples20.maxnew1024.seed10086.subtreePrefetch.vllm.log,395,10,420,0.016506362475213428
/Users/jiangnanhugo/workspace/power-sharpening/Subtree-Prefetching-Power-Sharpening/case_studies/logs-entropycut/mbpp/2026-09-21/vllm/dataset-mbpp.model-qwen3.5-9b.alpha4.0.steps100.blocks-1.prefetch-budget-20.rank-accept_first.cut-entropy4.0.samples20.maxnew1024.seed10086.subtreePrefetch.vllm.log,395,11,291,0.00720940788346583
/Users/jiangnanhugo/workspace/power-sharpening/Subtree-Prefetching-Power-Sharpening/case_studies/logs-entropycut/mbpp/2026-09-21/vllm/dataset-mbpp.model-qwen3.5-9b.alpha4.0.steps100.blocks-1.prefetch-budget-20.rank-accept_first.cut-entropy4.0.samples20.maxnew1024.seed10086.subtreePrefetch.vllm.log,395,12,292,0.022148794892116654
/Users/jiangnanhugo/workspace/power-sharpening/Subtree-Prefetching-Power-Sharpening/case_studies/logs-entropycut/mbpp/2026-09-21/vllm/dataset-mbpp.model-qwen3.5-9b.alpha4.0.steps100.blocks-1.prefetch-budget-20.rank-accept_first.cut-entropy4.0.samples20.maxnew1024.seed10086.subtreePrefetch.vllm.log,395,13,59,0.13655221872559525
/Users/jiangnanhugo/workspace/power-sharpening/Subtree-Prefetching-Power-Sharpening/case_studies/logs-entropycut/mbpp/2026-09-21/vllm/dataset-mbpp.model-qwen3.5-9b.alpha4.0.steps100.blocks-1.prefetch-budget-20.rank-accept_first.cut-entropy4.0.samples20.maxnew1024.seed10086.subtreePrefetch.vllm.log,395,14,59,0.13655221872559525
/Users/jiangnanhugo/workspace/power-sharpening/Subtree-Prefetching-Power-Sharpening/case_studies/logs-entropycut/mbpp/2026-09-21/vllm/dataset-mbpp.model-qwen3.5-9b.alpha4.0.steps100.blocks-1.prefetch-budget-20.rank-accept_first.cut-entropy4.0.samples20.maxnew1024.seed10086.subtreePrefetch.vllm.log,395,15,59,0.13655221872559525
/Users/jiangnanhugo/workspace/power-sharpening/Subtree-Prefetching-Power-Sharpening/case_studies/logs-entropycut/mbpp/2026-09-21/vllm/dataset-mbpp.model-qwen3.5-9b.alpha4.0.steps100.blocks-1.prefetch-budget-20.rank-accept_first.cut-entropy4.0.samples20.maxnew1024.seed10086.subtreePrefetch.vllm.log,395,16,757,0.13418317424152484
/Users/jiangnanhugo/workspace/power-sharpening/Subtree-Prefetching-Power-Sharpening/case_studies/logs-entropycut/mbpp/2026-09-21/vllm/dataset-mbpp.model-qwen3.5-9b.alpha4.0.steps100.blocks-1.prefetch-budget-20.rank-accept_first.cut-entropy4.0.samples20.maxnew1024.seed10086.subtreePrefetch.vllm.log,395,17,68,0.016373474019842838
/Users/jiangnanhugo/workspace/power-sharpening/Subtree-Prefetching-Power-Sharpening/case_studies/logs-entropycut/mbpp/2026-09-21/vllm/dataset-mbpp.model-qwen3.5-9b.alpha4.0.steps100.blocks-1.prefetch-budget-20.rank-accept_first.cut-entropy4.0.samples20.maxnew1024.seed10086.subtreePrefetch.vllm.log,395,18,76,0.16264200026220518
/Users/jiangnanhugo/workspace/power-sharpening/Subtree-Prefetching-Power-Sharpening/case_studies/logs-entropycut/mbpp/2026-09-21/vllm/dataset-mbpp.model-qwen3.5-9b.alpha4.0.steps100.blocks-1.prefetch-budget-20.rank-accept_first.cut-entropy4.0.samples20.maxnew1024.seed10086.subtreePrefetch.vllm.log,395,19,523,0.0075591218674316224
/Users/jiangnanhugo/workspace/power-sharpening/Subtree-Prefetching-Power-Sharpening/case_studies/logs-entropycut/mbpp/2026-09-21/vllm/dataset-mbpp.model-qwen3.5-9b.alpha4.0.steps100.blocks-1.prefetch-budget-20.rank-accept_first.cut-entropy4.0.samples20.maxnew1024.seed10086.subtreePrefetch.vllm.log,396,0,59,0.12939142682890192
/Users/jiangnanhugo/workspace/power-sharpening/Subtree-Prefetching-Power-Sharpening/case_studies/logs-entropycut/mbpp/2026-09-21/vllm/dataset-mbpp.model-qwen3.5-9b.alpha4.0.steps100.blocks-1.prefetch-budget-20.rank-accept_first.cut-entropy4.0.samples20.maxnew1024.seed10086.subtreePrefetch.vllm.log,396,1,90,0.0022823137396652334
/Users/jiangnanhugo/workspace/power-sharpening/Subtree-Prefetching-Power-Sharpening/case_studies/logs-entropycut/mbpp/2026-09-21/vllm/dataset-mbpp.model-qwen3.5-9b.alpha4.0.steps100.blocks-1.prefetch-budget-20.rank-accept_first.cut-entropy4.0.samples20.maxnew1024.seed10086.subtreePrefetch.vllm.log,396,2,72,0.01778411958710074
/Users/jiangnanhugo/workspace/power-sharpening/Subtree-Prefetching-Power-Sharpening/case_studies/logs-entropycut/mbpp/2026-09-21/vllm/dataset-mbpp.model-qwen3.5-9b.alpha4.0.steps100.blocks-1.prefetch-budget-20.rank-accept_first.cut-entropy4.0.samples20.maxnew1024.seed10086.subtreePrefetch.vllm.log,396,3,422,0.02952530116838339
/Users/jiangnanhugo/workspace/power-sharpening/Subtree-Prefetching-Power-Sharpening/case_studies/logs-entropycut/mbpp/2026-09-21/vllm/dataset-mbpp.model-qwen3.5-9b.alpha4.0.steps100.blocks-1.prefetch-budget-20.rank-accept_first.cut-entropy4.0.samples20.maxnew1024.seed10086.subtreePrefetch.vllm.log,396,4,127,0.11845372832344153
/Users/jiangnanhugo/workspace/power-sharpening/Subtree-Prefetching-Power-Sharpening/case_studies/logs-entropycut/mbpp/2026-09-21/vllm/dataset-mbpp.model-qwen3.5-9b.alpha4.0.steps100.blocks-1.prefetch-budget-20.rank-accept_first.cut-entropy4.0.samples20.maxnew1024.seed10086.subtreePrefetch.vllm.log,396,5,292,0.020293557537246997
/Users/jiangnanhugo/workspace/power-sharpening/Subtree-Prefetching-Power-Sharpening/case_studies/logs-entropycut/mbpp/2026-09-21/vllm/dataset-mbpp.model-qwen3.5-9b.alpha4.0.steps100.blocks-1.prefetch-budget-20.rank-accept_first.cut-entropy4.0.samples20.maxnew1024.seed10086.subtreePrefetch.vllm.log,396,6,76,0.15569920403679607
/Users/jiangnanhugo/workspace/power-sharpening/Subtree-Prefetching-Power-Sharpening/case_studies/logs-entropycut/mbpp/2026-09-21/vllm/dataset-mbpp.model-qwen3.5-9b.alpha4.0.steps100.blocks-1.prefetch-budget-20.rank-accept_first.cut-entropy4.0.samples20.maxnew1024.seed10086.subtreePrefetch.vllm.log,396,7,76,0.15569920403679607
/Users/jiangnanhugo/workspace/power-sharpening/Subtree-Prefetching-Power-Sharpening/case_studies/logs-entropycut/mbpp/2026-09-21/vllm/dataset-mbpp.model-qwen3.5-9b.alpha4.0.steps100.blocks-1.prefetch-budget-20.rank-accept_first.cut-entropy4.0.samples20.maxnew1024.seed10086.subtreePrefetch.vllm.log,396,8,76,0.15569920403679607
/Users/jiangnanhugo/workspace/power-sharpening/Subtree-Prefetching-Power-Sharpening/case_studies/logs-entropycut/mbpp/2026-09-21/vllm/dataset-mbpp.model-qwen3.5-9b.alpha4.0.steps100.blocks-1.prefetch-budget-20.rank-accept_first.cut-entropy4.0.samples20.maxnew1024.seed10086.subtreePrefetch.vllm.log,396,9,127,0.11845372832344153
/Users/jiangnanhugo/workspace/power-sharpening/Subtree-Prefetching-Power-Sharpening/case_studies/logs-entropycut/mbpp/2026-09-21/vllm/dataset-mbpp.model-qwen3.5-9b.alpha4.0.steps100.blocks-1.prefetch-budget-20.rank-accept_first.cut-entropy4.0.samples20.maxnew1024.seed10086.subtreePrefetch.vllm.log,396,10,59,0.12939142682890192
/Users/jiangnanhugo/workspace/power-sharpening/Subtree-Prefetching-Power-Sharpening/case_studies/logs-entropycut/mbpp/2026-09-21/vllm/dataset-mbpp.model-qwen3.5-9b.alpha4.0.steps100.blocks-1.prefetch-budget-20.rank-accept_first.cut-entropy4.0.samples20.maxnew1024.seed10086.subtreePrefetch.vllm.log,396,11,127,0.11845372832344153
/Users/jiangnanhugo/workspace/power-sharpening/Subtree-Prefetching-Power-Sharpening/case_studies/logs-entropycut/mbpp/2026-09-21/vllm/dataset-mbpp.model-qwen3.5-9b.alpha4.0.steps100.blocks-1.prefetch-budget-20.rank-accept_first.cut-entropy4.0.samples20.maxnew1024.seed10086.subtreePrefetch.vllm.log,396,12,59,0.12939142682890192
/Users/jiangnanhugo/workspace/power-sharpening/Subtree-Prefetching-Power-Sharpening/case_studies/logs-entropycut/mbpp/2026-09-21/vllm/dataset-mbpp.model-qwen3.5-9b.alpha4.0.steps100.blocks-1.prefetch-budget-20.rank-accept_first.cut-entropy4.0.samples20.maxnew1024.seed10086.subtreePrefetch.vllm.log,396,13,72,0.01778411958710074
/Users/jiangnanhugo/workspace/power-sharpening/Subtree-Prefetching-Power-Sharpening/case_studies/logs-entropycut/mbpp/2026-09-21/vllm/dataset-mbpp.model-qwen3.5-9b.alpha4.0.steps100.blocks-1.prefetch-budget-20.rank-accept_first.cut-entropy4.0.samples20.maxnew1024.seed10086.subtreePrefetch.vllm.log,396,14,496,0.006593932127434027
/Users/jiangnanhugo/workspace/power-sharpening/Subtree-Prefetching-Power-Sharpening/case_studies/logs-entropycut/mbpp/2026-09-21/vllm/dataset-mbpp.model-qwen3.5-9b.alpha4.0.steps100.blocks-1.prefetch-budget-20.rank-accept_first.cut-entropy4.0.samples20.maxnew1024.seed10086.subtreePrefetch.vllm.log,396,15,90,0.0022823137396652334
/Users/jiangnanhugo/workspace/power-sharpening/Subtree-Prefetching-Power-Sharpening/case_studies/logs-entropycut/mbpp/2026-09-21/vllm/dataset-mbpp.model-qwen3.5-9b.alpha4.0.steps100.blocks-1.prefetch-budget-20.rank-accept_first.cut-entropy4.0.samples20.maxnew1024.seed10086.subtreePrefetch.vllm.log,396,16,304,0.033717145464109394
/Users/jiangnanhugo/workspace/power-sharpening/Subtree-Prefetching-Power-Sharpening/case_studies/logs-entropycut/mbpp/2026-09-21/vllm/dataset-mbpp.model-qwen3.5-9b.alpha4.0.steps100.blocks-1.prefetch-budget-20.rank-accept_first.cut-entropy4.0.samples20.maxnew1024.seed10086.subtreePrefetch.vllm.log,396,17,76,0.15569920403679607
/Users/jiangnanhugo/workspace/power-sharpening/Subtree-Prefetching-Power-Sharpening/case_studies/logs-entropycut/mbpp/2026-09-21/vllm/dataset-mbpp.model-qwen3.5-9b.alpha4.0.steps100.blocks-1.prefetch-budget-20.rank-accept_first.cut-entropy4.0.samples20.maxnew1024.seed10086.subtreePrefetch.vllm.log,396,18,76,0.15569920403679607
/Users/jiangnanhugo/workspace/power-sharpening/Subtree-Prefetching-Power-Sharpening/case_studies/logs-entropycut/mbpp/2026-09-21/vllm/dataset-mbpp.model-qwen3.5-9b.alpha4.0.steps100.blocks-1.prefetch-budget-20.rank-accept_first.cut-entropy4.0.samples20.maxnew1024.seed10086.subtreePrefetch.vllm.log,396,19,76,0.15569920403679607
/Users/jiangnanhugo/workspace/power-sharpening/Subtree-Prefetching-Power-Sharpening/case_studies/logs-entropycut/mbpp/2026-09-21/vllm/dataset-mbpp.model-qwen3.5-9b.alpha4.0.steps100.blocks-1.prefetch-budget-20.rank-accept_first.cut-entropy4.0.samples20.maxnew1024.seed10086.subtreePrefetch.vllm.log,397,0,59,0.15154942402745789
/Users/jiangnanhugo/workspace/power-sharpening/Subtree-Prefetching-Power-Sharpening/case_studies/logs-entropycut/mbpp/2026-09-21/vllm/dataset-mbpp.model-qwen3.5-9b.alpha4.0.steps100.blocks-1.prefetch-budget-20.rank-accept_first.cut-entropy4.0.samples20.maxnew1024.seed10086.subtreePrefetch.vllm.log,397,1,292,0.032105299495894975
/Users/jiangnanhugo/workspace/power-sharpening/Subtree-Prefetching-Power-Sharpening/case_studies/logs-entropycut/mbpp/2026-09-21/vllm/dataset-mbpp.model-qwen3.5-9b.alpha4.0.steps100.blocks-1.prefetch-budget-20.rank-accept_first.cut-entropy4.0.samples20.maxnew1024.seed10086.subtreePrefetch.vllm.log,397,2,127,0.1511612526522473
/Users/jiangnanhugo/workspace/power-sharpening/Subtree-Prefetching-Power-Sharpening/case_studies/logs-entropycut/mbpp/2026-09-21/vllm/dataset-mbpp.model-qwen3.5-9b.alpha4.0.steps100.blocks-1.prefetch-budget-20.rank-accept_first.cut-entropy4.0.samples20.maxnew1024.seed10086.subtreePrefetch.vllm.log,397,3,76,0.2066458276204203
/Users/jiangnanhugo/workspace/power-sharpening/Subtree-Prefetching-Power-Sharpening/case_studies/logs-entropycut/mbpp/2026-09-21/vllm/dataset-mbpp.model-qwen3.5-9b.alpha4.0.steps100.blocks-1.prefetch-budget-20.rank-accept_first.cut-entropy4.0.samples20.maxnew1024.seed10086.subtreePrefetch.vllm.log,397,4,59,0.15154942402745789
/Users/jiangnanhugo/workspace/power-sharpening/Subtree-Prefetching-Power-Sharpening/case_studies/logs-entropycut/mbpp/2026-09-21/vllm/dataset-mbpp.model-qwen3.5-9b.alpha4.0.steps100.blocks-1.prefetch-budget-20.rank-accept_first.cut-entropy4.0.samples20.maxnew1024.seed10086.subtreePrefetch.vllm.log,397,5,127,0.1511612526522473
/Users/jiangnanhugo/workspace/power-sharpening/Subtree-Prefetching-Power-Sharpening/case_studies/logs-entropycut/mbpp/2026-09-21/vllm/dataset-mbpp.model-qwen3.5-9b.alpha4.0.steps100.blocks-1.prefetch-budget-20.rank-accept_first.cut-entropy4.0.samples20.maxnew1024.seed10086.subtreePrefetch.vllm.log,397,6,291,0.007920400990895051
/Users/jiangnanhugo/workspace/power-sharpening/Subtree-Prefetching-Power-Sharpening/case_studies/logs-entropycut/mbpp/2026-09-21/vllm/dataset-mbpp.model-qwen3.5-9b.alpha4.0.steps100.blocks-1.prefetch-budget-20.rank-accept_first.cut-entropy4.0.samples20.maxnew1024.seed10086.subtreePrefetch.vllm.log,397,7,127,0.1511612526522473
/Users/jiangnanhugo/workspace/power-sharpening/Subtree-Prefetching-Power-Sharpening/case_studies/logs-entropycut/mbpp/2026-09-21/vllm/dataset-mbpp.model-qwen3.5-9b.alpha4.0.steps100.blocks-1.prefetch-budget-20.rank-accept_first.cut-entropy4.0.samples20.maxnew1024.seed10086.subtreePrefetch.vllm.log,397,8,59,0.15154942402745789
/Users/jiangnanhugo/workspace/power-sharpening/Subtree-Prefetching-Power-Sharpening/case_studies/logs-entropycut/mbpp/2026-09-21/vllm/dataset-mbpp.model-qwen3.5-9b.alpha4.0.steps100.blocks-1.prefetch-budget-20.rank-accept_first.cut-entropy4.0.samples20.maxnew1024.seed10086.subtreePrefetch.vllm.log,397,9,76,0.2066458276204203
/Users/jiangnanhugo/workspace/power-sharpening/Subtree-Prefetching-Power-Sharpening/case_studies/logs-entropycut/mbpp/2026-09-21/vllm/dataset-mbpp.model-qwen3.5-9b.alpha4.0.steps100.blocks-1.prefetch-budget-20.rank-accept_first.cut-entropy4.0.samples20.maxnew1024.seed10086.subtreePrefetch.vllm.log,397,10,304,0.04462963205693798
/Users/jiangnanhugo/workspace/power-sharpening/Subtree-Prefetching-Power-Sharpening/case_studies/logs-entropycut/mbpp/2026-09-21/vllm/dataset-mbpp.model-qwen3.5-9b.alpha4.0.steps100.blocks-1.prefetch-budget-20.rank-accept_first.cut-entropy4.0.samples20.maxnew1024.seed10086.subtreePrefetch.vllm.log,397,11,76,0.2066458276204203
/Users/jiangnanhugo/workspace/power-sharpening/Subtree-Prefetching-Power-Sharpening/case_studies/logs-entropycut/mbpp/2026-09-21/vllm/dataset-mbpp.model-qwen3.5-9b.alpha4.0.steps100.blocks-1.prefetch-budget-20.rank-accept_first.cut-entropy4.0.samples20.maxnew1024.seed10086.subtreePrefetch.vllm.log,397,12,76,0.2066458276204203
/Users/jiangnanhugo/workspace/power-sharpening/Subtree-Prefetching-Power-Sharpening/case_studies/logs-entropycut/mbpp/2026-09-21/vllm/dataset-mbpp.model-qwen3.5-9b.alpha4.0.steps100.blocks-1.prefetch-budget-20.rank-accept_first.cut-entropy4.0.samples20.maxnew1024.seed10086.subtreePrefetch.vllm.log,397,13,58,0.011917918506673042
/Users/jiangnanhugo/workspace/power-sharpening/Subtree-Prefetching-Power-Sharpening/case_studies/logs-entropycut/mbpp/2026-09-21/vllm/dataset-mbpp.model-qwen3.5-9b.alpha4.0.steps100.blocks-1.prefetch-budget-20.rank-accept_first.cut-entropy4.0.samples20.maxnew1024.seed10086.subtreePrefetch.vllm.log,397,14,127,0.1511612526522473
/Users/jiangnanhugo/workspace/power-sharpening/Subtree-Prefetching-Power-Sharpening/case_studies/logs-entropycut/mbpp/2026-09-21/vllm/dataset-mbpp.model-qwen3.5-9b.alpha4.0.steps100.blocks-1.prefetch-budget-20.rank-accept_first.cut-entropy4.0.samples20.maxnew1024.seed10086.subtreePrefetch.vllm.log,397,15,76,0.2066458276204203
/Users/jiangnanhugo/workspace/power-sharpening/Subtree-Prefetching-Power-Sharpening/case_studies/logs-entropycut/mbpp/2026-09-21/vllm/dataset-mbpp.model-qwen3.5-9b.alpha4.0.steps100.blocks-1.prefetch-budget-20.rank-accept_first.cut-entropy4.0.samples20.maxnew1024.seed10086.subtreePrefetch.vllm.log,397,16,76,0.2066458276204203
/Users/jiangnanhugo/workspace/power-sharpening/Subtree-Prefetching-Power-Sharpening/case_studies/logs-entropycut/mbpp/2026-09-21/vllm/dataset-mbpp.model-qwen3.5-9b.alpha4.0.steps100.blocks-1.prefetch-budget-20.rank-accept_first.cut-entropy4.0.samples20.maxnew1024.seed10086.subtreePrefetch.vllm.log,397,17,68,0.01989348880047578
/Users/jiangnanhugo/workspace/power-sharpening/Subtree-Prefetching-Power-Sharpening/case_studies/logs-entropycut/mbpp/2026-09-21/vllm/dataset-mbpp.model-qwen3.5-9b.alpha4.0.steps100.blocks-1.prefetch-budget-20.rank-accept_first.cut-entropy4.0.samples20.maxnew1024.seed10086.subtreePrefetch.vllm.log,397,18,76,0.2066458276204203
/Users/jiangnanhugo/workspace/power-sharpening/Subtree-Prefetching-Power-Sharpening/case_studies/logs-entropycut/mbpp/2026-09-21/vllm/dataset-mbpp.model-qwen3.5-9b.alpha4.0.steps100.blocks-1.prefetch-budget-20.rank-accept_first.cut-entropy4.0.samples20.maxnew1024.seed10086.subtreePrefetch.vllm.log,397,19,76,0.2066458276204203
/Users/jiangnanhugo/workspace/power-sharpening/Subtree-Prefetching-Power-Sharpening/case_studies/logs-entropycut/mbpp/2026-09-21/vllm/dataset-mbpp.model-qwen3.5-9b.alpha4.0.steps100.blocks-1.prefetch-budget-20.rank-accept_first.cut-entropy4.0.samples20.maxnew1024.seed10086.subtreePrefetch.vllm.log,398,0,59,0.174190210166607
/Users/jiangnanhugo/workspace/power-sharpening/Subtree-Prefetching-Power-Sharpening/case_studies/logs-entropycut/mbpp/2026-09-21/vllm/dataset-mbpp.model-qwen3.5-9b.alpha4.0.steps100.blocks-1.prefetch-budget-20.rank-accept_first.cut-entropy4.0.samples20.maxnew1024.seed10086.subtreePrefetch.vllm.log,398,1,59,0.174190210166607
/Users/jiangnanhugo/workspace/power-sharpening/Subtree-Prefetching-Power-Sharpening/case_studies/logs-entropycut/mbpp/2026-09-21/vllm/dataset-mbpp.model-qwen3.5-9b.alpha4.0.steps100.blocks-1.prefetch-budget-20.rank-accept_first.cut-entropy4.0.samples20.maxnew1024.seed10086.subtreePrefetch.vllm.log,398,2,59,0.174190210166607
/Users/jiangnanhugo/workspace/power-sharpening/Subtree-Prefetching-Power-Sharpening/case_studies/logs-entropycut/mbpp/2026-09-21/vllm/dataset-mbpp.model-qwen3.5-9b.alpha4.0.steps100.blocks-1.prefetch-budget-20.rank-accept_first.cut-entropy4.0.samples20.maxnew1024.seed10086.subtreePrefetch.vllm.log,398,3,127,0.18679972436248463
/Users/jiangnanhugo/workspace/power-sharpening/Subtree-Prefetching-Power-Sharpening/case_studies/logs-entropycut/mbpp/2026-09-21/vllm/dataset-mbpp.model-qwen3.5-9b.alpha4.0.steps100.blocks-1.prefetch-budget-20.rank-accept_first.cut-entropy4.0.samples20.maxnew1024.seed10086.subtreePrefetch.vllm.log,398,4,127,0.18679972436248463
/Users/jiangnanhugo/workspace/power-sharpening/Subtree-Prefetching-Power-Sharpening/case_studies/logs-entropycut/mbpp/2026-09-21/vllm/dataset-mbpp.model-qwen3.5-9b.alpha4.0.steps100.blocks-1.prefetch-budget-20.rank-accept_first.cut-entropy4.0.samples20.maxnew1024.seed10086.subtreePrefetch.vllm.log,398,5,127,0.18679972436248463
/Users/jiangnanhugo/workspace/power-sharpening/Subtree-Prefetching-Power-Sharpening/case_studies/logs-entropycut/mbpp/2026-09-21/vllm/dataset-mbpp.model-qwen3.5-9b.alpha4.0.steps100.blocks-1.prefetch-budget-20.rank-accept_first.cut-entropy4.0.samples20.maxnew1024.seed10086.subtreePrefetch.vllm.log,398,6,59,0.174190210166607
/Users/jiangnanhugo/workspace/power-sharpening/Subtree-Prefetching-Power-Sharpening/case_studies/logs-entropycut/mbpp/2026-09-21/vllm/dataset-mbpp.model-qwen3.5-9b.alpha4.0.steps100.blocks-1.prefetch-budget-20.rank-accept_first.cut-entropy4.0.samples20.maxnew1024.seed10086.subtreePrefetch.vllm.log,398,7,76,0.23751776276452038
/Users/jiangnanhugo/workspace/power-sharpening/Subtree-Prefetching-Power-Sharpening/case_studies/logs-entropycut/mbpp/2026-09-21/vllm/dataset-mbpp.model-qwen3.5-9b.alpha4.0.steps100.blocks-1.prefetch-budget-20.rank-accept_first.cut-entropy4.0.samples20.maxnew1024.seed10086.subtreePrefetch.vllm.log,398,8,76,0.23751776276452038
/Users/jiangnanhugo/workspace/power-sharpening/Subtree-Prefetching-Power-Sharpening/case_studies/logs-entropycut/mbpp/2026-09-21/vllm/dataset-mbpp.model-qwen3.5-9b.alpha4.0.steps100.blocks-1.prefetch-budget-20.rank-accept_first.cut-entropy4.0.samples20.maxnew1024.seed10086.subtreePrefetch.vllm.log,398,9,59,0.174190210166607
/Users/jiangnanhugo/workspace/power-sharpening/Subtree-Prefetching-Power-Sharpening/case_studies/logs-entropycut/mbpp/2026-09-21/vllm/dataset-mbpp.model-qwen3.5-9b.alpha4.0.steps100.blocks-1.prefetch-budget-20.rank-accept_first.cut-entropy4.0.samples20.maxnew1024.seed10086.subtreePrefetch.vllm.log,398,10,59,0.174190210166607
/Users/jiangnanhugo/workspace/power-sharpening/Subtree-Prefetching-Power-Sharpening/case_studies/logs-entropycut/mbpp/2026-09-21/vllm/dataset-mbpp.model-qwen3.5-9b.alpha4.0.steps100.blocks-1.prefetch-budget-20.rank-accept_first.cut-entropy4.0.samples20.maxnew1024.seed10086.subtreePrefetch.vllm.log,398,11,70,0.0008216413560166287
/Users/jiangnanhugo/workspace/power-sharpening/Subtree-Prefetching-Power-Sharpening/case_studies/logs-entropycut/mbpp/2026-09-21/vllm/dataset-mbpp.model-qwen3.5-9b.alpha4.0.steps100.blocks-1.prefetch-budget-20.rank-accept_first.cut-entropy4.0.samples20.maxnew1024.seed10086.subtreePrefetch.vllm.log,398,12,59,0.174190210166607
/Users/jiangnanhugo/workspace/power-sharpening/Subtree-Prefetching-Power-Sharpening/case_studies/logs-entropycut/mbpp/2026-09-21/vllm/dataset-mbpp.model-qwen3.5-9b.alpha4.0.steps100.blocks-1.prefetch-budget-20.rank-accept_first.cut-entropy4.0.samples20.maxnew1024.seed10086.subtreePrefetch.vllm.log,398,13,59,0.174190210166607
/Users/jiangnanhugo/workspace/power-sharpening/Subtree-Prefetching-Power-Sharpening/case_studies/logs-entropycut/mbpp/2026-09-21/vllm/dataset-mbpp.model-qwen3.5-9b.alpha4.0.steps100.blocks-1.prefetch-budget-20.rank-accept_first.cut-entropy4.0.samples20.maxnew1024.seed10086.subtreePrefetch.vllm.log,398,14,322,0.02145577037788147
/Users/jiangnanhugo/workspace/power-sharpening/Subtree-Prefetching-Power-Sharpening/case_studies/logs-entropycut/mbpp/2026-09-21/vllm/dataset-mbpp.model-qwen3.5-9b.alpha4.0.steps100.blocks-1.prefetch-budget-20.rank-accept_first.cut-entropy4.0.samples20.maxnew1024.seed10086.subtreePrefetch.vllm.log,398,15,59,0.174190210166607
/Users/jiangnanhugo/workspace/power-sharpening/Subtree-Prefetching-Power-Sharpening/case_studies/logs-entropycut/mbpp/2026-09-21/vllm/dataset-mbpp.model-qwen3.5-9b.alpha4.0.steps100.blocks-1.prefetch-budget-20.rank-accept_first.cut-entropy4.0.samples20.maxnew1024.seed10086.subtreePrefetch.vllm.log,398,16,59,0.174190210166607
/Users/jiangnanhugo/workspace/power-sharpening/Subtree-Prefetching-Power-Sharpening/case_studies/logs-entropycut/mbpp/2026-09-21/vllm/dataset-mbpp.model-qwen3.5-9b.alpha4.0.steps100.blocks-1.prefetch-budget-20.rank-accept_first.cut-entropy4.0.samples20.maxnew1024.seed10086.subtreePrefetch.vllm.log,398,17,76,0.23751776276452038
/Users/jiangnanhugo/workspace/power-sharpening/Subtree-Prefetching-Power-Sharpening/case_studies/logs-entropycut/mbpp/2026-09-21/vllm/dataset-mbpp.model-qwen3.5-9b.alpha4.0.steps100.blocks-1.prefetch-budget-20.rank-accept_first.cut-entropy4.0.samples20.maxnew1024.seed10086.subtreePrefetch.vllm.log,398,18,76,0.23751776276452038
/Users/jiangnanhugo/workspace/power-sharpening/Subtree-Prefetching-Power-Sharpening/case_studies/logs-entropycut/mbpp/2026-09-21/vllm/dataset-mbpp.model-qwen3.5-9b.alpha4.0.steps100.blocks-1.prefetch-budget-20.rank-accept_first.cut-entropy4.0.samples20.maxnew1024.seed10086.subtreePrefetch.vllm.log,398,19,59,0.174190210166607
/Users/jiangnanhugo/workspace/power-sharpening/Subtree-Prefetching-Power-Sharpening/case_studies/logs-entropycut/mbpp/2026-09-21/vllm/dataset-mbpp.model-qwen3.5-9b.alpha4.0.steps100.blocks-1.prefetch-budget-20.rank-accept_first.cut-entropy4.0.samples20.maxnew1024.seed10086.subtreePrefetch.vllm.log,399,0,59,0.17419014324852133
/Users/jiangnanhugo/workspace/power-sharpening/Subtree-Prefetching-Power-Sharpening/case_studies/logs-entropycut/mbpp/2026-09-21/vllm/dataset-mbpp.model-qwen3.5-9b.alpha4.0.steps100.blocks-1.prefetch-budget-20.rank-accept_first.cut-entropy4.0.samples20.maxnew1024.seed10086.subtreePrefetch.vllm.log,399,1,266,0.04599408779101541
/Users/jiangnanhugo/workspace/power-sharpening/Subtree-Prefetching-Power-Sharpening/case_studies/logs-entropycut/mbpp/2026-09-21/vllm/dataset-mbpp.model-qwen3.5-9b.alpha4.0.steps100.blocks-1.prefetch-budget-20.rank-accept_first.cut-entropy4.0.samples20.maxnew1024.seed10086.subtreePrefetch.vllm.log,399,2,68,0.02286547564337752
/Users/jiangnanhugo/workspace/power-sharpening/Subtree-Prefetching-Power-Sharpening/case_studies/logs-entropycut/mbpp/2026-09-21/vllm/dataset-mbpp.model-qwen3.5-9b.alpha4.0.steps100.blocks-1.prefetch-budget-20.rank-accept_first.cut-entropy4.0.samples20.maxnew1024.seed10086.subtreePrefetch.vllm.log,399,3,59,0.17419014324852133
/Users/jiangnanhugo/workspace/power-sharpening/Subtree-Prefetching-Power-Sharpening/case_studies/logs-entropycut/mbpp/2026-09-21/vllm/dataset-mbpp.model-qwen3.5-9b.alpha4.0.steps100.blocks-1.prefetch-budget-20.rank-accept_first.cut-entropy4.0.samples20.maxnew1024.seed10086.subtreePrefetch.vllm.log,399,4,91,0.016131070622419287
/Users/jiangnanhugo/workspace/power-sharpening/Subtree-Prefetching-Power-Sharpening/case_studies/logs-entropycut/mbpp/2026-09-21/vllm/dataset-mbpp.model-qwen3.5-9b.alpha4.0.steps100.blocks-1.prefetch-budget-20.rank-accept_first.cut-entropy4.0.samples20.maxnew1024.seed10086.subtreePrefetch.vllm.log,399,5,91,0.016131070622419287
/Users/jiangnanhugo/workspace/power-sharpening/Subtree-Prefetching-Power-Sharpening/case_studies/logs-entropycut/mbpp/2026-09-21/vllm/dataset-mbpp.model-qwen3.5-9b.alpha4.0.steps100.blocks-1.prefetch-budget-20.rank-accept_first.cut-entropy4.0.samples20.maxnew1024.seed10086.subtreePrefetch.vllm.log,399,6,332,0.030452935884138745
/Users/jiangnanhugo/workspace/power-sharpening/Subtree-Prefetching-Power-Sharpening/case_studies/logs-entropycut/mbpp/2026-09-21/vllm/dataset-mbpp.model-qwen3.5-9b.alpha4.0.steps100.blocks-1.prefetch-budget-20.rank-accept_first.cut-entropy4.0.samples20.maxnew1024.seed10086.subtreePrefetch.vllm.log,399,7,72,0.0249681155320297
/Users/jiangnanhugo/workspace/power-sharpening/Subtree-Prefetching-Power-Sharpening/case_studies/logs-entropycut/mbpp/2026-09-21/vllm/dataset-mbpp.model-qwen3.5-9b.alpha4.0.steps100.blocks-1.prefetch-budget-20.rank-accept_first.cut-entropy4.0.samples20.maxnew1024.seed10086.subtreePrefetch.vllm.log,399,8,72,0.0249681155320297
/Users/jiangnanhugo/workspace/power-sharpening/Subtree-Prefetching-Power-Sharpening/case_studies/logs-entropycut/mbpp/2026-09-21/vllm/dataset-mbpp.model-qwen3.5-9b.alpha4.0.steps100.blocks-1.prefetch-budget-20.rank-accept_first.cut-entropy4.0.samples20.maxnew1024.seed10086.subtreePrefetch.vllm.log,399,9,127,0.18679965260024298
/Users/jiangnanhugo/workspace/power-sharpening/Subtree-Prefetching-Power-Sharpening/case_studies/logs-entropycut/mbpp/2026-09-21/vllm/dataset-mbpp.model-qwen3.5-9b.alpha4.0.steps100.blocks-1.prefetch-budget-20.rank-accept_first.cut-entropy4.0.samples20.maxnew1024.seed10086.subtreePrefetch.vllm.log,399,10,421,0.03809667465214542
/Users/jiangnanhugo/workspace/power-sharpening/Subtree-Prefetching-Power-Sharpening/case_studies/logs-entropycut/mbpp/2026-09-21/vllm/dataset-mbpp.model-qwen3.5-9b.alpha4.0.steps100.blocks-1.prefetch-budget-20.rank-accept_first.cut-entropy4.0.samples20.maxnew1024.seed10086.subtreePrefetch.vllm.log,399,11,76,0.23751767151809514
/Users/jiangnanhugo/workspace/power-sharpening/Subtree-Prefetching-Power-Sharpening/case_studies/logs-entropycut/mbpp/2026-09-21/vllm/dataset-mbpp.model-qwen3.5-9b.alpha4.0.steps100.blocks-1.prefetch-budget-20.rank-accept_first.cut-entropy4.0.samples20.maxnew1024.seed10086.subtreePrefetch.vllm.log,399,12,59,0.17419014324852133
/Users/jiangnanhugo/workspace/power-sharpening/Subtree-Prefetching-Power-Sharpening/case_studies/logs-entropycut/mbpp/2026-09-21/vllm/dataset-mbpp.model-qwen3.5-9b.alpha4.0.steps100.blocks-1.prefetch-budget-20.rank-accept_first.cut-entropy4.0.samples20.maxnew1024.seed10086.subtreePrefetch.vllm.log,399,13,127,0.18679965260024298
/Users/jiangnanhugo/workspace/power-sharpening/Subtree-Prefetching-Power-Sharpening/case_studies/logs-entropycut/mbpp/2026-09-21/vllm/dataset-mbpp.model-qwen3.5-9b.alpha4.0.steps100.blocks-1.prefetch-budget-20.rank-accept_first.cut-entropy4.0.samples20.maxnew1024.seed10086.subtreePrefetch.vllm.log,399,14,59,0.17419014324852133
/Users/jiangnanhugo/workspace/power-sharpening/Subtree-Prefetching-Power-Sharpening/case_studies/logs-entropycut/mbpp/2026-09-21/vllm/dataset-mbpp.model-qwen3.5-9b.alpha4.0.steps100.blocks-1.prefetch-budget-20.rank-accept_first.cut-entropy4.0.samples20.maxnew1024.seed10086.subtreePrefetch.vllm.log,399,15,76,0.23751767151809514
/Users/jiangnanhugo/workspace/power-sharpening/Subtree-Prefetching-Power-Sharpening/case_studies/logs-entropycut/mbpp/2026-09-21/vllm/dataset-mbpp.model-qwen3.5-9b.alpha4.0.steps100.blocks-1.prefetch-budget-20.rank-accept_first.cut-entropy4.0.samples20.maxnew1024.seed10086.subtreePrefetch.vllm.log,399,16,91,0.016131070622419287
/Users/jiangnanhugo/workspace/power-sharpening/Subtree-Prefetching-Power-Sharpening/case_studies/logs-entropycut/mbpp/2026-09-21/vllm/dataset-mbpp.model-qwen3.5-9b.alpha4.0.steps100.blocks-1.prefetch-budget-20.rank-accept_first.cut-entropy4.0.samples20.maxnew1024.seed10086.subtreePrefetch.vllm.log,399,17,59,0.17419014324852133
/Users/jiangnanhugo/workspace/power-sharpening/Subtree-Prefetching-Power-Sharpening/case_studies/logs-entropycut/mbpp/2026-09-21/vllm/dataset-mbpp.model-qwen3.5-9b.alpha4.0.steps100.blocks-1.prefetch-budget-20.rank-accept_first.cut-entropy4.0.samples20.maxnew1024.seed10086.subtreePrefetch.vllm.log,399,18,76,0.23751767151809514
/Users/jiangnanhugo/workspace/power-sharpening/Subtree-Prefetching-Power-Sharpening/case_studies/logs-entropycut/mbpp/2026-09-21/vllm/dataset-mbpp.model-qwen3.5-9b.alpha4.0.steps100.blocks-1.prefetch-budget-20.rank-accept_first.cut-entropy4.0.samples20.maxnew1024.seed10086.subtreePrefetch.vllm.log,399,19,127,0.18679965260024298
/Users/jiangnanhugo/workspace/power-sharpening/Subtree-Prefetching-Power-Sharpening/case_studies/logs-entropycut/mbpp/2026-09-21/vllm/dataset-mbpp.model-qwen3.5-9b.alpha4.0.steps100.blocks-1.prefetch-budget-20.rank-accept_first.cut-entropy4.0.samples20.maxnew1024.seed10086.subtreePrefetch.vllm.log,400,0,127,0.18680000995133805
/Users/jiangnanhugo/workspace/power-sharpening/Subtree-Prefetching-Power-Sharpening/case_studies/logs-entropycut/mbpp/2026-09-21/vllm/dataset-mbpp.model-qwen3.5-9b.alpha4.0.steps100.blocks-1.prefetch-budget-20.rank-accept_first.cut-entropy4.0.samples20.maxnew1024.seed10086.subtreePrefetch.vllm.log,400,1,59,0.17419047647739824
/Users/jiangnanhugo/workspace/power-sharpening/Subtree-Prefetching-Power-Sharpening/case_studies/logs-entropycut/mbpp/2026-09-21/vllm/dataset-mbpp.model-qwen3.5-9b.alpha4.0.steps100.blocks-1.prefetch-budget-20.rank-accept_first.cut-entropy4.0.samples20.maxnew1024.seed10086.subtreePrefetch.vllm.log,400,2,76,0.23751812589367258
/Users/jiangnanhugo/workspace/power-sharpening/Subtree-Prefetching-Power-Sharpening/case_studies/logs-entropycut/mbpp/2026-09-21/vllm/dataset-mbpp.model-qwen3.5-9b.alpha4.0.steps100.blocks-1.prefetch-budget-20.rank-accept_first.cut-entropy4.0.samples20.maxnew1024.seed10086.subtreePrefetch.vllm.log,400,3,76,0.23751812589367258
/Users/jiangnanhugo/workspace/power-sharpening/Subtree-Prefetching-Power-Sharpening/case_studies/logs-entropycut/mbpp/2026-09-21/vllm/dataset-mbpp.model-qwen3.5-9b.alpha4.0.steps100.blocks-1.prefetch-budget-20.rank-accept_first.cut-entropy4.0.samples20.maxnew1024.seed10086.subtreePrefetch.vllm.log,400,4,421,0.038096747531769205
/Users/jiangnanhugo/workspace/power-sharpening/Subtree-Prefetching-Power-Sharpening/case_studies/logs-entropycut/mbpp/2026-09-21/vllm/dataset-mbpp.model-qwen3.5-9b.alpha4.0.steps100.blocks-1.prefetch-budget-20.rank-accept_first.cut-entropy4.0.samples20.maxnew1024.seed10086.subtreePrefetch.vllm.log,400,5,58,0.013698421598224287
/Users/jiangnanhugo/workspace/power-sharpening/Subtree-Prefetching-Power-Sharpening/case_studies/logs-entropycut/mbpp/2026-09-21/vllm/dataset-mbpp.model-qwen3.5-9b.alpha4.0.steps100.blocks-1.prefetch-budget-20.rank-accept_first.cut-entropy4.0.samples20.maxnew1024.seed10086.subtreePrefetch.vllm.log,400,6,59,0.17419047647739824
/Users/jiangnanhugo/workspace/power-sharpening/Subtree-Prefetching-Power-Sharpening/case_studies/logs-entropycut/mbpp/2026-09-21/vllm/dataset-mbpp.model-qwen3.5-9b.alpha4.0.steps100.blocks-1.prefetch-budget-20.rank-accept_first.cut-entropy4.0.samples20.maxnew1024.seed10086.subtreePrefetch.vllm.log,400,7,127,0.18680000995133805
/Users/jiangnanhugo/workspace/power-sharpening/Subtree-Prefetching-Power-Sharpening/case_studies/logs-entropycut/mbpp/2026-09-21/vllm/dataset-mbpp.model-qwen3.5-9b.alpha4.0.steps100.blocks-1.prefetch-budget-20.rank-accept_first.cut-entropy4.0.samples20.maxnew1024.seed10086.subtreePrefetch.vllm.log,400,8,58,0.013698421598224287
/Users/jiangnanhugo/workspace/power-sharpening/Subtree-Prefetching-Power-Sharpening/case_studies/logs-entropycut/mbpp/2026-09-21/vllm/dataset-mbpp.model-qwen3.5-9b.alpha4.0.steps100.blocks-1.prefetch-budget-20.rank-accept_first.cut-entropy4.0.samples20.maxnew1024.seed10086.subtreePrefetch.vllm.log,400,9,266,0.04599417577853257
/Users/jiangnanhugo/workspace/power-sharpening/Subtree-Prefetching-Power-Sharpening/case_studies/logs-entropycut/mbpp/2026-09-21/vllm/dataset-mbpp.model-qwen3.5-9b.alpha4.0.steps100.blocks-1.prefetch-budget-20.rank-accept_first.cut-entropy4.0.samples20.maxnew1024.seed10086.subtreePrefetch.vllm.log,400,10,59,0.17419047647739824
/Users/jiangnanhugo/workspace/power-sharpening/Subtree-Prefetching-Power-Sharpening/case_studies/logs-entropycut/mbpp/2026-09-21/vllm/dataset-mbpp.model-qwen3.5-9b.alpha4.0.steps100.blocks-1.prefetch-budget-20.rank-accept_first.cut-entropy4.0.samples20.maxnew1024.seed10086.subtreePrefetch.vllm.log,400,11,127,0.18680000995133805
/Users/jiangnanhugo/workspace/power-sharpening/Subtree-Prefetching-Power-Sharpening/case_studies/logs-entropycut/mbpp/2026-09-21/vllm/dataset-mbpp.model-qwen3.5-9b.alpha4.0.steps100.blocks-1.prefetch-budget-20.rank-accept_first.cut-entropy4.0.samples20.maxnew1024.seed10086.subtreePrefetch.vllm.log,400,12,72,0.024968163296483773
/Users/jiangnanhugo/workspace/power-sharpening/Subtree-Prefetching-Power-Sharpening/case_studies/logs-entropycut/mbpp/2026-09-21/vllm/dataset-mbpp.model-qwen3.5-9b.alpha4.0.steps100.blocks-1.prefetch-budget-20.rank-accept_first.cut-entropy4.0.samples20.maxnew1024.seed10086.subtreePrefetch.vllm.log,400,13,7,0.0027996397896565125
/Users/jiangnanhugo/workspace/power-sharpening/Subtree-Prefetching-Power-Sharpening/case_studies/logs-entropycut/mbpp/2026-09-21/vllm/dataset-mbpp.model-qwen3.5-9b.alpha4.0.steps100.blocks-1.prefetch-budget-20.rank-accept_first.cut-entropy4.0.samples20.maxnew1024.seed10086.subtreePrefetch.vllm.log,400,14,127,0.18680000995133805
/Users/jiangnanhugo/workspace/power-sharpening/Subtree-Prefetching-Power-Sharpening/case_studies/logs-entropycut/mbpp/2026-09-21/vllm/dataset-mbpp.model-qwen3.5-9b.alpha4.0.steps100.blocks-1.prefetch-budget-20.rank-accept_first.cut-entropy4.0.samples20.maxnew1024.seed10086.subtreePrefetch.vllm.log,400,15,127,0.18680000995133805
/Users/jiangnanhugo/workspace/power-sharpening/Subtree-Prefetching-Power-Sharpening/case_studies/logs-entropycut/mbpp/2026-09-21/vllm/dataset-mbpp.model-qwen3.5-9b.alpha4.0.steps100.blocks-1.prefetch-budget-20.rank-accept_first.cut-entropy4.0.samples20.maxnew1024.seed10086.subtreePrefetch.vllm.log,400,16,7,0.0027996397896565125
/Users/jiangnanhugo/workspace/power-sharpening/Subtree-Prefetching-Power-Sharpening/case_studies/logs-entropycut/mbpp/2026-09-21/vllm/dataset-mbpp.model-qwen3.5-9b.alpha4.0.steps100.blocks-1.prefetch-budget-20.rank-accept_first.cut-entropy4.0.samples20.maxnew1024.seed10086.subtreePrefetch.vllm.log,400,17,76,0.23751812589367258
/Users/jiangnanhugo/workspace/power-sharpening/Subtree-Prefetching-Power-Sharpening/case_studies/logs-entropycut/mbpp/2026-09-21/vllm/dataset-mbpp.model-qwen3.5-9b.alpha4.0.steps100.blocks-1.prefetch-budget-20.rank-accept_first.cut-entropy4.0.samples20.maxnew1024.seed10086.subtreePrefetch.vllm.log,400,18,59,0.17419047647739824
/Users/jiangnanhugo/workspace/power-sharpening/Subtree-Prefetching-Power-Sharpening/case_studies/logs-entropycut/mbpp/2026-09-21/vllm/dataset-mbpp.model-qwen3.5-9b.alpha4.0.steps100.blocks-1.prefetch-budget-20.rank-accept_first.cut-entropy4.0.samples20.maxnew1024.seed10086.subtreePrefetch.vllm.log,400,19,76,0.23751812589367258
/Users/jiangnanhugo/workspace/power-sharpening/Subtree-Prefetching-Power-Sharpening/case_studies/logs-entropycut/mbpp/2026-09-21/vllm/dataset-mbpp.model-qwen3.5-9b.alpha4.0.steps100.blocks-1.prefetch-budget-20.rank-accept_first.cut-entropy4.0.samples20.maxnew1024.seed10086.subtreePrefetch.vllm.log,401,0,91,0.01613110148144751
/Users/jiangnanhugo/workspace/power-sharpening/Subtree-Prefetching-Power-Sharpening/case_studies/logs-entropycut/mbpp/2026-09-21/vllm/dataset-mbpp.model-qwen3.5-9b.alpha4.0.steps100.blocks-1.prefetch-budget-20.rank-accept_first.cut-entropy4.0.samples20.maxnew1024.seed10086.subtreePrefetch.vllm.log,401,1,76,0.23751812589367258
/Users/jiangnanhugo/workspace/power-sharpening/Subtree-Prefetching-Power-Sharpening/case_studies/logs-entropycut/mbpp/2026-09-21/vllm/dataset-mbpp.model-qwen3.5-9b.alpha4.0.steps100.blocks-1.prefetch-budget-20.rank-accept_first.cut-entropy4.0.samples20.maxnew1024.seed10086.subtreePrefetch.vllm.log,401,2,76,0.23751812589367258
/Users/jiangnanhugo/workspace/power-sharpening/Subtree-Prefetching-Power-Sharpening/case_studies/logs-entropycut/mbpp/2026-09-21/vllm/dataset-mbpp.model-qwen3.5-9b.alpha4.0.steps100.blocks-1.prefetch-budget-20.rank-accept_first.cut-entropy4.0.samples20.maxnew1024.seed10086.subtreePrefetch.vllm.log,401,3,68,0.02286551938544367
/Users/jiangnanhugo/workspace/power-sharpening/Subtree-Prefetching-Power-Sharpening/case_studies/logs-entropycut/mbpp/2026-09-21/vllm/dataset-mbpp.model-qwen3.5-9b.alpha4.0.steps100.blocks-1.prefetch-budget-20.rank-accept_first.cut-entropy4.0.samples20.maxnew1024.seed10086.subtreePrefetch.vllm.log,401,4,72,0.024968163296483773
/Users/jiangnanhugo/workspace/power-sharpening/Subtree-Prefetching-Power-Sharpening/case_studies/logs-entropycut/mbpp/2026-09-21/vllm/dataset-mbpp.model-qwen3.5-9b.alpha4.0.steps100.blocks-1.prefetch-budget-20.rank-accept_first.cut-entropy4.0.samples20.maxnew1024.seed10086.subtreePrefetch.vllm.log,401,5,76,0.23751812589367258
/Users/jiangnanhugo/workspace/power-sharpening/Subtree-Prefetching-Power-Sharpening/case_studies/logs-entropycut/mbpp/2026-09-21/vllm/dataset-mbpp.model-qwen3.5-9b.alpha4.0.steps100.blocks-1.prefetch-budget-20.rank-accept_first.cut-entropy4.0.samples20.maxnew1024.seed10086.subtreePrefetch.vllm.log,401,6,76,0.23751812589367258
/Users/jiangnanhugo/workspace/power-sharpening/Subtree-Prefetching-Power-Sharpening/case_studies/logs-entropycut/mbpp/2026-09-21/vllm/dataset-mbpp.model-qwen3.5-9b.alpha4.0.steps100.blocks-1.prefetch-budget-20.rank-accept_first.cut-entropy4.0.samples20.maxnew1024.seed10086.subtreePrefetch.vllm.log,401,7,59,0.17419047647739824
/Users/jiangnanhugo/workspace/power-sharpening/Subtree-Prefetching-Power-Sharpening/case_studies/logs-entropycut/mbpp/2026-09-21/vllm/dataset-mbpp.model-qwen3.5-9b.alpha4.0.steps100.blocks-1.prefetch-budget-20.rank-accept_first.cut-entropy4.0.samples20.maxnew1024.seed10086.subtreePrefetch.vllm.log,401,8,414,0.03703206443094687
/Users/jiangnanhugo/workspace/power-sharpening/Subtree-Prefetching-Power-Sharpening/case_studies/logs-entropycut/mbpp/2026-09-21/vllm/dataset-mbpp.model-qwen3.5-9b.alpha4.0.steps100.blocks-1.prefetch-budget-20.rank-accept_first.cut-entropy4.0.samples20.maxnew1024.seed10086.subtreePrefetch.vllm.log,401,9,59,0.17419047647739824
/Users/jiangnanhugo/workspace/power-sharpening/Subtree-Prefetching-Power-Sharpening/case_studies/logs-entropycut/mbpp/2026-09-21/vllm/dataset-mbpp.model-qwen3.5-9b.alpha4.0.steps100.blocks-1.prefetch-budget-20.rank-accept_first.cut-entropy4.0.samples20.maxnew1024.seed10086.subtreePrefetch.vllm.log,401,10,59,0.17419047647739824
/Users/jiangnanhugo/workspace/power-sharpening/Subtree-Prefetching-Power-Sharpening/case_studies/logs-entropycut/mbpp/2026-09-21/vllm/dataset-mbpp.model-qwen3.5-9b.alpha4.0.steps100.blocks-1.prefetch-budget-20.rank-accept_first.cut-entropy4.0.samples20.maxnew1024.seed10086.subtreePrefetch.vllm.log,401,11,76,0.23751812589367258
/Users/jiangnanhugo/workspace/power-sharpening/Subtree-Prefetching-Power-Sharpening/case_studies/logs-entropycut/mbpp/2026-09-21/vllm/dataset-mbpp.model-qwen3.5-9b.alpha4.0.steps100.blocks-1.prefetch-budget-20.rank-accept_first.cut-entropy4.0.samples20.maxnew1024.seed10086.subtreePrefetch.vllm.log,401,12,76,0.23751812589367258
/Users/jiangnanhugo/workspace/power-sharpening/Subtree-Prefetching-Power-Sharpening/case_studies/logs-entropycut/mbpp/2026-09-21/vllm/dataset-mbpp.model-qwen3.5-9b.alpha4.0.steps100.blocks-1.prefetch-budget-20.rank-accept_first.cut-entropy4.0.samples20.maxnew1024.seed10086.subtreePrefetch.vllm.log,401,13,7,0.0027996397896565125
/Users/jiangnanhugo/workspace/power-sharpening/Subtree-Prefetching-Power-Sharpening/case_studies/logs-entropycut/mbpp/2026-09-21/vllm/dataset-mbpp.model-qwen3.5-9b.alpha4.0.steps100.blocks-1.prefetch-budget-20.rank-accept_first.cut-entropy4.0.samples20.maxnew1024.seed10086.subtreePrefetch.vllm.log,401,14,76,0.23751812589367258
/Users/jiangnanhugo/workspace/power-sharpening/Subtree-Prefetching-Power-Sharpening/case_studies/logs-entropycut/mbpp/2026-09-21/vllm/dataset-mbpp.model-qwen3.5-9b.alpha4.0.steps100.blocks-1.prefetch-budget-20.rank-accept_first.cut-entropy4.0.samples20.maxnew1024.seed10086.subtreePrefetch.vllm.log,401,15,59,0.17419047647739824
/Users/jiangnanhugo/workspace/power-sharpening/Subtree-Prefetching-Power-Sharpening/case_studies/logs-entropycut/mbpp/2026-09-21/vllm/dataset-mbpp.model-qwen3.5-9b.alpha4.0.steps100.blocks-1.prefetch-budget-20.rank-accept_first.cut-entropy4.0.samples20.maxnew1024.seed10086.subtreePrefetch.vllm.log,401,16,59,0.17419047647739824
/Users/jiangnanhugo/workspace/power-sharpening/Subtree-Prefetching-Power-Sharpening/case_studies/logs-entropycut/mbpp/2026-09-21/vllm/dataset-mbpp.model-qwen3.5-9b.alpha4.0.steps100.blocks-1.prefetch-budget-20.rank-accept_first.cut-entropy4.0.samples20.maxnew1024.seed10086.subtreePrefetch.vllm.log,401,17,76,0.23751812589367258
/Users/jiangnanhugo/workspace/power-sharpening/Subtree-Prefetching-Power-Sharpening/case_studies/logs-entropycut/mbpp/2026-09-21/vllm/dataset-mbpp.model-qwen3.5-9b.alpha4.0.steps100.blocks-1.prefetch-budget-20.rank-accept_first.cut-entropy4.0.samples20.maxnew1024.seed10086.subtreePrefetch.vllm.log,401,18,76,0.23751812589367258
/Users/jiangnanhugo/workspace/power-sharpening/Subtree-Prefetching-Power-Sharpening/case_studies/logs-entropycut/mbpp/2026-09-21/vllm/dataset-mbpp.model-qwen3.5-9b.alpha4.0.steps100.blocks-1.prefetch-budget-20.rank-accept_first.cut-entropy4.0.samples20.maxnew1024.seed10086.subtreePrefetch.vllm.log,401,19,76,0.23751812589367258
/Users/jiangnanhugo/workspace/power-sharpening/Subtree-Prefetching-Power-Sharpening/case_studies/logs-entropycut/mbpp/2026-09-21/vllm/dataset-mbpp.model-qwen3.5-9b.alpha4.0.steps100.blocks-1.prefetch-budget-20.rank-accept_first.cut-entropy4.0.samples20.maxnew1024.seed10086.subtreePrefetch.vllm.log,402,0,76,0.23751812589367258
/Users/jiangnanhugo/workspace/power-sharpening/Subtree-Prefetching-Power-Sharpening/case_studies/logs-entropycut/mbpp/2026-09-21/vllm/dataset-mbpp.model-qwen3.5-9b.alpha4.0.steps100.blocks-1.prefetch-budget-20.rank-accept_first.cut-entropy4.0.samples20.maxnew1024.seed10086.subtreePrefetch.vllm.log,402,1,59,0.17419047647739824
/Users/jiangnanhugo/workspace/power-sharpening/Subtree-Prefetching-Power-Sharpening/case_studies/logs-entropycut/mbpp/2026-09-21/vllm/dataset-mbpp.model-qwen3.5-9b.alpha4.0.steps100.blocks-1.prefetch-budget-20.rank-accept_first.cut-entropy4.0.samples20.maxnew1024.seed10086.subtreePrefetch.vllm.log,402,2,3,0.007825129569432964
/Users/jiangnanhugo/workspace/power-sharpening/Subtree-Prefetching-Power-Sharpening/case_studies/logs-entropycut/mbpp/2026-09-21/vllm/dataset-mbpp.model-qwen3.5-9b.alpha4.0.steps100.blocks-1.prefetch-budget-20.rank-accept_first.cut-entropy4.0.samples20.maxnew1024.seed10086.subtreePrefetch.vllm.log,402,3,332,0.0304529941411528
/Users/jiangnanhugo/workspace/power-sharpening/Subtree-Prefetching-Power-Sharpening/case_studies/logs-entropycut/mbpp/2026-09-21/vllm/dataset-mbpp.model-qwen3.5-9b.alpha4.0.steps100.blocks-1.prefetch-budget-20.rank-accept_first.cut-entropy4.0.samples20.maxnew1024.seed10086.subtreePrefetch.vllm.log,402,4,127,0.18680000995133805
/Users/jiangnanhugo/workspace/power-sharpening/Subtree-Prefetching-Power-Sharpening/case_studies/logs-entropycut/mbpp/2026-09-21/vllm/dataset-mbpp.model-qwen3.5-9b.alpha4.0.steps100.blocks-1.prefetch-budget-20.rank-accept_first.cut-entropy4.0.samples20.maxnew1024.seed10086.subtreePrefetch.vllm.log,402,5,127,0.18680000995133805
/Users/jiangnanhugo/workspace/power-sharpening/Subtree-Prefetching-Power-Sharpening/case_studies/logs-entropycut/mbpp/2026-09-21/vllm/dataset-mbpp.model-qwen3.5-9b.alpha4.0.steps100.blocks-1.prefetch-budget-20.rank-accept_first.cut-entropy4.0.samples20.maxnew1024.seed10086.subtreePrefetch.vllm.log,402,6,59,0.17419047647739824
/Users/jiangnanhugo/workspace/power-sharpening/Subtree-Prefetching-Power-Sharpening/case_studies/logs-entropycut/mbpp/2026-09-21/vllm/dataset-mbpp.model-qwen3.5-9b.alpha4.0.steps100.blocks-1.prefetch-budget-20.rank-accept_first.cut-entropy4.0.samples20.maxnew1024.seed10086.subtreePrefetch.vllm.log,402,7,91,0.01613110148144751
/Users/jiangnanhugo/workspace/power-sharpening/Subtree-Prefetching-Power-Sharpening/case_studies/logs-entropycut/mbpp/2026-09-21/vllm/dataset-mbpp.model-qwen3.5-9b.alpha4.0.steps100.blocks-1.prefetch-budget-20.rank-accept_first.cut-entropy4.0.samples20.maxnew1024.seed10086.subtreePrefetch.vllm.log,402,8,59,0.17419047647739824
/Users/jiangnanhugo/workspace/power-sharpening/Subtree-Prefetching-Power-Sharpening/case_studies/logs-entropycut/mbpp/2026-09-21/vllm/dataset-mbpp.model-qwen3.5-9b.alpha4.0.steps100.blocks-1.prefetch-budget-20.rank-accept_first.cut-entropy4.0.samples20.maxnew1024.seed10086.subtreePrefetch.vllm.log,402,9,59,0.17419047647739824
/Users/jiangnanhugo/workspace/power-sharpening/Subtree-Prefetching-Power-Sharpening/case_studies/logs-entropycut/mbpp/2026-09-21/vllm/dataset-mbpp.model-qwen3.5-9b.alpha4.0.steps100.blocks-1.prefetch-budget-20.rank-accept_first.cut-entropy4.0.samples20.maxnew1024.seed10086.subtreePrefetch.vllm.log,402,10,127,0.18680000995133805
/Users/jiangnanhugo/workspace/power-sharpening/Subtree-Prefetching-Power-Sharpening/case_studies/logs-entropycut/mbpp/2026-09-21/vllm/dataset-mbpp.model-qwen3.5-9b.alpha4.0.steps100.blocks-1.prefetch-budget-20.rank-accept_first.cut-entropy4.0.samples20.maxnew1024.seed10086.subtreePrefetch.vllm.log,402,11,72,0.024968163296483773
/Users/jiangnanhugo/workspace/power-sharpening/Subtree-Prefetching-Power-Sharpening/case_studies/logs-entropycut/mbpp/2026-09-21/vllm/dataset-mbpp.model-qwen3.5-9b.alpha4.0.steps100.blocks-1.prefetch-budget-20.rank-accept_first.cut-entropy4.0.samples20.maxnew1024.seed10086.subtreePrefetch.vllm.log,402,12,332,0.0304529941411528
/Users/jiangnanhugo/workspace/power-sharpening/Subtree-Prefetching-Power-Sharpening/case_studies/logs-entropycut/mbpp/2026-09-21/vllm/dataset-mbpp.model-qwen3.5-9b.alpha4.0.steps100.blocks-1.prefetch-budget-20.rank-accept_first.cut-entropy4.0.samples20.maxnew1024.seed10086.subtreePrefetch.vllm.log,402,13,72,0.024968163296483773
/Users/jiangnanhugo/workspace/power-sharpening/Subtree-Prefetching-Power-Sharpening/case_studies/logs-entropycut/mbpp/2026-09-21/vllm/dataset-mbpp.model-qwen3.5-9b.alpha4.0.steps100.blocks-1.prefetch-budget-20.rank-accept_first.cut-entropy4.0.samples20.maxnew1024.seed10086.subtreePrefetch.vllm.log,402,14,127,0.18680000995133805
/Users/jiangnanhugo/workspace/power-sharpening/Subtree-Prefetching-Power-Sharpening/case_studies/logs-entropycut/mbpp/2026-09-21/vllm/dataset-mbpp.model-qwen3.5-9b.alpha4.0.steps100.blocks-1.prefetch-budget-20.rank-accept_first.cut-entropy4.0.samples20.maxnew1024.seed10086.subtreePrefetch.vllm.log,402,15,59,0.17419047647739824
/Users/jiangnanhugo/workspace/power-sharpening/Subtree-Prefetching-Power-Sharpening/case_studies/logs-entropycut/mbpp/2026-09-21/vllm/dataset-mbpp.model-qwen3.5-9b.alpha4.0.steps100.blocks-1.prefetch-budget-20.rank-accept_first.cut-entropy4.0.samples20.maxnew1024.seed10086.subtreePrefetch.vllm.log,402,16,76,0.23751812589367258
/Users/jiangnanhugo/workspace/power-sharpening/Subtree-Prefetching-Power-Sharpening/case_studies/logs-entropycut/mbpp/2026-09-21/vllm/dataset-mbpp.model-qwen3.5-9b.alpha4.0.steps100.blocks-1.prefetch-budget-20.rank-accept_first.cut-entropy4.0.samples20.maxnew1024.seed10086.subtreePrefetch.vllm.log,402,17,72,0.024968163296483773
/Users/jiangnanhugo/workspace/power-sharpening/Subtree-Prefetching-Power-Sharpening/case_studies/logs-entropycut/mbpp/2026-09-21/vllm/dataset-mbpp.model-qwen3.5-9b.alpha4.0.steps100.blocks-1.prefetch-budget-20.rank-accept_first.cut-entropy4.0.samples20.maxnew1024.seed10086.subtreePrefetch.vllm.log,402,18,59,0.17419047647739824
/Users/jiangnanhugo/workspace/power-sharpening/Subtree-Prefetching-Power-Sharpening/case_studies/logs-entropycut/mbpp/2026-09-21/vllm/dataset-mbpp.model-qwen3.5-9b.alpha4.0.steps100.blocks-1.prefetch-budget-20.rank-accept_first.cut-entropy4.0.samples20.maxnew1024.seed10086.subtreePrefetch.vllm.log,402,19,59,0.17419047647739824
/Users/jiangnanhugo/workspace/power-sharpening/Subtree-Prefetching-Power-Sharpening/case_studies/logs-entropycut/mbpp/2026-09-21/vllm/dataset-mbpp.model-qwen3.5-9b.alpha4.0.steps100.blocks-1.prefetch-budget-20.rank-accept_first.cut-entropy4.0.samples20.maxnew1024.seed10086.subtreePrefetch.vllm.log,403,0,59,0.17418968519745645
/Users/jiangnanhugo/workspace/power-sharpening/Subtree-Prefetching-Power-Sharpening/case_studies/logs-entropycut/mbpp/2026-09-21/vllm/dataset-mbpp.model-qwen3.5-9b.alpha4.0.steps100.blocks-1.prefetch-budget-20.rank-accept_first.cut-entropy4.0.samples20.maxnew1024.seed10086.subtreePrefetch.vllm.log,403,1,421,0.038096574472984486
/Users/jiangnanhugo/workspace/power-sharpening/Subtree-Prefetching-Power-Sharpening/case_studies/logs-entropycut/mbpp/2026-09-21/vllm/dataset-mbpp.model-qwen3.5-9b.alpha4.0.steps100.blocks-1.prefetch-budget-20.rank-accept_first.cut-entropy4.0.samples20.maxnew1024.seed10086.subtreePrefetch.vllm.log,403,2,58,0.01369835937159477
/Users/jiangnanhugo/workspace/power-sharpening/Subtree-Prefetching-Power-Sharpening/case_studies/logs-entropycut/mbpp/2026-09-21/vllm/dataset-mbpp.model-qwen3.5-9b.alpha4.0.steps100.blocks-1.prefetch-budget-20.rank-accept_first.cut-entropy4.0.samples20.maxnew1024.seed10086.subtreePrefetch.vllm.log,403,3,59,0.17418968519745645
/Users/jiangnanhugo/workspace/power-sharpening/Subtree-Prefetching-Power-Sharpening/case_studies/logs-entropycut/mbpp/2026-09-21/vllm/dataset-mbpp.model-qwen3.5-9b.alpha4.0.steps100.blocks-1.prefetch-budget-20.rank-accept_first.cut-entropy4.0.samples20.maxnew1024.seed10086.subtreePrefetch.vllm.log,403,4,127,0.1867991613911642
/Users/jiangnanhugo/workspace/power-sharpening/Subtree-Prefetching-Power-Sharpening/case_studies/logs-entropycut/mbpp/2026-09-21/vllm/dataset-mbpp.model-qwen3.5-9b.alpha4.0.steps100.blocks-1.prefetch-budget-20.rank-accept_first.cut-entropy4.0.samples20.maxnew1024.seed10086.subtreePrefetch.vllm.log,403,5,76,0.23751704694072043
/Users/jiangnanhugo/workspace/power-sharpening/Subtree-Prefetching-Power-Sharpening/case_studies/logs-entropycut/mbpp/2026-09-21/vllm/dataset-mbpp.model-qwen3.5-9b.alpha4.0.steps100.blocks-1.prefetch-budget-20.rank-accept_first.cut-entropy4.0.samples20.maxnew1024.seed10086.subtreePrefetch.vllm.log,403,6,214,0.005432522468378634
/Users/jiangnanhugo/workspace/power-sharpening/Subtree-Prefetching-Power-Sharpening/case_studies/logs-entropycut/mbpp/2026-09-21/vllm/dataset-mbpp.model-qwen3.5-9b.alpha4.0.steps100.blocks-1.prefetch-budget-20.rank-accept_first.cut-entropy4.0.samples20.maxnew1024.seed10086.subtreePrefetch.vllm.log,403,7,59,0.17418968519745645
/Users/jiangnanhugo/workspace/power-sharpening/Subtree-Prefetching-Power-Sharpening/case_studies/logs-entropycut/mbpp/2026-09-21/vllm/dataset-mbpp.model-qwen3.5-9b.alpha4.0.steps100.blocks-1.prefetch-budget-20.rank-accept_first.cut-entropy4.0.samples20.maxnew1024.seed10086.subtreePrefetch.vllm.log,403,8,332,0.030452855804982422
/Users/jiangnanhugo/workspace/power-sharpening/Subtree-Prefetching-Power-Sharpening/case_studies/logs-entropycut/mbpp/2026-09-21/vllm/dataset-mbpp.model-qwen3.5-9b.alpha4.0.steps100.blocks-1.prefetch-budget-20.rank-accept_first.cut-entropy4.0.samples20.maxnew1024.seed10086.subtreePrefetch.vllm.log,403,9,76,0.23751704694072043
/Users/jiangnanhugo/workspace/power-sharpening/Subtree-Prefetching-Power-Sharpening/case_studies/logs-entropycut/mbpp/2026-09-21/vllm/dataset-mbpp.model-qwen3.5-9b.alpha4.0.steps100.blocks-1.prefetch-budget-20.rank-accept_first.cut-entropy4.0.samples20.maxnew1024.seed10086.subtreePrefetch.vllm.log,403,10,72,0.02496804987577789
/Users/jiangnanhugo/workspace/power-sharpening/Subtree-Prefetching-Power-Sharpening/case_studies/logs-entropycut/mbpp/2026-09-21/vllm/dataset-mbpp.model-qwen3.5-9b.alpha4.0.steps100.blocks-1.prefetch-budget-20.rank-accept_first.cut-entropy4.0.samples20.maxnew1024.seed10086.subtreePrefetch.vllm.log,403,11,59,0.17418968519745645
/Users/jiangnanhugo/workspace/power-sharpening/Subtree-Prefetching-Power-Sharpening/case_studies/logs-entropycut/mbpp/2026-09-21/vllm/dataset-mbpp.model-qwen3.5-9b.alpha4.0.steps100.blocks-1.prefetch-budget-20.rank-accept_first.cut-entropy4.0.samples20.maxnew1024.seed10086.subtreePrefetch.vllm.log,403,12,76,0.23751704694072043
/Users/jiangnanhugo/workspace/power-sharpening/Subtree-Prefetching-Power-Sharpening/case_studies/logs-entropycut/mbpp/2026-09-21/vllm/dataset-mbpp.model-qwen3.5-9b.alpha4.0.steps100.blocks-1.prefetch-budget-20.rank-accept_first.cut-entropy4.0.samples20.maxnew1024.seed10086.subtreePrefetch.vllm.log,403,13,72,0.02496804987577789
/Users/jiangnanhugo/workspace/power-sharpening/Subtree-Prefetching-Power-Sharpening/case_studies/logs-entropycut/mbpp/2026-09-21/vllm/dataset-mbpp.model-qwen3.5-9b.alpha4.0.steps100.blocks-1.prefetch-budget-20.rank-accept_first.cut-entropy4.0.samples20.maxnew1024.seed10086.subtreePrefetch.vllm.log,403,14,59,0.17418968519745645
/Users/jiangnanhugo/workspace/power-sharpening/Subtree-Prefetching-Power-Sharpening/case_studies/logs-entropycut/mbpp/2026-09-21/vllm/dataset-mbpp.model-qwen3.5-9b.alpha4.0.steps100.blocks-1.prefetch-budget-20.rank-accept_first.cut-entropy4.0.samples20.maxnew1024.seed10086.subtreePrefetch.vllm.log,403,15,59,0.17418968519745645
/Users/jiangnanhugo/workspace/power-sharpening/Subtree-Prefetching-Power-Sharpening/case_studies/logs-entropycut/mbpp/2026-09-21/vllm/dataset-mbpp.model-qwen3.5-9b.alpha4.0.steps100.blocks-1.prefetch-budget-20.rank-accept_first.cut-entropy4.0.samples20.maxnew1024.seed10086.subtreePrefetch.vllm.log,403,16,344,0.0020182758400909295
/Users/jiangnanhugo/workspace/power-sharpening/Subtree-Prefetching-Power-Sharpening/case_studies/logs-entropycut/mbpp/2026-09-21/vllm/dataset-mbpp.model-qwen3.5-9b.alpha4.0.steps100.blocks-1.prefetch-budget-20.rank-accept_first.cut-entropy4.0.samples20.maxnew1024.seed10086.subtreePrefetch.vllm.log,403,17,76,0.23751704694072043
/Users/jiangnanhugo/workspace/power-sharpening/Subtree-Prefetching-Power-Sharpening/case_studies/logs-entropycut/mbpp/2026-09-21/vllm/dataset-mbpp.model-qwen3.5-9b.alpha4.0.steps100.blocks-1.prefetch-budget-20.rank-accept_first.cut-entropy4.0.samples20.maxnew1024.seed10086.subtreePrefetch.vllm.log,403,18,127,0.1867991613911642
/Users/jiangnanhugo/workspace/power-sharpening/Subtree-Prefetching-Power-Sharpening/case_studies/logs-entropycut/mbpp/2026-09-21/vllm/dataset-mbpp.model-qwen3.5-9b.alpha4.0.steps100.blocks-1.prefetch-budget-20.rank-accept_first.cut-entropy4.0.samples20.maxnew1024.seed10086.subtreePrefetch.vllm.log,403,19,59,0.17418968519745645
/Users/jiangnanhugo/workspace/power-sharpening/Subtree-Prefetching-Power-Sharpening/case_studies/logs-entropycut/mbpp/2026-09-21/vllm/dataset-mbpp.model-qwen3.5-9b.alpha4.0.steps100.blocks-1.prefetch-budget-20.rank-accept_first.cut-entropy4.0.samples20.maxnew1024.seed10086.subtreePrefetch.vllm.log,404,0,76,0.23751754745922732
/Users/jiangnanhugo/workspace/power-sharpening/Subtree-Prefetching-Power-Sharpening/case_studies/logs-entropycut/mbpp/2026-09-21/vllm/dataset-mbpp.model-qwen3.5-9b.alpha4.0.steps100.blocks-1.prefetch-budget-20.rank-accept_first.cut-entropy4.0.samples20.maxnew1024.seed10086.subtreePrefetch.vllm.log,404,1,59,0.17419005226652484
/Users/jiangnanhugo/workspace/power-sharpening/Subtree-Prefetching-Power-Sharpening/case_studies/logs-entropycut/mbpp/2026-09-21/vllm/dataset-mbpp.model-qwen3.5-9b.alpha4.0.steps100.blocks-1.prefetch-budget-20.rank-accept_first.cut-entropy4.0.samples20.maxnew1024.seed10086.subtreePrefetch.vllm.log,404,2,72,0.02496810249082681
/Users/jiangnanhugo/workspace/power-sharpening/Subtree-Prefetching-Power-Sharpening/case_studies/logs-entropycut/mbpp/2026-09-21/vllm/dataset-mbpp.model-qwen3.5-9b.alpha4.0.steps100.blocks-1.prefetch-budget-20.rank-accept_first.cut-entropy4.0.samples20.maxnew1024.seed10086.subtreePrefetch.vllm.log,404,3,3,0.007825110512679024
/Users/jiangnanhugo/workspace/power-sharpening/Subtree-Prefetching-Power-Sharpening/case_studies/logs-entropycut/mbpp/2026-09-21/vllm/dataset-mbpp.model-qwen3.5-9b.alpha4.0.steps100.blocks-1.prefetch-budget-20.rank-accept_first.cut-entropy4.0.samples20.maxnew1024.seed10086.subtreePrefetch.vllm.log,404,4,76,0.23751754745922732
/Users/jiangnanhugo/workspace/power-sharpening/Subtree-Prefetching-Power-Sharpening/case_studies/logs-entropycut/mbpp/2026-09-21/vllm/dataset-mbpp.model-qwen3.5-9b.alpha4.0.steps100.blocks-1.prefetch-budget-20.rank-accept_first.cut-entropy4.0.samples20.maxnew1024.seed10086.subtreePrefetch.vllm.log,404,5,59,0.17419005226652484
/Users/jiangnanhugo/workspace/power-sharpening/Subtree-Prefetching-Power-Sharpening/case_studies/logs-entropycut/mbpp/2026-09-21/vllm/dataset-mbpp.model-qwen3.5-9b.alpha4.0.steps100.blocks-1.prefetch-budget-20.rank-accept_first.cut-entropy4.0.samples20.maxnew1024.seed10086.subtreePrefetch.vllm.log,404,6,68,0.022865463700413438
/Users/jiangnanhugo/workspace/power-sharpening/Subtree-Prefetching-Power-Sharpening/case_studies/logs-entropycut/mbpp/2026-09-21/vllm/dataset-mbpp.model-qwen3.5-9b.alpha4.0.steps100.blocks-1.prefetch-budget-20.rank-accept_first.cut-entropy4.0.samples20.maxnew1024.seed10086.subtreePrefetch.vllm.log,404,7,414,0.037031974245738626
/Users/jiangnanhugo/workspace/power-sharpening/Subtree-Prefetching-Power-Sharpening/case_studies/logs-entropycut/mbpp/2026-09-21/vllm/dataset-mbpp.model-qwen3.5-9b.alpha4.0.steps100.blocks-1.prefetch-budget-20.rank-accept_first.cut-entropy4.0.samples20.maxnew1024.seed10086.subtreePrefetch.vllm.log,404,8,7,0.002799632971616489
/Users/jiangnanhugo/workspace/power-sharpening/Subtree-Prefetching-Power-Sharpening/case_studies/logs-entropycut/mbpp/2026-09-21/vllm/dataset-mbpp.model-qwen3.5-9b.alpha4.0.steps100.blocks-1.prefetch-budget-20.rank-accept_first.cut-entropy4.0.samples20.maxnew1024.seed10086.subtreePrefetch.vllm.log,404,9,76,0.23751754745922732
/Users/jiangnanhugo/workspace/power-sharpening/Subtree-Prefetching-Power-Sharpening/case_studies/logs-entropycut/mbpp/2026-09-21/vllm/dataset-mbpp.model-qwen3.5-9b.alpha4.0.steps100.blocks-1.prefetch-budget-20.rank-accept_first.cut-entropy4.0.samples20.maxnew1024.seed10086.subtreePrefetch.vllm.log,404,10,59,0.17419005226652484
/Users/jiangnanhugo/workspace/power-sharpening/Subtree-Prefetching-Power-Sharpening/case_studies/logs-entropycut/mbpp/2026-09-21/vllm/dataset-mbpp.model-qwen3.5-9b.alpha4.0.steps100.blocks-1.prefetch-budget-20.rank-accept_first.cut-entropy4.0.samples20.maxnew1024.seed10086.subtreePrefetch.vllm.log,404,11,59,0.17419005226652484
/Users/jiangnanhugo/workspace/power-sharpening/Subtree-Prefetching-Power-Sharpening/case_studies/logs-entropycut/mbpp/2026-09-21/vllm/dataset-mbpp.model-qwen3.5-9b.alpha4.0.steps100.blocks-1.prefetch-budget-20.rank-accept_first.cut-entropy4.0.samples20.maxnew1024.seed10086.subtreePrefetch.vllm.log,404,12,266,0.04599406376764729
/Users/jiangnanhugo/workspace/power-sharpening/Subtree-Prefetching-Power-Sharpening/case_studies/logs-entropycut/mbpp/2026-09-21/vllm/dataset-mbpp.model-qwen3.5-9b.alpha4.0.steps100.blocks-1.prefetch-budget-20.rank-accept_first.cut-entropy4.0.samples20.maxnew1024.seed10086.subtreePrefetch.vllm.log,404,13,127,0.1867995550321199
/Users/jiangnanhugo/workspace/power-sharpening/Subtree-Prefetching-Power-Sharpening/case_studies/logs-entropycut/mbpp/2026-09-21/vllm/dataset-mbpp.model-qwen3.5-9b.alpha4.0.steps100.blocks-1.prefetch-budget-20.rank-accept_first.cut-entropy4.0.samples20.maxnew1024.seed10086.subtreePrefetch.vllm.log,404,14,76,0.23751754745922732
/Users/jiangnanhugo/workspace/power-sharpening/Subtree-Prefetching-Power-Sharpening/case_studies/logs-entropycut/mbpp/2026-09-21/vllm/dataset-mbpp.model-qwen3.5-9b.alpha4.0.steps100.blocks-1.prefetch-budget-20.rank-accept_first.cut-entropy4.0.samples20.maxnew1024.seed10086.subtreePrefetch.vllm.log,404,15,59,0.17419005226652484
/Users/jiangnanhugo/workspace/power-sharpening/Subtree-Prefetching-Power-Sharpening/case_studies/logs-entropycut/mbpp/2026-09-21/vllm/dataset-mbpp.model-qwen3.5-9b.alpha4.0.steps100.blocks-1.prefetch-budget-20.rank-accept_first.cut-entropy4.0.samples20.maxnew1024.seed10086.subtreePrefetch.vllm.log,404,16,127,0.1867995550321199
/Users/jiangnanhugo/workspace/power-sharpening/Subtree-Prefetching-Power-Sharpening/case_studies/logs-entropycut/mbpp/2026-09-21/vllm/dataset-mbpp.model-qwen3.5-9b.alpha4.0.steps100.blocks-1.prefetch-budget-20.rank-accept_first.cut-entropy4.0.samples20.maxnew1024.seed10086.subtreePrefetch.vllm.log,404,17,59,0.17419005226652484
/Users/jiangnanhugo/workspace/power-sharpening/Subtree-Prefetching-Power-Sharpening/case_studies/logs-entropycut/mbpp/2026-09-21/vllm/dataset-mbpp.model-qwen3.5-9b.alpha4.0.steps100.blocks-1.prefetch-budget-20.rank-accept_first.cut-entropy4.0.samples20.maxnew1024.seed10086.subtreePrefetch.vllm.log,404,18,59,0.17419005226652484
/Users/jiangnanhugo/workspace/power-sharpening/Subtree-Prefetching-Power-Sharpening/case_studies/logs-entropycut/mbpp/2026-09-21/vllm/dataset-mbpp.model-qwen3.5-9b.alpha4.0.steps100.blocks-1.prefetch-budget-20.rank-accept_first.cut-entropy4.0.samples20.maxnew1024.seed10086.subtreePrefetch.vllm.log,404,19,3,0.007825110512679024
/Users/jiangnanhugo/workspace/power-sharpening/Subtree-Prefetching-Power-Sharpening/case_studies/logs-entropycut/mbpp/2026-09-21/vllm/dataset-mbpp.model-qwen3.5-9b.alpha4.0.steps100.blocks-1.prefetch-budget-20.rank-accept_first.cut-entropy4.0.samples20.maxnew1024.seed10086.subtreePrefetch.vllm.log,405,0,127,0.18679965260180564
/Users/jiangnanhugo/workspace/power-sharpening/Subtree-Prefetching-Power-Sharpening/case_studies/logs-entropycut/mbpp/2026-09-21/vllm/dataset-mbpp.model-qwen3.5-9b.alpha4.0.steps100.blocks-1.prefetch-budget-20.rank-accept_first.cut-entropy4.0.samples20.maxnew1024.seed10086.subtreePrefetch.vllm.log,405,1,72,0.02496811553223857
/Users/jiangnanhugo/workspace/power-sharpening/Subtree-Prefetching-Power-Sharpening/case_studies/logs-entropycut/mbpp/2026-09-21/vllm/dataset-mbpp.model-qwen3.5-9b.alpha4.0.steps100.blocks-1.prefetch-budget-20.rank-accept_first.cut-entropy4.0.samples20.maxnew1024.seed10086.subtreePrefetch.vllm.log,405,2,326,0.006643653006891998
/Users/jiangnanhugo/workspace/power-sharpening/Subtree-Prefetching-Power-Sharpening/case_studies/logs-entropycut/mbpp/2026-09-21/vllm/dataset-mbpp.model-qwen3.5-9b.alpha4.0.steps100.blocks-1.prefetch-budget-20.rank-accept_first.cut-entropy4.0.samples20.maxnew1024.seed10086.subtreePrefetch.vllm.log,405,3,59,0.17419014324997853
/Users/jiangnanhugo/workspace/power-sharpening/Subtree-Prefetching-Power-Sharpening/case_studies/logs-entropycut/mbpp/2026-09-21/vllm/dataset-mbpp.model-qwen3.5-9b.alpha4.0.steps100.blocks-1.prefetch-budget-20.rank-accept_first.cut-entropy4.0.samples20.maxnew1024.seed10086.subtreePrefetch.vllm.log,405,4,59,0.17419014324997853
/Users/jiangnanhugo/workspace/power-sharpening/Subtree-Prefetching-Power-Sharpening/case_studies/logs-entropycut/mbpp/2026-09-21/vllm/dataset-mbpp.model-qwen3.5-9b.alpha4.0.steps100.blocks-1.prefetch-budget-20.rank-accept_first.cut-entropy4.0.samples20.maxnew1024.seed10086.subtreePrefetch.vllm.log,405,5,76,0.23751767152008207
/Users/jiangnanhugo/workspace/power-sharpening/Subtree-Prefetching-Power-Sharpening/case_studies/logs-entropycut/mbpp/2026-09-21/vllm/dataset-mbpp.model-qwen3.5-9b.alpha4.0.steps100.blocks-1.prefetch-budget-20.rank-accept_first.cut-entropy4.0.samples20.maxnew1024.seed10086.subtreePrefetch.vllm.log,405,6,76,0.23751767152008207
/Users/jiangnanhugo/workspace/power-sharpening/Subtree-Prefetching-Power-Sharpening/case_studies/logs-entropycut/mbpp/2026-09-21/vllm/dataset-mbpp.model-qwen3.5-9b.alpha4.0.steps100.blocks-1.prefetch-budget-20.rank-accept_first.cut-entropy4.0.samples20.maxnew1024.seed10086.subtreePrefetch.vllm.log,405,7,76,0.23751767152008207
/Users/jiangnanhugo/workspace/power-sharpening/Subtree-Prefetching-Power-Sharpening/case_studies/logs-entropycut/mbpp/2026-09-21/vllm/dataset-mbpp.model-qwen3.5-9b.alpha4.0.steps100.blocks-1.prefetch-budget-20.rank-accept_first.cut-entropy4.0.samples20.maxnew1024.seed10086.subtreePrefetch.vllm.log,405,8,59,0.17419014324997853
/Users/jiangnanhugo/workspace/power-sharpening/Subtree-Prefetching-Power-Sharpening/case_studies/logs-entropycut/mbpp/2026-09-21/vllm/dataset-mbpp.model-qwen3.5-9b.alpha4.0.steps100.blocks-1.prefetch-budget-20.rank-accept_first.cut-entropy4.0.samples20.maxnew1024.seed10086.subtreePrefetch.vllm.log,405,9,76,0.23751767152008207
/Users/jiangnanhugo/workspace/power-sharpening/Subtree-Prefetching-Power-Sharpening/case_studies/logs-entropycut/mbpp/2026-09-21/vllm/dataset-mbpp.model-qwen3.5-9b.alpha4.0.steps100.blocks-1.prefetch-budget-20.rank-accept_first.cut-entropy4.0.samples20.maxnew1024.seed10086.subtreePrefetch.vllm.log,405,10,59,0.17419014324997853
/Users/jiangnanhugo/workspace/power-sharpening/Subtree-Prefetching-Power-Sharpening/case_studies/logs-entropycut/mbpp/2026-09-21/vllm/dataset-mbpp.model-qwen3.5-9b.alpha4.0.steps100.blocks-1.prefetch-budget-20.rank-accept_first.cut-entropy4.0.samples20.maxnew1024.seed10086.subtreePrefetch.vllm.log,405,11,76,0.23751767152008207
/Users/jiangnanhugo/workspace/power-sharpening/Subtree-Prefetching-Power-Sharpening/case_studies/logs-entropycut/mbpp/2026-09-21/vllm/dataset-mbpp.model-qwen3.5-9b.alpha4.0.steps100.blocks-1.prefetch-budget-20.rank-accept_first.cut-entropy4.0.samples20.maxnew1024.seed10086.subtreePrefetch.vllm.log,405,12,76,0.23751767152008207
/Users/jiangnanhugo/workspace/power-sharpening/Subtree-Prefetching-Power-Sharpening/case_studies/logs-entropycut/mbpp/2026-09-21/vllm/dataset-mbpp.model-qwen3.5-9b.alpha4.0.steps100.blocks-1.prefetch-budget-20.rank-accept_first.cut-entropy4.0.samples20.maxnew1024.seed10086.subtreePrefetch.vllm.log,405,13,68,0.022865475643568802
/Users/jiangnanhugo/workspace/power-sharpening/Subtree-Prefetching-Power-Sharpening/case_studies/logs-entropycut/mbpp/2026-09-21/vllm/dataset-mbpp.model-qwen3.5-9b.alpha4.0.steps100.blocks-1.prefetch-budget-20.rank-accept_first.cut-entropy4.0.samples20.maxnew1024.seed10086.subtreePrefetch.vllm.log,405,14,192,0.007786608758763654
/Users/jiangnanhugo/workspace/power-sharpening/Subtree-Prefetching-Power-Sharpening/case_studies/logs-entropycut/mbpp/2026-09-21/vllm/dataset-mbpp.model-qwen3.5-9b.alpha4.0.steps100.blocks-1.prefetch-budget-20.rank-accept_first.cut-entropy4.0.samples20.maxnew1024.seed10086.subtreePrefetch.vllm.log,405,15,59,0.17419014324997853
/Users/jiangnanhugo/workspace/power-sharpening/Subtree-Prefetching-Power-Sharpening/case_studies/logs-entropycut/mbpp/2026-09-21/vllm/dataset-mbpp.model-qwen3.5-9b.alpha4.0.steps100.blocks-1.prefetch-budget-20.rank-accept_first.cut-entropy4.0.samples20.maxnew1024.seed10086.subtreePrefetch.vllm.log,405,16,76,0.23751767152008207
/Users/jiangnanhugo/workspace/power-sharpening/Subtree-Prefetching-Power-Sharpening/case_studies/logs-entropycut/mbpp/2026-09-21/vllm/dataset-mbpp.model-qwen3.5-9b.alpha4.0.steps100.blocks-1.prefetch-budget-20.rank-accept_first.cut-entropy4.0.samples20.maxnew1024.seed10086.subtreePrefetch.vllm.log,405,17,59,0.17419014324997853
/Users/jiangnanhugo/workspace/power-sharpening/Subtree-Prefetching-Power-Sharpening/case_studies/logs-entropycut/mbpp/2026-09-21/vllm/dataset-mbpp.model-qwen3.5-9b.alpha4.0.steps100.blocks-1.prefetch-budget-20.rank-accept_first.cut-entropy4.0.samples20.maxnew1024.seed10086.subtreePrefetch.vllm.log,405,18,76,0.23751767152008207
/Users/jiangnanhugo/workspace/power-sharpening/Subtree-Prefetching-Power-Sharpening/case_studies/logs-entropycut/mbpp/2026-09-21/vllm/dataset-mbpp.model-qwen3.5-9b.alpha4.0.steps100.blocks-1.prefetch-budget-20.rank-accept_first.cut-entropy4.0.samples20.maxnew1024.seed10086.subtreePrefetch.vllm.log,405,19,59,0.17419014324997853
/Users/jiangnanhugo/workspace/power-sharpening/Subtree-Prefetching-Power-Sharpening/case_studies/logs-entropycut/mbpp/2026-09-21/vllm/dataset-mbpp.model-qwen3.5-9b.alpha4.0.steps100.blocks-1.prefetch-budget-20.rank-accept_first.cut-entropy4.0.samples20.maxnew1024.seed10086.subtreePrefetch.vllm.log,406,0,76,0.23751767152008207
/Users/jiangnanhugo/workspace/power-sharpening/Subtree-Prefetching-Power-Sharpening/case_studies/logs-entropycut/mbpp/2026-09-21/vllm/dataset-mbpp.model-qwen3.5-9b.alpha4.0.steps100.blocks-1.prefetch-budget-20.rank-accept_first.cut-entropy4.0.samples20.maxnew1024.seed10086.subtreePrefetch.vllm.log,406,1,68,0.022865475643568802
/Users/jiangnanhugo/workspace/power-sharpening/Subtree-Prefetching-Power-Sharpening/case_studies/logs-entropycut/mbpp/2026-09-21/vllm/dataset-mbpp.model-qwen3.5-9b.alpha4.0.steps100.blocks-1.prefetch-budget-20.rank-accept_first.cut-entropy4.0.samples20.maxnew1024.seed10086.subtreePrefetch.vllm.log,406,2,59,0.17419014324997853
/Users/jiangnanhugo/workspace/power-sharpening/Subtree-Prefetching-Power-Sharpening/case_studies/logs-entropycut/mbpp/2026-09-21/vllm/dataset-mbpp.model-qwen3.5-9b.alpha4.0.steps100.blocks-1.prefetch-budget-20.rank-accept_first.cut-entropy4.0.samples20.maxnew1024.seed10086.subtreePrefetch.vllm.log,406,3,59,0.17419014324997853
/Users/jiangnanhugo/workspace/power-sharpening/Subtree-Prefetching-Power-Sharpening/case_studies/logs-entropycut/mbpp/2026-09-21/vllm/dataset-mbpp.model-qwen3.5-9b.alpha4.0.steps100.blocks-1.prefetch-budget-20.rank-accept_first.cut-entropy4.0.samples20.maxnew1024.seed10086.subtreePrefetch.vllm.log,406,4,59,0.17419014324997853
/Users/jiangnanhugo/workspace/power-sharpening/Subtree-Prefetching-Power-Sharpening/case_studies/logs-entropycut/mbpp/2026-09-21/vllm/dataset-mbpp.model-qwen3.5-9b.alpha4.0.steps100.blocks-1.prefetch-budget-20.rank-accept_first.cut-entropy4.0.samples20.maxnew1024.seed10086.subtreePrefetch.vllm.log,406,5,127,0.18679965260180564
/Users/jiangnanhugo/workspace/power-sharpening/Subtree-Prefetching-Power-Sharpening/case_studies/logs-entropycut/mbpp/2026-09-21/vllm/dataset-mbpp.model-qwen3.5-9b.alpha4.0.steps100.blocks-1.prefetch-budget-20.rank-accept_first.cut-entropy4.0.samples20.maxnew1024.seed10086.subtreePrefetch.vllm.log,406,6,59,0.17419014324997853
/Users/jiangnanhugo/workspace/power-sharpening/Subtree-Prefetching-Power-Sharpening/case_studies/logs-entropycut/mbpp/2026-09-21/vllm/dataset-mbpp.model-qwen3.5-9b.alpha4.0.steps100.blocks-1.prefetch-budget-20.rank-accept_first.cut-entropy4.0.samples20.maxnew1024.seed10086.subtreePrefetch.vllm.log,406,7,68,0.022865475643568802
/Users/jiangnanhugo/workspace/power-sharpening/Subtree-Prefetching-Power-Sharpening/case_studies/logs-entropycut/mbpp/2026-09-21/vllm/dataset-mbpp.model-qwen3.5-9b.alpha4.0.steps100.blocks-1.prefetch-budget-20.rank-accept_first.cut-entropy4.0.samples20.maxnew1024.seed10086.subtreePrefetch.vllm.log,406,8,59,0.17419014324997853
/Users/jiangnanhugo/workspace/power-sharpening/Subtree-Prefetching-Power-Sharpening/case_studies/logs-entropycut/mbpp/2026-09-21/vllm/dataset-mbpp.model-qwen3.5-9b.alpha4.0.steps100.blocks-1.prefetch-budget-20.rank-accept_first.cut-entropy4.0.samples20.maxnew1024.seed10086.subtreePrefetch.vllm.log,406,9,59,0.17419014324997853
/Users/jiangnanhugo/workspace/power-sharpening/Subtree-Prefetching-Power-Sharpening/case_studies/logs-entropycut/mbpp/2026-09-21/vllm/dataset-mbpp.model-qwen3.5-9b.alpha4.0.steps100.blocks-1.prefetch-budget-20.rank-accept_first.cut-entropy4.0.samples20.maxnew1024.seed10086.subtreePrefetch.vllm.log,406,10,59,0.17419014324997853
/Users/jiangnanhugo/workspace/power-sharpening/Subtree-Prefetching-Power-Sharpening/case_studies/logs-entropycut/mbpp/2026-09-21/vllm/dataset-mbpp.model-qwen3.5-9b.alpha4.0.steps100.blocks-1.prefetch-budget-20.rank-accept_first.cut-entropy4.0.samples20.maxnew1024.seed10086.subtreePrefetch.vllm.log,406,11,59,0.17419014324997853
/Users/jiangnanhugo/workspace/power-sharpening/Subtree-Prefetching-Power-Sharpening/case_studies/logs-entropycut/mbpp/2026-09-21/vllm/dataset-mbpp.model-qwen3.5-9b.alpha4.0.steps100.blocks-1.prefetch-budget-20.rank-accept_first.cut-entropy4.0.samples20.maxnew1024.seed10086.subtreePrefetch.vllm.log,406,12,127,0.18679965260180564
/Users/jiangnanhugo/workspace/power-sharpening/Subtree-Prefetching-Power-Sharpening/case_studies/logs-entropycut/mbpp/2026-09-21/vllm/dataset-mbpp.model-qwen3.5-9b.alpha4.0.steps100.blocks-1.prefetch-budget-20.rank-accept_first.cut-entropy4.0.samples20.maxnew1024.seed10086.subtreePrefetch.vllm.log,406,13,59,0.17419014324997853
/Users/jiangnanhugo/workspace/power-sharpening/Subtree-Prefetching-Power-Sharpening/case_studies/logs-entropycut/mbpp/2026-09-21/vllm/dataset-mbpp.model-qwen3.5-9b.alpha4.0.steps100.blocks-1.prefetch-budget-20.rank-accept_first.cut-entropy4.0.samples20.maxnew1024.seed10086.subtreePrefetch.vllm.log,406,14,14,0.0008174381621044483
/Users/jiangnanhugo/workspace/power-sharpening/Subtree-Prefetching-Power-Sharpening/case_studies/logs-entropycut/mbpp/2026-09-21/vllm/dataset-mbpp.model-qwen3.5-9b.alpha4.0.steps100.blocks-1.prefetch-budget-20.rank-accept_first.cut-entropy4.0.samples20.maxnew1024.seed10086.subtreePrefetch.vllm.log,406,15,59,0.17419014324997853
/Users/jiangnanhugo/workspace/power-sharpening/Subtree-Prefetching-Power-Sharpening/case_studies/logs-entropycut/mbpp/2026-09-21/vllm/dataset-mbpp.model-qwen3.5-9b.alpha4.0.steps100.blocks-1.prefetch-budget-20.rank-accept_first.cut-entropy4.0.samples20.maxnew1024.seed10086.subtreePrefetch.vllm.log,406,16,59,0.17419014324997853
/Users/jiangnanhugo/workspace/power-sharpening/Subtree-Prefetching-Power-Sharpening/case_studies/logs-entropycut/mbpp/2026-09-21/vllm/dataset-mbpp.model-qwen3.5-9b.alpha4.0.steps100.blocks-1.prefetch-budget-20.rank-accept_first.cut-entropy4.0.samples20.maxnew1024.seed10086.subtreePrefetch.vllm.log,406,17,76,0.23751767152008207
/Users/jiangnanhugo/workspace/power-sharpening/Subtree-Prefetching-Power-Sharpening/case_studies/logs-entropycut/mbpp/2026-09-21/vllm/dataset-mbpp.model-qwen3.5-9b.alpha4.0.steps100.blocks-1.prefetch-budget-20.rank-accept_first.cut-entropy4.0.samples20.maxnew1024.seed10086.subtreePrefetch.vllm.log,406,18,59,0.17419014324997853
/Users/jiangnanhugo/workspace/power-sharpening/Subtree-Prefetching-Power-Sharpening/case_studies/logs-entropycut/mbpp/2026-09-21/vllm/dataset-mbpp.model-qwen3.5-9b.alpha4.0.steps100.blocks-1.prefetch-budget-20.rank-accept_first.cut-entropy4.0.samples20.maxnew1024.seed10086.subtreePrefetch.vllm.log,406,19,76,0.23751767152008207
/Users/jiangnanhugo/workspace/power-sharpening/Subtree-Prefetching-Power-Sharpening/case_studies/logs-entropycut/mbpp/2026-09-21/vllm/dataset-mbpp.model-qwen3.5-9b.alpha4.0.steps100.blocks-1.prefetch-budget-20.rank-accept_first.cut-entropy4.0.samples20.maxnew1024.seed10086.subtreePrefetch.vllm.log,407,0,59,0.1741902078501794
/Users/jiangnanhugo/workspace/power-sharpening/Subtree-Prefetching-Power-Sharpening/case_studies/logs-entropycut/mbpp/2026-09-21/vllm/dataset-mbpp.model-qwen3.5-9b.alpha4.0.steps100.blocks-1.prefetch-budget-20.rank-accept_first.cut-entropy4.0.samples20.maxnew1024.seed10086.subtreePrefetch.vllm.log,407,1,59,0.1741902078501794
/Users/jiangnanhugo/workspace/power-sharpening/Subtree-Prefetching-Power-Sharpening/case_studies/logs-entropycut/mbpp/2026-09-21/vllm/dataset-mbpp.model-qwen3.5-9b.alpha4.0.steps100.blocks-1.prefetch-budget-20.rank-accept_first.cut-entropy4.0.samples20.maxnew1024.seed10086.subtreePrefetch.vllm.log,407,2,3,0.007825117501937453
/Users/jiangnanhugo/workspace/power-sharpening/Subtree-Prefetching-Power-Sharpening/case_studies/logs-entropycut/mbpp/2026-09-21/vllm/dataset-mbpp.model-qwen3.5-9b.alpha4.0.steps100.blocks-1.prefetch-budget-20.rank-accept_first.cut-entropy4.0.samples20.maxnew1024.seed10086.subtreePrefetch.vllm.log,407,3,72,0.024968124791920256
/Users/jiangnanhugo/workspace/power-sharpening/Subtree-Prefetching-Power-Sharpening/case_studies/logs-entropycut/mbpp/2026-09-21/vllm/dataset-mbpp.model-qwen3.5-9b.alpha4.0.steps100.blocks-1.prefetch-budget-20.rank-accept_first.cut-entropy4.0.samples20.maxnew1024.seed10086.subtreePrefetch.vllm.log,407,4,59,0.1741902078501794
/Users/jiangnanhugo/workspace/power-sharpening/Subtree-Prefetching-Power-Sharpening/case_studies/logs-entropycut/mbpp/2026-09-21/vllm/dataset-mbpp.model-qwen3.5-9b.alpha4.0.steps100.blocks-1.prefetch-budget-20.rank-accept_first.cut-entropy4.0.samples20.maxnew1024.seed10086.subtreePrefetch.vllm.log,407,5,59,0.1741902078501794
/Users/jiangnanhugo/workspace/power-sharpening/Subtree-Prefetching-Power-Sharpening/case_studies/logs-entropycut/mbpp/2026-09-21/vllm/dataset-mbpp.model-qwen3.5-9b.alpha4.0.steps100.blocks-1.prefetch-budget-20.rank-accept_first.cut-entropy4.0.samples20.maxnew1024.seed10086.subtreePrefetch.vllm.log,407,6,127,0.1867997218783724
/Users/jiangnanhugo/workspace/power-sharpening/Subtree-Prefetching-Power-Sharpening/case_studies/logs-entropycut/mbpp/2026-09-21/vllm/dataset-mbpp.model-qwen3.5-9b.alpha4.0.steps100.blocks-1.prefetch-budget-20.rank-accept_first.cut-entropy4.0.samples20.maxnew1024.seed10086.subtreePrefetch.vllm.log,407,7,59,0.1741902078501794
/Users/jiangnanhugo/workspace/power-sharpening/Subtree-Prefetching-Power-Sharpening/case_studies/logs-entropycut/mbpp/2026-09-21/vllm/dataset-mbpp.model-qwen3.5-9b.alpha4.0.steps100.blocks-1.prefetch-budget-20.rank-accept_first.cut-entropy4.0.samples20.maxnew1024.seed10086.subtreePrefetch.vllm.log,407,8,322,0.021455770092556954
/Users/jiangnanhugo/workspace/power-sharpening/Subtree-Prefetching-Power-Sharpening/case_studies/logs-entropycut/mbpp/2026-09-21/vllm/dataset-mbpp.model-qwen3.5-9b.alpha4.0.steps100.blocks-1.prefetch-budget-20.rank-accept_first.cut-entropy4.0.samples20.maxnew1024.seed10086.subtreePrefetch.vllm.log,407,9,59,0.1741902078501794
/Users/jiangnanhugo/workspace/power-sharpening/Subtree-Prefetching-Power-Sharpening/case_studies/logs-entropycut/mbpp/2026-09-21/vllm/dataset-mbpp.model-qwen3.5-9b.alpha4.0.steps100.blocks-1.prefetch-budget-20.rank-accept_first.cut-entropy4.0.samples20.maxnew1024.seed10086.subtreePrefetch.vllm.log,407,10,76,0.23751775960594626
/Users/jiangnanhugo/workspace/power-sharpening/Subtree-Prefetching-Power-Sharpening/case_studies/logs-entropycut/mbpp/2026-09-21/vllm/dataset-mbpp.model-qwen3.5-9b.alpha4.0.steps100.blocks-1.prefetch-budget-20.rank-accept_first.cut-entropy4.0.samples20.maxnew1024.seed10086.subtreePrefetch.vllm.log,407,11,76,0.23751775960594626
/Users/jiangnanhugo/workspace/power-sharpening/Subtree-Prefetching-Power-Sharpening/case_studies/logs-entropycut/mbpp/2026-09-21/vllm/dataset-mbpp.model-qwen3.5-9b.alpha4.0.steps100.blocks-1.prefetch-budget-20.rank-accept_first.cut-entropy4.0.samples20.maxnew1024.seed10086.subtreePrefetch.vllm.log,407,12,76,0.23751775960594626
/Users/jiangnanhugo/workspace/power-sharpening/Subtree-Prefetching-Power-Sharpening/case_studies/logs-entropycut/mbpp/2026-09-21/vllm/dataset-mbpp.model-qwen3.5-9b.alpha4.0.steps100.blocks-1.prefetch-budget-20.rank-accept_first.cut-entropy4.0.samples20.maxnew1024.seed10086.subtreePrefetch.vllm.log,407,13,58,0.013698400473252529
/Users/jiangnanhugo/workspace/power-sharpening/Subtree-Prefetching-Power-Sharpening/case_studies/logs-entropycut/mbpp/2026-09-21/vllm/dataset-mbpp.model-qwen3.5-9b.alpha4.0.steps100.blocks-1.prefetch-budget-20.rank-accept_first.cut-entropy4.0.samples20.maxnew1024.seed10086.subtreePrefetch.vllm.log,407,14,59,0.1741902078501794
/Users/jiangnanhugo/workspace/power-sharpening/Subtree-Prefetching-Power-Sharpening/case_studies/logs-entropycut/mbpp/2026-09-21/vllm/dataset-mbpp.model-qwen3.5-9b.alpha4.0.steps100.blocks-1.prefetch-budget-20.rank-accept_first.cut-entropy4.0.samples20.maxnew1024.seed10086.subtreePrefetch.vllm.log,407,15,76,0.23751775960594626
/Users/jiangnanhugo/workspace/power-sharpening/Subtree-Prefetching-Power-Sharpening/case_studies/logs-entropycut/mbpp/2026-09-21/vllm/dataset-mbpp.model-qwen3.5-9b.alpha4.0.steps100.blocks-1.prefetch-budget-20.rank-accept_first.cut-entropy4.0.samples20.maxnew1024.seed10086.subtreePrefetch.vllm.log,407,16,332,0.030452947178177057
/Users/jiangnanhugo/workspace/power-sharpening/Subtree-Prefetching-Power-Sharpening/case_studies/logs-entropycut/mbpp/2026-09-21/vllm/dataset-mbpp.model-qwen3.5-9b.alpha4.0.steps100.blocks-1.prefetch-budget-20.rank-accept_first.cut-entropy4.0.samples20.maxnew1024.seed10086.subtreePrefetch.vllm.log,407,17,59,0.1741902078501794
/Users/jiangnanhugo/workspace/power-sharpening/Subtree-Prefetching-Power-Sharpening/case_studies/logs-entropycut/mbpp/2026-09-21/vllm/dataset-mbpp.model-qwen3.5-9b.alpha4.0.steps100.blocks-1.prefetch-budget-20.rank-accept_first.cut-entropy4.0.samples20.maxnew1024.seed10086.subtreePrefetch.vllm.log,407,18,59,0.1741902078501794
/Users/jiangnanhugo/workspace/power-sharpening/Subtree-Prefetching-Power-Sharpening/case_studies/logs-entropycut/mbpp/2026-09-21/vllm/dataset-mbpp.model-qwen3.5-9b.alpha4.0.steps100.blocks-1.prefetch-budget-20.rank-accept_first.cut-entropy4.0.samples20.maxnew1024.seed10086.subtreePrefetch.vllm.log,407,19,76,0.23751775960594626
/Users/jiangnanhugo/workspace/power-sharpening/Subtree-Prefetching-Power-Sharpening/case_studies/logs-entropycut/mbpp/2026-09-21/vllm/dataset-mbpp.model-qwen3.5-9b.alpha4.0.steps100.blocks-1.prefetch-budget-20.rank-accept_first.cut-entropy4.0.samples20.maxnew1024.seed10086.subtreePrefetch.vllm.log,408,0,76,0.2375178636515541
/Users/jiangnanhugo/workspace/power-sharpening/Subtree-Prefetching-Power-Sharpening/case_studies/logs-entropycut/mbpp/2026-09-21/vllm/dataset-mbpp.model-qwen3.5-9b.alpha4.0.steps100.blocks-1.prefetch-budget-20.rank-accept_first.cut-entropy4.0.samples20.maxnew1024.seed10086.subtreePrefetch.vllm.log,408,1,332,0.030452960518212793
/Users/jiangnanhugo/workspace/power-sharpening/Subtree-Prefetching-Power-Sharpening/case_studies/logs-entropycut/mbpp/2026-09-21/vllm/dataset-mbpp.model-qwen3.5-9b.alpha4.0.steps100.blocks-1.prefetch-budget-20.rank-accept_first.cut-entropy4.0.samples20.maxnew1024.seed10086.subtreePrefetch.vllm.log,408,2,127,0.1867998037067403
/Users/jiangnanhugo/workspace/power-sharpening/Subtree-Prefetching-Power-Sharpening/case_studies/logs-entropycut/mbpp/2026-09-21/vllm/dataset-mbpp.model-qwen3.5-9b.alpha4.0.steps100.blocks-1.prefetch-budget-20.rank-accept_first.cut-entropy4.0.samples20.maxnew1024.seed10086.subtreePrefetch.vllm.log,408,3,76,0.2375178636515541
/Users/jiangnanhugo/workspace/power-sharpening/Subtree-Prefetching-Power-Sharpening/case_studies/logs-entropycut/mbpp/2026-09-21/vllm/dataset-mbpp.model-qwen3.5-9b.alpha4.0.steps100.blocks-1.prefetch-budget-20.rank-accept_first.cut-entropy4.0.samples20.maxnew1024.seed10086.subtreePrefetch.vllm.log,408,4,127,0.1867998037067403
/Users/jiangnanhugo/workspace/power-sharpening/Subtree-Prefetching-Power-Sharpening/case_studies/logs-entropycut/mbpp/2026-09-21/vllm/dataset-mbpp.model-qwen3.5-9b.alpha4.0.steps100.blocks-1.prefetch-budget-20.rank-accept_first.cut-entropy4.0.samples20.maxnew1024.seed10086.subtreePrefetch.vllm.log,408,5,127,0.1867998037067403
/Users/jiangnanhugo/workspace/power-sharpening/Subtree-Prefetching-Power-Sharpening/case_studies/logs-entropycut/mbpp/2026-09-21/vllm/dataset-mbpp.model-qwen3.5-9b.alpha4.0.steps100.blocks-1.prefetch-budget-20.rank-accept_first.cut-entropy4.0.samples20.maxnew1024.seed10086.subtreePrefetch.vllm.log,408,6,59,0.1741902841548991
/Users/jiangnanhugo/workspace/power-sharpening/Subtree-Prefetching-Power-Sharpening/case_studies/logs-entropycut/mbpp/2026-09-21/vllm/dataset-mbpp.model-qwen3.5-9b.alpha4.0.steps100.blocks-1.prefetch-budget-20.rank-accept_first.cut-entropy4.0.samples20.maxnew1024.seed10086.subtreePrefetch.vllm.log,408,7,58,0.013698406473891834
/Users/jiangnanhugo/workspace/power-sharpening/Subtree-Prefetching-Power-Sharpening/case_studies/logs-entropycut/mbpp/2026-09-21/vllm/dataset-mbpp.model-qwen3.5-9b.alpha4.0.steps100.blocks-1.prefetch-budget-20.rank-accept_first.cut-entropy4.0.samples20.maxnew1024.seed10086.subtreePrefetch.vllm.log,408,8,76,0.2375178636515541
/Users/jiangnanhugo/workspace/power-sharpening/Subtree-Prefetching-Power-Sharpening/case_studies/logs-entropycut/mbpp/2026-09-21/vllm/dataset-mbpp.model-qwen3.5-9b.alpha4.0.steps100.blocks-1.prefetch-budget-20.rank-accept_first.cut-entropy4.0.samples20.maxnew1024.seed10086.subtreePrefetch.vllm.log,408,9,58,0.013698406473891834
/Users/jiangnanhugo/workspace/power-sharpening/Subtree-Prefetching-Power-Sharpening/case_studies/logs-entropycut/mbpp/2026-09-21/vllm/dataset-mbpp.model-qwen3.5-9b.alpha4.0.steps100.blocks-1.prefetch-budget-20.rank-accept_first.cut-entropy4.0.samples20.maxnew1024.seed10086.subtreePrefetch.vllm.log,408,10,59,0.1741902841548991
/Users/jiangnanhugo/workspace/power-sharpening/Subtree-Prefetching-Power-Sharpening/case_studies/logs-entropycut/mbpp/2026-09-21/vllm/dataset-mbpp.model-qwen3.5-9b.alpha4.0.steps100.blocks-1.prefetch-budget-20.rank-accept_first.cut-entropy4.0.samples20.maxnew1024.seed10086.subtreePrefetch.vllm.log,408,11,76,0.2375178636515541
/Users/jiangnanhugo/workspace/power-sharpening/Subtree-Prefetching-Power-Sharpening/case_studies/logs-entropycut/mbpp/2026-09-21/vllm/dataset-mbpp.model-qwen3.5-9b.alpha4.0.steps100.blocks-1.prefetch-budget-20.rank-accept_first.cut-entropy4.0.samples20.maxnew1024.seed10086.subtreePrefetch.vllm.log,408,12,59,0.1741902841548991
/Users/jiangnanhugo/workspace/power-sharpening/Subtree-Prefetching-Power-Sharpening/case_studies/logs-entropycut/mbpp/2026-09-21/vllm/dataset-mbpp.model-qwen3.5-9b.alpha4.0.steps100.blocks-1.prefetch-budget-20.rank-accept_first.cut-entropy4.0.samples20.maxnew1024.seed10086.subtreePrefetch.vllm.log,408,13,68,0.022865494139782016
/Users/jiangnanhugo/workspace/power-sharpening/Subtree-Prefetching-Power-Sharpening/case_studies/logs-entropycut/mbpp/2026-09-21/vllm/dataset-mbpp.model-qwen3.5-9b.alpha4.0.steps100.blocks-1.prefetch-budget-20.rank-accept_first.cut-entropy4.0.samples20.maxnew1024.seed10086.subtreePrefetch.vllm.log,408,14,59,0.1741902841548991
/Users/jiangnanhugo/workspace/power-sharpening/Subtree-Prefetching-Power-Sharpening/case_studies/logs-entropycut/mbpp/2026-09-21/vllm/dataset-mbpp.model-qwen3.5-9b.alpha4.0.steps100.blocks-1.prefetch-budget-20.rank-accept_first.cut-entropy4.0.samples20.maxnew1024.seed10086.subtreePrefetch.vllm.log,408,15,59,0.1741902841548991
/Users/jiangnanhugo/workspace/power-sharpening/Subtree-Prefetching-Power-Sharpening/case_studies/logs-entropycut/mbpp/2026-09-21/vllm/dataset-mbpp.model-qwen3.5-9b.alpha4.0.steps100.blocks-1.prefetch-budget-20.rank-accept_first.cut-entropy4.0.samples20.maxnew1024.seed10086.subtreePrefetch.vllm.log,408,16,59,0.1741902841548991
/Users/jiangnanhugo/workspace/power-sharpening/Subtree-Prefetching-Power-Sharpening/case_studies/logs-entropycut/mbpp/2026-09-21/vllm/dataset-mbpp.model-qwen3.5-9b.alpha4.0.steps100.blocks-1.prefetch-budget-20.rank-accept_first.cut-entropy4.0.samples20.maxnew1024.seed10086.subtreePrefetch.vllm.log,408,17,328,0.003320041426429808
/Users/jiangnanhugo/workspace/power-sharpening/Subtree-Prefetching-Power-Sharpening/case_studies/logs-entropycut/mbpp/2026-09-21/vllm/dataset-mbpp.model-qwen3.5-9b.alpha4.0.steps100.blocks-1.prefetch-budget-20.rank-accept_first.cut-entropy4.0.samples20.maxnew1024.seed10086.subtreePrefetch.vllm.log,408,18,72,0.024968135729307533
/Users/jiangnanhugo/workspace/power-sharpening/Subtree-Prefetching-Power-Sharpening/case_studies/logs-entropycut/mbpp/2026-09-21/vllm/dataset-mbpp.model-qwen3.5-9b.alpha4.0.steps100.blocks-1.prefetch-budget-20.rank-accept_first.cut-entropy4.0.samples20.maxnew1024.seed10086.subtreePrefetch.vllm.log,408,19,76,0.2375178636515541
/Users/jiangnanhugo/workspace/power-sharpening/Subtree-Prefetching-Power-Sharpening/case_studies/logs-entropycut/mbpp/2026-09-21/vllm/dataset-mbpp.model-qwen3.5-9b.alpha4.0.steps100.blocks-1.prefetch-budget-20.rank-accept_first.cut-entropy4.0.samples20.maxnew1024.seed10086.subtreePrefetch.vllm.log,409,0,66,0.00027042620763951874
/Users/jiangnanhugo/workspace/power-sharpening/Subtree-Prefetching-Power-Sharpening/case_studies/logs-entropycut/mbpp/2026-09-21/vllm/dataset-mbpp.model-qwen3.5-9b.alpha4.0.steps100.blocks-1.prefetch-budget-20.rank-accept_first.cut-entropy4.0.samples20.maxnew1024.seed10086.subtreePrefetch.vllm.log,409,1,59,0.17418988370316468
/Users/jiangnanhugo/workspace/power-sharpening/Subtree-Prefetching-Power-Sharpening/case_studies/logs-entropycut/mbpp/2026-09-21/vllm/dataset-mbpp.model-qwen3.5-9b.alpha4.0.steps100.blocks-1.prefetch-budget-20.rank-accept_first.cut-entropy4.0.samples20.maxnew1024.seed10086.subtreePrefetch.vllm.log,409,2,127,0.18679937426656948
/Users/jiangnanhugo/workspace/power-sharpening/Subtree-Prefetching-Power-Sharpening/case_studies/logs-entropycut/mbpp/2026-09-21/vllm/dataset-mbpp.model-qwen3.5-9b.alpha4.0.steps100.blocks-1.prefetch-budget-20.rank-accept_first.cut-entropy4.0.samples20.maxnew1024.seed10086.subtreePrefetch.vllm.log,409,3,414,0.03703193840997228
/Users/jiangnanhugo/workspace/power-sharpening/Subtree-Prefetching-Power-Sharpening/case_studies/logs-entropycut/mbpp/2026-09-21/vllm/dataset-mbpp.model-qwen3.5-9b.alpha4.0.steps100.blocks-1.prefetch-budget-20.rank-accept_first.cut-entropy4.0.samples20.maxnew1024.seed10086.subtreePrefetch.vllm.log,409,4,68,0.022865441573550607
/Users/jiangnanhugo/workspace/power-sharpening/Subtree-Prefetching-Power-Sharpening/case_studies/logs-entropycut/mbpp/2026-09-21/vllm/dataset-mbpp.model-qwen3.5-9b.alpha4.0.steps100.blocks-1.prefetch-budget-20.rank-accept_first.cut-entropy4.0.samples20.maxnew1024.seed10086.subtreePrefetch.vllm.log,409,5,266,0.0459940192592851
/Users/jiangnanhugo/workspace/power-sharpening/Subtree-Prefetching-Power-Sharpening/case_studies/logs-entropycut/mbpp/2026-09-21/vllm/dataset-mbpp.model-qwen3.5-9b.alpha4.0.steps100.blocks-1.prefetch-budget-20.rank-accept_first.cut-entropy4.0.samples20.maxnew1024.seed10086.subtreePrefetch.vllm.log,409,6,127,0.18679937426656948
/Users/jiangnanhugo/workspace/power-sharpening/Subtree-Prefetching-Power-Sharpening/case_studies/logs-entropycut/mbpp/2026-09-21/vllm/dataset-mbpp.model-qwen3.5-9b.alpha4.0.steps100.blocks-1.prefetch-budget-20.rank-accept_first.cut-entropy4.0.samples20.maxnew1024.seed10086.subtreePrefetch.vllm.log,409,7,72,0.024968078329244685
/Users/jiangnanhugo/workspace/power-sharpening/Subtree-Prefetching-Power-Sharpening/case_studies/logs-entropycut/mbpp/2026-09-21/vllm/dataset-mbpp.model-qwen3.5-9b.alpha4.0.steps100.blocks-1.prefetch-budget-20.rank-accept_first.cut-entropy4.0.samples20.maxnew1024.seed10086.subtreePrefetch.vllm.log,409,8,324,0.004761538604003998
/Users/jiangnanhugo/workspace/power-sharpening/Subtree-Prefetching-Power-Sharpening/case_studies/logs-entropycut/mbpp/2026-09-21/vllm/dataset-mbpp.model-qwen3.5-9b.alpha4.0.steps100.blocks-1.prefetch-budget-20.rank-accept_first.cut-entropy4.0.samples20.maxnew1024.seed10086.subtreePrefetch.vllm.log,409,9,59,0.17418988370316468
/Users/jiangnanhugo/workspace/power-sharpening/Subtree-Prefetching-Power-Sharpening/case_studies/logs-entropycut/mbpp/2026-09-21/vllm/dataset-mbpp.model-qwen3.5-9b.alpha4.0.steps100.blocks-1.prefetch-budget-20.rank-accept_first.cut-entropy4.0.samples20.maxnew1024.seed10086.subtreePrefetch.vllm.log,409,10,127,0.18679937426656948
/Users/jiangnanhugo/workspace/power-sharpening/Subtree-Prefetching-Power-Sharpening/case_studies/logs-entropycut/mbpp/2026-09-21/vllm/dataset-mbpp.model-qwen3.5-9b.alpha4.0.steps100.blocks-1.prefetch-budget-20.rank-accept_first.cut-entropy4.0.samples20.maxnew1024.seed10086.subtreePrefetch.vllm.log,409,11,76,0.23751731761397854
/Users/jiangnanhugo/workspace/power-sharpening/Subtree-Prefetching-Power-Sharpening/case_studies/logs-entropycut/mbpp/2026-09-21/vllm/dataset-mbpp.model-qwen3.5-9b.alpha4.0.steps100.blocks-1.prefetch-budget-20.rank-accept_first.cut-entropy4.0.samples20.maxnew1024.seed10086.subtreePrefetch.vllm.log,409,12,127,0.18679937426656948
/Users/jiangnanhugo/workspace/power-sharpening/Subtree-Prefetching-Power-Sharpening/case_studies/logs-entropycut/mbpp/2026-09-21/vllm/dataset-mbpp.model-qwen3.5-9b.alpha4.0.steps100.blocks-1.prefetch-budget-20.rank-accept_first.cut-entropy4.0.samples20.maxnew1024.seed10086.subtreePrefetch.vllm.log,409,13,76,0.23751731761397854
/Users/jiangnanhugo/workspace/power-sharpening/Subtree-Prefetching-Power-Sharpening/case_studies/logs-entropycut/mbpp/2026-09-21/vllm/dataset-mbpp.model-qwen3.5-9b.alpha4.0.steps100.blocks-1.prefetch-budget-20.rank-accept_first.cut-entropy4.0.samples20.maxnew1024.seed10086.subtreePrefetch.vllm.log,409,14,376,0.0031565967259348797
/Users/jiangnanhugo/workspace/power-sharpening/Subtree-Prefetching-Power-Sharpening/case_studies/logs-entropycut/mbpp/2026-09-21/vllm/dataset-mbpp.model-qwen3.5-9b.alpha4.0.steps100.blocks-1.prefetch-budget-20.rank-accept_first.cut-entropy4.0.samples20.maxnew1024.seed10086.subtreePrefetch.vllm.log,409,15,127,0.18679937426656948
/Users/jiangnanhugo/workspace/power-sharpening/Subtree-Prefetching-Power-Sharpening/case_studies/logs-entropycut/mbpp/2026-09-21/vllm/dataset-mbpp.model-qwen3.5-9b.alpha4.0.steps100.blocks-1.prefetch-budget-20.rank-accept_first.cut-entropy4.0.samples20.maxnew1024.seed10086.subtreePrefetch.vllm.log,409,16,266,0.0459940192592851
/Users/jiangnanhugo/workspace/power-sharpening/Subtree-Prefetching-Power-Sharpening/case_studies/logs-entropycut/mbpp/2026-09-21/vllm/dataset-mbpp.model-qwen3.5-9b.alpha4.0.steps100.blocks-1.prefetch-budget-20.rank-accept_first.cut-entropy4.0.samples20.maxnew1024.seed10086.subtreePrefetch.vllm.log,409,17,76,0.23751731761397854
/Users/jiangnanhugo/workspace/power-sharpening/Subtree-Prefetching-Power-Sharpening/case_studies/logs-entropycut/mbpp/2026-09-21/vllm/dataset-mbpp.model-qwen3.5-9b.alpha4.0.steps100.blocks-1.prefetch-budget-20.rank-accept_first.cut-entropy4.0.samples20.maxnew1024.seed10086.subtreePrefetch.vllm.log,409,18,7,0.002799630262417342
/Users/jiangnanhugo/workspace/power-sharpening/Subtree-Prefetching-Power-Sharpening/case_studies/logs-entropycut/mbpp/2026-09-21/vllm/dataset-mbpp.model-qwen3.5-9b.alpha4.0.steps100.blocks-1.prefetch-budget-20.rank-accept_first.cut-entropy4.0.samples20.maxnew1024.seed10086.subtreePrefetch.vllm.log,409,19,59,0.17418988370316468
/Users/jiangnanhugo/workspace/power-sharpening/Subtree-Prefetching-Power-Sharpening/case_studies/logs-entropycut/mbpp/2026-09-21/vllm/dataset-mbpp.model-qwen3.5-9b.alpha4.0.steps100.blocks-1.prefetch-budget-20.rank-accept_first.cut-entropy4.0.samples20.maxnew1024.seed10086.subtreePrefetch.vllm.log,410,0,76,0.23751618561412677
/Users/jiangnanhugo/workspace/power-sharpening/Subtree-Prefetching-Power-Sharpening/case_studies/logs-entropycut/mbpp/2026-09-21/vllm/dataset-mbpp.model-qwen3.5-9b.alpha4.0.steps100.blocks-1.prefetch-budget-20.rank-accept_first.cut-entropy4.0.samples20.maxnew1024.seed10086.subtreePrefetch.vllm.log,410,1,421,0.038096436320404936
/Users/jiangnanhugo/workspace/power-sharpening/Subtree-Prefetching-Power-Sharpening/case_studies/logs-entropycut/mbpp/2026-09-21/vllm/dataset-mbpp.model-qwen3.5-9b.alpha4.0.steps100.blocks-1.prefetch-budget-20.rank-accept_first.cut-entropy4.0.samples20.maxnew1024.seed10086.subtreePrefetch.vllm.log,410,2,414,0.037031761916951844
/Users/jiangnanhugo/workspace/power-sharpening/Subtree-Prefetching-Power-Sharpening/case_studies/logs-entropycut/mbpp/2026-09-21/vllm/dataset-mbpp.model-qwen3.5-9b.alpha4.0.steps100.blocks-1.prefetch-budget-20.rank-accept_first.cut-entropy4.0.samples20.maxnew1024.seed10086.subtreePrefetch.vllm.log,410,3,266,0.04599380005327727
/Users/jiangnanhugo/workspace/power-sharpening/Subtree-Prefetching-Power-Sharpening/case_studies/logs-entropycut/mbpp/2026-09-21/vllm/dataset-mbpp.model-qwen3.5-9b.alpha4.0.steps100.blocks-1.prefetch-budget-20.rank-accept_first.cut-entropy4.0.samples20.maxnew1024.seed10086.subtreePrefetch.vllm.log,410,4,76,0.23751618561412677
/Users/jiangnanhugo/workspace/power-sharpening/Subtree-Prefetching-Power-Sharpening/case_studies/logs-entropycut/mbpp/2026-09-21/vllm/dataset-mbpp.model-qwen3.5-9b.alpha4.0.steps100.blocks-1.prefetch-budget-20.rank-accept_first.cut-entropy4.0.samples20.maxnew1024.seed10086.subtreePrefetch.vllm.log,410,5,59,0.1741890535198142
/Users/jiangnanhugo/workspace/power-sharpening/Subtree-Prefetching-Power-Sharpening/case_studies/logs-entropycut/mbpp/2026-09-21/vllm/dataset-mbpp.model-qwen3.5-9b.alpha4.0.steps100.blocks-1.prefetch-budget-20.rank-accept_first.cut-entropy4.0.samples20.maxnew1024.seed10086.subtreePrefetch.vllm.log,410,6,213,0.013597263430316746
/Users/jiangnanhugo/workspace/power-sharpening/Subtree-Prefetching-Power-Sharpening/case_studies/logs-entropycut/mbpp/2026-09-21/vllm/dataset-mbpp.model-qwen3.5-9b.alpha4.0.steps100.blocks-1.prefetch-budget-20.rank-accept_first.cut-entropy4.0.samples20.maxnew1024.seed10086.subtreePrefetch.vllm.log,410,7,59,0.1741890535198142
/Users/jiangnanhugo/workspace/power-sharpening/Subtree-Prefetching-Power-Sharpening/case_studies/logs-entropycut/mbpp/2026-09-21/vllm/dataset-mbpp.model-qwen3.5-9b.alpha4.0.steps100.blocks-1.prefetch-budget-20.rank-accept_first.cut-entropy4.0.samples20.maxnew1024.seed10086.subtreePrefetch.vllm.log,410,8,76,0.23751618561412677
/Users/jiangnanhugo/workspace/power-sharpening/Subtree-Prefetching-Power-Sharpening/case_studies/logs-entropycut/mbpp/2026-09-21/vllm/dataset-mbpp.model-qwen3.5-9b.alpha4.0.steps100.blocks-1.prefetch-budget-20.rank-accept_first.cut-entropy4.0.samples20.maxnew1024.seed10086.subtreePrefetch.vllm.log,410,9,66,0.00027042491879696176
/Users/jiangnanhugo/workspace/power-sharpening/Subtree-Prefetching-Power-Sharpening/case_studies/logs-entropycut/mbpp/2026-09-21/vllm/dataset-mbpp.model-qwen3.5-9b.alpha4.0.steps100.blocks-1.prefetch-budget-20.rank-accept_first.cut-entropy4.0.samples20.maxnew1024.seed10086.subtreePrefetch.vllm.log,410,10,76,0.23751618561412677
/Users/jiangnanhugo/workspace/power-sharpening/Subtree-Prefetching-Power-Sharpening/case_studies/logs-entropycut/mbpp/2026-09-21/vllm/dataset-mbpp.model-qwen3.5-9b.alpha4.0.steps100.blocks-1.prefetch-budget-20.rank-accept_first.cut-entropy4.0.samples20.maxnew1024.seed10086.subtreePrefetch.vllm.log,410,11,76,0.23751618561412677
/Users/jiangnanhugo/workspace/power-sharpening/Subtree-Prefetching-Power-Sharpening/case_studies/logs-entropycut/mbpp/2026-09-21/vllm/dataset-mbpp.model-qwen3.5-9b.alpha4.0.steps100.blocks-1.prefetch-budget-20.rank-accept_first.cut-entropy4.0.samples20.maxnew1024.seed10086.subtreePrefetch.vllm.log,410,12,76,0.23751618561412677
/Users/jiangnanhugo/workspace/power-sharpening/Subtree-Prefetching-Power-Sharpening/case_studies/logs-entropycut/mbpp/2026-09-21/vllm/dataset-mbpp.model-qwen3.5-9b.alpha4.0.steps100.blocks-1.prefetch-budget-20.rank-accept_first.cut-entropy4.0.samples20.maxnew1024.seed10086.subtreePrefetch.vllm.log,410,13,83,0.0031402058456622656
/Users/jiangnanhugo/workspace/power-sharpening/Subtree-Prefetching-Power-Sharpening/case_studies/logs-entropycut/mbpp/2026-09-21/vllm/dataset-mbpp.model-qwen3.5-9b.alpha4.0.steps100.blocks-1.prefetch-budget-20.rank-accept_first.cut-entropy4.0.samples20.maxnew1024.seed10086.subtreePrefetch.vllm.log,410,14,76,0.23751618561412677
/Users/jiangnanhugo/workspace/power-sharpening/Subtree-Prefetching-Power-Sharpening/case_studies/logs-entropycut/mbpp/2026-09-21/vllm/dataset-mbpp.model-qwen3.5-9b.alpha4.0.steps100.blocks-1.prefetch-budget-20.rank-accept_first.cut-entropy4.0.samples20.maxnew1024.seed10086.subtreePrefetch.vllm.log,410,15,76,0.23751618561412677
/Users/jiangnanhugo/workspace/power-sharpening/Subtree-Prefetching-Power-Sharpening/case_studies/logs-entropycut/mbpp/2026-09-21/vllm/dataset-mbpp.model-qwen3.5-9b.alpha4.0.steps100.blocks-1.prefetch-budget-20.rank-accept_first.cut-entropy4.0.samples20.maxnew1024.seed10086.subtreePrefetch.vllm.log,410,16,59,0.1741890535198142
/Users/jiangnanhugo/workspace/power-sharpening/Subtree-Prefetching-Power-Sharpening/case_studies/logs-entropycut/mbpp/2026-09-21/vllm/dataset-mbpp.model-qwen3.5-9b.alpha4.0.steps100.blocks-1.prefetch-budget-20.rank-accept_first.cut-entropy4.0.samples20.maxnew1024.seed10086.subtreePrefetch.vllm.log,410,17,76,0.23751618561412677
/Users/jiangnanhugo/workspace/power-sharpening/Subtree-Prefetching-Power-Sharpening/case_studies/logs-entropycut/mbpp/2026-09-21/vllm/dataset-mbpp.model-qwen3.5-9b.alpha4.0.steps100.blocks-1.prefetch-budget-20.rank-accept_first.cut-entropy4.0.samples20.maxnew1024.seed10086.subtreePrefetch.vllm.log,410,18,59,0.1741890535198142
/Users/jiangnanhugo/workspace/power-sharpening/Subtree-Prefetching-Power-Sharpening/case_studies/logs-entropycut/mbpp/2026-09-21/vllm/dataset-mbpp.model-qwen3.5-9b.alpha4.0.steps100.blocks-1.prefetch-budget-20.rank-accept_first.cut-entropy4.0.samples20.maxnew1024.seed10086.subtreePrefetch.vllm.log,410,19,59,0.1741890535198142
/Users/jiangnanhugo/workspace/power-sharpening/Subtree-Prefetching-Power-Sharpening/case_studies/logs-entropycut/mbpp/2026-09-21/vllm/dataset-mbpp.model-qwen3.5-9b.alpha4.0.steps100.blocks-1.prefetch-budget-20.rank-accept_first.cut-entropy4.0.samples20.maxnew1024.seed10086.subtreePrefetch.vllm.log,411,0,76,0.23751618561412677
/Users/jiangnanhugo/workspace/power-sharpening/Subtree-Prefetching-Power-Sharpening/case_studies/logs-entropycut/mbpp/2026-09-21/vllm/dataset-mbpp.model-qwen3.5-9b.alpha4.0.steps100.blocks-1.prefetch-budget-20.rank-accept_first.cut-entropy4.0.samples20.maxnew1024.seed10086.subtreePrefetch.vllm.log,411,1,322,0.02145562790863495
/Users/jiangnanhugo/workspace/power-sharpening/Subtree-Prefetching-Power-Sharpening/case_studies/logs-entropycut/mbpp/2026-09-21/vllm/dataset-mbpp.model-qwen3.5-9b.alpha4.0.steps100.blocks-1.prefetch-budget-20.rank-accept_first.cut-entropy4.0.samples20.maxnew1024.seed10086.subtreePrefetch.vllm.log,411,2,184,0.003509938891922295
/Users/jiangnanhugo/workspace/power-sharpening/Subtree-Prefetching-Power-Sharpening/case_studies/logs-entropycut/mbpp/2026-09-21/vllm/dataset-mbpp.model-qwen3.5-9b.alpha4.0.steps100.blocks-1.prefetch-budget-20.rank-accept_first.cut-entropy4.0.samples20.maxnew1024.seed10086.subtreePrefetch.vllm.log,411,3,421,0.038096436320404936
/Users/jiangnanhugo/workspace/power-sharpening/Subtree-Prefetching-Power-Sharpening/case_studies/logs-entropycut/mbpp/2026-09-21/vllm/dataset-mbpp.model-qwen3.5-9b.alpha4.0.steps100.blocks-1.prefetch-budget-20.rank-accept_first.cut-entropy4.0.samples20.maxnew1024.seed10086.subtreePrefetch.vllm.log,411,4,76,0.23751618561412677
/Users/jiangnanhugo/workspace/power-sharpening/Subtree-Prefetching-Power-Sharpening/case_studies/logs-entropycut/mbpp/2026-09-21/vllm/dataset-mbpp.model-qwen3.5-9b.alpha4.0.steps100.blocks-1.prefetch-budget-20.rank-accept_first.cut-entropy4.0.samples20.maxnew1024.seed10086.subtreePrefetch.vllm.log,411,5,322,0.02145562790863495
/Users/jiangnanhugo/workspace/power-sharpening/Subtree-Prefetching-Power-Sharpening/case_studies/logs-entropycut/mbpp/2026-09-21/vllm/dataset-mbpp.model-qwen3.5-9b.alpha4.0.steps100.blocks-1.prefetch-budget-20.rank-accept_first.cut-entropy4.0.samples20.maxnew1024.seed10086.subtreePrefetch.vllm.log,411,6,76,0.23751618561412677
/Users/jiangnanhugo/workspace/power-sharpening/Subtree-Prefetching-Power-Sharpening/case_studies/logs-entropycut/mbpp/2026-09-21/vllm/dataset-mbpp.model-qwen3.5-9b.alpha4.0.steps100.blocks-1.prefetch-budget-20.rank-accept_first.cut-entropy4.0.samples20.maxnew1024.seed10086.subtreePrefetch.vllm.log,411,7,76,0.23751618561412677
/Users/jiangnanhugo/workspace/power-sharpening/Subtree-Prefetching-Power-Sharpening/case_studies/logs-entropycut/mbpp/2026-09-21/vllm/dataset-mbpp.model-qwen3.5-9b.alpha4.0.steps100.blocks-1.prefetch-budget-20.rank-accept_first.cut-entropy4.0.samples20.maxnew1024.seed10086.subtreePrefetch.vllm.log,411,8,76,0.23751618561412677
/Users/jiangnanhugo/workspace/power-sharpening/Subtree-Prefetching-Power-Sharpening/case_studies/logs-entropycut/mbpp/2026-09-21/vllm/dataset-mbpp.model-qwen3.5-9b.alpha4.0.steps100.blocks-1.prefetch-budget-20.rank-accept_first.cut-entropy4.0.samples20.maxnew1024.seed10086.subtreePrefetch.vllm.log,411,9,76,0.23751618561412677
/Users/jiangnanhugo/workspace/power-sharpening/Subtree-Prefetching-Power-Sharpening/case_studies/logs-entropycut/mbpp/2026-09-21/vllm/dataset-mbpp.model-qwen3.5-9b.alpha4.0.steps100.blocks-1.prefetch-budget-20.rank-accept_first.cut-entropy4.0.samples20.maxnew1024.seed10086.subtreePrefetch.vllm.log,411,10,76,0.23751618561412677
/Users/jiangnanhugo/workspace/power-sharpening/Subtree-Prefetching-Power-Sharpening/case_studies/logs-entropycut/mbpp/2026-09-21/vllm/dataset-mbpp.model-qwen3.5-9b.alpha4.0.steps100.blocks-1.prefetch-budget-20.rank-accept_first.cut-entropy4.0.samples20.maxnew1024.seed10086.subtreePrefetch.vllm.log,411,11,59,0.1741890535198142
/Users/jiangnanhugo/workspace/power-sharpening/Subtree-Prefetching-Power-Sharpening/case_studies/logs-entropycut/mbpp/2026-09-21/vllm/dataset-mbpp.model-qwen3.5-9b.alpha4.0.steps100.blocks-1.prefetch-budget-20.rank-accept_first.cut-entropy4.0.samples20.maxnew1024.seed10086.subtreePrefetch.vllm.log,411,12,213,0.013597263430316746
/Users/jiangnanhugo/workspace/power-sharpening/Subtree-Prefetching-Power-Sharpening/case_studies/logs-entropycut/mbpp/2026-09-21/vllm/dataset-mbpp.model-qwen3.5-9b.alpha4.0.steps100.blocks-1.prefetch-budget-20.rank-accept_first.cut-entropy4.0.samples20.maxnew1024.seed10086.subtreePrefetch.vllm.log,411,13,76,0.23751618561412677
/Users/jiangnanhugo/workspace/power-sharpening/Subtree-Prefetching-Power-Sharpening/case_studies/logs-entropycut/mbpp/2026-09-21/vllm/dataset-mbpp.model-qwen3.5-9b.alpha4.0.steps100.blocks-1.prefetch-budget-20.rank-accept_first.cut-entropy4.0.samples20.maxnew1024.seed10086.subtreePrefetch.vllm.log,411,14,76,0.23751618561412677
/Users/jiangnanhugo/workspace/power-sharpening/Subtree-Prefetching-Power-Sharpening/case_studies/logs-entropycut/mbpp/2026-09-21/vllm/dataset-mbpp.model-qwen3.5-9b.alpha4.0.steps100.blocks-1.prefetch-budget-20.rank-accept_first.cut-entropy4.0.samples20.maxnew1024.seed10086.subtreePrefetch.vllm.log,411,15,76,0.23751618561412677
/Users/jiangnanhugo/workspace/power-sharpening/Subtree-Prefetching-Power-Sharpening/case_studies/logs-entropycut/mbpp/2026-09-21/vllm/dataset-mbpp.model-qwen3.5-9b.alpha4.0.steps100.blocks-1.prefetch-budget-20.rank-accept_first.cut-entropy4.0.samples20.maxnew1024.seed10086.subtreePrefetch.vllm.log,411,16,76,0.23751618561412677
/Users/jiangnanhugo/workspace/power-sharpening/Subtree-Prefetching-Power-Sharpening/case_studies/logs-entropycut/mbpp/2026-09-21/vllm/dataset-mbpp.model-qwen3.5-9b.alpha4.0.steps100.blocks-1.prefetch-budget-20.rank-accept_first.cut-entropy4.0.samples20.maxnew1024.seed10086.subtreePrefetch.vllm.log,411,17,127,0.1867984839867949
/Users/jiangnanhugo/workspace/power-sharpening/Subtree-Prefetching-Power-Sharpening/case_studies/logs-entropycut/mbpp/2026-09-21/vllm/dataset-mbpp.model-qwen3.5-9b.alpha4.0.steps100.blocks-1.prefetch-budget-20.rank-accept_first.cut-entropy4.0.samples20.maxnew1024.seed10086.subtreePrefetch.vllm.log,411,18,76,0.23751618561412677
/Users/jiangnanhugo/workspace/power-sharpening/Subtree-Prefetching-Power-Sharpening/case_studies/logs-entropycut/mbpp/2026-09-21/vllm/dataset-mbpp.model-qwen3.5-9b.alpha4.0.steps100.blocks-1.prefetch-budget-20.rank-accept_first.cut-entropy4.0.samples20.maxnew1024.seed10086.subtreePrefetch.vllm.log,411,19,76,0.23751618561412677
/Users/jiangnanhugo/workspace/power-sharpening/Subtree-Prefetching-Power-Sharpening/case_studies/logs-entropycut/mbpp/2026-09-21/vllm/dataset-mbpp.model-qwen3.5-9b.alpha4.0.steps100.blocks-1.prefetch-budget-20.rank-accept_first.cut-entropy4.0.samples20.maxnew1024.seed10086.subtreePrefetch.vllm.log,412,0,127,0.1867984839867949
/Users/jiangnanhugo/workspace/power-sharpening/Subtree-Prefetching-Power-Sharpening/case_studies/logs-entropycut/mbpp/2026-09-21/vllm/dataset-mbpp.model-qwen3.5-9b.alpha4.0.steps100.blocks-1.prefetch-budget-20.rank-accept_first.cut-entropy4.0.samples20.maxnew1024.seed10086.subtreePrefetch.vllm.log,412,1,127,0.1867984839867949
/Users/jiangnanhugo/workspace/power-sharpening/Subtree-Prefetching-Power-Sharpening/case_studies/logs-entropycut/mbpp/2026-09-21/vllm/dataset-mbpp.model-qwen3.5-9b.alpha4.0.steps100.blocks-1.prefetch-budget-20.rank-accept_first.cut-entropy4.0.samples20.maxnew1024.seed10086.subtreePrefetch.vllm.log,412,2,59,0.1741890535198142
/Users/jiangnanhugo/workspace/power-sharpening/Subtree-Prefetching-Power-Sharpening/case_studies/logs-entropycut/mbpp/2026-09-21/vllm/dataset-mbpp.model-qwen3.5-9b.alpha4.0.steps100.blocks-1.prefetch-budget-20.rank-accept_first.cut-entropy4.0.samples20.maxnew1024.seed10086.subtreePrefetch.vllm.log,412,3,414,0.037031761916951844
/Users/jiangnanhugo/workspace/power-sharpening/Subtree-Prefetching-Power-Sharpening/case_studies/logs-entropycut/mbpp/2026-09-21/vllm/dataset-mbpp.model-qwen3.5-9b.alpha4.0.steps100.blocks-1.prefetch-budget-20.rank-accept_first.cut-entropy4.0.samples20.maxnew1024.seed10086.subtreePrefetch.vllm.log,412,4,76,0.23751618561412677
/Users/jiangnanhugo/workspace/power-sharpening/Subtree-Prefetching-Power-Sharpening/case_studies/logs-entropycut/mbpp/2026-09-21/vllm/dataset-mbpp.model-qwen3.5-9b.alpha4.0.steps100.blocks-1.prefetch-budget-20.rank-accept_first.cut-entropy4.0.samples20.maxnew1024.seed10086.subtreePrefetch.vllm.log,412,5,3,0.007825065646147995
/Users/jiangnanhugo/workspace/power-sharpening/Subtree-Prefetching-Power-Sharpening/case_studies/logs-entropycut/mbpp/2026-09-21/vllm/dataset-mbpp.model-qwen3.5-9b.alpha4.0.steps100.blocks-1.prefetch-budget-20.rank-accept_first.cut-entropy4.0.samples20.maxnew1024.seed10086.subtreePrefetch.vllm.log,412,6,76,0.23751618561412677
/Users/jiangnanhugo/workspace/power-sharpening/Subtree-Prefetching-Power-Sharpening/case_studies/logs-entropycut/mbpp/2026-09-21/vllm/dataset-mbpp.model-qwen3.5-9b.alpha4.0.steps100.blocks-1.prefetch-budget-20.rank-accept_first.cut-entropy4.0.samples20.maxnew1024.seed10086.subtreePrefetch.vllm.log,412,7,59,0.1741890535198142
/Users/jiangnanhugo/workspace/power-sharpening/Subtree-Prefetching-Power-Sharpening/case_studies/logs-entropycut/mbpp/2026-09-21/vllm/dataset-mbpp.model-qwen3.5-9b.alpha4.0.steps100.blocks-1.prefetch-budget-20.rank-accept_first.cut-entropy4.0.samples20.maxnew1024.seed10086.subtreePrefetch.vllm.log,412,8,76,0.23751618561412677
/Users/jiangnanhugo/workspace/power-sharpening/Subtree-Prefetching-Power-Sharpening/case_studies/logs-entropycut/mbpp/2026-09-21/vllm/dataset-mbpp.model-qwen3.5-9b.alpha4.0.steps100.blocks-1.prefetch-budget-20.rank-accept_first.cut-entropy4.0.samples20.maxnew1024.seed10086.subtreePrefetch.vllm.log,412,9,59,0.1741890535198142
/Users/jiangnanhugo/workspace/power-sharpening/Subtree-Prefetching-Power-Sharpening/case_studies/logs-entropycut/mbpp/2026-09-21/vllm/dataset-mbpp.model-qwen3.5-9b.alpha4.0.steps100.blocks-1.prefetch-budget-20.rank-accept_first.cut-entropy4.0.samples20.maxnew1024.seed10086.subtreePrefetch.vllm.log,412,10,76,0.23751618561412677
/Users/jiangnanhugo/workspace/power-sharpening/Subtree-Prefetching-Power-Sharpening/case_studies/logs-entropycut/mbpp/2026-09-21/vllm/dataset-mbpp.model-qwen3.5-9b.alpha4.0.steps100.blocks-1.prefetch-budget-20.rank-accept_first.cut-entropy4.0.samples20.maxnew1024.seed10086.subtreePrefetch.vllm.log,412,11,59,0.1741890535198142
/Users/jiangnanhugo/workspace/power-sharpening/Subtree-Prefetching-Power-Sharpening/case_studies/logs-entropycut/mbpp/2026-09-21/vllm/dataset-mbpp.model-qwen3.5-9b.alpha4.0.steps100.blocks-1.prefetch-budget-20.rank-accept_first.cut-entropy4.0.samples20.maxnew1024.seed10086.subtreePrefetch.vllm.log,412,12,59,0.1741890535198142
/Users/jiangnanhugo/workspace/power-sharpening/Subtree-Prefetching-Power-Sharpening/case_studies/logs-entropycut/mbpp/2026-09-21/vllm/dataset-mbpp.model-qwen3.5-9b.alpha4.0.steps100.blocks-1.prefetch-budget-20.rank-accept_first.cut-entropy4.0.samples20.maxnew1024.seed10086.subtreePrefetch.vllm.log,412,13,59,0.1741890535198142
/Users/jiangnanhugo/workspace/power-sharpening/Subtree-Prefetching-Power-Sharpening/case_studies/logs-entropycut/mbpp/2026-09-21/vllm/dataset-mbpp.model-qwen3.5-9b.alpha4.0.steps100.blocks-1.prefetch-budget-20.rank-accept_first.cut-entropy4.0.samples20.maxnew1024.seed10086.subtreePrefetch.vllm.log,412,14,78,0.004605072714476534
/Users/jiangnanhugo/workspace/power-sharpening/Subtree-Prefetching-Power-Sharpening/case_studies/logs-entropycut/mbpp/2026-09-21/vllm/dataset-mbpp.model-qwen3.5-9b.alpha4.0.steps100.blocks-1.prefetch-budget-20.rank-accept_first.cut-entropy4.0.samples20.maxnew1024.seed10086.subtreePrefetch.vllm.log,412,15,72,0.024967959332191116
/Users/jiangnanhugo/workspace/power-sharpening/Subtree-Prefetching-Power-Sharpening/case_studies/logs-entropycut/mbpp/2026-09-21/vllm/dataset-mbpp.model-qwen3.5-9b.alpha4.0.steps100.blocks-1.prefetch-budget-20.rank-accept_first.cut-entropy4.0.samples20.maxnew1024.seed10086.subtreePrefetch.vllm.log,412,16,59,0.1741890535198142
/Users/jiangnanhugo/workspace/power-sharpening/Subtree-Prefetching-Power-Sharpening/case_studies/logs-entropycut/mbpp/2026-09-21/vllm/dataset-mbpp.model-qwen3.5-9b.alpha4.0.steps100.blocks-1.prefetch-budget-20.rank-accept_first.cut-entropy4.0.samples20.maxnew1024.seed10086.subtreePrefetch.vllm.log,412,17,76,0.23751618561412677
/Users/jiangnanhugo/workspace/power-sharpening/Subtree-Prefetching-Power-Sharpening/case_studies/logs-entropycut/mbpp/2026-09-21/vllm/dataset-mbpp.model-qwen3.5-9b.alpha4.0.steps100.blocks-1.prefetch-budget-20.rank-accept_first.cut-entropy4.0.samples20.maxnew1024.seed10086.subtreePrefetch.vllm.log,412,18,59,0.1741890535198142
/Users/jiangnanhugo/workspace/power-sharpening/Subtree-Prefetching-Power-Sharpening/case_studies/logs-entropycut/mbpp/2026-09-21/vllm/dataset-mbpp.model-qwen3.5-9b.alpha4.0.steps100.blocks-1.prefetch-budget-20.rank-accept_first.cut-entropy4.0.samples20.maxnew1024.seed10086.subtreePrefetch.vllm.log,412,19,59,0.1741890535198142
/Users/jiangnanhugo/workspace/power-sharpening/Subtree-Prefetching-Power-Sharpening/case_studies/logs-entropycut/mbpp/2026-09-21/vllm/dataset-mbpp.model-qwen3.5-9b.alpha4.0.steps100.blocks-1.prefetch-budget-20.rank-accept_first.cut-entropy4.0.samples20.maxnew1024.seed10086.subtreePrefetch.vllm.log,413,0,266,0.04599411953349832
/Users/jiangnanhugo/workspace/power-sharpening/Subtree-Prefetching-Power-Sharpening/case_studies/logs-entropycut/mbpp/2026-09-21/vllm/dataset-mbpp.model-qwen3.5-9b.alpha4.0.steps100.blocks-1.prefetch-budget-20.rank-accept_first.cut-entropy4.0.samples20.maxnew1024.seed10086.subtreePrefetch.vllm.log,413,1,76,0.237517835439177
/Users/jiangnanhugo/workspace/power-sharpening/Subtree-Prefetching-Power-Sharpening/case_studies/logs-entropycut/mbpp/2026-09-21/vllm/dataset-mbpp.model-qwen3.5-9b.alpha4.0.steps100.blocks-1.prefetch-budget-20.rank-accept_first.cut-entropy4.0.samples20.maxnew1024.seed10086.subtreePrefetch.vllm.log,413,2,266,0.04599411953349832
/Users/jiangnanhugo/workspace/power-sharpening/Subtree-Prefetching-Power-Sharpening/case_studies/logs-entropycut/mbpp/2026-09-21/vllm/dataset-mbpp.model-qwen3.5-9b.alpha4.0.steps100.blocks-1.prefetch-budget-20.rank-accept_first.cut-entropy4.0.samples20.maxnew1024.seed10086.subtreePrefetch.vllm.log,413,3,76,0.237517835439177
/Users/jiangnanhugo/workspace/power-sharpening/Subtree-Prefetching-Power-Sharpening/case_studies/logs-entropycut/mbpp/2026-09-21/vllm/dataset-mbpp.model-qwen3.5-9b.alpha4.0.steps100.blocks-1.prefetch-budget-20.rank-accept_first.cut-entropy4.0.samples20.maxnew1024.seed10086.subtreePrefetch.vllm.log,413,4,59,0.17419026346457325
/Users/jiangnanhugo/workspace/power-sharpening/Subtree-Prefetching-Power-Sharpening/case_studies/logs-entropycut/mbpp/2026-09-21/vllm/dataset-mbpp.model-qwen3.5-9b.alpha4.0.steps100.blocks-1.prefetch-budget-20.rank-accept_first.cut-entropy4.0.samples20.maxnew1024.seed10086.subtreePrefetch.vllm.log,413,5,72,0.024968132763591815
/Users/jiangnanhugo/workspace/power-sharpening/Subtree-Prefetching-Power-Sharpening/case_studies/logs-entropycut/mbpp/2026-09-21/vllm/dataset-mbpp.model-qwen3.5-9b.alpha4.0.steps100.blocks-1.prefetch-budget-20.rank-accept_first.cut-entropy4.0.samples20.maxnew1024.seed10086.subtreePrefetch.vllm.log,413,6,59,0.17419026346457325
/Users/jiangnanhugo/workspace/power-sharpening/Subtree-Prefetching-Power-Sharpening/case_studies/logs-entropycut/mbpp/2026-09-21/vllm/dataset-mbpp.model-qwen3.5-9b.alpha4.0.steps100.blocks-1.prefetch-budget-20.rank-accept_first.cut-entropy4.0.samples20.maxnew1024.seed10086.subtreePrefetch.vllm.log,413,7,127,0.18679978151865545
/Users/jiangnanhugo/workspace/power-sharpening/Subtree-Prefetching-Power-Sharpening/case_studies/logs-entropycut/mbpp/2026-09-21/vllm/dataset-mbpp.model-qwen3.5-9b.alpha4.0.steps100.blocks-1.prefetch-budget-20.rank-accept_first.cut-entropy4.0.samples20.maxnew1024.seed10086.subtreePrefetch.vllm.log,413,8,59,0.17419026346457325
/Users/jiangnanhugo/workspace/power-sharpening/Subtree-Prefetching-Power-Sharpening/case_studies/logs-entropycut/mbpp/2026-09-21/vllm/dataset-mbpp.model-qwen3.5-9b.alpha4.0.steps100.blocks-1.prefetch-budget-20.rank-accept_first.cut-entropy4.0.samples20.maxnew1024.seed10086.subtreePrefetch.vllm.log,413,9,76,0.237517835439177
/Users/jiangnanhugo/workspace/power-sharpening/Subtree-Prefetching-Power-Sharpening/case_studies/logs-entropycut/mbpp/2026-09-21/vllm/dataset-mbpp.model-qwen3.5-9b.alpha4.0.steps100.blocks-1.prefetch-budget-20.rank-accept_first.cut-entropy4.0.samples20.maxnew1024.seed10086.subtreePrefetch.vllm.log,413,10,127,0.18679978151865545
/Users/jiangnanhugo/workspace/power-sharpening/Subtree-Prefetching-Power-Sharpening/case_studies/logs-entropycut/mbpp/2026-09-21/vllm/dataset-mbpp.model-qwen3.5-9b.alpha4.0.steps100.blocks-1.prefetch-budget-20.rank-accept_first.cut-entropy4.0.samples20.maxnew1024.seed10086.subtreePrefetch.vllm.log,413,11,59,0.17419026346457325
/Users/jiangnanhugo/workspace/power-sharpening/Subtree-Prefetching-Power-Sharpening/case_studies/logs-entropycut/mbpp/2026-09-21/vllm/dataset-mbpp.model-qwen3.5-9b.alpha4.0.steps100.blocks-1.prefetch-budget-20.rank-accept_first.cut-entropy4.0.samples20.maxnew1024.seed10086.subtreePrefetch.vllm.log,413,12,58,0.013698404846794809
/Users/jiangnanhugo/workspace/power-sharpening/Subtree-Prefetching-Power-Sharpening/case_studies/logs-entropycut/mbpp/2026-09-21/vllm/dataset-mbpp.model-qwen3.5-9b.alpha4.0.steps100.blocks-1.prefetch-budget-20.rank-accept_first.cut-entropy4.0.samples20.maxnew1024.seed10086.subtreePrefetch.vllm.log,413,13,76,0.237517835439177
/Users/jiangnanhugo/workspace/power-sharpening/Subtree-Prefetching-Power-Sharpening/case_studies/logs-entropycut/mbpp/2026-09-21/vllm/dataset-mbpp.model-qwen3.5-9b.alpha4.0.steps100.blocks-1.prefetch-budget-20.rank-accept_first.cut-entropy4.0.samples20.maxnew1024.seed10086.subtreePrefetch.vllm.log,413,14,76,0.237517835439177
/Users/jiangnanhugo/workspace/power-sharpening/Subtree-Prefetching-Power-Sharpening/case_studies/logs-entropycut/mbpp/2026-09-21/vllm/dataset-mbpp.model-qwen3.5-9b.alpha4.0.steps100.blocks-1.prefetch-budget-20.rank-accept_first.cut-entropy4.0.samples20.maxnew1024.seed10086.subtreePrefetch.vllm.log,413,15,76,0.237517835439177
/Users/jiangnanhugo/workspace/power-sharpening/Subtree-Prefetching-Power-Sharpening/case_studies/logs-entropycut/mbpp/2026-09-21/vllm/dataset-mbpp.model-qwen3.5-9b.alpha4.0.steps100.blocks-1.prefetch-budget-20.rank-accept_first.cut-entropy4.0.samples20.maxnew1024.seed10086.subtreePrefetch.vllm.log,413,16,59,0.17419026346457325
/Users/jiangnanhugo/workspace/power-sharpening/Subtree-Prefetching-Power-Sharpening/case_studies/logs-entropycut/mbpp/2026-09-21/vllm/dataset-mbpp.model-qwen3.5-9b.alpha4.0.steps100.blocks-1.prefetch-budget-20.rank-accept_first.cut-entropy4.0.samples20.maxnew1024.seed10086.subtreePrefetch.vllm.log,413,17,72,0.024968132763591815
/Users/jiangnanhugo/workspace/power-sharpening/Subtree-Prefetching-Power-Sharpening/case_studies/logs-entropycut/mbpp/2026-09-21/vllm/dataset-mbpp.model-qwen3.5-9b.alpha4.0.steps100.blocks-1.prefetch-budget-20.rank-accept_first.cut-entropy4.0.samples20.maxnew1024.seed10086.subtreePrefetch.vllm.log,413,18,76,0.237517835439177
/Users/jiangnanhugo/workspace/power-sharpening/Subtree-Prefetching-Power-Sharpening/case_studies/logs-entropycut/mbpp/2026-09-21/vllm/dataset-mbpp.model-qwen3.5-9b.alpha4.0.steps100.blocks-1.prefetch-budget-20.rank-accept_first.cut-entropy4.0.samples20.maxnew1024.seed10086.subtreePrefetch.vllm.log,413,19,59,0.17419026346457325
/Users/jiangnanhugo/workspace/power-sharpening/Subtree-Prefetching-Power-Sharpening/case_studies/logs-entropycut/mbpp/2026-09-21/vllm/dataset-mbpp.model-qwen3.5-9b.alpha4.0.steps100.blocks-1.prefetch-budget-20.rank-accept_first.cut-entropy4.0.samples20.maxnew1024.seed10086.subtreePrefetch.vllm.log,414,0,127,0.18679978151865545
/Users/jiangnanhugo/workspace/power-sharpening/Subtree-Prefetching-Power-Sharpening/case_studies/logs-entropycut/mbpp/2026-09-21/vllm/dataset-mbpp.model-qwen3.5-9b.alpha4.0.steps100.blocks-1.prefetch-budget-20.rank-accept_first.cut-entropy4.0.samples20.maxnew1024.seed10086.subtreePrefetch.vllm.log,414,1,127,0.18679978151865545
/Users/jiangnanhugo/workspace/power-sharpening/Subtree-Prefetching-Power-Sharpening/case_studies/logs-entropycut/mbpp/2026-09-21/vllm/dataset-mbpp.model-qwen3.5-9b.alpha4.0.steps100.blocks-1.prefetch-budget-20.rank-accept_first.cut-entropy4.0.samples20.maxnew1024.seed10086.subtreePrefetch.vllm.log,414,2,91,0.016131081755159562
/Users/jiangnanhugo/workspace/power-sharpening/Subtree-Prefetching-Power-Sharpening/case_studies/logs-entropycut/mbpp/2026-09-21/vllm/dataset-mbpp.model-qwen3.5-9b.alpha4.0.steps100.blocks-1.prefetch-budget-20.rank-accept_first.cut-entropy4.0.samples20.maxnew1024.seed10086.subtreePrefetch.vllm.log,414,3,91,0.016131081755159562
/Users/jiangnanhugo/workspace/power-sharpening/Subtree-Prefetching-Power-Sharpening/case_studies/logs-entropycut/mbpp/2026-09-21/vllm/dataset-mbpp.model-qwen3.5-9b.alpha4.0.steps100.blocks-1.prefetch-budget-20.rank-accept_first.cut-entropy4.0.samples20.maxnew1024.seed10086.subtreePrefetch.vllm.log,414,4,76,0.237517835439177
/Users/jiangnanhugo/workspace/power-sharpening/Subtree-Prefetching-Power-Sharpening/case_studies/logs-entropycut/mbpp/2026-09-21/vllm/dataset-mbpp.model-qwen3.5-9b.alpha4.0.steps100.blocks-1.prefetch-budget-20.rank-accept_first.cut-entropy4.0.samples20.maxnew1024.seed10086.subtreePrefetch.vllm.log,414,5,59,0.17419026346457325
/Users/jiangnanhugo/workspace/power-sharpening/Subtree-Prefetching-Power-Sharpening/case_studies/logs-entropycut/mbpp/2026-09-21/vllm/dataset-mbpp.model-qwen3.5-9b.alpha4.0.steps100.blocks-1.prefetch-budget-20.rank-accept_first.cut-entropy4.0.samples20.maxnew1024.seed10086.subtreePrefetch.vllm.log,414,6,59,0.17419026346457325
/Users/jiangnanhugo/workspace/power-sharpening/Subtree-Prefetching-Power-Sharpening/case_studies/logs-entropycut/mbpp/2026-09-21/vllm/dataset-mbpp.model-qwen3.5-9b.alpha4.0.steps100.blocks-1.prefetch-budget-20.rank-accept_first.cut-entropy4.0.samples20.maxnew1024.seed10086.subtreePrefetch.vllm.log,414,7,59,0.17419026346457325
/Users/jiangnanhugo/workspace/power-sharpening/Subtree-Prefetching-Power-Sharpening/case_studies/logs-entropycut/mbpp/2026-09-21/vllm/dataset-mbpp.model-qwen3.5-9b.alpha4.0.steps100.blocks-1.prefetch-budget-20.rank-accept_first.cut-entropy4.0.samples20.maxnew1024.seed10086.subtreePrefetch.vllm.log,414,8,59,0.17419026346457325
/Users/jiangnanhugo/workspace/power-sharpening/Subtree-Prefetching-Power-Sharpening/case_studies/logs-entropycut/mbpp/2026-09-21/vllm/dataset-mbpp.model-qwen3.5-9b.alpha4.0.steps100.blocks-1.prefetch-budget-20.rank-accept_first.cut-entropy4.0.samples20.maxnew1024.seed10086.subtreePrefetch.vllm.log,414,9,76,0.237517835439177
/Users/jiangnanhugo/workspace/power-sharpening/Subtree-Prefetching-Power-Sharpening/case_studies/logs-entropycut/mbpp/2026-09-21/vllm/dataset-mbpp.model-qwen3.5-9b.alpha4.0.steps100.blocks-1.prefetch-budget-20.rank-accept_first.cut-entropy4.0.samples20.maxnew1024.seed10086.subtreePrefetch.vllm.log,414,10,76,0.237517835439177
/Users/jiangnanhugo/workspace/power-sharpening/Subtree-Prefetching-Power-Sharpening/case_studies/logs-entropycut/mbpp/2026-09-21/vllm/dataset-mbpp.model-qwen3.5-9b.alpha4.0.steps100.blocks-1.prefetch-budget-20.rank-accept_first.cut-entropy4.0.samples20.maxnew1024.seed10086.subtreePrefetch.vllm.log,414,11,127,0.18679978151865545
/Users/jiangnanhugo/workspace/power-sharpening/Subtree-Prefetching-Power-Sharpening/case_studies/logs-entropycut/mbpp/2026-09-21/vllm/dataset-mbpp.model-qwen3.5-9b.alpha4.0.steps100.blocks-1.prefetch-budget-20.rank-accept_first.cut-entropy4.0.samples20.maxnew1024.seed10086.subtreePrefetch.vllm.log,414,12,76,0.237517835439177
/Users/jiangnanhugo/workspace/power-sharpening/Subtree-Prefetching-Power-Sharpening/case_studies/logs-entropycut/mbpp/2026-09-21/vllm/dataset-mbpp.model-qwen3.5-9b.alpha4.0.steps100.blocks-1.prefetch-budget-20.rank-accept_first.cut-entropy4.0.samples20.maxnew1024.seed10086.subtreePrefetch.vllm.log,414,13,59,0.17419026346457325
/Users/jiangnanhugo/workspace/power-sharpening/Subtree-Prefetching-Power-Sharpening/case_studies/logs-entropycut/mbpp/2026-09-21/vllm/dataset-mbpp.model-qwen3.5-9b.alpha4.0.steps100.blocks-1.prefetch-budget-20.rank-accept_first.cut-entropy4.0.samples20.maxnew1024.seed10086.subtreePrefetch.vllm.log,414,14,59,0.17419026346457325
/Users/jiangnanhugo/workspace/power-sharpening/Subtree-Prefetching-Power-Sharpening/case_studies/logs-entropycut/mbpp/2026-09-21/vllm/dataset-mbpp.model-qwen3.5-9b.alpha4.0.steps100.blocks-1.prefetch-budget-20.rank-accept_first.cut-entropy4.0.samples20.maxnew1024.seed10086.subtreePrefetch.vllm.log,414,15,76,0.237517835439177
/Users/jiangnanhugo/workspace/power-sharpening/Subtree-Prefetching-Power-Sharpening/case_studies/logs-entropycut/mbpp/2026-09-21/vllm/dataset-mbpp.model-qwen3.5-9b.alpha4.0.steps100.blocks-1.prefetch-budget-20.rank-accept_first.cut-entropy4.0.samples20.maxnew1024.seed10086.subtreePrefetch.vllm.log,414,16,76,0.237517835439177
/Users/jiangnanhugo/workspace/power-sharpening/Subtree-Prefetching-Power-Sharpening/case_studies/logs-entropycut/mbpp/2026-09-21/vllm/dataset-mbpp.model-qwen3.5-9b.alpha4.0.steps100.blocks-1.prefetch-budget-20.rank-accept_first.cut-entropy4.0.samples20.maxnew1024.seed10086.subtreePrefetch.vllm.log,414,17,76,0.237517835439177
/Users/jiangnanhugo/workspace/power-sharpening/Subtree-Prefetching-Power-Sharpening/case_studies/logs-entropycut/mbpp/2026-09-21/vllm/dataset-mbpp.model-qwen3.5-9b.alpha4.0.steps100.blocks-1.prefetch-budget-20.rank-accept_first.cut-entropy4.0.samples20.maxnew1024.seed10086.subtreePrefetch.vllm.log,414,18,76,0.237517835439177
/Users/jiangnanhugo/workspace/power-sharpening/Subtree-Prefetching-Power-Sharpening/case_studies/logs-entropycut/mbpp/2026-09-21/vllm/dataset-mbpp.model-qwen3.5-9b.alpha4.0.steps100.blocks-1.prefetch-budget-20.rank-accept_first.cut-entropy4.0.samples20.maxnew1024.seed10086.subtreePrefetch.vllm.log,414,19,76,0.237517835439177
/Users/jiangnanhugo/workspace/power-sharpening/Subtree-Prefetching-Power-Sharpening/case_studies/logs-entropycut/mbpp/2026-09-21/vllm/dataset-mbpp.model-qwen3.5-9b.alpha4.0.steps100.blocks-1.prefetch-budget-20.rank-accept_first.cut-entropy4.0.samples20.maxnew1024.seed10086.subtreePrefetch.vllm.log,415,0,425,0.030876203230053825
/Users/jiangnanhugo/workspace/power-sharpening/Subtree-Prefetching-Power-Sharpening/case_studies/logs-entropycut/mbpp/2026-09-21/vllm/dataset-mbpp.model-qwen3.5-9b.alpha4.0.steps100.blocks-1.prefetch-budget-20.rank-accept_first.cut-entropy4.0.samples20.maxnew1024.seed10086.subtreePrefetch.vllm.log,415,1,332,0.030452956901009465
/Users/jiangnanhugo/workspace/power-sharpening/Subtree-Prefetching-Power-Sharpening/case_studies/logs-entropycut/mbpp/2026-09-21/vllm/dataset-mbpp.model-qwen3.5-9b.alpha4.0.steps100.blocks-1.prefetch-budget-20.rank-accept_first.cut-entropy4.0.samples20.maxnew1024.seed10086.subtreePrefetch.vllm.log,415,2,59,0.17419026346457325
/Users/jiangnanhugo/workspace/power-sharpening/Subtree-Prefetching-Power-Sharpening/case_studies/logs-entropycut/mbpp/2026-09-21/vllm/dataset-mbpp.model-qwen3.5-9b.alpha4.0.steps100.blocks-1.prefetch-budget-20.rank-accept_first.cut-entropy4.0.samples20.maxnew1024.seed10086.subtreePrefetch.vllm.log,415,3,59,0.17419026346457325
/Users/jiangnanhugo/workspace/power-sharpening/Subtree-Prefetching-Power-Sharpening/case_studies/logs-entropycut/mbpp/2026-09-21/vllm/dataset-mbpp.model-qwen3.5-9b.alpha4.0.steps100.blocks-1.prefetch-budget-20.rank-accept_first.cut-entropy4.0.samples20.maxnew1024.seed10086.subtreePrefetch.vllm.log,415,4,322,0.02145577694282519
/Users/jiangnanhugo/workspace/power-sharpening/Subtree-Prefetching-Power-Sharpening/case_studies/logs-entropycut/mbpp/2026-09-21/vllm/dataset-mbpp.model-qwen3.5-9b.alpha4.0.steps100.blocks-1.prefetch-budget-20.rank-accept_first.cut-entropy4.0.samples20.maxnew1024.seed10086.subtreePrefetch.vllm.log,415,5,127,0.18679978151865545
/Users/jiangnanhugo/workspace/power-sharpening/Subtree-Prefetching-Power-Sharpening/case_studies/logs-entropycut/mbpp/2026-09-21/vllm/dataset-mbpp.model-qwen3.5-9b.alpha4.0.steps100.blocks-1.prefetch-budget-20.rank-accept_first.cut-entropy4.0.samples20.maxnew1024.seed10086.subtreePrefetch.vllm.log,415,6,425,0.030876203230053825
/Users/jiangnanhugo/workspace/power-sharpening/Subtree-Prefetching-Power-Sharpening/case_studies/logs-entropycut/mbpp/2026-09-21/vllm/dataset-mbpp.model-qwen3.5-9b.alpha4.0.steps100.blocks-1.prefetch-budget-20.rank-accept_first.cut-entropy4.0.samples20.maxnew1024.seed10086.subtreePrefetch.vllm.log,415,7,72,0.024968132763591815
/Users/jiangnanhugo/workspace/power-sharpening/Subtree-Prefetching-Power-Sharpening/case_studies/logs-entropycut/mbpp/2026-09-21/vllm/dataset-mbpp.model-qwen3.5-9b.alpha4.0.steps100.blocks-1.prefetch-budget-20.rank-accept_first.cut-entropy4.0.samples20.maxnew1024.seed10086.subtreePrefetch.vllm.log,415,8,59,0.17419026346457325
/Users/jiangnanhugo/workspace/power-sharpening/Subtree-Prefetching-Power-Sharpening/case_studies/logs-entropycut/mbpp/2026-09-21/vllm/dataset-mbpp.model-qwen3.5-9b.alpha4.0.steps100.blocks-1.prefetch-budget-20.rank-accept_first.cut-entropy4.0.samples20.maxnew1024.seed10086.subtreePrefetch.vllm.log,415,9,76,0.237517835439177
/Users/jiangnanhugo/workspace/power-sharpening/Subtree-Prefetching-Power-Sharpening/case_studies/logs-entropycut/mbpp/2026-09-21/vllm/dataset-mbpp.model-qwen3.5-9b.alpha4.0.steps100.blocks-1.prefetch-budget-20.rank-accept_first.cut-entropy4.0.samples20.maxnew1024.seed10086.subtreePrefetch.vllm.log,415,10,307,0.00020800107117401672
/Users/jiangnanhugo/workspace/power-sharpening/Subtree-Prefetching-Power-Sharpening/case_studies/logs-entropycut/mbpp/2026-09-21/vllm/dataset-mbpp.model-qwen3.5-9b.alpha4.0.steps100.blocks-1.prefetch-budget-20.rank-accept_first.cut-entropy4.0.samples20.maxnew1024.seed10086.subtreePrefetch.vllm.log,415,11,421,0.03809670094428648
/Users/jiangnanhugo/workspace/power-sharpening/Subtree-Prefetching-Power-Sharpening/case_studies/logs-entropycut/mbpp/2026-09-21/vllm/dataset-mbpp.model-qwen3.5-9b.alpha4.0.steps100.blocks-1.prefetch-budget-20.rank-accept_first.cut-entropy4.0.samples20.maxnew1024.seed10086.subtreePrefetch.vllm.log,415,12,127,0.18679978151865545
/Users/jiangnanhugo/workspace/power-sharpening/Subtree-Prefetching-Power-Sharpening/case_studies/logs-entropycut/mbpp/2026-09-21/vllm/dataset-mbpp.model-qwen3.5-9b.alpha4.0.steps100.blocks-1.prefetch-budget-20.rank-accept_first.cut-entropy4.0.samples20.maxnew1024.seed10086.subtreePrefetch.vllm.log,415,13,184,0.003509963272513848
/Users/jiangnanhugo/workspace/power-sharpening/Subtree-Prefetching-Power-Sharpening/case_studies/logs-entropycut/mbpp/2026-09-21/vllm/dataset-mbpp.model-qwen3.5-9b.alpha4.0.steps100.blocks-1.prefetch-budget-20.rank-accept_first.cut-entropy4.0.samples20.maxnew1024.seed10086.subtreePrefetch.vllm.log,415,14,59,0.17419026346457325
/Users/jiangnanhugo/workspace/power-sharpening/Subtree-Prefetching-Power-Sharpening/case_studies/logs-entropycut/mbpp/2026-09-21/vllm/dataset-mbpp.model-qwen3.5-9b.alpha4.0.steps100.blocks-1.prefetch-budget-20.rank-accept_first.cut-entropy4.0.samples20.maxnew1024.seed10086.subtreePrefetch.vllm.log,415,15,83,0.00314022765802951
/Users/jiangnanhugo/workspace/power-sharpening/Subtree-Prefetching-Power-Sharpening/case_studies/logs-entropycut/mbpp/2026-09-21/vllm/dataset-mbpp.model-qwen3.5-9b.alpha4.0.steps100.blocks-1.prefetch-budget-20.rank-accept_first.cut-entropy4.0.samples20.maxnew1024.seed10086.subtreePrefetch.vllm.log,415,16,414,0.03703201914543633
/Users/jiangnanhugo/workspace/power-sharpening/Subtree-Prefetching-Power-Sharpening/case_studies/logs-entropycut/mbpp/2026-09-21/vllm/dataset-mbpp.model-qwen3.5-9b.alpha4.0.steps100.blocks-1.prefetch-budget-20.rank-accept_first.cut-entropy4.0.samples20.maxnew1024.seed10086.subtreePrefetch.vllm.log,415,17,127,0.18679978151865545
/Users/jiangnanhugo/workspace/power-sharpening/Subtree-Prefetching-Power-Sharpening/case_studies/logs-entropycut/mbpp/2026-09-21/vllm/dataset-mbpp.model-qwen3.5-9b.alpha4.0.steps100.blocks-1.prefetch-budget-20.rank-accept_first.cut-entropy4.0.samples20.maxnew1024.seed10086.subtreePrefetch.vllm.log,415,18,59,0.17419026346457325
/Users/jiangnanhugo/workspace/power-sharpening/Subtree-Prefetching-Power-Sharpening/case_studies/logs-entropycut/mbpp/2026-09-21/vllm/dataset-mbpp.model-qwen3.5-9b.alpha4.0.steps100.blocks-1.prefetch-budget-20.rank-accept_first.cut-entropy4.0.samples20.maxnew1024.seed10086.subtreePrefetch.vllm.log,415,19,72,0.024968132763591815
/Users/jiangnanhugo/workspace/power-sharpening/Subtree-Prefetching-Power-Sharpening/case_studies/logs-entropycut/mbpp/2026-09-21/vllm/dataset-mbpp.model-qwen3.5-9b.alpha4.0.steps100.blocks-1.prefetch-budget-20.rank-accept_first.cut-entropy4.0.samples20.maxnew1024.seed10086.subtreePrefetch.vllm.log,416,0,76,0.23648099029348849
/Users/jiangnanhugo/workspace/power-sharpening/Subtree-Prefetching-Power-Sharpening/case_studies/logs-entropycut/mbpp/2026-09-21/vllm/dataset-mbpp.model-qwen3.5-9b.alpha4.0.steps100.blocks-1.prefetch-budget-20.rank-accept_first.cut-entropy4.0.samples20.maxnew1024.seed10086.subtreePrefetch.vllm.log,416,1,76,0.23648099029348849
/Users/jiangnanhugo/workspace/power-sharpening/Subtree-Prefetching-Power-Sharpening/case_studies/logs-entropycut/mbpp/2026-09-21/vllm/dataset-mbpp.model-qwen3.5-9b.alpha4.0.steps100.blocks-1.prefetch-budget-20.rank-accept_first.cut-entropy4.0.samples20.maxnew1024.seed10086.subtreePrefetch.vllm.log,416,2,59,0.17342986444541963
/Users/jiangnanhugo/workspace/power-sharpening/Subtree-Prefetching-Power-Sharpening/case_studies/logs-entropycut/mbpp/2026-09-21/vllm/dataset-mbpp.model-qwen3.5-9b.alpha4.0.steps100.blocks-1.prefetch-budget-20.rank-accept_first.cut-entropy4.0.samples20.maxnew1024.seed10086.subtreePrefetch.vllm.log,416,3,68,0.02276567587210289
/Users/jiangnanhugo/workspace/power-sharpening/Subtree-Prefetching-Power-Sharpening/case_studies/logs-entropycut/mbpp/2026-09-21/vllm/dataset-mbpp.model-qwen3.5-9b.alpha4.0.steps100.blocks-1.prefetch-budget-20.rank-accept_first.cut-entropy4.0.samples20.maxnew1024.seed10086.subtreePrefetch.vllm.log,416,4,59,0.17342986444541963
/Users/jiangnanhugo/workspace/power-sharpening/Subtree-Prefetching-Power-Sharpening/case_studies/logs-entropycut/mbpp/2026-09-21/vllm/dataset-mbpp.model-qwen3.5-9b.alpha4.0.steps100.blocks-1.prefetch-budget-20.rank-accept_first.cut-entropy4.0.samples20.maxnew1024.seed10086.subtreePrefetch.vllm.log,416,5,127,0.18598433771703454
/Users/jiangnanhugo/workspace/power-sharpening/Subtree-Prefetching-Power-Sharpening/case_studies/logs-entropycut/mbpp/2026-09-21/vllm/dataset-mbpp.model-qwen3.5-9b.alpha4.0.steps100.blocks-1.prefetch-budget-20.rank-accept_first.cut-entropy4.0.samples20.maxnew1024.seed10086.subtreePrefetch.vllm.log,416,6,76,0.23648099029348849
/Users/jiangnanhugo/workspace/power-sharpening/Subtree-Prefetching-Power-Sharpening/case_studies/logs-entropycut/mbpp/2026-09-21/vllm/dataset-mbpp.model-qwen3.5-9b.alpha4.0.steps100.blocks-1.prefetch-budget-20.rank-accept_first.cut-entropy4.0.samples20.maxnew1024.seed10086.subtreePrefetch.vllm.log,416,7,76,0.23648099029348849
/Users/jiangnanhugo/workspace/power-sharpening/Subtree-Prefetching-Power-Sharpening/case_studies/logs-entropycut/mbpp/2026-09-21/vllm/dataset-mbpp.model-qwen3.5-9b.alpha4.0.steps100.blocks-1.prefetch-budget-20.rank-accept_first.cut-entropy4.0.samples20.maxnew1024.seed10086.subtreePrefetch.vllm.log,416,8,59,0.17342986444541963
/Users/jiangnanhugo/workspace/power-sharpening/Subtree-Prefetching-Power-Sharpening/case_studies/logs-entropycut/mbpp/2026-09-21/vllm/dataset-mbpp.model-qwen3.5-9b.alpha4.0.steps100.blocks-1.prefetch-budget-20.rank-accept_first.cut-entropy4.0.samples20.maxnew1024.seed10086.subtreePrefetch.vllm.log,416,9,72,0.024859138476047184
/Users/jiangnanhugo/workspace/power-sharpening/Subtree-Prefetching-Power-Sharpening/case_studies/logs-entropycut/mbpp/2026-09-21/vllm/dataset-mbpp.model-qwen3.5-9b.alpha4.0.steps100.blocks-1.prefetch-budget-20.rank-accept_first.cut-entropy4.0.samples20.maxnew1024.seed10086.subtreePrefetch.vllm.log,416,10,76,0.23648099029348849
/Users/jiangnanhugo/workspace/power-sharpening/Subtree-Prefetching-Power-Sharpening/case_studies/logs-entropycut/mbpp/2026-09-21/vllm/dataset-mbpp.model-qwen3.5-9b.alpha4.0.steps100.blocks-1.prefetch-budget-20.rank-accept_first.cut-entropy4.0.samples20.maxnew1024.seed10086.subtreePrefetch.vllm.log,416,11,72,0.024859138476047184
/Users/jiangnanhugo/workspace/power-sharpening/Subtree-Prefetching-Power-Sharpening/case_studies/logs-entropycut/mbpp/2026-09-21/vllm/dataset-mbpp.model-qwen3.5-9b.alpha4.0.steps100.blocks-1.prefetch-budget-20.rank-accept_first.cut-entropy4.0.samples20.maxnew1024.seed10086.subtreePrefetch.vllm.log,416,12,76,0.23648099029348849
/Users/jiangnanhugo/workspace/power-sharpening/Subtree-Prefetching-Power-Sharpening/case_studies/logs-entropycut/mbpp/2026-09-21/vllm/dataset-mbpp.model-qwen3.5-9b.alpha4.0.steps100.blocks-1.prefetch-budget-20.rank-accept_first.cut-entropy4.0.samples20.maxnew1024.seed10086.subtreePrefetch.vllm.log,416,13,58,0.01363860670766638
/Users/jiangnanhugo/workspace/power-sharpening/Subtree-Prefetching-Power-Sharpening/case_studies/logs-entropycut/mbpp/2026-09-21/vllm/dataset-mbpp.model-qwen3.5-9b.alpha4.0.steps100.blocks-1.prefetch-budget-20.rank-accept_first.cut-entropy4.0.samples20.maxnew1024.seed10086.subtreePrefetch.vllm.log,416,14,76,0.23648099029348849
/Users/jiangnanhugo/workspace/power-sharpening/Subtree-Prefetching-Power-Sharpening/case_studies/logs-entropycut/mbpp/2026-09-21/vllm/dataset-mbpp.model-qwen3.5-9b.alpha4.0.steps100.blocks-1.prefetch-budget-20.rank-accept_first.cut-entropy4.0.samples20.maxnew1024.seed10086.subtreePrefetch.vllm.log,416,15,59,0.17342986444541963
/Users/jiangnanhugo/workspace/power-sharpening/Subtree-Prefetching-Power-Sharpening/case_studies/logs-entropycut/mbpp/2026-09-21/vllm/dataset-mbpp.model-qwen3.5-9b.alpha4.0.steps100.blocks-1.prefetch-budget-20.rank-accept_first.cut-entropy4.0.samples20.maxnew1024.seed10086.subtreePrefetch.vllm.log,416,16,72,0.024859138476047184
/Users/jiangnanhugo/workspace/power-sharpening/Subtree-Prefetching-Power-Sharpening/case_studies/logs-entropycut/mbpp/2026-09-21/vllm/dataset-mbpp.model-qwen3.5-9b.alpha4.0.steps100.blocks-1.prefetch-budget-20.rank-accept_first.cut-entropy4.0.samples20.maxnew1024.seed10086.subtreePrefetch.vllm.log,416,17,76,0.23648099029348849
/Users/jiangnanhugo/workspace/power-sharpening/Subtree-Prefetching-Power-Sharpening/case_studies/logs-entropycut/mbpp/2026-09-21/vllm/dataset-mbpp.model-qwen3.5-9b.alpha4.0.steps100.blocks-1.prefetch-budget-20.rank-accept_first.cut-entropy4.0.samples20.maxnew1024.seed10086.subtreePrefetch.vllm.log,416,18,76,0.23648099029348849
/Users/jiangnanhugo/workspace/power-sharpening/Subtree-Prefetching-Power-Sharpening/case_studies/logs-entropycut/mbpp/2026-09-21/vllm/dataset-mbpp.model-qwen3.5-9b.alpha4.0.steps100.blocks-1.prefetch-budget-20.rank-accept_first.cut-entropy4.0.samples20.maxnew1024.seed10086.subtreePrefetch.vllm.log,416,19,3,0.00779096072264716
/Users/jiangnanhugo/workspace/power-sharpening/Subtree-Prefetching-Power-Sharpening/case_studies/logs-entropycut/mbpp/2026-09-21/vllm/dataset-mbpp.model-qwen3.5-9b.alpha4.0.steps100.blocks-1.prefetch-budget-20.rank-accept_first.cut-entropy4.0.samples20.maxnew1024.seed10086.subtreePrefetch.vllm.log,417,0,266,0.04579333975003344
/Users/jiangnanhugo/workspace/power-sharpening/Subtree-Prefetching-Power-Sharpening/case_studies/logs-entropycut/mbpp/2026-09-21/vllm/dataset-mbpp.model-qwen3.5-9b.alpha4.0.steps100.blocks-1.prefetch-budget-20.rank-accept_first.cut-entropy4.0.samples20.maxnew1024.seed10086.subtreePrefetch.vllm.log,417,1,68,0.02276567587210289
/Users/jiangnanhugo/workspace/power-sharpening/Subtree-Prefetching-Power-Sharpening/case_studies/logs-entropycut/mbpp/2026-09-21/vllm/dataset-mbpp.model-qwen3.5-9b.alpha4.0.steps100.blocks-1.prefetch-budget-20.rank-accept_first.cut-entropy4.0.samples20.maxnew1024.seed10086.subtreePrefetch.vllm.log,417,2,76,0.23648099029348849
/Users/jiangnanhugo/workspace/power-sharpening/Subtree-Prefetching-Power-Sharpening/case_studies/logs-entropycut/mbpp/2026-09-21/vllm/dataset-mbpp.model-qwen3.5-9b.alpha4.0.steps100.blocks-1.prefetch-budget-20.rank-accept_first.cut-entropy4.0.samples20.maxnew1024.seed10086.subtreePrefetch.vllm.log,417,3,76,0.23648099029348849
/Users/jiangnanhugo/workspace/power-sharpening/Subtree-Prefetching-Power-Sharpening/case_studies/logs-entropycut/mbpp/2026-09-21/vllm/dataset-mbpp.model-qwen3.5-9b.alpha4.0.steps100.blocks-1.prefetch-budget-20.rank-accept_first.cut-entropy4.0.samples20.maxnew1024.seed10086.subtreePrefetch.vllm.log,417,4,213,0.013538000843894877
/Users/jiangnanhugo/workspace/power-sharpening/Subtree-Prefetching-Power-Sharpening/case_studies/logs-entropycut/mbpp/2026-09-21/vllm/dataset-mbpp.model-qwen3.5-9b.alpha4.0.steps100.blocks-1.prefetch-budget-20.rank-accept_first.cut-entropy4.0.samples20.maxnew1024.seed10086.subtreePrefetch.vllm.log,417,5,76,0.23648099029348849
/Users/jiangnanhugo/workspace/power-sharpening/Subtree-Prefetching-Power-Sharpening/case_studies/logs-entropycut/mbpp/2026-09-21/vllm/dataset-mbpp.model-qwen3.5-9b.alpha4.0.steps100.blocks-1.prefetch-budget-20.rank-accept_first.cut-entropy4.0.samples20.maxnew1024.seed10086.subtreePrefetch.vllm.log,417,6,59,0.17342986444541963
/Users/jiangnanhugo/workspace/power-sharpening/Subtree-Prefetching-Power-Sharpening/case_studies/logs-entropycut/mbpp/2026-09-21/vllm/dataset-mbpp.model-qwen3.5-9b.alpha4.0.steps100.blocks-1.prefetch-budget-20.rank-accept_first.cut-entropy4.0.samples20.maxnew1024.seed10086.subtreePrefetch.vllm.log,417,7,59,0.17342986444541963
/Users/jiangnanhugo/workspace/power-sharpening/Subtree-Prefetching-Power-Sharpening/case_studies/logs-entropycut/mbpp/2026-09-21/vllm/dataset-mbpp.model-qwen3.5-9b.alpha4.0.steps100.blocks-1.prefetch-budget-20.rank-accept_first.cut-entropy4.0.samples20.maxnew1024.seed10086.subtreePrefetch.vllm.log,417,8,76,0.23648099029348849
/Users/jiangnanhugo/workspace/power-sharpening/Subtree-Prefetching-Power-Sharpening/case_studies/logs-entropycut/mbpp/2026-09-21/vllm/dataset-mbpp.model-qwen3.5-9b.alpha4.0.steps100.blocks-1.prefetch-budget-20.rank-accept_first.cut-entropy4.0.samples20.maxnew1024.seed10086.subtreePrefetch.vllm.log,417,9,68,0.02276567587210289
/Users/jiangnanhugo/workspace/power-sharpening/Subtree-Prefetching-Power-Sharpening/case_studies/logs-entropycut/mbpp/2026-09-21/vllm/dataset-mbpp.model-qwen3.5-9b.alpha4.0.steps100.blocks-1.prefetch-budget-20.rank-accept_first.cut-entropy4.0.samples20.maxnew1024.seed10086.subtreePrefetch.vllm.log,417,10,68,0.02276567587210289
/Users/jiangnanhugo/workspace/power-sharpening/Subtree-Prefetching-Power-Sharpening/case_studies/logs-entropycut/mbpp/2026-09-21/vllm/dataset-mbpp.model-qwen3.5-9b.alpha4.0.steps100.blocks-1.prefetch-budget-20.rank-accept_first.cut-entropy4.0.samples20.maxnew1024.seed10086.subtreePrefetch.vllm.log,417,11,59,0.17342986444541963
/Users/jiangnanhugo/workspace/power-sharpening/Subtree-Prefetching-Power-Sharpening/case_studies/logs-entropycut/mbpp/2026-09-21/vllm/dataset-mbpp.model-qwen3.5-9b.alpha4.0.steps100.blocks-1.prefetch-budget-20.rank-accept_first.cut-entropy4.0.samples20.maxnew1024.seed10086.subtreePrefetch.vllm.log,417,12,59,0.17342986444541963
/Users/jiangnanhugo/workspace/power-sharpening/Subtree-Prefetching-Power-Sharpening/case_studies/logs-entropycut/mbpp/2026-09-21/vllm/dataset-mbpp.model-qwen3.5-9b.alpha4.0.steps100.blocks-1.prefetch-budget-20.rank-accept_first.cut-entropy4.0.samples20.maxnew1024.seed10086.subtreePrefetch.vllm.log,417,13,76,0.23648099029348849
/Users/jiangnanhugo/workspace/power-sharpening/Subtree-Prefetching-Power-Sharpening/case_studies/logs-entropycut/mbpp/2026-09-21/vllm/dataset-mbpp.model-qwen3.5-9b.alpha4.0.steps100.blocks-1.prefetch-budget-20.rank-accept_first.cut-entropy4.0.samples20.maxnew1024.seed10086.subtreePrefetch.vllm.log,417,14,58,0.01363860670766638
/Users/jiangnanhugo/workspace/power-sharpening/Subtree-Prefetching-Power-Sharpening/case_studies/logs-entropycut/mbpp/2026-09-21/vllm/dataset-mbpp.model-qwen3.5-9b.alpha4.0.steps100.blocks-1.prefetch-budget-20.rank-accept_first.cut-entropy4.0.samples20.maxnew1024.seed10086.subtreePrefetch.vllm.log,417,15,59,0.17342986444541963
/Users/jiangnanhugo/workspace/power-sharpening/Subtree-Prefetching-Power-Sharpening/case_studies/logs-entropycut/mbpp/2026-09-21/vllm/dataset-mbpp.model-qwen3.5-9b.alpha4.0.steps100.blocks-1.prefetch-budget-20.rank-accept_first.cut-entropy4.0.samples20.maxnew1024.seed10086.subtreePrefetch.vllm.log,417,16,59,0.17342986444541963
/Users/jiangnanhugo/workspace/power-sharpening/Subtree-Prefetching-Power-Sharpening/case_studies/logs-entropycut/mbpp/2026-09-21/vllm/dataset-mbpp.model-qwen3.5-9b.alpha4.0.steps100.blocks-1.prefetch-budget-20.rank-accept_first.cut-entropy4.0.samples20.maxnew1024.seed10086.subtreePrefetch.vllm.log,417,17,59,0.17342986444541963
/Users/jiangnanhugo/workspace/power-sharpening/Subtree-Prefetching-Power-Sharpening/case_studies/logs-entropycut/mbpp/2026-09-21/vllm/dataset-mbpp.model-qwen3.5-9b.alpha4.0.steps100.blocks-1.prefetch-budget-20.rank-accept_first.cut-entropy4.0.samples20.maxnew1024.seed10086.subtreePrefetch.vllm.log,417,18,68,0.02276567587210289
/Users/jiangnanhugo/workspace/power-sharpening/Subtree-Prefetching-Power-Sharpening/case_studies/logs-entropycut/mbpp/2026-09-21/vllm/dataset-mbpp.model-qwen3.5-9b.alpha4.0.steps100.blocks-1.prefetch-budget-20.rank-accept_first.cut-entropy4.0.samples20.maxnew1024.seed10086.subtreePrefetch.vllm.log,417,19,59,0.17342986444541963
/Users/jiangnanhugo/workspace/power-sharpening/Subtree-Prefetching-Power-Sharpening/case_studies/logs-entropycut/mbpp/2026-09-21/vllm/dataset-mbpp.model-qwen3.5-9b.alpha4.0.steps100.blocks-1.prefetch-budget-20.rank-accept_first.cut-entropy4.0.samples20.maxnew1024.seed10086.subtreePrefetch.vllm.log,418,0,425,0.03627856491794266
/Users/jiangnanhugo/workspace/power-sharpening/Subtree-Prefetching-Power-Sharpening/case_studies/logs-entropycut/mbpp/2026-09-21/vllm/dataset-mbpp.model-qwen3.5-9b.alpha4.0.steps100.blocks-1.prefetch-budget-20.rank-accept_first.cut-entropy4.0.samples20.maxnew1024.seed10086.subtreePrefetch.vllm.log,418,1,76,0.23648099029348849
/Users/jiangnanhugo/workspace/power-sharpening/Subtree-Prefetching-Power-Sharpening/case_studies/logs-entropycut/mbpp/2026-09-21/vllm/dataset-mbpp.model-qwen3.5-9b.alpha4.0.steps100.blocks-1.prefetch-budget-20.rank-accept_first.cut-entropy4.0.samples20.maxnew1024.seed10086.subtreePrefetch.vllm.log,418,2,59,0.17342986444541963
/Users/jiangnanhugo/workspace/power-sharpening/Subtree-Prefetching-Power-Sharpening/case_studies/logs-entropycut/mbpp/2026-09-21/vllm/dataset-mbpp.model-qwen3.5-9b.alpha4.0.steps100.blocks-1.prefetch-budget-20.rank-accept_first.cut-entropy4.0.samples20.maxnew1024.seed10086.subtreePrefetch.vllm.log,418,3,421,0.037932486402831374
/Users/jiangnanhugo/workspace/power-sharpening/Subtree-Prefetching-Power-Sharpening/case_studies/logs-entropycut/mbpp/2026-09-21/vllm/dataset-mbpp.model-qwen3.5-9b.alpha4.0.steps100.blocks-1.prefetch-budget-20.rank-accept_first.cut-entropy4.0.samples20.maxnew1024.seed10086.subtreePrefetch.vllm.log,418,4,266,0.04579333975003344
/Users/jiangnanhugo/workspace/power-sharpening/Subtree-Prefetching-Power-Sharpening/case_studies/logs-entropycut/mbpp/2026-09-21/vllm/dataset-mbpp.model-qwen3.5-9b.alpha4.0.steps100.blocks-1.prefetch-budget-20.rank-accept_first.cut-entropy4.0.samples20.maxnew1024.seed10086.subtreePrefetch.vllm.log,418,5,59,0.17342986444541963
/Users/jiangnanhugo/workspace/power-sharpening/Subtree-Prefetching-Power-Sharpening/case_studies/logs-entropycut/mbpp/2026-09-21/vllm/dataset-mbpp.model-qwen3.5-9b.alpha4.0.steps100.blocks-1.prefetch-budget-20.rank-accept_first.cut-entropy4.0.samples20.maxnew1024.seed10086.subtreePrefetch.vllm.log,418,6,127,0.18598433771703454
/Users/jiangnanhugo/workspace/power-sharpening/Subtree-Prefetching-Power-Sharpening/case_studies/logs-entropycut/mbpp/2026-09-21/vllm/dataset-mbpp.model-qwen3.5-9b.alpha4.0.steps100.blocks-1.prefetch-budget-20.rank-accept_first.cut-entropy4.0.samples20.maxnew1024.seed10086.subtreePrefetch.vllm.log,418,7,127,0.18598433771703454
/Users/jiangnanhugo/workspace/power-sharpening/Subtree-Prefetching-Power-Sharpening/case_studies/logs-entropycut/mbpp/2026-09-21/vllm/dataset-mbpp.model-qwen3.5-9b.alpha4.0.steps100.blocks-1.prefetch-budget-20.rank-accept_first.cut-entropy4.0.samples20.maxnew1024.seed10086.subtreePrefetch.vllm.log,418,8,76,0.23648099029348849
/Users/jiangnanhugo/workspace/power-sharpening/Subtree-Prefetching-Power-Sharpening/case_studies/logs-entropycut/mbpp/2026-09-21/vllm/dataset-mbpp.model-qwen3.5-9b.alpha4.0.steps100.blocks-1.prefetch-budget-20.rank-accept_first.cut-entropy4.0.samples20.maxnew1024.seed10086.subtreePrefetch.vllm.log,418,9,414,0.036870361940978424
/Users/jiangnanhugo/workspace/power-sharpening/Subtree-Prefetching-Power-Sharpening/case_studies/logs-entropycut/mbpp/2026-09-21/vllm/dataset-mbpp.model-qwen3.5-9b.alpha4.0.steps100.blocks-1.prefetch-budget-20.rank-accept_first.cut-entropy4.0.samples20.maxnew1024.seed10086.subtreePrefetch.vllm.log,418,10,59,0.17342986444541963
/Users/jiangnanhugo/workspace/power-sharpening/Subtree-Prefetching-Power-Sharpening/case_studies/logs-entropycut/mbpp/2026-09-21/vllm/dataset-mbpp.model-qwen3.5-9b.alpha4.0.steps100.blocks-1.prefetch-budget-20.rank-accept_first.cut-entropy4.0.samples20.maxnew1024.seed10086.subtreePrefetch.vllm.log,418,11,76,0.23648099029348849
/Users/jiangnanhugo/workspace/power-sharpening/Subtree-Prefetching-Power-Sharpening/case_studies/logs-entropycut/mbpp/2026-09-21/vllm/dataset-mbpp.model-qwen3.5-9b.alpha4.0.steps100.blocks-1.prefetch-budget-20.rank-accept_first.cut-entropy4.0.samples20.maxnew1024.seed10086.subtreePrefetch.vllm.log,418,12,59,0.17342986444541963
/Users/jiangnanhugo/workspace/power-sharpening/Subtree-Prefetching-Power-Sharpening/case_studies/logs-entropycut/mbpp/2026-09-21/vllm/dataset-mbpp.model-qwen3.5-9b.alpha4.0.steps100.blocks-1.prefetch-budget-20.rank-accept_first.cut-entropy4.0.samples20.maxnew1024.seed10086.subtreePrefetch.vllm.log,418,13,76,0.23648099029348849
/Users/jiangnanhugo/workspace/power-sharpening/Subtree-Prefetching-Power-Sharpening/case_studies/logs-entropycut/mbpp/2026-09-21/vllm/dataset-mbpp.model-qwen3.5-9b.alpha4.0.steps100.blocks-1.prefetch-budget-20.rank-accept_first.cut-entropy4.0.samples20.maxnew1024.seed10086.subtreePrefetch.vllm.log,418,14,76,0.23648099029348849
/Users/jiangnanhugo/workspace/power-sharpening/Subtree-Prefetching-Power-Sharpening/case_studies/logs-entropycut/mbpp/2026-09-21/vllm/dataset-mbpp.model-qwen3.5-9b.alpha4.0.steps100.blocks-1.prefetch-budget-20.rank-accept_first.cut-entropy4.0.samples20.maxnew1024.seed10086.subtreePrefetch.vllm.log,418,15,76,0.23648099029348849
/Users/jiangnanhugo/workspace/power-sharpening/Subtree-Prefetching-Power-Sharpening/case_studies/logs-entropycut/mbpp/2026-09-21/vllm/dataset-mbpp.model-qwen3.5-9b.alpha4.0.steps100.blocks-1.prefetch-budget-20.rank-accept_first.cut-entropy4.0.samples20.maxnew1024.seed10086.subtreePrefetch.vllm.log,418,16,58,0.01363860670766638
/Users/jiangnanhugo/workspace/power-sharpening/Subtree-Prefetching-Power-Sharpening/case_studies/logs-entropycut/mbpp/2026-09-21/vllm/dataset-mbpp.model-qwen3.5-9b.alpha4.0.steps100.blocks-1.prefetch-budget-20.rank-accept_first.cut-entropy4.0.samples20.maxnew1024.seed10086.subtreePrefetch.vllm.log,418,17,59,0.17342986444541963
/Users/jiangnanhugo/workspace/power-sharpening/Subtree-Prefetching-Power-Sharpening/case_studies/logs-entropycut/mbpp/2026-09-21/vllm/dataset-mbpp.model-qwen3.5-9b.alpha4.0.steps100.blocks-1.prefetch-budget-20.rank-accept_first.cut-entropy4.0.samples20.maxnew1024.seed10086.subtreePrefetch.vllm.log,418,18,76,0.23648099029348849
/Users/jiangnanhugo/workspace/power-sharpening/Subtree-Prefetching-Power-Sharpening/case_studies/logs-entropycut/mbpp/2026-09-21/vllm/dataset-mbpp.model-qwen3.5-9b.alpha4.0.steps100.blocks-1.prefetch-budget-20.rank-accept_first.cut-entropy4.0.samples20.maxnew1024.seed10086.subtreePrefetch.vllm.log,418,19,59,0.17342986444541963
/Users/jiangnanhugo/workspace/power-sharpening/Subtree-Prefetching-Power-Sharpening/case_studies/logs-entropycut/mbpp/2026-09-21/vllm/dataset-mbpp.model-qwen3.5-9b.alpha4.0.steps100.blocks-1.prefetch-budget-20.rank-accept_first.cut-entropy4.0.samples20.maxnew1024.seed10086.subtreePrefetch.vllm.log,419,0,59,0.173299221965688
/Users/jiangnanhugo/workspace/power-sharpening/Subtree-Prefetching-Power-Sharpening/case_studies/logs-entropycut/mbpp/2026-09-21/vllm/dataset-mbpp.model-qwen3.5-9b.alpha4.0.steps100.blocks-1.prefetch-budget-20.rank-accept_first.cut-entropy4.0.samples20.maxnew1024.seed10086.subtreePrefetch.vllm.log,419,1,76,0.23630285221398228
/Users/jiangnanhugo/workspace/power-sharpening/Subtree-Prefetching-Power-Sharpening/case_studies/logs-entropycut/mbpp/2026-09-21/vllm/dataset-mbpp.model-qwen3.5-9b.alpha4.0.steps100.blocks-1.prefetch-budget-20.rank-accept_first.cut-entropy4.0.samples20.maxnew1024.seed10086.subtreePrefetch.vllm.log,419,2,7,0.0027853152890055335
/Users/jiangnanhugo/workspace/power-sharpening/Subtree-Prefetching-Power-Sharpening/case_studies/logs-entropycut/mbpp/2026-09-21/vllm/dataset-mbpp.model-qwen3.5-9b.alpha4.0.steps100.blocks-1.prefetch-budget-20.rank-accept_first.cut-entropy4.0.samples20.maxnew1024.seed10086.subtreePrefetch.vllm.log,419,3,59,0.173299221965688
/Users/jiangnanhugo/workspace/power-sharpening/Subtree-Prefetching-Power-Sharpening/case_studies/logs-entropycut/mbpp/2026-09-21/vllm/dataset-mbpp.model-qwen3.5-9b.alpha4.0.steps100.blocks-1.prefetch-budget-20.rank-accept_first.cut-entropy4.0.samples20.maxnew1024.seed10086.subtreePrefetch.vllm.log,419,4,76,0.23630285221398228
/Users/jiangnanhugo/workspace/power-sharpening/Subtree-Prefetching-Power-Sharpening/case_studies/logs-entropycut/mbpp/2026-09-21/vllm/dataset-mbpp.model-qwen3.5-9b.alpha4.0.steps100.blocks-1.prefetch-budget-20.rank-accept_first.cut-entropy4.0.samples20.maxnew1024.seed10086.subtreePrefetch.vllm.log,419,5,59,0.173299221965688
/Users/jiangnanhugo/workspace/power-sharpening/Subtree-Prefetching-Power-Sharpening/case_studies/logs-entropycut/mbpp/2026-09-21/vllm/dataset-mbpp.model-qwen3.5-9b.alpha4.0.steps100.blocks-1.prefetch-budget-20.rank-accept_first.cut-entropy4.0.samples20.maxnew1024.seed10086.subtreePrefetch.vllm.log,419,6,59,0.173299221965688
/Users/jiangnanhugo/workspace/power-sharpening/Subtree-Prefetching-Power-Sharpening/case_studies/logs-entropycut/mbpp/2026-09-21/vllm/dataset-mbpp.model-qwen3.5-9b.alpha4.0.steps100.blocks-1.prefetch-budget-20.rank-accept_first.cut-entropy4.0.samples20.maxnew1024.seed10086.subtreePrefetch.vllm.log,419,7,59,0.173299221965688
/Users/jiangnanhugo/workspace/power-sharpening/Subtree-Prefetching-Power-Sharpening/case_studies/logs-entropycut/mbpp/2026-09-21/vllm/dataset-mbpp.model-qwen3.5-9b.alpha4.0.steps100.blocks-1.prefetch-budget-20.rank-accept_first.cut-entropy4.0.samples20.maxnew1024.seed10086.subtreePrefetch.vllm.log,419,8,59,0.173299221965688
/Users/jiangnanhugo/workspace/power-sharpening/Subtree-Prefetching-Power-Sharpening/case_studies/logs-entropycut/mbpp/2026-09-21/vllm/dataset-mbpp.model-qwen3.5-9b.alpha4.0.steps100.blocks-1.prefetch-budget-20.rank-accept_first.cut-entropy4.0.samples20.maxnew1024.seed10086.subtreePrefetch.vllm.log,419,9,59,0.173299221965688
/Users/jiangnanhugo/workspace/power-sharpening/Subtree-Prefetching-Power-Sharpening/case_studies/logs-entropycut/mbpp/2026-09-21/vllm/dataset-mbpp.model-qwen3.5-9b.alpha4.0.steps100.blocks-1.prefetch-budget-20.rank-accept_first.cut-entropy4.0.samples20.maxnew1024.seed10086.subtreePrefetch.vllm.log,419,10,76,0.23630285221398228
/Users/jiangnanhugo/workspace/power-sharpening/Subtree-Prefetching-Power-Sharpening/case_studies/logs-entropycut/mbpp/2026-09-21/vllm/dataset-mbpp.model-qwen3.5-9b.alpha4.0.steps100.blocks-1.prefetch-budget-20.rank-accept_first.cut-entropy4.0.samples20.maxnew1024.seed10086.subtreePrefetch.vllm.log,419,11,76,0.23630285221398228
/Users/jiangnanhugo/workspace/power-sharpening/Subtree-Prefetching-Power-Sharpening/case_studies/logs-entropycut/mbpp/2026-09-21/vllm/dataset-mbpp.model-qwen3.5-9b.alpha4.0.steps100.blocks-1.prefetch-budget-20.rank-accept_first.cut-entropy4.0.samples20.maxnew1024.seed10086.subtreePrefetch.vllm.log,419,12,59,0.173299221965688
/Users/jiangnanhugo/workspace/power-sharpening/Subtree-Prefetching-Power-Sharpening/case_studies/logs-entropycut/mbpp/2026-09-21/vllm/dataset-mbpp.model-qwen3.5-9b.alpha4.0.steps100.blocks-1.prefetch-budget-20.rank-accept_first.cut-entropy4.0.samples20.maxnew1024.seed10086.subtreePrefetch.vllm.log,419,13,59,0.173299221965688
/Users/jiangnanhugo/workspace/power-sharpening/Subtree-Prefetching-Power-Sharpening/case_studies/logs-entropycut/mbpp/2026-09-21/vllm/dataset-mbpp.model-qwen3.5-9b.alpha4.0.steps100.blocks-1.prefetch-budget-20.rank-accept_first.cut-entropy4.0.samples20.maxnew1024.seed10086.subtreePrefetch.vllm.log,419,14,3,0.0077850918924341345
/Users/jiangnanhugo/workspace/power-sharpening/Subtree-Prefetching-Power-Sharpening/case_studies/logs-entropycut/mbpp/2026-09-21/vllm/dataset-mbpp.model-qwen3.5-9b.alpha4.0.steps100.blocks-1.prefetch-budget-20.rank-accept_first.cut-entropy4.0.samples20.maxnew1024.seed10086.subtreePrefetch.vllm.log,419,15,59,0.173299221965688
/Users/jiangnanhugo/workspace/power-sharpening/Subtree-Prefetching-Power-Sharpening/case_studies/logs-entropycut/mbpp/2026-09-21/vllm/dataset-mbpp.model-qwen3.5-9b.alpha4.0.steps100.blocks-1.prefetch-budget-20.rank-accept_first.cut-entropy4.0.samples20.maxnew1024.seed10086.subtreePrefetch.vllm.log,419,16,59,0.173299221965688
/Users/jiangnanhugo/workspace/power-sharpening/Subtree-Prefetching-Power-Sharpening/case_studies/logs-entropycut/mbpp/2026-09-21/vllm/dataset-mbpp.model-qwen3.5-9b.alpha4.0.steps100.blocks-1.prefetch-budget-20.rank-accept_first.cut-entropy4.0.samples20.maxnew1024.seed10086.subtreePrefetch.vllm.log,419,17,76,0.23630285221398228
/Users/jiangnanhugo/workspace/power-sharpening/Subtree-Prefetching-Power-Sharpening/case_studies/logs-entropycut/mbpp/2026-09-21/vllm/dataset-mbpp.model-qwen3.5-9b.alpha4.0.steps100.blocks-1.prefetch-budget-20.rank-accept_first.cut-entropy4.0.samples20.maxnew1024.seed10086.subtreePrefetch.vllm.log,419,18,59,0.173299221965688
/Users/jiangnanhugo/workspace/power-sharpening/Subtree-Prefetching-Power-Sharpening/case_studies/logs-entropycut/mbpp/2026-09-21/vllm/dataset-mbpp.model-qwen3.5-9b.alpha4.0.steps100.blocks-1.prefetch-budget-20.rank-accept_first.cut-entropy4.0.samples20.maxnew1024.seed10086.subtreePrefetch.vllm.log,419,19,76,0.23630285221398228
/Users/jiangnanhugo/workspace/power-sharpening/Subtree-Prefetching-Power-Sharpening/case_studies/logs-entropycut/mbpp/2026-09-21/vllm/dataset-mbpp.model-qwen3.5-9b.alpha4.0.steps100.blocks-1.prefetch-budget-20.rank-accept_first.cut-entropy4.0.samples20.maxnew1024.seed10086.subtreePrefetch.vllm.log,420,0,266,0.04599411847946693
/Users/jiangnanhugo/workspace/power-sharpening/Subtree-Prefetching-Power-Sharpening/case_studies/logs-entropycut/mbpp/2026-09-21/vllm/dataset-mbpp.model-qwen3.5-9b.alpha4.0.steps100.blocks-1.prefetch-budget-20.rank-accept_first.cut-entropy4.0.samples20.maxnew1024.seed10086.subtreePrefetch.vllm.log,420,1,76,0.2375178299960626
/Users/jiangnanhugo/workspace/power-sharpening/Subtree-Prefetching-Power-Sharpening/case_studies/logs-entropycut/mbpp/2026-09-21/vllm/dataset-mbpp.model-qwen3.5-9b.alpha4.0.steps100.blocks-1.prefetch-budget-20.rank-accept_first.cut-entropy4.0.samples20.maxnew1024.seed10086.subtreePrefetch.vllm.log,420,2,59,0.17419025947271502
/Users/jiangnanhugo/workspace/power-sharpening/Subtree-Prefetching-Power-Sharpening/case_studies/logs-entropycut/mbpp/2026-09-21/vllm/dataset-mbpp.model-qwen3.5-9b.alpha4.0.steps100.blocks-1.prefetch-budget-20.rank-accept_first.cut-entropy4.0.samples20.maxnew1024.seed10086.subtreePrefetch.vllm.log,420,3,59,0.17419025947271502
/Users/jiangnanhugo/workspace/power-sharpening/Subtree-Prefetching-Power-Sharpening/case_studies/logs-entropycut/mbpp/2026-09-21/vllm/dataset-mbpp.model-qwen3.5-9b.alpha4.0.steps100.blocks-1.prefetch-budget-20.rank-accept_first.cut-entropy4.0.samples20.maxnew1024.seed10086.subtreePrefetch.vllm.log,420,4,3,0.007825119820967964
/Users/jiangnanhugo/workspace/power-sharpening/Subtree-Prefetching-Power-Sharpening/case_studies/logs-entropycut/mbpp/2026-09-21/vllm/dataset-mbpp.model-qwen3.5-9b.alpha4.0.steps100.blocks-1.prefetch-budget-20.rank-accept_first.cut-entropy4.0.samples20.maxnew1024.seed10086.subtreePrefetch.vllm.log,420,5,76,0.2375178299960626
/Users/jiangnanhugo/workspace/power-sharpening/Subtree-Prefetching-Power-Sharpening/case_studies/logs-entropycut/mbpp/2026-09-21/vllm/dataset-mbpp.model-qwen3.5-9b.alpha4.0.steps100.blocks-1.prefetch-budget-20.rank-accept_first.cut-entropy4.0.samples20.maxnew1024.seed10086.subtreePrefetch.vllm.log,420,6,59,0.17419025947271502
/Users/jiangnanhugo/workspace/power-sharpening/Subtree-Prefetching-Power-Sharpening/case_studies/logs-entropycut/mbpp/2026-09-21/vllm/dataset-mbpp.model-qwen3.5-9b.alpha4.0.steps100.blocks-1.prefetch-budget-20.rank-accept_first.cut-entropy4.0.samples20.maxnew1024.seed10086.subtreePrefetch.vllm.log,420,7,59,0.17419025947271502
/Users/jiangnanhugo/workspace/power-sharpening/Subtree-Prefetching-Power-Sharpening/case_studies/logs-entropycut/mbpp/2026-09-21/vllm/dataset-mbpp.model-qwen3.5-9b.alpha4.0.steps100.blocks-1.prefetch-budget-20.rank-accept_first.cut-entropy4.0.samples20.maxnew1024.seed10086.subtreePrefetch.vllm.log,420,8,59,0.17419025947271502
/Users/jiangnanhugo/workspace/power-sharpening/Subtree-Prefetching-Power-Sharpening/case_studies/logs-entropycut/mbpp/2026-09-21/vllm/dataset-mbpp.model-qwen3.5-9b.alpha4.0.steps100.blocks-1.prefetch-budget-20.rank-accept_first.cut-entropy4.0.samples20.maxnew1024.seed10086.subtreePrefetch.vllm.log,420,9,127,0.18679977723782923
/Users/jiangnanhugo/workspace/power-sharpening/Subtree-Prefetching-Power-Sharpening/case_studies/logs-entropycut/mbpp/2026-09-21/vllm/dataset-mbpp.model-qwen3.5-9b.alpha4.0.steps100.blocks-1.prefetch-budget-20.rank-accept_first.cut-entropy4.0.samples20.maxnew1024.seed10086.subtreePrefetch.vllm.log,420,10,59,0.17419025947271502
/Users/jiangnanhugo/workspace/power-sharpening/Subtree-Prefetching-Power-Sharpening/case_studies/logs-entropycut/mbpp/2026-09-21/vllm/dataset-mbpp.model-qwen3.5-9b.alpha4.0.steps100.blocks-1.prefetch-budget-20.rank-accept_first.cut-entropy4.0.samples20.maxnew1024.seed10086.subtreePrefetch.vllm.log,420,11,76,0.2375178299960626
/Users/jiangnanhugo/workspace/power-sharpening/Subtree-Prefetching-Power-Sharpening/case_studies/logs-entropycut/mbpp/2026-09-21/vllm/dataset-mbpp.model-qwen3.5-9b.alpha4.0.steps100.blocks-1.prefetch-budget-20.rank-accept_first.cut-entropy4.0.samples20.maxnew1024.seed10086.subtreePrefetch.vllm.log,420,12,76,0.2375178299960626
/Users/jiangnanhugo/workspace/power-sharpening/Subtree-Prefetching-Power-Sharpening/case_studies/logs-entropycut/mbpp/2026-09-21/vllm/dataset-mbpp.model-qwen3.5-9b.alpha4.0.steps100.blocks-1.prefetch-budget-20.rank-accept_first.cut-entropy4.0.samples20.maxnew1024.seed10086.subtreePrefetch.vllm.log,420,13,59,0.17419025947271502
/Users/jiangnanhugo/workspace/power-sharpening/Subtree-Prefetching-Power-Sharpening/case_studies/logs-entropycut/mbpp/2026-09-21/vllm/dataset-mbpp.model-qwen3.5-9b.alpha4.0.steps100.blocks-1.prefetch-budget-20.rank-accept_first.cut-entropy4.0.samples20.maxnew1024.seed10086.subtreePrefetch.vllm.log,420,14,59,0.17419025947271502
/Users/jiangnanhugo/workspace/power-sharpening/Subtree-Prefetching-Power-Sharpening/case_studies/logs-entropycut/mbpp/2026-09-21/vllm/dataset-mbpp.model-qwen3.5-9b.alpha4.0.steps100.blocks-1.prefetch-budget-20.rank-accept_first.cut-entropy4.0.samples20.maxnew1024.seed10086.subtreePrefetch.vllm.log,420,15,76,0.2375178299960626
/Users/jiangnanhugo/workspace/power-sharpening/Subtree-Prefetching-Power-Sharpening/case_studies/logs-entropycut/mbpp/2026-09-21/vllm/dataset-mbpp.model-qwen3.5-9b.alpha4.0.steps100.blocks-1.prefetch-budget-20.rank-accept_first.cut-entropy4.0.samples20.maxnew1024.seed10086.subtreePrefetch.vllm.log,420,16,59,0.17419025947271502
/Users/jiangnanhugo/workspace/power-sharpening/Subtree-Prefetching-Power-Sharpening/case_studies/logs-entropycut/mbpp/2026-09-21/vllm/dataset-mbpp.model-qwen3.5-9b.alpha4.0.steps100.blocks-1.prefetch-budget-20.rank-accept_first.cut-entropy4.0.samples20.maxnew1024.seed10086.subtreePrefetch.vllm.log,420,17,59,0.17419025947271502
/Users/jiangnanhugo/workspace/power-sharpening/Subtree-Prefetching-Power-Sharpening/case_studies/logs-entropycut/mbpp/2026-09-21/vllm/dataset-mbpp.model-qwen3.5-9b.alpha4.0.steps100.blocks-1.prefetch-budget-20.rank-accept_first.cut-entropy4.0.samples20.maxnew1024.seed10086.subtreePrefetch.vllm.log,420,18,59,0.17419025947271502
/Users/jiangnanhugo/workspace/power-sharpening/Subtree-Prefetching-Power-Sharpening/case_studies/logs-entropycut/mbpp/2026-09-21/vllm/dataset-mbpp.model-qwen3.5-9b.alpha4.0.steps100.blocks-1.prefetch-budget-20.rank-accept_first.cut-entropy4.0.samples20.maxnew1024.seed10086.subtreePrefetch.vllm.log,420,19,59,0.17419025947271502
/Users/jiangnanhugo/workspace/power-sharpening/Subtree-Prefetching-Power-Sharpening/case_studies/logs-entropycut/mbpp/2026-09-21/vllm/dataset-mbpp.model-qwen3.5-9b.alpha4.0.steps100.blocks-1.prefetch-budget-20.rank-accept_first.cut-entropy4.0.samples20.maxnew1024.seed10086.subtreePrefetch.vllm.log,421,0,127,0.18679977723782923
/Users/jiangnanhugo/workspace/power-sharpening/Subtree-Prefetching-Power-Sharpening/case_studies/logs-entropycut/mbpp/2026-09-21/vllm/dataset-mbpp.model-qwen3.5-9b.alpha4.0.steps100.blocks-1.prefetch-budget-20.rank-accept_first.cut-entropy4.0.samples20.maxnew1024.seed10086.subtreePrefetch.vllm.log,421,1,59,0.17419025947271502
/Users/jiangnanhugo/workspace/power-sharpening/Subtree-Prefetching-Power-Sharpening/case_studies/logs-entropycut/mbpp/2026-09-21/vllm/dataset-mbpp.model-qwen3.5-9b.alpha4.0.steps100.blocks-1.prefetch-budget-20.rank-accept_first.cut-entropy4.0.samples20.maxnew1024.seed10086.subtreePrefetch.vllm.log,421,2,59,0.17419025947271502
/Users/jiangnanhugo/workspace/power-sharpening/Subtree-Prefetching-Power-Sharpening/case_studies/logs-entropycut/mbpp/2026-09-21/vllm/dataset-mbpp.model-qwen3.5-9b.alpha4.0.steps100.blocks-1.prefetch-budget-20.rank-accept_first.cut-entropy4.0.samples20.maxnew1024.seed10086.subtreePrefetch.vllm.log,421,3,59,0.17419025947271502
/Users/jiangnanhugo/workspace/power-sharpening/Subtree-Prefetching-Power-Sharpening/case_studies/logs-entropycut/mbpp/2026-09-21/vllm/dataset-mbpp.model-qwen3.5-9b.alpha4.0.steps100.blocks-1.prefetch-budget-20.rank-accept_first.cut-entropy4.0.samples20.maxnew1024.seed10086.subtreePrefetch.vllm.log,421,4,322,0.021455776451130542
/Users/jiangnanhugo/workspace/power-sharpening/Subtree-Prefetching-Power-Sharpening/case_studies/logs-entropycut/mbpp/2026-09-21/vllm/dataset-mbpp.model-qwen3.5-9b.alpha4.0.steps100.blocks-1.prefetch-budget-20.rank-accept_first.cut-entropy4.0.samples20.maxnew1024.seed10086.subtreePrefetch.vllm.log,421,5,127,0.18679977723782923
/Users/jiangnanhugo/workspace/power-sharpening/Subtree-Prefetching-Power-Sharpening/case_studies/logs-entropycut/mbpp/2026-09-21/vllm/dataset-mbpp.model-qwen3.5-9b.alpha4.0.steps100.blocks-1.prefetch-budget-20.rank-accept_first.cut-entropy4.0.samples20.maxnew1024.seed10086.subtreePrefetch.vllm.log,421,6,127,0.18679977723782923
/Users/jiangnanhugo/workspace/power-sharpening/Subtree-Prefetching-Power-Sharpening/case_studies/logs-entropycut/mbpp/2026-09-21/vllm/dataset-mbpp.model-qwen3.5-9b.alpha4.0.steps100.blocks-1.prefetch-budget-20.rank-accept_first.cut-entropy4.0.samples20.maxnew1024.seed10086.subtreePrefetch.vllm.log,421,7,76,0.2375178299960626
/Users/jiangnanhugo/workspace/power-sharpening/Subtree-Prefetching-Power-Sharpening/case_studies/logs-entropycut/mbpp/2026-09-21/vllm/dataset-mbpp.model-qwen3.5-9b.alpha4.0.steps100.blocks-1.prefetch-budget-20.rank-accept_first.cut-entropy4.0.samples20.maxnew1024.seed10086.subtreePrefetch.vllm.log,421,8,59,0.17419025947271502
/Users/jiangnanhugo/workspace/power-sharpening/Subtree-Prefetching-Power-Sharpening/case_studies/logs-entropycut/mbpp/2026-09-21/vllm/dataset-mbpp.model-qwen3.5-9b.alpha4.0.steps100.blocks-1.prefetch-budget-20.rank-accept_first.cut-entropy4.0.samples20.maxnew1024.seed10086.subtreePrefetch.vllm.log,421,9,68,0.022865490899817528
/Users/jiangnanhugo/workspace/power-sharpening/Subtree-Prefetching-Power-Sharpening/case_studies/logs-entropycut/mbpp/2026-09-21/vllm/dataset-mbpp.model-qwen3.5-9b.alpha4.0.steps100.blocks-1.prefetch-budget-20.rank-accept_first.cut-entropy4.0.samples20.maxnew1024.seed10086.subtreePrefetch.vllm.log,421,10,59,0.17419025947271502
/Users/jiangnanhugo/workspace/power-sharpening/Subtree-Prefetching-Power-Sharpening/case_studies/logs-entropycut/mbpp/2026-09-21/vllm/dataset-mbpp.model-qwen3.5-9b.alpha4.0.steps100.blocks-1.prefetch-budget-20.rank-accept_first.cut-entropy4.0.samples20.maxnew1024.seed10086.subtreePrefetch.vllm.log,421,11,76,0.2375178299960626
/Users/jiangnanhugo/workspace/power-sharpening/Subtree-Prefetching-Power-Sharpening/case_studies/logs-entropycut/mbpp/2026-09-21/vllm/dataset-mbpp.model-qwen3.5-9b.alpha4.0.steps100.blocks-1.prefetch-budget-20.rank-accept_first.cut-entropy4.0.samples20.maxnew1024.seed10086.subtreePrefetch.vllm.log,421,12,68,0.022865490899817528
/Users/jiangnanhugo/workspace/power-sharpening/Subtree-Prefetching-Power-Sharpening/case_studies/logs-entropycut/mbpp/2026-09-21/vllm/dataset-mbpp.model-qwen3.5-9b.alpha4.0.steps100.blocks-1.prefetch-budget-20.rank-accept_first.cut-entropy4.0.samples20.maxnew1024.seed10086.subtreePrefetch.vllm.log,421,13,59,0.17419025947271502
/Users/jiangnanhugo/workspace/power-sharpening/Subtree-Prefetching-Power-Sharpening/case_studies/logs-entropycut/mbpp/2026-09-21/vllm/dataset-mbpp.model-qwen3.5-9b.alpha4.0.steps100.blocks-1.prefetch-budget-20.rank-accept_first.cut-entropy4.0.samples20.maxnew1024.seed10086.subtreePrefetch.vllm.log,421,14,58,0.013698404532873184
/Users/jiangnanhugo/workspace/power-sharpening/Subtree-Prefetching-Power-Sharpening/case_studies/logs-entropycut/mbpp/2026-09-21/vllm/dataset-mbpp.model-qwen3.5-9b.alpha4.0.steps100.blocks-1.prefetch-budget-20.rank-accept_first.cut-entropy4.0.samples20.maxnew1024.seed10086.subtreePrefetch.vllm.log,421,15,127,0.18679977723782923
/Users/jiangnanhugo/workspace/power-sharpening/Subtree-Prefetching-Power-Sharpening/case_studies/logs-entropycut/mbpp/2026-09-21/vllm/dataset-mbpp.model-qwen3.5-9b.alpha4.0.steps100.blocks-1.prefetch-budget-20.rank-accept_first.cut-entropy4.0.samples20.maxnew1024.seed10086.subtreePrefetch.vllm.log,421,16,76,0.2375178299960626
/Users/jiangnanhugo/workspace/power-sharpening/Subtree-Prefetching-Power-Sharpening/case_studies/logs-entropycut/mbpp/2026-09-21/vllm/dataset-mbpp.model-qwen3.5-9b.alpha4.0.steps100.blocks-1.prefetch-budget-20.rank-accept_first.cut-entropy4.0.samples20.maxnew1024.seed10086.subtreePrefetch.vllm.log,421,17,59,0.17419025947271502
/Users/jiangnanhugo/workspace/power-sharpening/Subtree-Prefetching-Power-Sharpening/case_studies/logs-entropycut/mbpp/2026-09-21/vllm/dataset-mbpp.model-qwen3.5-9b.alpha4.0.steps100.blocks-1.prefetch-budget-20.rank-accept_first.cut-entropy4.0.samples20.maxnew1024.seed10086.subtreePrefetch.vllm.log,421,18,59,0.17419025947271502
/Users/jiangnanhugo/workspace/power-sharpening/Subtree-Prefetching-Power-Sharpening/case_studies/logs-entropycut/mbpp/2026-09-21/vllm/dataset-mbpp.model-qwen3.5-9b.alpha4.0.steps100.blocks-1.prefetch-budget-20.rank-accept_first.cut-entropy4.0.samples20.maxnew1024.seed10086.subtreePrefetch.vllm.log,421,19,59,0.17419025947271502
/Users/jiangnanhugo/workspace/power-sharpening/Subtree-Prefetching-Power-Sharpening/case_studies/logs-entropycut/mbpp/2026-09-21/vllm/dataset-mbpp.model-qwen3.5-9b.alpha4.0.steps100.blocks-1.prefetch-budget-20.rank-accept_first.cut-entropy4.0.samples20.maxnew1024.seed10086.subtreePrefetch.vllm.log,422,0,184,0.0035099608501224493
/Users/jiangnanhugo/workspace/power-sharpening/Subtree-Prefetching-Power-Sharpening/case_studies/logs-entropycut/mbpp/2026-09-21/vllm/dataset-mbpp.model-qwen3.5-9b.alpha4.0.steps100.blocks-1.prefetch-budget-20.rank-accept_first.cut-entropy4.0.samples20.maxnew1024.seed10086.subtreePrefetch.vllm.log,422,1,326,0.006643653006803073
/Users/jiangnanhugo/workspace/power-sharpening/Subtree-Prefetching-Power-Sharpening/case_studies/logs-entropycut/mbpp/2026-09-21/vllm/dataset-mbpp.model-qwen3.5-9b.alpha4.0.steps100.blocks-1.prefetch-budget-20.rank-accept_first.cut-entropy4.0.samples20.maxnew1024.seed10086.subtreePrefetch.vllm.log,422,2,76,0.23751767151690292
/Users/jiangnanhugo/workspace/power-sharpening/Subtree-Prefetching-Power-Sharpening/case_studies/logs-entropycut/mbpp/2026-09-21/vllm/dataset-mbpp.model-qwen3.5-9b.alpha4.0.steps100.blocks-1.prefetch-budget-20.rank-accept_first.cut-entropy4.0.samples20.maxnew1024.seed10086.subtreePrefetch.vllm.log,422,3,76,0.23751767151690292
/Users/jiangnanhugo/workspace/power-sharpening/Subtree-Prefetching-Power-Sharpening/case_studies/logs-entropycut/mbpp/2026-09-21/vllm/dataset-mbpp.model-qwen3.5-9b.alpha4.0.steps100.blocks-1.prefetch-budget-20.rank-accept_first.cut-entropy4.0.samples20.maxnew1024.seed10086.subtreePrefetch.vllm.log,422,4,76,0.23751767151690292
/Users/jiangnanhugo/workspace/power-sharpening/Subtree-Prefetching-Power-Sharpening/case_studies/logs-entropycut/mbpp/2026-09-21/vllm/dataset-mbpp.model-qwen3.5-9b.alpha4.0.steps100.blocks-1.prefetch-budget-20.rank-accept_first.cut-entropy4.0.samples20.maxnew1024.seed10086.subtreePrefetch.vllm.log,422,5,68,0.022865475643262752
/Users/jiangnanhugo/workspace/power-sharpening/Subtree-Prefetching-Power-Sharpening/case_studies/logs-entropycut/mbpp/2026-09-21/vllm/dataset-mbpp.model-qwen3.5-9b.alpha4.0.steps100.blocks-1.prefetch-budget-20.rank-accept_first.cut-entropy4.0.samples20.maxnew1024.seed10086.subtreePrefetch.vllm.log,422,6,127,0.18679965259930537
/Users/jiangnanhugo/workspace/power-sharpening/Subtree-Prefetching-Power-Sharpening/case_studies/logs-entropycut/mbpp/2026-09-21/vllm/dataset-mbpp.model-qwen3.5-9b.alpha4.0.steps100.blocks-1.prefetch-budget-20.rank-accept_first.cut-entropy4.0.samples20.maxnew1024.seed10086.subtreePrefetch.vllm.log,422,7,59,0.174190143247647
/Users/jiangnanhugo/workspace/power-sharpening/Subtree-Prefetching-Power-Sharpening/case_studies/logs-entropycut/mbpp/2026-09-21/vllm/dataset-mbpp.model-qwen3.5-9b.alpha4.0.steps100.blocks-1.prefetch-budget-20.rank-accept_first.cut-entropy4.0.samples20.maxnew1024.seed10086.subtreePrefetch.vllm.log,422,8,59,0.174190143247647
/Users/jiangnanhugo/workspace/power-sharpening/Subtree-Prefetching-Power-Sharpening/case_studies/logs-entropycut/mbpp/2026-09-21/vllm/dataset-mbpp.model-qwen3.5-9b.alpha4.0.steps100.blocks-1.prefetch-budget-20.rank-accept_first.cut-entropy4.0.samples20.maxnew1024.seed10086.subtreePrefetch.vllm.log,422,9,76,0.23751767151690292
/Users/jiangnanhugo/workspace/power-sharpening/Subtree-Prefetching-Power-Sharpening/case_studies/logs-entropycut/mbpp/2026-09-21/vllm/dataset-mbpp.model-qwen3.5-9b.alpha4.0.steps100.blocks-1.prefetch-budget-20.rank-accept_first.cut-entropy4.0.samples20.maxnew1024.seed10086.subtreePrefetch.vllm.log,422,10,76,0.23751767151690292
/Users/jiangnanhugo/workspace/power-sharpening/Subtree-Prefetching-Power-Sharpening/case_studies/logs-entropycut/mbpp/2026-09-21/vllm/dataset-mbpp.model-qwen3.5-9b.alpha4.0.steps100.blocks-1.prefetch-budget-20.rank-accept_first.cut-entropy4.0.samples20.maxnew1024.seed10086.subtreePrefetch.vllm.log,422,11,266,0.045994087790784545
/Users/jiangnanhugo/workspace/power-sharpening/Subtree-Prefetching-Power-Sharpening/case_studies/logs-entropycut/mbpp/2026-09-21/vllm/dataset-mbpp.model-qwen3.5-9b.alpha4.0.steps100.blocks-1.prefetch-budget-20.rank-accept_first.cut-entropy4.0.samples20.maxnew1024.seed10086.subtreePrefetch.vllm.log,422,12,3,0.00782511459980872
/Users/jiangnanhugo/workspace/power-sharpening/Subtree-Prefetching-Power-Sharpening/case_studies/logs-entropycut/mbpp/2026-09-21/vllm/dataset-mbpp.model-qwen3.5-9b.alpha4.0.steps100.blocks-1.prefetch-budget-20.rank-accept_first.cut-entropy4.0.samples20.maxnew1024.seed10086.subtreePrefetch.vllm.log,423,0,326,0.049108594821277114
/Users/jiangnanhugo/workspace/power-sharpening/Subtree-Prefetching-Power-Sharpening/case_studies/logs-entropycut/mbpp/2026-09-21/vllm/dataset-mbpp.model-qwen3.5-9b.alpha4.0.steps100.blocks-1.prefetch-budget-20.rank-accept_first.cut-entropy4.0.samples20.maxnew1024.seed10086.subtreePrefetch.vllm.log,423,1,189,0.02059826914761059
/Users/jiangnanhugo/workspace/power-sharpening/Subtree-Prefetching-Power-Sharpening/case_studies/logs-entropycut/mbpp/2026-09-21/vllm/dataset-mbpp.model-qwen3.5-9b.alpha4.0.steps100.blocks-1.prefetch-budget-20.rank-accept_first.cut-entropy4.0.samples20.maxnew1024.seed10086.subtreePrefetch.vllm.log,423,2,841,0.06397211440104517
/Users/jiangnanhugo/workspace/power-sharpening/Subtree-Prefetching-Power-Sharpening/case_studies/logs-entropycut/mbpp/2026-09-21/vllm/dataset-mbpp.model-qwen3.5-9b.alpha4.0.steps100.blocks-1.prefetch-budget-20.rank-accept_first.cut-entropy4.0.samples20.maxnew1024.seed10086.subtreePrefetch.vllm.log,423,3,47,0.15955115263085837
/Users/jiangnanhugo/workspace/power-sharpening/Subtree-Prefetching-Power-Sharpening/case_studies/logs-entropycut/mbpp/2026-09-21/vllm/dataset-mbpp.model-qwen3.5-9b.alpha4.0.steps100.blocks-1.prefetch-budget-20.rank-accept_first.cut-entropy4.0.samples20.maxnew1024.seed10086.subtreePrefetch.vllm.log,423,4,36,0.07868425779193422
/Users/jiangnanhugo/workspace/power-sharpening/Subtree-Prefetching-Power-Sharpening/case_studies/logs-entropycut/mbpp/2026-09-21/vllm/dataset-mbpp.model-qwen3.5-9b.alpha4.0.steps100.blocks-1.prefetch-budget-20.rank-accept_first.cut-entropy4.0.samples20.maxnew1024.seed10086.subtreePrefetch.vllm.log,423,5,189,0.02059826914761059
/Users/jiangnanhugo/workspace/power-sharpening/Subtree-Prefetching-Power-Sharpening/case_studies/logs-entropycut/mbpp/2026-09-21/vllm/dataset-mbpp.model-qwen3.5-9b.alpha4.0.steps100.blocks-1.prefetch-budget-20.rank-accept_first.cut-entropy4.0.samples20.maxnew1024.seed10086.subtreePrefetch.vllm.log,423,6,36,0.07868425779193422
/Users/jiangnanhugo/workspace/power-sharpening/Subtree-Prefetching-Power-Sharpening/case_studies/logs-entropycut/mbpp/2026-09-21/vllm/dataset-mbpp.model-qwen3.5-9b.alpha4.0.steps100.blocks-1.prefetch-budget-20.rank-accept_first.cut-entropy4.0.samples20.maxnew1024.seed10086.subtreePrefetch.vllm.log,423,7,512,0.15420727435525136
/Users/jiangnanhugo/workspace/power-sharpening/Subtree-Prefetching-Power-Sharpening/case_studies/logs-entropycut/mbpp/2026-09-21/vllm/dataset-mbpp.model-qwen3.5-9b.alpha4.0.steps100.blocks-1.prefetch-budget-20.rank-accept_first.cut-entropy4.0.samples20.maxnew1024.seed10086.subtreePrefetch.vllm.log,423,8,679,0.0023718370988711924
/Users/jiangnanhugo/workspace/power-sharpening/Subtree-Prefetching-Power-Sharpening/case_studies/logs-entropycut/mbpp/2026-09-21/vllm/dataset-mbpp.model-qwen3.5-9b.alpha4.0.steps100.blocks-1.prefetch-budget-20.rank-accept_first.cut-entropy4.0.samples20.maxnew1024.seed10086.subtreePrefetch.vllm.log,423,9,36,0.07868425779193422
/Users/jiangnanhugo/workspace/power-sharpening/Subtree-Prefetching-Power-Sharpening/case_studies/logs-entropycut/mbpp/2026-09-21/vllm/dataset-mbpp.model-qwen3.5-9b.alpha4.0.steps100.blocks-1.prefetch-budget-20.rank-accept_first.cut-entropy4.0.samples20.maxnew1024.seed10086.subtreePrefetch.vllm.log,423,10,47,0.15955115263085837
/Users/jiangnanhugo/workspace/power-sharpening/Subtree-Prefetching-Power-Sharpening/case_studies/logs-entropycut/mbpp/2026-09-21/vllm/dataset-mbpp.model-qwen3.5-9b.alpha4.0.steps100.blocks-1.prefetch-budget-20.rank-accept_first.cut-entropy4.0.samples20.maxnew1024.seed10086.subtreePrefetch.vllm.log,423,11,36,0.07868425779193422
/Users/jiangnanhugo/workspace/power-sharpening/Subtree-Prefetching-Power-Sharpening/case_studies/logs-entropycut/mbpp/2026-09-21/vllm/dataset-mbpp.model-qwen3.5-9b.alpha4.0.steps100.blocks-1.prefetch-budget-20.rank-accept_first.cut-entropy4.0.samples20.maxnew1024.seed10086.subtreePrefetch.vllm.log,423,12,913,0.2564984470663415
/Users/jiangnanhugo/workspace/power-sharpening/Subtree-Prefetching-Power-Sharpening/case_studies/logs-entropycut/mbpp/2026-09-21/vllm/dataset-mbpp.model-qwen3.5-9b.alpha4.0.steps100.blocks-1.prefetch-budget-20.rank-accept_first.cut-entropy4.0.samples20.maxnew1024.seed10086.subtreePrefetch.vllm.log,423,13,47,0.15955115263085837
/Users/jiangnanhugo/workspace/power-sharpening/Subtree-Prefetching-Power-Sharpening/case_studies/logs-entropycut/mbpp/2026-09-21/vllm/dataset-mbpp.model-qwen3.5-9b.alpha4.0.steps100.blocks-1.prefetch-budget-20.rank-accept_first.cut-entropy4.0.samples20.maxnew1024.seed10086.subtreePrefetch.vllm.log,423,14,512,0.15420727435525136
/Users/jiangnanhugo/workspace/power-sharpening/Subtree-Prefetching-Power-Sharpening/case_studies/logs-entropycut/mbpp/2026-09-21/vllm/dataset-mbpp.model-qwen3.5-9b.alpha4.0.steps100.blocks-1.prefetch-budget-20.rank-accept_first.cut-entropy4.0.samples20.maxnew1024.seed10086.subtreePrefetch.vllm.log,423,15,47,0.15955115263085837
/Users/jiangnanhugo/workspace/power-sharpening/Subtree-Prefetching-Power-Sharpening/case_studies/logs-entropycut/mbpp/2026-09-21/vllm/dataset-mbpp.model-qwen3.5-9b.alpha4.0.steps100.blocks-1.prefetch-budget-20.rank-accept_first.cut-entropy4.0.samples20.maxnew1024.seed10086.subtreePrefetch.vllm.log,423,16,36,0.07868425779193422
/Users/jiangnanhugo/workspace/power-sharpening/Subtree-Prefetching-Power-Sharpening/case_studies/logs-entropycut/mbpp/2026-09-21/vllm/dataset-mbpp.model-qwen3.5-9b.alpha4.0.steps100.blocks-1.prefetch-budget-20.rank-accept_first.cut-entropy4.0.samples20.maxnew1024.seed10086.subtreePrefetch.vllm.log,423,17,913,0.2564984470663415
/Users/jiangnanhugo/workspace/power-sharpening/Subtree-Prefetching-Power-Sharpening/case_studies/logs-entropycut/mbpp/2026-09-21/vllm/dataset-mbpp.model-qwen3.5-9b.alpha4.0.steps100.blocks-1.prefetch-budget-20.rank-accept_first.cut-entropy4.0.samples20.maxnew1024.seed10086.subtreePrefetch.vllm.log,423,18,36,0.07868425779193422
/Users/jiangnanhugo/workspace/power-sharpening/Subtree-Prefetching-Power-Sharpening/case_studies/logs-entropycut/mbpp/2026-09-21/vllm/dataset-mbpp.model-qwen3.5-9b.alpha4.0.steps100.blocks-1.prefetch-budget-20.rank-accept_first.cut-entropy4.0.samples20.maxnew1024.seed10086.subtreePrefetch.vllm.log,423,19,913,0.2564984470663415
/Users/jiangnanhugo/workspace/power-sharpening/Subtree-Prefetching-Power-Sharpening/case_studies/logs-entropycut/mbpp/2026-09-21/vllm/dataset-mbpp.model-qwen3.5-9b.alpha4.0.steps100.blocks-1.prefetch-budget-20.rank-accept_first.cut-entropy4.0.samples20.maxnew1024.seed10086.subtreePrefetch.vllm.log,424,0,918,0.11395149814337846
/Users/jiangnanhugo/workspace/power-sharpening/Subtree-Prefetching-Power-Sharpening/case_studies/logs-entropycut/mbpp/2026-09-21/vllm/dataset-mbpp.model-qwen3.5-9b.alpha4.0.steps100.blocks-1.prefetch-budget-20.rank-accept_first.cut-entropy4.0.samples20.maxnew1024.seed10086.subtreePrefetch.vllm.log,424,1,326,0.058212248309928605
/Users/jiangnanhugo/workspace/power-sharpening/Subtree-Prefetching-Power-Sharpening/case_studies/logs-entropycut/mbpp/2026-09-21/vllm/dataset-mbpp.model-qwen3.5-9b.alpha4.0.steps100.blocks-1.prefetch-budget-20.rank-accept_first.cut-entropy4.0.samples20.maxnew1024.seed10086.subtreePrefetch.vllm.log,424,2,322,0.0403703025207402
/Users/jiangnanhugo/workspace/power-sharpening/Subtree-Prefetching-Power-Sharpening/case_studies/logs-entropycut/mbpp/2026-09-21/vllm/dataset-mbpp.model-qwen3.5-9b.alpha4.0.steps100.blocks-1.prefetch-budget-20.rank-accept_first.cut-entropy4.0.samples20.maxnew1024.seed10086.subtreePrefetch.vllm.log,424,3,47,0.19217769040717944
/Users/jiangnanhugo/workspace/power-sharpening/Subtree-Prefetching-Power-Sharpening/case_studies/logs-entropycut/mbpp/2026-09-21/vllm/dataset-mbpp.model-qwen3.5-9b.alpha4.0.steps100.blocks-1.prefetch-budget-20.rank-accept_first.cut-entropy4.0.samples20.maxnew1024.seed10086.subtreePrefetch.vllm.log,424,4,47,0.19217769040717944
/Users/jiangnanhugo/workspace/power-sharpening/Subtree-Prefetching-Power-Sharpening/case_studies/logs-entropycut/mbpp/2026-09-21/vllm/dataset-mbpp.model-qwen3.5-9b.alpha4.0.steps100.blocks-1.prefetch-budget-20.rank-accept_first.cut-entropy4.0.samples20.maxnew1024.seed10086.subtreePrefetch.vllm.log,424,5,2,0.008250946301295562
/Users/jiangnanhugo/workspace/power-sharpening/Subtree-Prefetching-Power-Sharpening/case_studies/logs-entropycut/mbpp/2026-09-21/vllm/dataset-mbpp.model-qwen3.5-9b.alpha4.0.steps100.blocks-1.prefetch-budget-20.rank-accept_first.cut-entropy4.0.samples20.maxnew1024.seed10086.subtreePrefetch.vllm.log,424,6,47,0.19217769040717944
/Users/jiangnanhugo/workspace/power-sharpening/Subtree-Prefetching-Power-Sharpening/case_studies/logs-entropycut/mbpp/2026-09-21/vllm/dataset-mbpp.model-qwen3.5-9b.alpha4.0.steps100.blocks-1.prefetch-budget-20.rank-accept_first.cut-entropy4.0.samples20.maxnew1024.seed10086.subtreePrefetch.vllm.log,424,7,219,0.01496851171704856
/Users/jiangnanhugo/workspace/power-sharpening/Subtree-Prefetching-Power-Sharpening/case_studies/logs-entropycut/mbpp/2026-09-21/vllm/dataset-mbpp.model-qwen3.5-9b.alpha4.0.steps100.blocks-1.prefetch-budget-20.rank-accept_first.cut-entropy4.0.samples20.maxnew1024.seed10086.subtreePrefetch.vllm.log,424,8,36,0.09477436348480787
/Users/jiangnanhugo/workspace/power-sharpening/Subtree-Prefetching-Power-Sharpening/case_studies/logs-entropycut/mbpp/2026-09-21/vllm/dataset-mbpp.model-qwen3.5-9b.alpha4.0.steps100.blocks-1.prefetch-budget-20.rank-accept_first.cut-entropy4.0.samples20.maxnew1024.seed10086.subtreePrefetch.vllm.log,424,9,47,0.19217769040717944
/Users/jiangnanhugo/workspace/power-sharpening/Subtree-Prefetching-Power-Sharpening/case_studies/logs-entropycut/mbpp/2026-09-21/vllm/dataset-mbpp.model-qwen3.5-9b.alpha4.0.steps100.blocks-1.prefetch-budget-20.rank-accept_first.cut-entropy4.0.samples20.maxnew1024.seed10086.subtreePrefetch.vllm.log,424,10,47,0.19217769040717944
/Users/jiangnanhugo/workspace/power-sharpening/Subtree-Prefetching-Power-Sharpening/case_studies/logs-entropycut/mbpp/2026-09-21/vllm/dataset-mbpp.model-qwen3.5-9b.alpha4.0.steps100.blocks-1.prefetch-budget-20.rank-accept_first.cut-entropy4.0.samples20.maxnew1024.seed10086.subtreePrefetch.vllm.log,424,11,47,0.19217769040717944
/Users/jiangnanhugo/workspace/power-sharpening/Subtree-Prefetching-Power-Sharpening/case_studies/logs-entropycut/mbpp/2026-09-21/vllm/dataset-mbpp.model-qwen3.5-9b.alpha4.0.steps100.blocks-1.prefetch-budget-20.rank-accept_first.cut-entropy4.0.samples20.maxnew1024.seed10086.subtreePrefetch.vllm.log,424,12,36,0.09477436348480787
/Users/jiangnanhugo/workspace/power-sharpening/Subtree-Prefetching-Power-Sharpening/case_studies/logs-entropycut/mbpp/2026-09-21/vllm/dataset-mbpp.model-qwen3.5-9b.alpha4.0.steps100.blocks-1.prefetch-budget-20.rank-accept_first.cut-entropy4.0.samples20.maxnew1024.seed10086.subtreePrefetch.vllm.log,424,13,36,0.09477436348480787
/Users/jiangnanhugo/workspace/power-sharpening/Subtree-Prefetching-Power-Sharpening/case_studies/logs-entropycut/mbpp/2026-09-21/vllm/dataset-mbpp.model-qwen3.5-9b.alpha4.0.steps100.blocks-1.prefetch-budget-20.rank-accept_first.cut-entropy4.0.samples20.maxnew1024.seed10086.subtreePrefetch.vllm.log,424,14,36,0.09477436348480787
/Users/jiangnanhugo/workspace/power-sharpening/Subtree-Prefetching-Power-Sharpening/case_studies/logs-entropycut/mbpp/2026-09-21/vllm/dataset-mbpp.model-qwen3.5-9b.alpha4.0.steps100.blocks-1.prefetch-budget-20.rank-accept_first.cut-entropy4.0.samples20.maxnew1024.seed10086.subtreePrefetch.vllm.log,424,15,47,0.19217769040717944
/Users/jiangnanhugo/workspace/power-sharpening/Subtree-Prefetching-Power-Sharpening/case_studies/logs-entropycut/mbpp/2026-09-21/vllm/dataset-mbpp.model-qwen3.5-9b.alpha4.0.steps100.blocks-1.prefetch-budget-20.rank-accept_first.cut-entropy4.0.samples20.maxnew1024.seed10086.subtreePrefetch.vllm.log,424,16,47,0.19217769040717944
/Users/jiangnanhugo/workspace/power-sharpening/Subtree-Prefetching-Power-Sharpening/case_studies/logs-entropycut/mbpp/2026-09-21/vllm/dataset-mbpp.model-qwen3.5-9b.alpha4.0.steps100.blocks-1.prefetch-budget-20.rank-accept_first.cut-entropy4.0.samples20.maxnew1024.seed10086.subtreePrefetch.vllm.log,424,17,47,0.19217769040717944
/Users/jiangnanhugo/workspace/power-sharpening/Subtree-Prefetching-Power-Sharpening/case_studies/logs-entropycut/mbpp/2026-09-21/vllm/dataset-mbpp.model-qwen3.5-9b.alpha4.0.steps100.blocks-1.prefetch-budget-20.rank-accept_first.cut-entropy4.0.samples20.maxnew1024.seed10086.subtreePrefetch.vllm.log,424,18,47,0.19217769040717944
/Users/jiangnanhugo/workspace/power-sharpening/Subtree-Prefetching-Power-Sharpening/case_studies/logs-entropycut/mbpp/2026-09-21/vllm/dataset-mbpp.model-qwen3.5-9b.alpha4.0.steps100.blocks-1.prefetch-budget-20.rank-accept_first.cut-entropy4.0.samples20.maxnew1024.seed10086.subtreePrefetch.vllm.log,424,19,47,0.19217769040717944
/Users/jiangnanhugo/workspace/power-sharpening/Subtree-Prefetching-Power-Sharpening/case_studies/logs-entropycut/mbpp/2026-09-21/vllm/dataset-mbpp.model-qwen3.5-9b.alpha4.0.steps100.blocks-1.prefetch-budget-20.rank-accept_first.cut-entropy4.0.samples20.maxnew1024.seed10086.subtreePrefetch.vllm.log,425,0,47,0.22682934040034575
/Users/jiangnanhugo/workspace/power-sharpening/Subtree-Prefetching-Power-Sharpening/case_studies/logs-entropycut/mbpp/2026-09-21/vllm/dataset-mbpp.model-qwen3.5-9b.alpha4.0.steps100.blocks-1.prefetch-budget-20.rank-accept_first.cut-entropy4.0.samples20.maxnew1024.seed10086.subtreePrefetch.vllm.log,425,1,47,0.22682934040034575
/Users/jiangnanhugo/workspace/power-sharpening/Subtree-Prefetching-Power-Sharpening/case_studies/logs-entropycut/mbpp/2026-09-21/vllm/dataset-mbpp.model-qwen3.5-9b.alpha4.0.steps100.blocks-1.prefetch-budget-20.rank-accept_first.cut-entropy4.0.samples20.maxnew1024.seed10086.subtreePrefetch.vllm.log,425,2,47,0.22682934040034575
/Users/jiangnanhugo/workspace/power-sharpening/Subtree-Prefetching-Power-Sharpening/case_studies/logs-entropycut/mbpp/2026-09-21/vllm/dataset-mbpp.model-qwen3.5-9b.alpha4.0.steps100.blocks-1.prefetch-budget-20.rank-accept_first.cut-entropy4.0.samples20.maxnew1024.seed10086.subtreePrefetch.vllm.log,425,3,47,0.22682934040034575
/Users/jiangnanhugo/workspace/power-sharpening/Subtree-Prefetching-Power-Sharpening/case_studies/logs-entropycut/mbpp/2026-09-21/vllm/dataset-mbpp.model-qwen3.5-9b.alpha4.0.steps100.blocks-1.prefetch-budget-20.rank-accept_first.cut-entropy4.0.samples20.maxnew1024.seed10086.subtreePrefetch.vllm.log,425,4,692,0.027961200548465032
/Users/jiangnanhugo/workspace/power-sharpening/Subtree-Prefetching-Power-Sharpening/case_studies/logs-entropycut/mbpp/2026-09-21/vllm/dataset-mbpp.model-qwen3.5-9b.alpha4.0.steps100.blocks-1.prefetch-budget-20.rank-accept_first.cut-entropy4.0.samples20.maxnew1024.seed10086.subtreePrefetch.vllm.log,425,5,47,0.22682934040034575
/Users/jiangnanhugo/workspace/power-sharpening/Subtree-Prefetching-Power-Sharpening/case_studies/logs-entropycut/mbpp/2026-09-21/vllm/dataset-mbpp.model-qwen3.5-9b.alpha4.0.steps100.blocks-1.prefetch-budget-20.rank-accept_first.cut-entropy4.0.samples20.maxnew1024.seed10086.subtreePrefetch.vllm.log,425,6,47,0.22682934040034575
/Users/jiangnanhugo/workspace/power-sharpening/Subtree-Prefetching-Power-Sharpening/case_studies/logs-entropycut/mbpp/2026-09-21/vllm/dataset-mbpp.model-qwen3.5-9b.alpha4.0.steps100.blocks-1.prefetch-budget-20.rank-accept_first.cut-entropy4.0.samples20.maxnew1024.seed10086.subtreePrefetch.vllm.log,425,7,47,0.22682934040034575
/Users/jiangnanhugo/workspace/power-sharpening/Subtree-Prefetching-Power-Sharpening/case_studies/logs-entropycut/mbpp/2026-09-21/vllm/dataset-mbpp.model-qwen3.5-9b.alpha4.0.steps100.blocks-1.prefetch-budget-20.rank-accept_first.cut-entropy4.0.samples20.maxnew1024.seed10086.subtreePrefetch.vllm.log,425,8,47,0.22682934040034575
/Users/jiangnanhugo/workspace/power-sharpening/Subtree-Prefetching-Power-Sharpening/case_studies/logs-entropycut/mbpp/2026-09-21/vllm/dataset-mbpp.model-qwen3.5-9b.alpha4.0.steps100.blocks-1.prefetch-budget-20.rank-accept_first.cut-entropy4.0.samples20.maxnew1024.seed10086.subtreePrefetch.vllm.log,425,9,47,0.22682934040034575
/Users/jiangnanhugo/workspace/power-sharpening/Subtree-Prefetching-Power-Sharpening/case_studies/logs-entropycut/mbpp/2026-09-21/vllm/dataset-mbpp.model-qwen3.5-9b.alpha4.0.steps100.blocks-1.prefetch-budget-20.rank-accept_first.cut-entropy4.0.samples20.maxnew1024.seed10086.subtreePrefetch.vllm.log,425,10,36,0.10722569974415733
/Users/jiangnanhugo/workspace/power-sharpening/Subtree-Prefetching-Power-Sharpening/case_studies/logs-entropycut/mbpp/2026-09-21/vllm/dataset-mbpp.model-qwen3.5-9b.alpha4.0.steps100.blocks-1.prefetch-budget-20.rank-accept_first.cut-entropy4.0.samples20.maxnew1024.seed10086.subtreePrefetch.vllm.log,425,11,47,0.22682934040034575
/Users/jiangnanhugo/workspace/power-sharpening/Subtree-Prefetching-Power-Sharpening/case_studies/logs-entropycut/mbpp/2026-09-21/vllm/dataset-mbpp.model-qwen3.5-9b.alpha4.0.steps100.blocks-1.prefetch-budget-20.rank-accept_first.cut-entropy4.0.samples20.maxnew1024.seed10086.subtreePrefetch.vllm.log,425,12,47,0.22682934040034575
/Users/jiangnanhugo/workspace/power-sharpening/Subtree-Prefetching-Power-Sharpening/case_studies/logs-entropycut/mbpp/2026-09-21/vllm/dataset-mbpp.model-qwen3.5-9b.alpha4.0.steps100.blocks-1.prefetch-budget-20.rank-accept_first.cut-entropy4.0.samples20.maxnew1024.seed10086.subtreePrefetch.vllm.log,425,13,47,0.22682934040034575
/Users/jiangnanhugo/workspace/power-sharpening/Subtree-Prefetching-Power-Sharpening/case_studies/logs-entropycut/mbpp/2026-09-21/vllm/dataset-mbpp.model-qwen3.5-9b.alpha4.0.steps100.blocks-1.prefetch-budget-20.rank-accept_first.cut-entropy4.0.samples20.maxnew1024.seed10086.subtreePrefetch.vllm.log,425,14,47,0.22682934040034575
/Users/jiangnanhugo/workspace/power-sharpening/Subtree-Prefetching-Power-Sharpening/case_studies/logs-entropycut/mbpp/2026-09-21/vllm/dataset-mbpp.model-qwen3.5-9b.alpha4.0.steps100.blocks-1.prefetch-budget-20.rank-accept_first.cut-entropy4.0.samples20.maxnew1024.seed10086.subtreePrefetch.vllm.log,425,15,47,0.22682934040034575
/Users/jiangnanhugo/workspace/power-sharpening/Subtree-Prefetching-Power-Sharpening/case_studies/logs-entropycut/mbpp/2026-09-21/vllm/dataset-mbpp.model-qwen3.5-9b.alpha4.0.steps100.blocks-1.prefetch-budget-20.rank-accept_first.cut-entropy4.0.samples20.maxnew1024.seed10086.subtreePrefetch.vllm.log,425,16,915,0.025822035471026846
/Users/jiangnanhugo/workspace/power-sharpening/Subtree-Prefetching-Power-Sharpening/case_studies/logs-entropycut/mbpp/2026-09-21/vllm/dataset-mbpp.model-qwen3.5-9b.alpha4.0.steps100.blocks-1.prefetch-budget-20.rank-accept_first.cut-entropy4.0.samples20.maxnew1024.seed10086.subtreePrefetch.vllm.log,425,17,36,0.10722569974415733
/Users/jiangnanhugo/workspace/power-sharpening/Subtree-Prefetching-Power-Sharpening/case_studies/logs-entropycut/mbpp/2026-09-21/vllm/dataset-mbpp.model-qwen3.5-9b.alpha4.0.steps100.blocks-1.prefetch-budget-20.rank-accept_first.cut-entropy4.0.samples20.maxnew1024.seed10086.subtreePrefetch.vllm.log,425,18,47,0.22682934040034575
/Users/jiangnanhugo/workspace/power-sharpening/Subtree-Prefetching-Power-Sharpening/case_studies/logs-entropycut/mbpp/2026-09-21/vllm/dataset-mbpp.model-qwen3.5-9b.alpha4.0.steps100.blocks-1.prefetch-budget-20.rank-accept_first.cut-entropy4.0.samples20.maxnew1024.seed10086.subtreePrefetch.vllm.log,425,19,36,0.10722569974415733
/Users/jiangnanhugo/workspace/power-sharpening/Subtree-Prefetching-Power-Sharpening/case_studies/logs-entropycut/mbpp/2026-09-21/vllm/dataset-mbpp.model-qwen3.5-9b.alpha4.0.steps100.blocks-1.prefetch-budget-20.rank-accept_first.cut-entropy4.0.samples20.maxnew1024.seed10086.subtreePrefetch.vllm.log,426,0,36,0.1073908301450758
/Users/jiangnanhugo/workspace/power-sharpening/Subtree-Prefetching-Power-Sharpening/case_studies/logs-entropycut/mbpp/2026-09-21/vllm/dataset-mbpp.model-qwen3.5-9b.alpha4.0.steps100.blocks-1.prefetch-budget-20.rank-accept_first.cut-entropy4.0.samples20.maxnew1024.seed10086.subtreePrefetch.vllm.log,426,1,36,0.1073908301450758
/Users/jiangnanhugo/workspace/power-sharpening/Subtree-Prefetching-Power-Sharpening/case_studies/logs-entropycut/mbpp/2026-09-21/vllm/dataset-mbpp.model-qwen3.5-9b.alpha4.0.steps100.blocks-1.prefetch-budget-20.rank-accept_first.cut-entropy4.0.samples20.maxnew1024.seed10086.subtreePrefetch.vllm.log,426,2,36,0.1073908301450758
/Users/jiangnanhugo/workspace/power-sharpening/Subtree-Prefetching-Power-Sharpening/case_studies/logs-entropycut/mbpp/2026-09-21/vllm/dataset-mbpp.model-qwen3.5-9b.alpha4.0.steps100.blocks-1.prefetch-budget-20.rank-accept_first.cut-entropy4.0.samples20.maxnew1024.seed10086.subtreePrefetch.vllm.log,426,3,30,0.021325127901036224
/Users/jiangnanhugo/workspace/power-sharpening/Subtree-Prefetching-Power-Sharpening/case_studies/logs-entropycut/mbpp/2026-09-21/vllm/dataset-mbpp.model-qwen3.5-9b.alpha4.0.steps100.blocks-1.prefetch-budget-20.rank-accept_first.cut-entropy4.0.samples20.maxnew1024.seed10086.subtreePrefetch.vllm.log,426,4,679,0.044719191084752585
/Users/jiangnanhugo/workspace/power-sharpening/Subtree-Prefetching-Power-Sharpening/case_studies/logs-entropycut/mbpp/2026-09-21/vllm/dataset-mbpp.model-qwen3.5-9b.alpha4.0.steps100.blocks-1.prefetch-budget-20.rank-accept_first.cut-entropy4.0.samples20.maxnew1024.seed10086.subtreePrefetch.vllm.log,426,5,36,0.1073908301450758
/Users/jiangnanhugo/workspace/power-sharpening/Subtree-Prefetching-Power-Sharpening/case_studies/logs-entropycut/mbpp/2026-09-21/vllm/dataset-mbpp.model-qwen3.5-9b.alpha4.0.steps100.blocks-1.prefetch-budget-20.rank-accept_first.cut-entropy4.0.samples20.maxnew1024.seed10086.subtreePrefetch.vllm.log,426,6,512,0.1926838181780074
/Users/jiangnanhugo/workspace/power-sharpening/Subtree-Prefetching-Power-Sharpening/case_studies/logs-entropycut/mbpp/2026-09-21/vllm/dataset-mbpp.model-qwen3.5-9b.alpha4.0.steps100.blocks-1.prefetch-budget-20.rank-accept_first.cut-entropy4.0.samples20.maxnew1024.seed10086.subtreePrefetch.vllm.log,426,7,322,0.04670627544757008
/Users/jiangnanhugo/workspace/power-sharpening/Subtree-Prefetching-Power-Sharpening/case_studies/logs-entropycut/mbpp/2026-09-21/vllm/dataset-mbpp.model-qwen3.5-9b.alpha4.0.steps100.blocks-1.prefetch-budget-20.rank-accept_first.cut-entropy4.0.samples20.maxnew1024.seed10086.subtreePrefetch.vllm.log,426,8,47,0.2286437659418503
/Users/jiangnanhugo/workspace/power-sharpening/Subtree-Prefetching-Power-Sharpening/case_studies/logs-entropycut/mbpp/2026-09-21/vllm/dataset-mbpp.model-qwen3.5-9b.alpha4.0.steps100.blocks-1.prefetch-budget-20.rank-accept_first.cut-entropy4.0.samples20.maxnew1024.seed10086.subtreePrefetch.vllm.log,426,9,36,0.1073908301450758
/Users/jiangnanhugo/workspace/power-sharpening/Subtree-Prefetching-Power-Sharpening/case_studies/logs-entropycut/mbpp/2026-09-21/vllm/dataset-mbpp.model-qwen3.5-9b.alpha4.0.steps100.blocks-1.prefetch-budget-20.rank-accept_first.cut-entropy4.0.samples20.maxnew1024.seed10086.subtreePrefetch.vllm.log,426,10,30,0.021325127901036224
/Users/jiangnanhugo/workspace/power-sharpening/Subtree-Prefetching-Power-Sharpening/case_studies/logs-entropycut/mbpp/2026-09-21/vllm/dataset-mbpp.model-qwen3.5-9b.alpha4.0.steps100.blocks-1.prefetch-budget-20.rank-accept_first.cut-entropy4.0.samples20.maxnew1024.seed10086.subtreePrefetch.vllm.log,426,11,90,0.009605986950443566
/Users/jiangnanhugo/workspace/power-sharpening/Subtree-Prefetching-Power-Sharpening/case_studies/logs-entropycut/mbpp/2026-09-21/vllm/dataset-mbpp.model-qwen3.5-9b.alpha4.0.steps100.blocks-1.prefetch-budget-20.rank-accept_first.cut-entropy4.0.samples20.maxnew1024.seed10086.subtreePrefetch.vllm.log,426,12,47,0.2286437659418503
/Users/jiangnanhugo/workspace/power-sharpening/Subtree-Prefetching-Power-Sharpening/case_studies/logs-entropycut/mbpp/2026-09-21/vllm/dataset-mbpp.model-qwen3.5-9b.alpha4.0.steps100.blocks-1.prefetch-budget-20.rank-accept_first.cut-entropy4.0.samples20.maxnew1024.seed10086.subtreePrefetch.vllm.log,426,13,47,0.2286437659418503
/Users/jiangnanhugo/workspace/power-sharpening/Subtree-Prefetching-Power-Sharpening/case_studies/logs-entropycut/mbpp/2026-09-21/vllm/dataset-mbpp.model-qwen3.5-9b.alpha4.0.steps100.blocks-1.prefetch-budget-20.rank-accept_first.cut-entropy4.0.samples20.maxnew1024.seed10086.subtreePrefetch.vllm.log,426,14,47,0.2286437659418503
/Users/jiangnanhugo/workspace/power-sharpening/Subtree-Prefetching-Power-Sharpening/case_studies/logs-entropycut/mbpp/2026-09-21/vllm/dataset-mbpp.model-qwen3.5-9b.alpha4.0.steps100.blocks-1.prefetch-budget-20.rank-accept_first.cut-entropy4.0.samples20.maxnew1024.seed10086.subtreePrefetch.vllm.log,426,15,36,0.1073908301450758
/Users/jiangnanhugo/workspace/power-sharpening/Subtree-Prefetching-Power-Sharpening/case_studies/logs-entropycut/mbpp/2026-09-21/vllm/dataset-mbpp.model-qwen3.5-9b.alpha4.0.steps100.blocks-1.prefetch-budget-20.rank-accept_first.cut-entropy4.0.samples20.maxnew1024.seed10086.subtreePrefetch.vllm.log,426,16,67,0.0019284145150217764
/Users/jiangnanhugo/workspace/power-sharpening/Subtree-Prefetching-Power-Sharpening/case_studies/logs-entropycut/mbpp/2026-09-21/vllm/dataset-mbpp.model-qwen3.5-9b.alpha4.0.steps100.blocks-1.prefetch-budget-20.rank-accept_first.cut-entropy4.0.samples20.maxnew1024.seed10086.subtreePrefetch.vllm.log,426,17,36,0.1073908301450758
/Users/jiangnanhugo/workspace/power-sharpening/Subtree-Prefetching-Power-Sharpening/case_studies/logs-entropycut/mbpp/2026-09-21/vllm/dataset-mbpp.model-qwen3.5-9b.alpha4.0.steps100.blocks-1.prefetch-budget-20.rank-accept_first.cut-entropy4.0.samples20.maxnew1024.seed10086.subtreePrefetch.vllm.log,426,18,47,0.2286437659418503
/Users/jiangnanhugo/workspace/power-sharpening/Subtree-Prefetching-Power-Sharpening/case_studies/logs-entropycut/mbpp/2026-09-21/vllm/dataset-mbpp.model-qwen3.5-9b.alpha4.0.steps100.blocks-1.prefetch-budget-20.rank-accept_first.cut-entropy4.0.samples20.maxnew1024.seed10086.subtreePrefetch.vllm.log,426,19,47,0.2286437659418503
/Users/jiangnanhugo/workspace/power-sharpening/Subtree-Prefetching-Power-Sharpening/case_studies/logs-entropycut/mbpp/2026-09-21/vllm/dataset-mbpp.model-qwen3.5-9b.alpha4.0.steps100.blocks-1.prefetch-budget-20.rank-accept_first.cut-entropy4.0.samples20.maxnew1024.seed10086.subtreePrefetch.vllm.log,427,0,374,0.021096928693324763
/Users/jiangnanhugo/workspace/power-sharpening/Subtree-Prefetching-Power-Sharpening/case_studies/logs-entropycut/mbpp/2026-09-21/vllm/dataset-mbpp.model-qwen3.5-9b.alpha4.0.steps100.blocks-1.prefetch-budget-20.rank-accept_first.cut-entropy4.0.samples20.maxnew1024.seed10086.subtreePrefetch.vllm.log,427,1,817,0.021030575662773297
/Users/jiangnanhugo/workspace/power-sharpening/Subtree-Prefetching-Power-Sharpening/case_studies/logs-entropycut/mbpp/2026-09-21/vllm/dataset-mbpp.model-qwen3.5-9b.alpha4.0.steps100.blocks-1.prefetch-budget-20.rank-accept_first.cut-entropy4.0.samples20.maxnew1024.seed10086.subtreePrefetch.vllm.log,427,2,189,0.033446647091412526
/Users/jiangnanhugo/workspace/power-sharpening/Subtree-Prefetching-Power-Sharpening/case_studies/logs-entropycut/mbpp/2026-09-21/vllm/dataset-mbpp.model-qwen3.5-9b.alpha4.0.steps100.blocks-1.prefetch-budget-20.rank-accept_first.cut-entropy4.0.samples20.maxnew1024.seed10086.subtreePrefetch.vllm.log,427,3,90,0.009605986950443566
/Users/jiangnanhugo/workspace/power-sharpening/Subtree-Prefetching-Power-Sharpening/case_studies/logs-entropycut/mbpp/2026-09-21/vllm/dataset-mbpp.model-qwen3.5-9b.alpha4.0.steps100.blocks-1.prefetch-budget-20.rank-accept_first.cut-entropy4.0.samples20.maxnew1024.seed10086.subtreePrefetch.vllm.log,427,4,322,0.04670627544757008
/Users/jiangnanhugo/workspace/power-sharpening/Subtree-Prefetching-Power-Sharpening/case_studies/logs-entropycut/mbpp/2026-09-21/vllm/dataset-mbpp.model-qwen3.5-9b.alpha4.0.steps100.blocks-1.prefetch-budget-20.rank-accept_first.cut-entropy4.0.samples20.maxnew1024.seed10086.subtreePrefetch.vllm.log,427,5,90,0.009605986950443566
/Users/jiangnanhugo/workspace/power-sharpening/Subtree-Prefetching-Power-Sharpening/case_studies/logs-entropycut/mbpp/2026-09-21/vllm/dataset-mbpp.model-qwen3.5-9b.alpha4.0.steps100.blocks-1.prefetch-budget-20.rank-accept_first.cut-entropy4.0.samples20.maxnew1024.seed10086.subtreePrefetch.vllm.log,427,6,47,0.2286437659418503
/Users/jiangnanhugo/workspace/power-sharpening/Subtree-Prefetching-Power-Sharpening/case_studies/logs-entropycut/mbpp/2026-09-21/vllm/dataset-mbpp.model-qwen3.5-9b.alpha4.0.steps100.blocks-1.prefetch-budget-20.rank-accept_first.cut-entropy4.0.samples20.maxnew1024.seed10086.subtreePrefetch.vllm.log,427,7,36,0.1073908301450758
/Users/jiangnanhugo/workspace/power-sharpening/Subtree-Prefetching-Power-Sharpening/case_studies/logs-entropycut/mbpp/2026-09-21/vllm/dataset-mbpp.model-qwen3.5-9b.alpha4.0.steps100.blocks-1.prefetch-budget-20.rank-accept_first.cut-entropy4.0.samples20.maxnew1024.seed10086.subtreePrefetch.vllm.log,427,8,679,0.044719191084752585
/Users/jiangnanhugo/workspace/power-sharpening/Subtree-Prefetching-Power-Sharpening/case_studies/logs-entropycut/mbpp/2026-09-21/vllm/dataset-mbpp.model-qwen3.5-9b.alpha4.0.steps100.blocks-1.prefetch-budget-20.rank-accept_first.cut-entropy4.0.samples20.maxnew1024.seed10086.subtreePrefetch.vllm.log,427,9,512,0.1926838181780074
/Users/jiangnanhugo/workspace/power-sharpening/Subtree-Prefetching-Power-Sharpening/case_studies/logs-entropycut/mbpp/2026-09-21/vllm/dataset-mbpp.model-qwen3.5-9b.alpha4.0.steps100.blocks-1.prefetch-budget-20.rank-accept_first.cut-entropy4.0.samples20.maxnew1024.seed10086.subtreePrefetch.vllm.log,427,10,189,0.033446647091412526
/Users/jiangnanhugo/workspace/power-sharpening/Subtree-Prefetching-Power-Sharpening/case_studies/logs-entropycut/mbpp/2026-09-21/vllm/dataset-mbpp.model-qwen3.5-9b.alpha4.0.steps100.blocks-1.prefetch-budget-20.rank-accept_first.cut-entropy4.0.samples20.maxnew1024.seed10086.subtreePrefetch.vllm.log,427,11,47,0.2286437659418503
/Users/jiangnanhugo/workspace/power-sharpening/Subtree-Prefetching-Power-Sharpening/case_studies/logs-entropycut/mbpp/2026-09-21/vllm/dataset-mbpp.model-qwen3.5-9b.alpha4.0.steps100.blocks-1.prefetch-budget-20.rank-accept_first.cut-entropy4.0.samples20.maxnew1024.seed10086.subtreePrefetch.vllm.log,427,12,36,0.1073908301450758
/Users/jiangnanhugo/workspace/power-sharpening/Subtree-Prefetching-Power-Sharpening/case_studies/logs-entropycut/mbpp/2026-09-21/vllm/dataset-mbpp.model-qwen3.5-9b.alpha4.0.steps100.blocks-1.prefetch-budget-20.rank-accept_first.cut-entropy4.0.samples20.maxnew1024.seed10086.subtreePrefetch.vllm.log,427,13,121,0.0032847498478670266
/Users/jiangnanhugo/workspace/power-sharpening/Subtree-Prefetching-Power-Sharpening/case_studies/logs-entropycut/mbpp/2026-09-21/vllm/dataset-mbpp.model-qwen3.5-9b.alpha4.0.steps100.blocks-1.prefetch-budget-20.rank-accept_first.cut-entropy4.0.samples20.maxnew1024.seed10086.subtreePrefetch.vllm.log,427,14,679,0.044719191084752585
/Users/jiangnanhugo/workspace/power-sharpening/Subtree-Prefetching-Power-Sharpening/case_studies/logs-entropycut/mbpp/2026-09-21/vllm/dataset-mbpp.model-qwen3.5-9b.alpha4.0.steps100.blocks-1.prefetch-budget-20.rank-accept_first.cut-entropy4.0.samples20.maxnew1024.seed10086.subtreePrefetch.vllm.log,427,15,360,0.00010262110947690713
/Users/jiangnanhugo/workspace/power-sharpening/Subtree-Prefetching-Power-Sharpening/case_studies/logs-entropycut/mbpp/2026-09-21/vllm/dataset-mbpp.model-qwen3.5-9b.alpha4.0.steps100.blocks-1.prefetch-budget-20.rank-accept_first.cut-entropy4.0.samples20.maxnew1024.seed10086.subtreePrefetch.vllm.log,427,16,47,0.2286437659418503
/Users/jiangnanhugo/workspace/power-sharpening/Subtree-Prefetching-Power-Sharpening/case_studies/logs-entropycut/mbpp/2026-09-21/vllm/dataset-mbpp.model-qwen3.5-9b.alpha4.0.steps100.blocks-1.prefetch-budget-20.rank-accept_first.cut-entropy4.0.samples20.maxnew1024.seed10086.subtreePrefetch.vllm.log,427,17,121,0.0032847498478670266
/Users/jiangnanhugo/workspace/power-sharpening/Subtree-Prefetching-Power-Sharpening/case_studies/logs-entropycut/mbpp/2026-09-21/vllm/dataset-mbpp.model-qwen3.5-9b.alpha4.0.steps100.blocks-1.prefetch-budget-20.rank-accept_first.cut-entropy4.0.samples20.maxnew1024.seed10086.subtreePrefetch.vllm.log,427,18,30,0.021325127901036224
/Users/jiangnanhugo/workspace/power-sharpening/Subtree-Prefetching-Power-Sharpening/case_studies/logs-entropycut/mbpp/2026-09-21/vllm/dataset-mbpp.model-qwen3.5-9b.alpha4.0.steps100.blocks-1.prefetch-budget-20.rank-accept_first.cut-entropy4.0.samples20.maxnew1024.seed10086.subtreePrefetch.vllm.log,427,19,47,0.2286437659418503
/Users/jiangnanhugo/workspace/power-sharpening/Subtree-Prefetching-Power-Sharpening/case_studies/logs-entropycut/mbpp/2026-09-21/vllm/dataset-mbpp.model-qwen3.5-9b.alpha4.0.steps100.blocks-1.prefetch-budget-20.rank-accept_first.cut-entropy4.0.samples20.maxnew1024.seed10086.subtreePrefetch.vllm.log,428,0,36,0.10675485651953476
/Users/jiangnanhugo/workspace/power-sharpening/Subtree-Prefetching-Power-Sharpening/case_studies/logs-entropycut/mbpp/2026-09-21/vllm/dataset-mbpp.model-qwen3.5-9b.alpha4.0.steps100.blocks-1.prefetch-budget-20.rank-accept_first.cut-entropy4.0.samples20.maxnew1024.seed10086.subtreePrefetch.vllm.log,428,1,322,0.046429678653488286
/Users/jiangnanhugo/workspace/power-sharpening/Subtree-Prefetching-Power-Sharpening/case_studies/logs-entropycut/mbpp/2026-09-21/vllm/dataset-mbpp.model-qwen3.5-9b.alpha4.0.steps100.blocks-1.prefetch-budget-20.rank-accept_first.cut-entropy4.0.samples20.maxnew1024.seed10086.subtreePrefetch.vllm.log,428,2,143,0.002276751873390115
/Users/jiangnanhugo/workspace/power-sharpening/Subtree-Prefetching-Power-Sharpening/case_studies/logs-entropycut/mbpp/2026-09-21/vllm/dataset-mbpp.model-qwen3.5-9b.alpha4.0.steps100.blocks-1.prefetch-budget-20.rank-accept_first.cut-entropy4.0.samples20.maxnew1024.seed10086.subtreePrefetch.vllm.log,428,3,47,0.2272897266389884
/Users/jiangnanhugo/workspace/power-sharpening/Subtree-Prefetching-Power-Sharpening/case_studies/logs-entropycut/mbpp/2026-09-21/vllm/dataset-mbpp.model-qwen3.5-9b.alpha4.0.steps100.blocks-1.prefetch-budget-20.rank-accept_first.cut-entropy4.0.samples20.maxnew1024.seed10086.subtreePrefetch.vllm.log,428,4,512,0.19154273540339603
/Users/jiangnanhugo/workspace/power-sharpening/Subtree-Prefetching-Power-Sharpening/case_studies/logs-entropycut/mbpp/2026-09-21/vllm/dataset-mbpp.model-qwen3.5-9b.alpha4.0.steps100.blocks-1.prefetch-budget-20.rank-accept_first.cut-entropy4.0.samples20.maxnew1024.seed10086.subtreePrefetch.vllm.log,428,5,189,0.03324857444978957
/Users/jiangnanhugo/workspace/power-sharpening/Subtree-Prefetching-Power-Sharpening/case_studies/logs-entropycut/mbpp/2026-09-21/vllm/dataset-mbpp.model-qwen3.5-9b.alpha4.0.steps100.blocks-1.prefetch-budget-20.rank-accept_first.cut-entropy4.0.samples20.maxnew1024.seed10086.subtreePrefetch.vllm.log,428,6,36,0.10675485651953476
/Users/jiangnanhugo/workspace/power-sharpening/Subtree-Prefetching-Power-Sharpening/case_studies/logs-entropycut/mbpp/2026-09-21/vllm/dataset-mbpp.model-qwen3.5-9b.alpha4.0.steps100.blocks-1.prefetch-budget-20.rank-accept_first.cut-entropy4.0.samples20.maxnew1024.seed10086.subtreePrefetch.vllm.log,428,7,47,0.2272897266389884
/Users/jiangnanhugo/workspace/power-sharpening/Subtree-Prefetching-Power-Sharpening/case_studies/logs-entropycut/mbpp/2026-09-21/vllm/dataset-mbpp.model-qwen3.5-9b.alpha4.0.steps100.blocks-1.prefetch-budget-20.rank-accept_first.cut-entropy4.0.samples20.maxnew1024.seed10086.subtreePrefetch.vllm.log,428,8,2,0.009288955167718832
/Users/jiangnanhugo/workspace/power-sharpening/Subtree-Prefetching-Power-Sharpening/case_studies/logs-entropycut/mbpp/2026-09-21/vllm/dataset-mbpp.model-qwen3.5-9b.alpha4.0.steps100.blocks-1.prefetch-budget-20.rank-accept_first.cut-entropy4.0.samples20.maxnew1024.seed10086.subtreePrefetch.vllm.log,428,9,47,0.2272897266389884
/Users/jiangnanhugo/workspace/power-sharpening/Subtree-Prefetching-Power-Sharpening/case_studies/logs-entropycut/mbpp/2026-09-21/vllm/dataset-mbpp.model-qwen3.5-9b.alpha4.0.steps100.blocks-1.prefetch-budget-20.rank-accept_first.cut-entropy4.0.samples20.maxnew1024.seed10086.subtreePrefetch.vllm.log,428,10,2,0.009288955167718832
/Users/jiangnanhugo/workspace/power-sharpening/Subtree-Prefetching-Power-Sharpening/case_studies/logs-entropycut/mbpp/2026-09-21/vllm/dataset-mbpp.model-qwen3.5-9b.alpha4.0.steps100.blocks-1.prefetch-budget-20.rank-accept_first.cut-entropy4.0.samples20.maxnew1024.seed10086.subtreePrefetch.vllm.log,428,11,30,0.021198839475031626
/Users/jiangnanhugo/workspace/power-sharpening/Subtree-Prefetching-Power-Sharpening/case_studies/logs-entropycut/mbpp/2026-09-21/vllm/dataset-mbpp.model-qwen3.5-9b.alpha4.0.steps100.blocks-1.prefetch-budget-20.rank-accept_first.cut-entropy4.0.samples20.maxnew1024.seed10086.subtreePrefetch.vllm.log,428,12,47,0.2272897266389884
/Users/jiangnanhugo/workspace/power-sharpening/Subtree-Prefetching-Power-Sharpening/case_studies/logs-entropycut/mbpp/2026-09-21/vllm/dataset-mbpp.model-qwen3.5-9b.alpha4.0.steps100.blocks-1.prefetch-budget-20.rank-accept_first.cut-entropy4.0.samples20.maxnew1024.seed10086.subtreePrefetch.vllm.log,428,13,36,0.10675485651953476
/Users/jiangnanhugo/workspace/power-sharpening/Subtree-Prefetching-Power-Sharpening/case_studies/logs-entropycut/mbpp/2026-09-21/vllm/dataset-mbpp.model-qwen3.5-9b.alpha4.0.steps100.blocks-1.prefetch-budget-20.rank-accept_first.cut-entropy4.0.samples20.maxnew1024.seed10086.subtreePrefetch.vllm.log,428,14,90,0.009549099836902115
/Users/jiangnanhugo/workspace/power-sharpening/Subtree-Prefetching-Power-Sharpening/case_studies/logs-entropycut/mbpp/2026-09-21/vllm/dataset-mbpp.model-qwen3.5-9b.alpha4.0.steps100.blocks-1.prefetch-budget-20.rank-accept_first.cut-entropy4.0.samples20.maxnew1024.seed10086.subtreePrefetch.vllm.log,428,15,374,0.020971991673927954
/Users/jiangnanhugo/workspace/power-sharpening/Subtree-Prefetching-Power-Sharpening/case_studies/logs-entropycut/mbpp/2026-09-21/vllm/dataset-mbpp.model-qwen3.5-9b.alpha4.0.steps100.blocks-1.prefetch-budget-20.rank-accept_first.cut-entropy4.0.samples20.maxnew1024.seed10086.subtreePrefetch.vllm.log,428,16,47,0.2272897266389884
/Users/jiangnanhugo/workspace/power-sharpening/Subtree-Prefetching-Power-Sharpening/case_studies/logs-entropycut/mbpp/2026-09-21/vllm/dataset-mbpp.model-qwen3.5-9b.alpha4.0.steps100.blocks-1.prefetch-budget-20.rank-accept_first.cut-entropy4.0.samples20.maxnew1024.seed10086.subtreePrefetch.vllm.log,428,17,36,0.10675485651953476
/Users/jiangnanhugo/workspace/power-sharpening/Subtree-Prefetching-Power-Sharpening/case_studies/logs-entropycut/mbpp/2026-09-21/vllm/dataset-mbpp.model-qwen3.5-9b.alpha4.0.steps100.blocks-1.prefetch-budget-20.rank-accept_first.cut-entropy4.0.samples20.maxnew1024.seed10086.subtreePrefetch.vllm.log,428,18,47,0.2272897266389884
/Users/jiangnanhugo/workspace/power-sharpening/Subtree-Prefetching-Power-Sharpening/case_studies/logs-entropycut/mbpp/2026-09-21/vllm/dataset-mbpp.model-qwen3.5-9b.alpha4.0.steps100.blocks-1.prefetch-budget-20.rank-accept_first.cut-entropy4.0.samples20.maxnew1024.seed10086.subtreePrefetch.vllm.log,428,19,30,0.021198839475031626
/Users/jiangnanhugo/workspace/power-sharpening/Subtree-Prefetching-Power-Sharpening/case_studies/logs-entropycut/mbpp/2026-09-21/vllm/dataset-mbpp.model-qwen3.5-9b.alpha4.0.steps100.blocks-1.prefetch-budget-20.rank-accept_first.cut-entropy4.0.samples20.maxnew1024.seed10086.subtreePrefetch.vllm.log,429,0,512,0.19154273540339603
/Users/jiangnanhugo/workspace/power-sharpening/Subtree-Prefetching-Power-Sharpening/case_studies/logs-entropycut/mbpp/2026-09-21/vllm/dataset-mbpp.model-qwen3.5-9b.alpha4.0.steps100.blocks-1.prefetch-budget-20.rank-accept_first.cut-entropy4.0.samples20.maxnew1024.seed10086.subtreePrefetch.vllm.log,429,1,462,0.024135971357928207
/Users/jiangnanhugo/workspace/power-sharpening/Subtree-Prefetching-Power-Sharpening/case_studies/logs-entropycut/mbpp/2026-09-21/vllm/dataset-mbpp.model-qwen3.5-9b.alpha4.0.steps100.blocks-1.prefetch-budget-20.rank-accept_first.cut-entropy4.0.samples20.maxnew1024.seed10086.subtreePrefetch.vllm.log,429,2,322,0.046429678653488286
/Users/jiangnanhugo/workspace/power-sharpening/Subtree-Prefetching-Power-Sharpening/case_studies/logs-entropycut/mbpp/2026-09-21/vllm/dataset-mbpp.model-qwen3.5-9b.alpha4.0.steps100.blocks-1.prefetch-budget-20.rank-accept_first.cut-entropy4.0.samples20.maxnew1024.seed10086.subtreePrefetch.vllm.log,429,3,2,0.009288955167718832
/Users/jiangnanhugo/workspace/power-sharpening/Subtree-Prefetching-Power-Sharpening/case_studies/logs-entropycut/mbpp/2026-09-21/vllm/dataset-mbpp.model-qwen3.5-9b.alpha4.0.steps100.blocks-1.prefetch-budget-20.rank-accept_first.cut-entropy4.0.samples20.maxnew1024.seed10086.subtreePrefetch.vllm.log,429,4,286,0.00632017856771654
/Users/jiangnanhugo/workspace/power-sharpening/Subtree-Prefetching-Power-Sharpening/case_studies/logs-entropycut/mbpp/2026-09-21/vllm/dataset-mbpp.model-qwen3.5-9b.alpha4.0.steps100.blocks-1.prefetch-budget-20.rank-accept_first.cut-entropy4.0.samples20.maxnew1024.seed10086.subtreePrefetch.vllm.log,429,5,36,0.10675485651953476
/Users/jiangnanhugo/workspace/power-sharpening/Subtree-Prefetching-Power-Sharpening/case_studies/logs-entropycut/mbpp/2026-09-21/vllm/dataset-mbpp.model-qwen3.5-9b.alpha4.0.steps100.blocks-1.prefetch-budget-20.rank-accept_first.cut-entropy4.0.samples20.maxnew1024.seed10086.subtreePrefetch.vllm.log,429,6,83,0.0012462140255213477
/Users/jiangnanhugo/workspace/power-sharpening/Subtree-Prefetching-Power-Sharpening/case_studies/logs-entropycut/mbpp/2026-09-21/vllm/dataset-mbpp.model-qwen3.5-9b.alpha4.0.steps100.blocks-1.prefetch-budget-20.rank-accept_first.cut-entropy4.0.samples20.maxnew1024.seed10086.subtreePrefetch.vllm.log,429,7,36,0.10675485651953476
/Users/jiangnanhugo/workspace/power-sharpening/Subtree-Prefetching-Power-Sharpening/case_studies/logs-entropycut/mbpp/2026-09-21/vllm/dataset-mbpp.model-qwen3.5-9b.alpha4.0.steps100.blocks-1.prefetch-budget-20.rank-accept_first.cut-entropy4.0.samples20.maxnew1024.seed10086.subtreePrefetch.vllm.log,429,8,512,0.19154273540339603
/Users/jiangnanhugo/workspace/power-sharpening/Subtree-Prefetching-Power-Sharpening/case_studies/logs-entropycut/mbpp/2026-09-21/vllm/dataset-mbpp.model-qwen3.5-9b.alpha4.0.steps100.blocks-1.prefetch-budget-20.rank-accept_first.cut-entropy4.0.samples20.maxnew1024.seed10086.subtreePrefetch.vllm.log,429,9,47,0.2272897266389884
/Users/jiangnanhugo/workspace/power-sharpening/Subtree-Prefetching-Power-Sharpening/case_studies/logs-entropycut/mbpp/2026-09-21/vllm/dataset-mbpp.model-qwen3.5-9b.alpha4.0.steps100.blocks-1.prefetch-budget-20.rank-accept_first.cut-entropy4.0.samples20.maxnew1024.seed10086.subtreePrefetch.vllm.log,429,10,47,0.2272897266389884
/Users/jiangnanhugo/workspace/power-sharpening/Subtree-Prefetching-Power-Sharpening/case_studies/logs-entropycut/mbpp/2026-09-21/vllm/dataset-mbpp.model-qwen3.5-9b.alpha4.0.steps100.blocks-1.prefetch-budget-20.rank-accept_first.cut-entropy4.0.samples20.maxnew1024.seed10086.subtreePrefetch.vllm.log,429,11,47,0.2272897266389884
/Users/jiangnanhugo/workspace/power-sharpening/Subtree-Prefetching-Power-Sharpening/case_studies/logs-entropycut/mbpp/2026-09-21/vllm/dataset-mbpp.model-qwen3.5-9b.alpha4.0.steps100.blocks-1.prefetch-budget-20.rank-accept_first.cut-entropy4.0.samples20.maxnew1024.seed10086.subtreePrefetch.vllm.log,429,12,47,0.2272897266389884
/Users/jiangnanhugo/workspace/power-sharpening/Subtree-Prefetching-Power-Sharpening/case_studies/logs-entropycut/mbpp/2026-09-21/vllm/dataset-mbpp.model-qwen3.5-9b.alpha4.0.steps100.blocks-1.prefetch-budget-20.rank-accept_first.cut-entropy4.0.samples20.maxnew1024.seed10086.subtreePrefetch.vllm.log,429,13,47,0.2272897266389884
/Users/jiangnanhugo/workspace/power-sharpening/Subtree-Prefetching-Power-Sharpening/case_studies/logs-entropycut/mbpp/2026-09-21/vllm/dataset-mbpp.model-qwen3.5-9b.alpha4.0.steps100.blocks-1.prefetch-budget-20.rank-accept_first.cut-entropy4.0.samples20.maxnew1024.seed10086.subtreePrefetch.vllm.log,429,14,36,0.10675485651953476
/Users/jiangnanhugo/workspace/power-sharpening/Subtree-Prefetching-Power-Sharpening/case_studies/logs-entropycut/mbpp/2026-09-21/vllm/dataset-mbpp.model-qwen3.5-9b.alpha4.0.steps100.blocks-1.prefetch-budget-20.rank-accept_first.cut-entropy4.0.samples20.maxnew1024.seed10086.subtreePrefetch.vllm.log,429,15,47,0.2272897266389884
/Users/jiangnanhugo/workspace/power-sharpening/Subtree-Prefetching-Power-Sharpening/case_studies/logs-entropycut/mbpp/2026-09-21/vllm/dataset-mbpp.model-qwen3.5-9b.alpha4.0.steps100.blocks-1.prefetch-budget-20.rank-accept_first.cut-entropy4.0.samples20.maxnew1024.seed10086.subtreePrefetch.vllm.log,429,16,36,0.10675485651953476
/Users/jiangnanhugo/workspace/power-sharpening/Subtree-Prefetching-Power-Sharpening/case_studies/logs-entropycut/mbpp/2026-09-21/vllm/dataset-mbpp.model-qwen3.5-9b.alpha4.0.steps100.blocks-1.prefetch-budget-20.rank-accept_first.cut-entropy4.0.samples20.maxnew1024.seed10086.subtreePrefetch.vllm.log,429,17,692,0.027095122748794637
/Users/jiangnanhugo/workspace/power-sharpening/Subtree-Prefetching-Power-Sharpening/case_studies/logs-entropycut/mbpp/2026-09-21/vllm/dataset-mbpp.model-qwen3.5-9b.alpha4.0.steps100.blocks-1.prefetch-budget-20.rank-accept_first.cut-entropy4.0.samples20.maxnew1024.seed10086.subtreePrefetch.vllm.log,429,18,512,0.19154273540339603
/Users/jiangnanhugo/workspace/power-sharpening/Subtree-Prefetching-Power-Sharpening/case_studies/logs-entropycut/mbpp/2026-09-21/vllm/dataset-mbpp.model-qwen3.5-9b.alpha4.0.steps100.blocks-1.prefetch-budget-20.rank-accept_first.cut-entropy4.0.samples20.maxnew1024.seed10086.subtreePrefetch.vllm.log,429,19,36,0.10675485651953476
/Users/jiangnanhugo/workspace/power-sharpening/Subtree-Prefetching-Power-Sharpening/case_studies/logs-entropycut/mbpp/2026-09-21/vllm/dataset-mbpp.model-qwen3.5-9b.alpha4.0.steps100.blocks-1.prefetch-budget-20.rank-accept_first.cut-entropy4.0.samples20.maxnew1024.seed10086.subtreePrefetch.vllm.log,430,0,30,0.02113113087161094
/Users/jiangnanhugo/workspace/power-sharpening/Subtree-Prefetching-Power-Sharpening/case_studies/logs-entropycut/mbpp/2026-09-21/vllm/dataset-mbpp.model-qwen3.5-9b.alpha4.0.steps100.blocks-1.prefetch-budget-20.rank-accept_first.cut-entropy4.0.samples20.maxnew1024.seed10086.subtreePrefetch.vllm.log,430,1,47,0.22656376850431215
/Users/jiangnanhugo/workspace/power-sharpening/Subtree-Prefetching-Power-Sharpening/case_studies/logs-entropycut/mbpp/2026-09-21/vllm/dataset-mbpp.model-qwen3.5-9b.alpha4.0.steps100.blocks-1.prefetch-budget-20.rank-accept_first.cut-entropy4.0.samples20.maxnew1024.seed10086.subtreePrefetch.vllm.log,430,2,47,0.22656376850431215
/Users/jiangnanhugo/workspace/power-sharpening/Subtree-Prefetching-Power-Sharpening/case_studies/logs-entropycut/mbpp/2026-09-21/vllm/dataset-mbpp.model-qwen3.5-9b.alpha4.0.steps100.blocks-1.prefetch-budget-20.rank-accept_first.cut-entropy4.0.samples20.maxnew1024.seed10086.subtreePrefetch.vllm.log,430,3,30,0.02113113087161094
/Users/jiangnanhugo/workspace/power-sharpening/Subtree-Prefetching-Power-Sharpening/case_studies/logs-entropycut/mbpp/2026-09-21/vllm/dataset-mbpp.model-qwen3.5-9b.alpha4.0.steps100.blocks-1.prefetch-budget-20.rank-accept_first.cut-entropy4.0.samples20.maxnew1024.seed10086.subtreePrefetch.vllm.log,430,4,512,0.20628044502445603
/Users/jiangnanhugo/workspace/power-sharpening/Subtree-Prefetching-Power-Sharpening/case_studies/logs-entropycut/mbpp/2026-09-21/vllm/dataset-mbpp.model-qwen3.5-9b.alpha4.0.steps100.blocks-1.prefetch-budget-20.rank-accept_first.cut-entropy4.0.samples20.maxnew1024.seed10086.subtreePrefetch.vllm.log,430,5,189,0.03314237927130466
/Users/jiangnanhugo/workspace/power-sharpening/Subtree-Prefetching-Power-Sharpening/case_studies/logs-entropycut/mbpp/2026-09-21/vllm/dataset-mbpp.model-qwen3.5-9b.alpha4.0.steps100.blocks-1.prefetch-budget-20.rank-accept_first.cut-entropy4.0.samples20.maxnew1024.seed10086.subtreePrefetch.vllm.log,430,6,911,0.007543146340899637
/Users/jiangnanhugo/workspace/power-sharpening/Subtree-Prefetching-Power-Sharpening/case_studies/logs-entropycut/mbpp/2026-09-21/vllm/dataset-mbpp.model-qwen3.5-9b.alpha4.0.steps100.blocks-1.prefetch-budget-20.rank-accept_first.cut-entropy4.0.samples20.maxnew1024.seed10086.subtreePrefetch.vllm.log,430,7,47,0.22656376850431215
/Users/jiangnanhugo/workspace/power-sharpening/Subtree-Prefetching-Power-Sharpening/case_studies/logs-entropycut/mbpp/2026-09-21/vllm/dataset-mbpp.model-qwen3.5-9b.alpha4.0.steps100.blocks-1.prefetch-budget-20.rank-accept_first.cut-entropy4.0.samples20.maxnew1024.seed10086.subtreePrefetch.vllm.log,430,8,512,0.20628044502445603
/Users/jiangnanhugo/workspace/power-sharpening/Subtree-Prefetching-Power-Sharpening/case_studies/logs-entropycut/mbpp/2026-09-21/vllm/dataset-mbpp.model-qwen3.5-9b.alpha4.0.steps100.blocks-1.prefetch-budget-20.rank-accept_first.cut-entropy4.0.samples20.maxnew1024.seed10086.subtreePrefetch.vllm.log,430,9,675,0.005511232200338483
/Users/jiangnanhugo/workspace/power-sharpening/Subtree-Prefetching-Power-Sharpening/case_studies/logs-entropycut/mbpp/2026-09-21/vllm/dataset-mbpp.model-qwen3.5-9b.alpha4.0.steps100.blocks-1.prefetch-budget-20.rank-accept_first.cut-entropy4.0.samples20.maxnew1024.seed10086.subtreePrefetch.vllm.log,430,10,462,0.024058881623144766
/Users/jiangnanhugo/workspace/power-sharpening/Subtree-Prefetching-Power-Sharpening/case_studies/logs-entropycut/mbpp/2026-09-21/vllm/dataset-mbpp.model-qwen3.5-9b.alpha4.0.steps100.blocks-1.prefetch-budget-20.rank-accept_first.cut-entropy4.0.samples20.maxnew1024.seed10086.subtreePrefetch.vllm.log,430,11,679,0.0443451091500605
/Users/jiangnanhugo/workspace/power-sharpening/Subtree-Prefetching-Power-Sharpening/case_studies/logs-entropycut/mbpp/2026-09-21/vllm/dataset-mbpp.model-qwen3.5-9b.alpha4.0.steps100.blocks-1.prefetch-budget-20.rank-accept_first.cut-entropy4.0.samples20.maxnew1024.seed10086.subtreePrefetch.vllm.log,430,12,512,0.20628044502445603
/Users/jiangnanhugo/workspace/power-sharpening/Subtree-Prefetching-Power-Sharpening/case_studies/logs-entropycut/mbpp/2026-09-21/vllm/dataset-mbpp.model-qwen3.5-9b.alpha4.0.steps100.blocks-1.prefetch-budget-20.rank-accept_first.cut-entropy4.0.samples20.maxnew1024.seed10086.subtreePrefetch.vllm.log,430,13,47,0.22656376850431215
/Users/jiangnanhugo/workspace/power-sharpening/Subtree-Prefetching-Power-Sharpening/case_studies/logs-entropycut/mbpp/2026-09-21/vllm/dataset-mbpp.model-qwen3.5-9b.alpha4.0.steps100.blocks-1.prefetch-budget-20.rank-accept_first.cut-entropy4.0.samples20.maxnew1024.seed10086.subtreePrefetch.vllm.log,430,14,47,0.22656376850431215
/Users/jiangnanhugo/workspace/power-sharpening/Subtree-Prefetching-Power-Sharpening/case_studies/logs-entropycut/mbpp/2026-09-21/vllm/dataset-mbpp.model-qwen3.5-9b.alpha4.0.steps100.blocks-1.prefetch-budget-20.rank-accept_first.cut-entropy4.0.samples20.maxnew1024.seed10086.subtreePrefetch.vllm.log,430,15,189,0.03314237927130466
/Users/jiangnanhugo/workspace/power-sharpening/Subtree-Prefetching-Power-Sharpening/case_studies/logs-entropycut/mbpp/2026-09-21/vllm/dataset-mbpp.model-qwen3.5-9b.alpha4.0.steps100.blocks-1.prefetch-budget-20.rank-accept_first.cut-entropy4.0.samples20.maxnew1024.seed10086.subtreePrefetch.vllm.log,430,16,47,0.22656376850431215
/Users/jiangnanhugo/workspace/power-sharpening/Subtree-Prefetching-Power-Sharpening/case_studies/logs-entropycut/mbpp/2026-09-21/vllm/dataset-mbpp.model-qwen3.5-9b.alpha4.0.steps100.blocks-1.prefetch-budget-20.rank-accept_first.cut-entropy4.0.samples20.maxnew1024.seed10086.subtreePrefetch.vllm.log,430,17,477,0.010849262612702458
/Users/jiangnanhugo/workspace/power-sharpening/Subtree-Prefetching-Power-Sharpening/case_studies/logs-entropycut/mbpp/2026-09-21/vllm/dataset-mbpp.model-qwen3.5-9b.alpha4.0.steps100.blocks-1.prefetch-budget-20.rank-accept_first.cut-entropy4.0.samples20.maxnew1024.seed10086.subtreePrefetch.vllm.log,430,18,189,0.03314237927130466
/Users/jiangnanhugo/workspace/power-sharpening/Subtree-Prefetching-Power-Sharpening/case_studies/logs-entropycut/mbpp/2026-09-21/vllm/dataset-mbpp.model-qwen3.5-9b.alpha4.0.steps100.blocks-1.prefetch-budget-20.rank-accept_first.cut-entropy4.0.samples20.maxnew1024.seed10086.subtreePrefetch.vllm.log,430,19,36,0.1064138839747015
/Users/jiangnanhugo/workspace/power-sharpening/Subtree-Prefetching-Power-Sharpening/case_studies/logs-entropycut/mbpp/2026-09-21/vllm/dataset-mbpp.model-qwen3.5-9b.alpha4.0.steps100.blocks-1.prefetch-budget-20.rank-accept_first.cut-entropy4.0.samples20.maxnew1024.seed10086.subtreePrefetch.vllm.log,431,0,512,0.22966760927552515
/Users/jiangnanhugo/workspace/power-sharpening/Subtree-Prefetching-Power-Sharpening/case_studies/logs-entropycut/mbpp/2026-09-21/vllm/dataset-mbpp.model-qwen3.5-9b.alpha4.0.steps100.blocks-1.prefetch-budget-20.rank-accept_first.cut-entropy4.0.samples20.maxnew1024.seed10086.subtreePrefetch.vllm.log,431,1,47,0.2522505662360281
/Users/jiangnanhugo/workspace/power-sharpening/Subtree-Prefetching-Power-Sharpening/case_studies/logs-entropycut/mbpp/2026-09-21/vllm/dataset-mbpp.model-qwen3.5-9b.alpha4.0.steps100.blocks-1.prefetch-budget-20.rank-accept_first.cut-entropy4.0.samples20.maxnew1024.seed10086.subtreePrefetch.vllm.log,431,2,47,0.2522505662360281
/Users/jiangnanhugo/workspace/power-sharpening/Subtree-Prefetching-Power-Sharpening/case_studies/logs-entropycut/mbpp/2026-09-21/vllm/dataset-mbpp.model-qwen3.5-9b.alpha4.0.steps100.blocks-1.prefetch-budget-20.rank-accept_first.cut-entropy4.0.samples20.maxnew1024.seed10086.subtreePrefetch.vllm.log,431,3,47,0.2522505662360281
/Users/jiangnanhugo/workspace/power-sharpening/Subtree-Prefetching-Power-Sharpening/case_studies/logs-entropycut/mbpp/2026-09-21/vllm/dataset-mbpp.model-qwen3.5-9b.alpha4.0.steps100.blocks-1.prefetch-budget-20.rank-accept_first.cut-entropy4.0.samples20.maxnew1024.seed10086.subtreePrefetch.vllm.log,431,4,47,0.2522505662360281
/Users/jiangnanhugo/workspace/power-sharpening/Subtree-Prefetching-Power-Sharpening/case_studies/logs-entropycut/mbpp/2026-09-21/vllm/dataset-mbpp.model-qwen3.5-9b.alpha4.0.steps100.blocks-1.prefetch-budget-20.rank-accept_first.cut-entropy4.0.samples20.maxnew1024.seed10086.subtreePrefetch.vllm.log,431,5,512,0.22966760927552515
/Users/jiangnanhugo/workspace/power-sharpening/Subtree-Prefetching-Power-Sharpening/case_studies/logs-entropycut/mbpp/2026-09-21/vllm/dataset-mbpp.model-qwen3.5-9b.alpha4.0.steps100.blocks-1.prefetch-budget-20.rank-accept_first.cut-entropy4.0.samples20.maxnew1024.seed10086.subtreePrefetch.vllm.log,431,6,47,0.2522505662360281
/Users/jiangnanhugo/workspace/power-sharpening/Subtree-Prefetching-Power-Sharpening/case_studies/logs-entropycut/mbpp/2026-09-21/vllm/dataset-mbpp.model-qwen3.5-9b.alpha4.0.steps100.blocks-1.prefetch-budget-20.rank-accept_first.cut-entropy4.0.samples20.maxnew1024.seed10086.subtreePrefetch.vllm.log,431,7,47,0.2522505662360281
/Users/jiangnanhugo/workspace/power-sharpening/Subtree-Prefetching-Power-Sharpening/case_studies/logs-entropycut/mbpp/2026-09-21/vllm/dataset-mbpp.model-qwen3.5-9b.alpha4.0.steps100.blocks-1.prefetch-budget-20.rank-accept_first.cut-entropy4.0.samples20.maxnew1024.seed10086.subtreePrefetch.vllm.log,431,8,47,0.2522505662360281
/Users/jiangnanhugo/workspace/power-sharpening/Subtree-Prefetching-Power-Sharpening/case_studies/logs-entropycut/mbpp/2026-09-21/vllm/dataset-mbpp.model-qwen3.5-9b.alpha4.0.steps100.blocks-1.prefetch-budget-20.rank-accept_first.cut-entropy4.0.samples20.maxnew1024.seed10086.subtreePrefetch.vllm.log,431,9,375,0.003788351762556032
/Users/jiangnanhugo/workspace/power-sharpening/Subtree-Prefetching-Power-Sharpening/case_studies/logs-entropycut/mbpp/2026-09-21/vllm/dataset-mbpp.model-qwen3.5-9b.alpha4.0.steps100.blocks-1.prefetch-budget-20.rank-accept_first.cut-entropy4.0.samples20.maxnew1024.seed10086.subtreePrefetch.vllm.log,431,10,47,0.2522505662360281
/Users/jiangnanhugo/workspace/power-sharpening/Subtree-Prefetching-Power-Sharpening/case_studies/logs-entropycut/mbpp/2026-09-21/vllm/dataset-mbpp.model-qwen3.5-9b.alpha4.0.steps100.blocks-1.prefetch-budget-20.rank-accept_first.cut-entropy4.0.samples20.maxnew1024.seed10086.subtreePrefetch.vllm.log,431,11,322,0.05152856182145731
/Users/jiangnanhugo/workspace/power-sharpening/Subtree-Prefetching-Power-Sharpening/case_studies/logs-entropycut/mbpp/2026-09-21/vllm/dataset-mbpp.model-qwen3.5-9b.alpha4.0.steps100.blocks-1.prefetch-budget-20.rank-accept_first.cut-entropy4.0.samples20.maxnew1024.seed10086.subtreePrefetch.vllm.log,431,12,47,0.2522505662360281
/Users/jiangnanhugo/workspace/power-sharpening/Subtree-Prefetching-Power-Sharpening/case_studies/logs-entropycut/mbpp/2026-09-21/vllm/dataset-mbpp.model-qwen3.5-9b.alpha4.0.steps100.blocks-1.prefetch-budget-20.rank-accept_first.cut-entropy4.0.samples20.maxnew1024.seed10086.subtreePrefetch.vllm.log,431,13,47,0.2522505662360281
/Users/jiangnanhugo/workspace/power-sharpening/Subtree-Prefetching-Power-Sharpening/case_studies/logs-entropycut/mbpp/2026-09-21/vllm/dataset-mbpp.model-qwen3.5-9b.alpha4.0.steps100.blocks-1.prefetch-budget-20.rank-accept_first.cut-entropy4.0.samples20.maxnew1024.seed10086.subtreePrefetch.vllm.log,431,14,47,0.2522505662360281
/Users/jiangnanhugo/workspace/power-sharpening/Subtree-Prefetching-Power-Sharpening/case_studies/logs-entropycut/mbpp/2026-09-21/vllm/dataset-mbpp.model-qwen3.5-9b.alpha4.0.steps100.blocks-1.prefetch-budget-20.rank-accept_first.cut-entropy4.0.samples20.maxnew1024.seed10086.subtreePrefetch.vllm.log,431,15,47,0.2522505662360281
/Users/jiangnanhugo/workspace/power-sharpening/Subtree-Prefetching-Power-Sharpening/case_studies/logs-entropycut/mbpp/2026-09-21/vllm/dataset-mbpp.model-qwen3.5-9b.alpha4.0.steps100.blocks-1.prefetch-budget-20.rank-accept_first.cut-entropy4.0.samples20.maxnew1024.seed10086.subtreePrefetch.vllm.log,431,16,47,0.2522505662360281
/Users/jiangnanhugo/workspace/power-sharpening/Subtree-Prefetching-Power-Sharpening/case_studies/logs-entropycut/mbpp/2026-09-21/vllm/dataset-mbpp.model-qwen3.5-9b.alpha4.0.steps100.blocks-1.prefetch-budget-20.rank-accept_first.cut-entropy4.0.samples20.maxnew1024.seed10086.subtreePrefetch.vllm.log,431,17,47,0.2522505662360281
/Users/jiangnanhugo/workspace/power-sharpening/Subtree-Prefetching-Power-Sharpening/case_studies/logs-entropycut/mbpp/2026-09-21/vllm/dataset-mbpp.model-qwen3.5-9b.alpha4.0.steps100.blocks-1.prefetch-budget-20.rank-accept_first.cut-entropy4.0.samples20.maxnew1024.seed10086.subtreePrefetch.vllm.log,431,18,36,0.11847861935383791
/Users/jiangnanhugo/workspace/power-sharpening/Subtree-Prefetching-Power-Sharpening/case_studies/logs-entropycut/mbpp/2026-09-21/vllm/dataset-mbpp.model-qwen3.5-9b.alpha4.0.steps100.blocks-1.prefetch-budget-20.rank-accept_first.cut-entropy4.0.samples20.maxnew1024.seed10086.subtreePrefetch.vllm.log,431,19,512,0.22966760927552515
/Users/jiangnanhugo/workspace/power-sharpening/Subtree-Prefetching-Power-Sharpening/case_studies/logs-entropycut/mbpp/2026-09-21/vllm/dataset-mbpp.model-qwen3.5-9b.alpha4.0.steps100.blocks-1.prefetch-budget-20.rank-accept_first.cut-entropy4.0.samples20.maxnew1024.seed10086.subtreePrefetch.vllm.log,432,0,512,0.22966760927552515
/Users/jiangnanhugo/workspace/power-sharpening/Subtree-Prefetching-Power-Sharpening/case_studies/logs-entropycut/mbpp/2026-09-21/vllm/dataset-mbpp.model-qwen3.5-9b.alpha4.0.steps100.blocks-1.prefetch-budget-20.rank-accept_first.cut-entropy4.0.samples20.maxnew1024.seed10086.subtreePrefetch.vllm.log,432,1,47,0.2522505662360281
/Users/jiangnanhugo/workspace/power-sharpening/Subtree-Prefetching-Power-Sharpening/case_studies/logs-entropycut/mbpp/2026-09-21/vllm/dataset-mbpp.model-qwen3.5-9b.alpha4.0.steps100.blocks-1.prefetch-budget-20.rank-accept_first.cut-entropy4.0.samples20.maxnew1024.seed10086.subtreePrefetch.vllm.log,432,2,47,0.2522505662360281
/Users/jiangnanhugo/workspace/power-sharpening/Subtree-Prefetching-Power-Sharpening/case_studies/logs-entropycut/mbpp/2026-09-21/vllm/dataset-mbpp.model-qwen3.5-9b.alpha4.0.steps100.blocks-1.prefetch-budget-20.rank-accept_first.cut-entropy4.0.samples20.maxnew1024.seed10086.subtreePrefetch.vllm.log,432,3,47,0.2522505662360281
/Users/jiangnanhugo/workspace/power-sharpening/Subtree-Prefetching-Power-Sharpening/case_studies/logs-entropycut/mbpp/2026-09-21/vllm/dataset-mbpp.model-qwen3.5-9b.alpha4.0.steps100.blocks-1.prefetch-budget-20.rank-accept_first.cut-entropy4.0.samples20.maxnew1024.seed10086.subtreePrefetch.vllm.log,432,4,579,0.03653762068513197
/Users/jiangnanhugo/workspace/power-sharpening/Subtree-Prefetching-Power-Sharpening/case_studies/logs-entropycut/mbpp/2026-09-21/vllm/dataset-mbpp.model-qwen3.5-9b.alpha4.0.steps100.blocks-1.prefetch-budget-20.rank-accept_first.cut-entropy4.0.samples20.maxnew1024.seed10086.subtreePrefetch.vllm.log,432,5,326,0.07675924768506369
/Users/jiangnanhugo/workspace/power-sharpening/Subtree-Prefetching-Power-Sharpening/case_studies/logs-entropycut/mbpp/2026-09-21/vllm/dataset-mbpp.model-qwen3.5-9b.alpha4.0.steps100.blocks-1.prefetch-budget-20.rank-accept_first.cut-entropy4.0.samples20.maxnew1024.seed10086.subtreePrefetch.vllm.log,432,6,47,0.2522505662360281
/Users/jiangnanhugo/workspace/power-sharpening/Subtree-Prefetching-Power-Sharpening/case_studies/logs-entropycut/mbpp/2026-09-21/vllm/dataset-mbpp.model-qwen3.5-9b.alpha4.0.steps100.blocks-1.prefetch-budget-20.rank-accept_first.cut-entropy4.0.samples20.maxnew1024.seed10086.subtreePrefetch.vllm.log,432,7,47,0.2522505662360281
/Users/jiangnanhugo/workspace/power-sharpening/Subtree-Prefetching-Power-Sharpening/case_studies/logs-entropycut/mbpp/2026-09-21/vllm/dataset-mbpp.model-qwen3.5-9b.alpha4.0.steps100.blocks-1.prefetch-budget-20.rank-accept_first.cut-entropy4.0.samples20.maxnew1024.seed10086.subtreePrefetch.vllm.log,432,8,47,0.2522505662360281
/Users/jiangnanhugo/workspace/power-sharpening/Subtree-Prefetching-Power-Sharpening/case_studies/logs-entropycut/mbpp/2026-09-21/vllm/dataset-mbpp.model-qwen3.5-9b.alpha4.0.steps100.blocks-1.prefetch-budget-20.rank-accept_first.cut-entropy4.0.samples20.maxnew1024.seed10086.subtreePrefetch.vllm.log,432,9,47,0.2522505662360281
/Users/jiangnanhugo/workspace/power-sharpening/Subtree-Prefetching-Power-Sharpening/case_studies/logs-entropycut/mbpp/2026-09-21/vllm/dataset-mbpp.model-qwen3.5-9b.alpha4.0.steps100.blocks-1.prefetch-budget-20.rank-accept_first.cut-entropy4.0.samples20.maxnew1024.seed10086.subtreePrefetch.vllm.log,432,10,47,0.2522505662360281
/Users/jiangnanhugo/workspace/power-sharpening/Subtree-Prefetching-Power-Sharpening/case_studies/logs-entropycut/mbpp/2026-09-21/vllm/dataset-mbpp.model-qwen3.5-9b.alpha4.0.steps100.blocks-1.prefetch-budget-20.rank-accept_first.cut-entropy4.0.samples20.maxnew1024.seed10086.subtreePrefetch.vllm.log,432,11,326,0.07675924768506369
/Users/jiangnanhugo/workspace/power-sharpening/Subtree-Prefetching-Power-Sharpening/case_studies/logs-entropycut/mbpp/2026-09-21/vllm/dataset-mbpp.model-qwen3.5-9b.alpha4.0.steps100.blocks-1.prefetch-budget-20.rank-accept_first.cut-entropy4.0.samples20.maxnew1024.seed10086.subtreePrefetch.vllm.log,432,12,47,0.2522505662360281
/Users/jiangnanhugo/workspace/power-sharpening/Subtree-Prefetching-Power-Sharpening/case_studies/logs-entropycut/mbpp/2026-09-21/vllm/dataset-mbpp.model-qwen3.5-9b.alpha4.0.steps100.blocks-1.prefetch-budget-20.rank-accept_first.cut-entropy4.0.samples20.maxnew1024.seed10086.subtreePrefetch.vllm.log,432,13,47,0.2522505662360281
/Users/jiangnanhugo/workspace/power-sharpening/Subtree-Prefetching-Power-Sharpening/case_studies/logs-entropycut/mbpp/2026-09-21/vllm/dataset-mbpp.model-qwen3.5-9b.alpha4.0.steps100.blocks-1.prefetch-budget-20.rank-accept_first.cut-entropy4.0.samples20.maxnew1024.seed10086.subtreePrefetch.vllm.log,432,14,47,0.2522505662360281
/Users/jiangnanhugo/workspace/power-sharpening/Subtree-Prefetching-Power-Sharpening/case_studies/logs-entropycut/mbpp/2026-09-21/vllm/dataset-mbpp.model-qwen3.5-9b.alpha4.0.steps100.blocks-1.prefetch-budget-20.rank-accept_first.cut-entropy4.0.samples20.maxnew1024.seed10086.subtreePrefetch.vllm.log,432,15,2,0.010309063394316304
/Users/jiangnanhugo/workspace/power-sharpening/Subtree-Prefetching-Power-Sharpening/case_studies/logs-entropycut/mbpp/2026-09-21/vllm/dataset-mbpp.model-qwen3.5-9b.alpha4.0.steps100.blocks-1.prefetch-budget-20.rank-accept_first.cut-entropy4.0.samples20.maxnew1024.seed10086.subtreePrefetch.vllm.log,432,16,36,0.11847861935383791
/Users/jiangnanhugo/workspace/power-sharpening/Subtree-Prefetching-Power-Sharpening/case_studies/logs-entropycut/mbpp/2026-09-21/vllm/dataset-mbpp.model-qwen3.5-9b.alpha4.0.steps100.blocks-1.prefetch-budget-20.rank-accept_first.cut-entropy4.0.samples20.maxnew1024.seed10086.subtreePrefetch.vllm.log,432,17,36,0.11847861935383791
/Users/jiangnanhugo/workspace/power-sharpening/Subtree-Prefetching-Power-Sharpening/case_studies/logs-entropycut/mbpp/2026-09-21/vllm/dataset-mbpp.model-qwen3.5-9b.alpha4.0.steps100.blocks-1.prefetch-budget-20.rank-accept_first.cut-entropy4.0.samples20.maxnew1024.seed10086.subtreePrefetch.vllm.log,432,18,512,0.22966760927552515
/Users/jiangnanhugo/workspace/power-sharpening/Subtree-Prefetching-Power-Sharpening/case_studies/logs-entropycut/mbpp/2026-09-21/vllm/dataset-mbpp.model-qwen3.5-9b.alpha4.0.steps100.blocks-1.prefetch-budget-20.rank-accept_first.cut-entropy4.0.samples20.maxnew1024.seed10086.subtreePrefetch.vllm.log,432,19,462,0.026786571182621947
/Users/jiangnanhugo/workspace/power-sharpening/Subtree-Prefetching-Power-Sharpening/case_studies/logs-entropycut/mbpp/2026-09-21/vllm/dataset-mbpp.model-qwen3.5-9b.alpha4.0.steps100.blocks-1.prefetch-budget-20.rank-accept_first.cut-entropy4.0.samples20.maxnew1024.seed10086.subtreePrefetch.vllm.log,433,0,462,0.026786571182621947
/Users/jiangnanhugo/workspace/power-sharpening/Subtree-Prefetching-Power-Sharpening/case_studies/logs-entropycut/mbpp/2026-09-21/vllm/dataset-mbpp.model-qwen3.5-9b.alpha4.0.steps100.blocks-1.prefetch-budget-20.rank-accept_first.cut-entropy4.0.samples20.maxnew1024.seed10086.subtreePrefetch.vllm.log,433,1,462,0.026786571182621947
/Users/jiangnanhugo/workspace/power-sharpening/Subtree-Prefetching-Power-Sharpening/case_studies/logs-entropycut/mbpp/2026-09-21/vllm/dataset-mbpp.model-qwen3.5-9b.alpha4.0.steps100.blocks-1.prefetch-budget-20.rank-accept_first.cut-entropy4.0.samples20.maxnew1024.seed10086.subtreePrefetch.vllm.log,433,2,322,0.05152856182145731
/Users/jiangnanhugo/workspace/power-sharpening/Subtree-Prefetching-Power-Sharpening/case_studies/logs-entropycut/mbpp/2026-09-21/vllm/dataset-mbpp.model-qwen3.5-9b.alpha4.0.steps100.blocks-1.prefetch-budget-20.rank-accept_first.cut-entropy4.0.samples20.maxnew1024.seed10086.subtreePrefetch.vllm.log,433,3,30,0.02352688500354823
/Users/jiangnanhugo/workspace/power-sharpening/Subtree-Prefetching-Power-Sharpening/case_studies/logs-entropycut/mbpp/2026-09-21/vllm/dataset-mbpp.model-qwen3.5-9b.alpha4.0.steps100.blocks-1.prefetch-budget-20.rank-accept_first.cut-entropy4.0.samples20.maxnew1024.seed10086.subtreePrefetch.vllm.log,433,4,47,0.2522505662360281
/Users/jiangnanhugo/workspace/power-sharpening/Subtree-Prefetching-Power-Sharpening/case_studies/logs-entropycut/mbpp/2026-09-21/vllm/dataset-mbpp.model-qwen3.5-9b.alpha4.0.steps100.blocks-1.prefetch-budget-20.rank-accept_first.cut-entropy4.0.samples20.maxnew1024.seed10086.subtreePrefetch.vllm.log,433,5,36,0.11847861935383791
/Users/jiangnanhugo/workspace/power-sharpening/Subtree-Prefetching-Power-Sharpening/case_studies/logs-entropycut/mbpp/2026-09-21/vllm/dataset-mbpp.model-qwen3.5-9b.alpha4.0.steps100.blocks-1.prefetch-budget-20.rank-accept_first.cut-entropy4.0.samples20.maxnew1024.seed10086.subtreePrefetch.vllm.log,433,6,36,0.11847861935383791
/Users/jiangnanhugo/workspace/power-sharpening/Subtree-Prefetching-Power-Sharpening/case_studies/logs-entropycut/mbpp/2026-09-21/vllm/dataset-mbpp.model-qwen3.5-9b.alpha4.0.steps100.blocks-1.prefetch-budget-20.rank-accept_first.cut-entropy4.0.samples20.maxnew1024.seed10086.subtreePrefetch.vllm.log,433,7,36,0.11847861935383791
/Users/jiangnanhugo/workspace/power-sharpening/Subtree-Prefetching-Power-Sharpening/case_studies/logs-entropycut/mbpp/2026-09-21/vllm/dataset-mbpp.model-qwen3.5-9b.alpha4.0.steps100.blocks-1.prefetch-budget-20.rank-accept_first.cut-entropy4.0.samples20.maxnew1024.seed10086.subtreePrefetch.vllm.log,433,8,47,0.2522505662360281
/Users/jiangnanhugo/workspace/power-sharpening/Subtree-Prefetching-Power-Sharpening/case_studies/logs-entropycut/mbpp/2026-09-21/vllm/dataset-mbpp.model-qwen3.5-9b.alpha4.0.steps100.blocks-1.prefetch-budget-20.rank-accept_first.cut-entropy4.0.samples20.maxnew1024.seed10086.subtreePrefetch.vllm.log,433,9,322,0.05152856182145731
/Users/jiangnanhugo/workspace/power-sharpening/Subtree-Prefetching-Power-Sharpening/case_studies/logs-entropycut/mbpp/2026-09-21/vllm/dataset-mbpp.model-qwen3.5-9b.alpha4.0.steps100.blocks-1.prefetch-budget-20.rank-accept_first.cut-entropy4.0.samples20.maxnew1024.seed10086.subtreePrefetch.vllm.log,433,10,2,0.010309063394316304
/Users/jiangnanhugo/workspace/power-sharpening/Subtree-Prefetching-Power-Sharpening/case_studies/logs-entropycut/mbpp/2026-09-21/vllm/dataset-mbpp.model-qwen3.5-9b.alpha4.0.steps100.blocks-1.prefetch-budget-20.rank-accept_first.cut-entropy4.0.samples20.maxnew1024.seed10086.subtreePrefetch.vllm.log,433,11,47,0.2522505662360281
/Users/jiangnanhugo/workspace/power-sharpening/Subtree-Prefetching-Power-Sharpening/case_studies/logs-entropycut/mbpp/2026-09-21/vllm/dataset-mbpp.model-qwen3.5-9b.alpha4.0.steps100.blocks-1.prefetch-budget-20.rank-accept_first.cut-entropy4.0.samples20.maxnew1024.seed10086.subtreePrefetch.vllm.log,433,12,47,0.2522505662360281
/Users/jiangnanhugo/workspace/power-sharpening/Subtree-Prefetching-Power-Sharpening/case_studies/logs-entropycut/mbpp/2026-09-21/vllm/dataset-mbpp.model-qwen3.5-9b.alpha4.0.steps100.blocks-1.prefetch-budget-20.rank-accept_first.cut-entropy4.0.samples20.maxnew1024.seed10086.subtreePrefetch.vllm.log,433,13,47,0.2522505662360281
/Users/jiangnanhugo/workspace/power-sharpening/Subtree-Prefetching-Power-Sharpening/case_studies/logs-entropycut/mbpp/2026-09-21/vllm/dataset-mbpp.model-qwen3.5-9b.alpha4.0.steps100.blocks-1.prefetch-budget-20.rank-accept_first.cut-entropy4.0.samples20.maxnew1024.seed10086.subtreePrefetch.vllm.log,433,14,47,0.2522505662360281
/Users/jiangnanhugo/workspace/power-sharpening/Subtree-Prefetching-Power-Sharpening/case_studies/logs-entropycut/mbpp/2026-09-21/vllm/dataset-mbpp.model-qwen3.5-9b.alpha4.0.steps100.blocks-1.prefetch-budget-20.rank-accept_first.cut-entropy4.0.samples20.maxnew1024.seed10086.subtreePrefetch.vllm.log,433,15,47,0.2522505662360281
/Users/jiangnanhugo/workspace/power-sharpening/Subtree-Prefetching-Power-Sharpening/case_studies/logs-entropycut/mbpp/2026-09-21/vllm/dataset-mbpp.model-qwen3.5-9b.alpha4.0.steps100.blocks-1.prefetch-budget-20.rank-accept_first.cut-entropy4.0.samples20.maxnew1024.seed10086.subtreePrefetch.vllm.log,433,16,47,0.2522505662360281
/Users/jiangnanhugo/workspace/power-sharpening/Subtree-Prefetching-Power-Sharpening/case_studies/logs-entropycut/mbpp/2026-09-21/vllm/dataset-mbpp.model-qwen3.5-9b.alpha4.0.steps100.blocks-1.prefetch-budget-20.rank-accept_first.cut-entropy4.0.samples20.maxnew1024.seed10086.subtreePrefetch.vllm.log,433,17,47,0.2522505662360281
/Users/jiangnanhugo/workspace/power-sharpening/Subtree-Prefetching-Power-Sharpening/case_studies/logs-entropycut/mbpp/2026-09-21/vllm/dataset-mbpp.model-qwen3.5-9b.alpha4.0.steps100.blocks-1.prefetch-budget-20.rank-accept_first.cut-entropy4.0.samples20.maxnew1024.seed10086.subtreePrefetch.vllm.log,433,18,36,0.11847861935383791
/Users/jiangnanhugo/workspace/power-sharpening/Subtree-Prefetching-Power-Sharpening/case_studies/logs-entropycut/mbpp/2026-09-21/vllm/dataset-mbpp.model-qwen3.5-9b.alpha4.0.steps100.blocks-1.prefetch-budget-20.rank-accept_first.cut-entropy4.0.samples20.maxnew1024.seed10086.subtreePrefetch.vllm.log,433,19,47,0.2522505662360281
/Users/jiangnanhugo/workspace/power-sharpening/Subtree-Prefetching-Power-Sharpening/case_studies/logs-entropycut/mbpp/2026-09-21/vllm/dataset-mbpp.model-qwen3.5-9b.alpha4.0.steps100.blocks-1.prefetch-budget-20.rank-accept_first.cut-entropy4.0.samples20.maxnew1024.seed10086.subtreePrefetch.vllm.log,434,0,512,0.22966760927552515
/Users/jiangnanhugo/workspace/power-sharpening/Subtree-Prefetching-Power-Sharpening/case_studies/logs-entropycut/mbpp/2026-09-21/vllm/dataset-mbpp.model-qwen3.5-9b.alpha4.0.steps100.blocks-1.prefetch-budget-20.rank-accept_first.cut-entropy4.0.samples20.maxnew1024.seed10086.subtreePrefetch.vllm.log,434,1,512,0.22966760927552515
/Users/jiangnanhugo/workspace/power-sharpening/Subtree-Prefetching-Power-Sharpening/case_studies/logs-entropycut/mbpp/2026-09-21/vllm/dataset-mbpp.model-qwen3.5-9b.alpha4.0.steps100.blocks-1.prefetch-budget-20.rank-accept_first.cut-entropy4.0.samples20.maxnew1024.seed10086.subtreePrefetch.vllm.log,434,2,512,0.22966760927552515
/Users/jiangnanhugo/workspace/power-sharpening/Subtree-Prefetching-Power-Sharpening/case_studies/logs-entropycut/mbpp/2026-09-21/vllm/dataset-mbpp.model-qwen3.5-9b.alpha4.0.steps100.blocks-1.prefetch-budget-20.rank-accept_first.cut-entropy4.0.samples20.maxnew1024.seed10086.subtreePrefetch.vllm.log,434,3,512,0.22966760927552515
/Users/jiangnanhugo/workspace/power-sharpening/Subtree-Prefetching-Power-Sharpening/case_studies/logs-entropycut/mbpp/2026-09-21/vllm/dataset-mbpp.model-qwen3.5-9b.alpha4.0.steps100.blocks-1.prefetch-budget-20.rank-accept_first.cut-entropy4.0.samples20.maxnew1024.seed10086.subtreePrefetch.vllm.log,434,4,326,0.07675924768506369
/Users/jiangnanhugo/workspace/power-sharpening/Subtree-Prefetching-Power-Sharpening/case_studies/logs-entropycut/mbpp/2026-09-21/vllm/dataset-mbpp.model-qwen3.5-9b.alpha4.0.steps100.blocks-1.prefetch-budget-20.rank-accept_first.cut-entropy4.0.samples20.maxnew1024.seed10086.subtreePrefetch.vllm.log,434,5,360,0.00011321643897303003
/Users/jiangnanhugo/workspace/power-sharpening/Subtree-Prefetching-Power-Sharpening/case_studies/logs-entropycut/mbpp/2026-09-21/vllm/dataset-mbpp.model-qwen3.5-9b.alpha4.0.steps100.blocks-1.prefetch-budget-20.rank-accept_first.cut-entropy4.0.samples20.maxnew1024.seed10086.subtreePrefetch.vllm.log,434,6,47,0.2522505662360281
/Users/jiangnanhugo/workspace/power-sharpening/Subtree-Prefetching-Power-Sharpening/case_studies/logs-entropycut/mbpp/2026-09-21/vllm/dataset-mbpp.model-qwen3.5-9b.alpha4.0.steps100.blocks-1.prefetch-budget-20.rank-accept_first.cut-entropy4.0.samples20.maxnew1024.seed10086.subtreePrefetch.vllm.log,434,7,326,0.07675924768506369
/Users/jiangnanhugo/workspace/power-sharpening/Subtree-Prefetching-Power-Sharpening/case_studies/logs-entropycut/mbpp/2026-09-21/vllm/dataset-mbpp.model-qwen3.5-9b.alpha4.0.steps100.blocks-1.prefetch-budget-20.rank-accept_first.cut-entropy4.0.samples20.maxnew1024.seed10086.subtreePrefetch.vllm.log,434,8,36,0.11847861935383791
/Users/jiangnanhugo/workspace/power-sharpening/Subtree-Prefetching-Power-Sharpening/case_studies/logs-entropycut/mbpp/2026-09-21/vllm/dataset-mbpp.model-qwen3.5-9b.alpha4.0.steps100.blocks-1.prefetch-budget-20.rank-accept_first.cut-entropy4.0.samples20.maxnew1024.seed10086.subtreePrefetch.vllm.log,434,9,47,0.2522505662360281
/Users/jiangnanhugo/workspace/power-sharpening/Subtree-Prefetching-Power-Sharpening/case_studies/logs-entropycut/mbpp/2026-09-21/vllm/dataset-mbpp.model-qwen3.5-9b.alpha4.0.steps100.blocks-1.prefetch-budget-20.rank-accept_first.cut-entropy4.0.samples20.maxnew1024.seed10086.subtreePrefetch.vllm.log,434,10,47,0.2522505662360281
/Users/jiangnanhugo/workspace/power-sharpening/Subtree-Prefetching-Power-Sharpening/case_studies/logs-entropycut/mbpp/2026-09-21/vllm/dataset-mbpp.model-qwen3.5-9b.alpha4.0.steps100.blocks-1.prefetch-budget-20.rank-accept_first.cut-entropy4.0.samples20.maxnew1024.seed10086.subtreePrefetch.vllm.log,434,11,47,0.2522505662360281
/Users/jiangnanhugo/workspace/power-sharpening/Subtree-Prefetching-Power-Sharpening/case_studies/logs-entropycut/mbpp/2026-09-21/vllm/dataset-mbpp.model-qwen3.5-9b.alpha4.0.steps100.blocks-1.prefetch-budget-20.rank-accept_first.cut-entropy4.0.samples20.maxnew1024.seed10086.subtreePrefetch.vllm.log,434,12,512,0.22966760927552515
/Users/jiangnanhugo/workspace/power-sharpening/Subtree-Prefetching-Power-Sharpening/case_studies/logs-entropycut/mbpp/2026-09-21/vllm/dataset-mbpp.model-qwen3.5-9b.alpha4.0.steps100.blocks-1.prefetch-budget-20.rank-accept_first.cut-entropy4.0.samples20.maxnew1024.seed10086.subtreePrefetch.vllm.log,434,13,322,0.05152856182145731
/Users/jiangnanhugo/workspace/power-sharpening/Subtree-Prefetching-Power-Sharpening/case_studies/logs-entropycut/mbpp/2026-09-21/vllm/dataset-mbpp.model-qwen3.5-9b.alpha4.0.steps100.blocks-1.prefetch-budget-20.rank-accept_first.cut-entropy4.0.samples20.maxnew1024.seed10086.subtreePrefetch.vllm.log,434,14,322,0.05152856182145731
/Users/jiangnanhugo/workspace/power-sharpening/Subtree-Prefetching-Power-Sharpening/case_studies/logs-entropycut/mbpp/2026-09-21/vllm/dataset-mbpp.model-qwen3.5-9b.alpha4.0.steps100.blocks-1.prefetch-budget-20.rank-accept_first.cut-entropy4.0.samples20.maxnew1024.seed10086.subtreePrefetch.vllm.log,434,15,286,0.007014257291758437
/Users/jiangnanhugo/workspace/power-sharpening/Subtree-Prefetching-Power-Sharpening/case_studies/logs-entropycut/mbpp/2026-09-21/vllm/dataset-mbpp.model-qwen3.5-9b.alpha4.0.steps100.blocks-1.prefetch-budget-20.rank-accept_first.cut-entropy4.0.samples20.maxnew1024.seed10086.subtreePrefetch.vllm.log,434,16,2,0.010309063394316304
/Users/jiangnanhugo/workspace/power-sharpening/Subtree-Prefetching-Power-Sharpening/case_studies/logs-entropycut/mbpp/2026-09-21/vllm/dataset-mbpp.model-qwen3.5-9b.alpha4.0.steps100.blocks-1.prefetch-budget-20.rank-accept_first.cut-entropy4.0.samples20.maxnew1024.seed10086.subtreePrefetch.vllm.log,434,17,47,0.2522505662360281
/Users/jiangnanhugo/workspace/power-sharpening/Subtree-Prefetching-Power-Sharpening/case_studies/logs-entropycut/mbpp/2026-09-21/vllm/dataset-mbpp.model-qwen3.5-9b.alpha4.0.steps100.blocks-1.prefetch-budget-20.rank-accept_first.cut-entropy4.0.samples20.maxnew1024.seed10086.subtreePrefetch.vllm.log,434,18,47,0.2522505662360281
/Users/jiangnanhugo/workspace/power-sharpening/Subtree-Prefetching-Power-Sharpening/case_studies/logs-entropycut/mbpp/2026-09-21/vllm/dataset-mbpp.model-qwen3.5-9b.alpha4.0.steps100.blocks-1.prefetch-budget-20.rank-accept_first.cut-entropy4.0.samples20.maxnew1024.seed10086.subtreePrefetch.vllm.log,434,19,47,0.2522505662360281
/Users/jiangnanhugo/workspace/power-sharpening/Subtree-Prefetching-Power-Sharpening/case_studies/logs-entropycut/mbpp/2026-09-21/vllm/dataset-mbpp.model-qwen3.5-9b.alpha4.0.steps100.blocks-1.prefetch-budget-20.rank-accept_first.cut-entropy4.0.samples20.maxnew1024.seed10086.subtreePrefetch.vllm.log,435,0,36,0.11847861935383791
/Users/jiangnanhugo/workspace/power-sharpening/Subtree-Prefetching-Power-Sharpening/case_studies/logs-entropycut/mbpp/2026-09-21/vllm/dataset-mbpp.model-qwen3.5-9b.alpha4.0.steps100.blocks-1.prefetch-budget-20.rank-accept_first.cut-entropy4.0.samples20.maxnew1024.seed10086.subtreePrefetch.vllm.log,435,1,36,0.11847861935383791
/Users/jiangnanhugo/workspace/power-sharpening/Subtree-Prefetching-Power-Sharpening/case_studies/logs-entropycut/mbpp/2026-09-21/vllm/dataset-mbpp.model-qwen3.5-9b.alpha4.0.steps100.blocks-1.prefetch-budget-20.rank-accept_first.cut-entropy4.0.samples20.maxnew1024.seed10086.subtreePrefetch.vllm.log,435,2,579,0.03653762068513197
/Users/jiangnanhugo/workspace/power-sharpening/Subtree-Prefetching-Power-Sharpening/case_studies/logs-entropycut/mbpp/2026-09-21/vllm/dataset-mbpp.model-qwen3.5-9b.alpha4.0.steps100.blocks-1.prefetch-budget-20.rank-accept_first.cut-entropy4.0.samples20.maxnew1024.seed10086.subtreePrefetch.vllm.log,435,3,189,0.036899915607806824
/Users/jiangnanhugo/workspace/power-sharpening/Subtree-Prefetching-Power-Sharpening/case_studies/logs-entropycut/mbpp/2026-09-21/vllm/dataset-mbpp.model-qwen3.5-9b.alpha4.0.steps100.blocks-1.prefetch-budget-20.rank-accept_first.cut-entropy4.0.samples20.maxnew1024.seed10086.subtreePrefetch.vllm.log,435,4,47,0.2522505662360281
/Users/jiangnanhugo/workspace/power-sharpening/Subtree-Prefetching-Power-Sharpening/case_studies/logs-entropycut/mbpp/2026-09-21/vllm/dataset-mbpp.model-qwen3.5-9b.alpha4.0.steps100.blocks-1.prefetch-budget-20.rank-accept_first.cut-entropy4.0.samples20.maxnew1024.seed10086.subtreePrefetch.vllm.log,435,5,36,0.11847861935383791
/Users/jiangnanhugo/workspace/power-sharpening/Subtree-Prefetching-Power-Sharpening/case_studies/logs-entropycut/mbpp/2026-09-21/vllm/dataset-mbpp.model-qwen3.5-9b.alpha4.0.steps100.blocks-1.prefetch-budget-20.rank-accept_first.cut-entropy4.0.samples20.maxnew1024.seed10086.subtreePrefetch.vllm.log,435,6,36,0.11847861935383791
/Users/jiangnanhugo/workspace/power-sharpening/Subtree-Prefetching-Power-Sharpening/case_studies/logs-entropycut/mbpp/2026-09-21/vllm/dataset-mbpp.model-qwen3.5-9b.alpha4.0.steps100.blocks-1.prefetch-budget-20.rank-accept_first.cut-entropy4.0.samples20.maxnew1024.seed10086.subtreePrefetch.vllm.log,435,7,512,0.22966760927552515
/Users/jiangnanhugo/workspace/power-sharpening/Subtree-Prefetching-Power-Sharpening/case_studies/logs-entropycut/mbpp/2026-09-21/vllm/dataset-mbpp.model-qwen3.5-9b.alpha4.0.steps100.blocks-1.prefetch-budget-20.rank-accept_first.cut-entropy4.0.samples20.maxnew1024.seed10086.subtreePrefetch.vllm.log,435,8,47,0.2522505662360281
/Users/jiangnanhugo/workspace/power-sharpening/Subtree-Prefetching-Power-Sharpening/case_studies/logs-entropycut/mbpp/2026-09-21/vllm/dataset-mbpp.model-qwen3.5-9b.alpha4.0.steps100.blocks-1.prefetch-budget-20.rank-accept_first.cut-entropy4.0.samples20.maxnew1024.seed10086.subtreePrefetch.vllm.log,435,9,36,0.11847861935383791
/Users/jiangnanhugo/workspace/power-sharpening/Subtree-Prefetching-Power-Sharpening/case_studies/logs-entropycut/mbpp/2026-09-21/vllm/dataset-mbpp.model-qwen3.5-9b.alpha4.0.steps100.blocks-1.prefetch-budget-20.rank-accept_first.cut-entropy4.0.samples20.maxnew1024.seed10086.subtreePrefetch.vllm.log,435,10,36,0.11847861935383791
/Users/jiangnanhugo/workspace/power-sharpening/Subtree-Prefetching-Power-Sharpening/case_studies/logs-entropycut/mbpp/2026-09-21/vllm/dataset-mbpp.model-qwen3.5-9b.alpha4.0.steps100.blocks-1.prefetch-budget-20.rank-accept_first.cut-entropy4.0.samples20.maxnew1024.seed10086.subtreePrefetch.vllm.log,435,11,219,0.017947719568184806
/Users/jiangnanhugo/workspace/power-sharpening/Subtree-Prefetching-Power-Sharpening/case_studies/logs-entropycut/mbpp/2026-09-21/vllm/dataset-mbpp.model-qwen3.5-9b.alpha4.0.steps100.blocks-1.prefetch-budget-20.rank-accept_first.cut-entropy4.0.samples20.maxnew1024.seed10086.subtreePrefetch.vllm.log,435,12,47,0.2522505662360281
/Users/jiangnanhugo/workspace/power-sharpening/Subtree-Prefetching-Power-Sharpening/case_studies/logs-entropycut/mbpp/2026-09-21/vllm/dataset-mbpp.model-qwen3.5-9b.alpha4.0.steps100.blocks-1.prefetch-budget-20.rank-accept_first.cut-entropy4.0.samples20.maxnew1024.seed10086.subtreePrefetch.vllm.log,435,13,47,0.2522505662360281
/Users/jiangnanhugo/workspace/power-sharpening/Subtree-Prefetching-Power-Sharpening/case_studies/logs-entropycut/mbpp/2026-09-21/vllm/dataset-mbpp.model-qwen3.5-9b.alpha4.0.steps100.blocks-1.prefetch-budget-20.rank-accept_first.cut-entropy4.0.samples20.maxnew1024.seed10086.subtreePrefetch.vllm.log,435,14,2,0.010309063394316304
/Users/jiangnanhugo/workspace/power-sharpening/Subtree-Prefetching-Power-Sharpening/case_studies/logs-entropycut/mbpp/2026-09-21/vllm/dataset-mbpp.model-qwen3.5-9b.alpha4.0.steps100.blocks-1.prefetch-budget-20.rank-accept_first.cut-entropy4.0.samples20.maxnew1024.seed10086.subtreePrefetch.vllm.log,435,15,47,0.2522505662360281
/Users/jiangnanhugo/workspace/power-sharpening/Subtree-Prefetching-Power-Sharpening/case_studies/logs-entropycut/mbpp/2026-09-21/vllm/dataset-mbpp.model-qwen3.5-9b.alpha4.0.steps100.blocks-1.prefetch-budget-20.rank-accept_first.cut-entropy4.0.samples20.maxnew1024.seed10086.subtreePrefetch.vllm.log,435,16,47,0.2522505662360281
/Users/jiangnanhugo/workspace/power-sharpening/Subtree-Prefetching-Power-Sharpening/case_studies/logs-entropycut/mbpp/2026-09-21/vllm/dataset-mbpp.model-qwen3.5-9b.alpha4.0.steps100.blocks-1.prefetch-budget-20.rank-accept_first.cut-entropy4.0.samples20.maxnew1024.seed10086.subtreePrefetch.vllm.log,435,17,189,0.036899915607806824
/Users/jiangnanhugo/workspace/power-sharpening/Subtree-Prefetching-Power-Sharpening/case_studies/logs-entropycut/mbpp/2026-09-21/vllm/dataset-mbpp.model-qwen3.5-9b.alpha4.0.steps100.blocks-1.prefetch-budget-20.rank-accept_first.cut-entropy4.0.samples20.maxnew1024.seed10086.subtreePrefetch.vllm.log,435,18,47,0.2522505662360281
/Users/jiangnanhugo/workspace/power-sharpening/Subtree-Prefetching-Power-Sharpening/case_studies/logs-entropycut/mbpp/2026-09-21/vllm/dataset-mbpp.model-qwen3.5-9b.alpha4.0.steps100.blocks-1.prefetch-budget-20.rank-accept_first.cut-entropy4.0.samples20.maxnew1024.seed10086.subtreePrefetch.vllm.log,435,19,47,0.2522505662360281
/Users/jiangnanhugo/workspace/power-sharpening/Subtree-Prefetching-Power-Sharpening/case_studies/logs-entropycut/mbpp/2026-09-21/vllm/dataset-mbpp.model-qwen3.5-9b.alpha4.0.steps100.blocks-1.prefetch-budget-20.rank-accept_first.cut-entropy4.0.samples20.maxnew1024.seed10086.subtreePrefetch.vllm.log,436,0,512,0.22942479205608413
/Users/jiangnanhugo/workspace/power-sharpening/Subtree-Prefetching-Power-Sharpening/case_studies/logs-entropycut/mbpp/2026-09-21/vllm/dataset-mbpp.model-qwen3.5-9b.alpha4.0.steps100.blocks-1.prefetch-budget-20.rank-accept_first.cut-entropy4.0.samples20.maxnew1024.seed10086.subtreePrefetch.vllm.log,436,1,326,0.07667809358959474
/Users/jiangnanhugo/workspace/power-sharpening/Subtree-Prefetching-Power-Sharpening/case_studies/logs-entropycut/mbpp/2026-09-21/vllm/dataset-mbpp.model-qwen3.5-9b.alpha4.0.steps100.blocks-1.prefetch-budget-20.rank-accept_first.cut-entropy4.0.samples20.maxnew1024.seed10086.subtreePrefetch.vllm.log,436,2,47,0.2519838730732914
/Users/jiangnanhugo/workspace/power-sharpening/Subtree-Prefetching-Power-Sharpening/case_studies/logs-entropycut/mbpp/2026-09-21/vllm/dataset-mbpp.model-qwen3.5-9b.alpha4.0.steps100.blocks-1.prefetch-budget-20.rank-accept_first.cut-entropy4.0.samples20.maxnew1024.seed10086.subtreePrefetch.vllm.log,436,3,30,0.023502011087645627
/Users/jiangnanhugo/workspace/power-sharpening/Subtree-Prefetching-Power-Sharpening/case_studies/logs-entropycut/mbpp/2026-09-21/vllm/dataset-mbpp.model-qwen3.5-9b.alpha4.0.steps100.blocks-1.prefetch-budget-20.rank-accept_first.cut-entropy4.0.samples20.maxnew1024.seed10086.subtreePrefetch.vllm.log,436,4,47,0.2519838730732914
/Users/jiangnanhugo/workspace/power-sharpening/Subtree-Prefetching-Power-Sharpening/case_studies/logs-entropycut/mbpp/2026-09-21/vllm/dataset-mbpp.model-qwen3.5-9b.alpha4.0.steps100.blocks-1.prefetch-budget-20.rank-accept_first.cut-entropy4.0.samples20.maxnew1024.seed10086.subtreePrefetch.vllm.log,436,5,512,0.22942479205608413
/Users/jiangnanhugo/workspace/power-sharpening/Subtree-Prefetching-Power-Sharpening/case_studies/logs-entropycut/mbpp/2026-09-21/vllm/dataset-mbpp.model-qwen3.5-9b.alpha4.0.steps100.blocks-1.prefetch-budget-20.rank-accept_first.cut-entropy4.0.samples20.maxnew1024.seed10086.subtreePrefetch.vllm.log,436,6,47,0.2519838730732914
/Users/jiangnanhugo/workspace/power-sharpening/Subtree-Prefetching-Power-Sharpening/case_studies/logs-entropycut/mbpp/2026-09-21/vllm/dataset-mbpp.model-qwen3.5-9b.alpha4.0.steps100.blocks-1.prefetch-budget-20.rank-accept_first.cut-entropy4.0.samples20.maxnew1024.seed10086.subtreePrefetch.vllm.log,436,7,47,0.2519838730732914
/Users/jiangnanhugo/workspace/power-sharpening/Subtree-Prefetching-Power-Sharpening/case_studies/logs-entropycut/mbpp/2026-09-21/vllm/dataset-mbpp.model-qwen3.5-9b.alpha4.0.steps100.blocks-1.prefetch-budget-20.rank-accept_first.cut-entropy4.0.samples20.maxnew1024.seed10086.subtreePrefetch.vllm.log,436,8,47,0.2519838730732914
/Users/jiangnanhugo/workspace/power-sharpening/Subtree-Prefetching-Power-Sharpening/case_studies/logs-entropycut/mbpp/2026-09-21/vllm/dataset-mbpp.model-qwen3.5-9b.alpha4.0.steps100.blocks-1.prefetch-budget-20.rank-accept_first.cut-entropy4.0.samples20.maxnew1024.seed10086.subtreePrefetch.vllm.log,436,9,36,0.11835335724567445
/Users/jiangnanhugo/workspace/power-sharpening/Subtree-Prefetching-Power-Sharpening/case_studies/logs-entropycut/mbpp/2026-09-21/vllm/dataset-mbpp.model-qwen3.5-9b.alpha4.0.steps100.blocks-1.prefetch-budget-20.rank-accept_first.cut-entropy4.0.samples20.maxnew1024.seed10086.subtreePrefetch.vllm.log,436,10,47,0.2519838730732914
/Users/jiangnanhugo/workspace/power-sharpening/Subtree-Prefetching-Power-Sharpening/case_studies/logs-entropycut/mbpp/2026-09-21/vllm/dataset-mbpp.model-qwen3.5-9b.alpha4.0.steps100.blocks-1.prefetch-budget-20.rank-accept_first.cut-entropy4.0.samples20.maxnew1024.seed10086.subtreePrefetch.vllm.log,436,11,36,0.11835335724567445
/Users/jiangnanhugo/workspace/power-sharpening/Subtree-Prefetching-Power-Sharpening/case_studies/logs-entropycut/mbpp/2026-09-21/vllm/dataset-mbpp.model-qwen3.5-9b.alpha4.0.steps100.blocks-1.prefetch-budget-20.rank-accept_first.cut-entropy4.0.samples20.maxnew1024.seed10086.subtreePrefetch.vllm.log,436,12,47,0.2519838730732914
/Users/jiangnanhugo/workspace/power-sharpening/Subtree-Prefetching-Power-Sharpening/case_studies/logs-entropycut/mbpp/2026-09-21/vllm/dataset-mbpp.model-qwen3.5-9b.alpha4.0.steps100.blocks-1.prefetch-budget-20.rank-accept_first.cut-entropy4.0.samples20.maxnew1024.seed10086.subtreePrefetch.vllm.log,436,13,189,0.03686090298894533
/Users/jiangnanhugo/workspace/power-sharpening/Subtree-Prefetching-Power-Sharpening/case_studies/logs-entropycut/mbpp/2026-09-21/vllm/dataset-mbpp.model-qwen3.5-9b.alpha4.0.steps100.blocks-1.prefetch-budget-20.rank-accept_first.cut-entropy4.0.samples20.maxnew1024.seed10086.subtreePrefetch.vllm.log,436,14,47,0.2519838730732914
/Users/jiangnanhugo/workspace/power-sharpening/Subtree-Prefetching-Power-Sharpening/case_studies/logs-entropycut/mbpp/2026-09-21/vllm/dataset-mbpp.model-qwen3.5-9b.alpha4.0.steps100.blocks-1.prefetch-budget-20.rank-accept_first.cut-entropy4.0.samples20.maxnew1024.seed10086.subtreePrefetch.vllm.log,436,15,47,0.2519838730732914
/Users/jiangnanhugo/workspace/power-sharpening/Subtree-Prefetching-Power-Sharpening/case_studies/logs-entropycut/mbpp/2026-09-21/vllm/dataset-mbpp.model-qwen3.5-9b.alpha4.0.steps100.blocks-1.prefetch-budget-20.rank-accept_first.cut-entropy4.0.samples20.maxnew1024.seed10086.subtreePrefetch.vllm.log,436,16,47,0.2519838730732914
/Users/jiangnanhugo/workspace/power-sharpening/Subtree-Prefetching-Power-Sharpening/case_studies/logs-entropycut/mbpp/2026-09-21/vllm/dataset-mbpp.model-qwen3.5-9b.alpha4.0.steps100.blocks-1.prefetch-budget-20.rank-accept_first.cut-entropy4.0.samples20.maxnew1024.seed10086.subtreePrefetch.vllm.log,436,17,326,0.07667809358959474
/Users/jiangnanhugo/workspace/power-sharpening/Subtree-Prefetching-Power-Sharpening/case_studies/logs-entropycut/mbpp/2026-09-21/vllm/dataset-mbpp.model-qwen3.5-9b.alpha4.0.steps100.blocks-1.prefetch-budget-20.rank-accept_first.cut-entropy4.0.samples20.maxnew1024.seed10086.subtreePrefetch.vllm.log,436,18,47,0.2519838730732914
/Users/jiangnanhugo/workspace/power-sharpening/Subtree-Prefetching-Power-Sharpening/case_studies/logs-entropycut/mbpp/2026-09-21/vllm/dataset-mbpp.model-qwen3.5-9b.alpha4.0.steps100.blocks-1.prefetch-budget-20.rank-accept_first.cut-entropy4.0.samples20.maxnew1024.seed10086.subtreePrefetch.vllm.log,436,19,36,0.11835335724567445
/Users/jiangnanhugo/workspace/power-sharpening/Subtree-Prefetching-Power-Sharpening/case_studies/logs-entropycut/mbpp/2026-09-21/vllm/dataset-mbpp.model-qwen3.5-9b.alpha4.0.steps100.blocks-1.prefetch-budget-20.rank-accept_first.cut-entropy4.0.samples20.maxnew1024.seed10086.subtreePrefetch.vllm.log,437,0,466,0.0021135230913564293
/Users/jiangnanhugo/workspace/power-sharpening/Subtree-Prefetching-Power-Sharpening/case_studies/logs-entropycut/mbpp/2026-09-21/vllm/dataset-mbpp.model-qwen3.5-9b.alpha4.0.steps100.blocks-1.prefetch-budget-20.rank-accept_first.cut-entropy4.0.samples20.maxnew1024.seed10086.subtreePrefetch.vllm.log,437,1,47,0.2519838730732914
/Users/jiangnanhugo/workspace/power-sharpening/Subtree-Prefetching-Power-Sharpening/case_studies/logs-entropycut/mbpp/2026-09-21/vllm/dataset-mbpp.model-qwen3.5-9b.alpha4.0.steps100.blocks-1.prefetch-budget-20.rank-accept_first.cut-entropy4.0.samples20.maxnew1024.seed10086.subtreePrefetch.vllm.log,437,2,326,0.07667809358959474
/Users/jiangnanhugo/workspace/power-sharpening/Subtree-Prefetching-Power-Sharpening/case_studies/logs-entropycut/mbpp/2026-09-21/vllm/dataset-mbpp.model-qwen3.5-9b.alpha4.0.steps100.blocks-1.prefetch-budget-20.rank-accept_first.cut-entropy4.0.samples20.maxnew1024.seed10086.subtreePrefetch.vllm.log,437,3,326,0.07667809358959474
/Users/jiangnanhugo/workspace/power-sharpening/Subtree-Prefetching-Power-Sharpening/case_studies/logs-entropycut/mbpp/2026-09-21/vllm/dataset-mbpp.model-qwen3.5-9b.alpha4.0.steps100.blocks-1.prefetch-budget-20.rank-accept_first.cut-entropy4.0.samples20.maxnew1024.seed10086.subtreePrefetch.vllm.log,437,4,189,0.03686090298894533
/Users/jiangnanhugo/workspace/power-sharpening/Subtree-Prefetching-Power-Sharpening/case_studies/logs-entropycut/mbpp/2026-09-21/vllm/dataset-mbpp.model-qwen3.5-9b.alpha4.0.steps100.blocks-1.prefetch-budget-20.rank-accept_first.cut-entropy4.0.samples20.maxnew1024.seed10086.subtreePrefetch.vllm.log,437,5,512,0.22942479205608413
/Users/jiangnanhugo/workspace/power-sharpening/Subtree-Prefetching-Power-Sharpening/case_studies/logs-entropycut/mbpp/2026-09-21/vllm/dataset-mbpp.model-qwen3.5-9b.alpha4.0.steps100.blocks-1.prefetch-budget-20.rank-accept_first.cut-entropy4.0.samples20.maxnew1024.seed10086.subtreePrefetch.vllm.log,437,6,189,0.03686090298894533
/Users/jiangnanhugo/workspace/power-sharpening/Subtree-Prefetching-Power-Sharpening/case_studies/logs-entropycut/mbpp/2026-09-21/vllm/dataset-mbpp.model-qwen3.5-9b.alpha4.0.steps100.blocks-1.prefetch-budget-20.rank-accept_first.cut-entropy4.0.samples20.maxnew1024.seed10086.subtreePrefetch.vllm.log,437,7,36,0.11835335724567445
/Users/jiangnanhugo/workspace/power-sharpening/Subtree-Prefetching-Power-Sharpening/case_studies/logs-entropycut/mbpp/2026-09-21/vllm/dataset-mbpp.model-qwen3.5-9b.alpha4.0.steps100.blocks-1.prefetch-budget-20.rank-accept_first.cut-entropy4.0.samples20.maxnew1024.seed10086.subtreePrefetch.vllm.log,437,8,189,0.03686090298894533
/Users/jiangnanhugo/workspace/power-sharpening/Subtree-Prefetching-Power-Sharpening/case_studies/logs-entropycut/mbpp/2026-09-21/vllm/dataset-mbpp.model-qwen3.5-9b.alpha4.0.steps100.blocks-1.prefetch-budget-20.rank-accept_first.cut-entropy4.0.samples20.maxnew1024.seed10086.subtreePrefetch.vllm.log,437,9,90,0.010586572463470846
/Users/jiangnanhugo/workspace/power-sharpening/Subtree-Prefetching-Power-Sharpening/case_studies/logs-entropycut/mbpp/2026-09-21/vllm/dataset-mbpp.model-qwen3.5-9b.alpha4.0.steps100.blocks-1.prefetch-budget-20.rank-accept_first.cut-entropy4.0.samples20.maxnew1024.seed10086.subtreePrefetch.vllm.log,437,10,36,0.11835335724567445
/Users/jiangnanhugo/workspace/power-sharpening/Subtree-Prefetching-Power-Sharpening/case_studies/logs-entropycut/mbpp/2026-09-21/vllm/dataset-mbpp.model-qwen3.5-9b.alpha4.0.steps100.blocks-1.prefetch-budget-20.rank-accept_first.cut-entropy4.0.samples20.maxnew1024.seed10086.subtreePrefetch.vllm.log,437,11,633,0.010490629818736143
/Users/jiangnanhugo/workspace/power-sharpening/Subtree-Prefetching-Power-Sharpening/case_studies/logs-entropycut/mbpp/2026-09-21/vllm/dataset-mbpp.model-qwen3.5-9b.alpha4.0.steps100.blocks-1.prefetch-budget-20.rank-accept_first.cut-entropy4.0.samples20.maxnew1024.seed10086.subtreePrefetch.vllm.log,437,12,30,0.023502011087645627
/Users/jiangnanhugo/workspace/power-sharpening/Subtree-Prefetching-Power-Sharpening/case_studies/logs-entropycut/mbpp/2026-09-21/vllm/dataset-mbpp.model-qwen3.5-9b.alpha4.0.steps100.blocks-1.prefetch-budget-20.rank-accept_first.cut-entropy4.0.samples20.maxnew1024.seed10086.subtreePrefetch.vllm.log,437,13,47,0.2519838730732914
/Users/jiangnanhugo/workspace/power-sharpening/Subtree-Prefetching-Power-Sharpening/case_studies/logs-entropycut/mbpp/2026-09-21/vllm/dataset-mbpp.model-qwen3.5-9b.alpha4.0.steps100.blocks-1.prefetch-budget-20.rank-accept_first.cut-entropy4.0.samples20.maxnew1024.seed10086.subtreePrefetch.vllm.log,437,14,512,0.22942479205608413
/Users/jiangnanhugo/workspace/power-sharpening/Subtree-Prefetching-Power-Sharpening/case_studies/logs-entropycut/mbpp/2026-09-21/vllm/dataset-mbpp.model-qwen3.5-9b.alpha4.0.steps100.blocks-1.prefetch-budget-20.rank-accept_first.cut-entropy4.0.samples20.maxnew1024.seed10086.subtreePrefetch.vllm.log,437,15,326,0.07667809358959474
/Users/jiangnanhugo/workspace/power-sharpening/Subtree-Prefetching-Power-Sharpening/case_studies/logs-entropycut/mbpp/2026-09-21/vllm/dataset-mbpp.model-qwen3.5-9b.alpha4.0.steps100.blocks-1.prefetch-budget-20.rank-accept_first.cut-entropy4.0.samples20.maxnew1024.seed10086.subtreePrefetch.vllm.log,437,16,326,0.07667809358959474
/Users/jiangnanhugo/workspace/power-sharpening/Subtree-Prefetching-Power-Sharpening/case_studies/logs-entropycut/mbpp/2026-09-21/vllm/dataset-mbpp.model-qwen3.5-9b.alpha4.0.steps100.blocks-1.prefetch-budget-20.rank-accept_first.cut-entropy4.0.samples20.maxnew1024.seed10086.subtreePrefetch.vllm.log,437,17,47,0.2519838730732914
/Users/jiangnanhugo/workspace/power-sharpening/Subtree-Prefetching-Power-Sharpening/case_studies/logs-entropycut/mbpp/2026-09-21/vllm/dataset-mbpp.model-qwen3.5-9b.alpha4.0.steps100.blocks-1.prefetch-budget-20.rank-accept_first.cut-entropy4.0.samples20.maxnew1024.seed10086.subtreePrefetch.vllm.log,437,18,36,0.11835335724567445
/Users/jiangnanhugo/workspace/power-sharpening/Subtree-Prefetching-Power-Sharpening/case_studies/logs-entropycut/mbpp/2026-09-21/vllm/dataset-mbpp.model-qwen3.5-9b.alpha4.0.steps100.blocks-1.prefetch-budget-20.rank-accept_first.cut-entropy4.0.samples20.maxnew1024.seed10086.subtreePrefetch.vllm.log,437,19,47,0.2519838730732914
/Users/jiangnanhugo/workspace/power-sharpening/Subtree-Prefetching-Power-Sharpening/case_studies/logs-entropycut/mbpp/2026-09-21/vllm/dataset-mbpp.model-qwen3.5-9b.alpha4.0.steps100.blocks-1.prefetch-budget-20.rank-accept_first.cut-entropy4.0.samples20.maxnew1024.seed10086.subtreePrefetch.vllm.log,438,0,47,0.26135868765922493
/Users/jiangnanhugo/workspace/power-sharpening/Subtree-Prefetching-Power-Sharpening/case_studies/logs-entropycut/mbpp/2026-09-21/vllm/dataset-mbpp.model-qwen3.5-9b.alpha4.0.steps100.blocks-1.prefetch-budget-20.rank-accept_first.cut-entropy4.0.samples20.maxnew1024.seed10086.subtreePrefetch.vllm.log,438,1,579,0.03898578101537533
/Users/jiangnanhugo/workspace/power-sharpening/Subtree-Prefetching-Power-Sharpening/case_studies/logs-entropycut/mbpp/2026-09-21/vllm/dataset-mbpp.model-qwen3.5-9b.alpha4.0.steps100.blocks-1.prefetch-budget-20.rank-accept_first.cut-entropy4.0.samples20.maxnew1024.seed10086.subtreePrefetch.vllm.log,438,2,47,0.26135868765922493
/Users/jiangnanhugo/workspace/power-sharpening/Subtree-Prefetching-Power-Sharpening/case_studies/logs-entropycut/mbpp/2026-09-21/vllm/dataset-mbpp.model-qwen3.5-9b.alpha4.0.steps100.blocks-1.prefetch-budget-20.rank-accept_first.cut-entropy4.0.samples20.maxnew1024.seed10086.subtreePrefetch.vllm.log,438,3,512,0.20793193059636123
/Users/jiangnanhugo/workspace/power-sharpening/Subtree-Prefetching-Power-Sharpening/case_studies/logs-entropycut/mbpp/2026-09-21/vllm/dataset-mbpp.model-qwen3.5-9b.alpha4.0.steps100.blocks-1.prefetch-budget-20.rank-accept_first.cut-entropy4.0.samples20.maxnew1024.seed10086.subtreePrefetch.vllm.log,438,4,47,0.26135868765922493
/Users/jiangnanhugo/workspace/power-sharpening/Subtree-Prefetching-Power-Sharpening/case_studies/logs-entropycut/mbpp/2026-09-21/vllm/dataset-mbpp.model-qwen3.5-9b.alpha4.0.steps100.blocks-1.prefetch-budget-20.rank-accept_first.cut-entropy4.0.samples20.maxnew1024.seed10086.subtreePrefetch.vllm.log,438,5,47,0.26135868765922493
/Users/jiangnanhugo/workspace/power-sharpening/Subtree-Prefetching-Power-Sharpening/case_studies/logs-entropycut/mbpp/2026-09-21/vllm/dataset-mbpp.model-qwen3.5-9b.alpha4.0.steps100.blocks-1.prefetch-budget-20.rank-accept_first.cut-entropy4.0.samples20.maxnew1024.seed10086.subtreePrefetch.vllm.log,438,6,30,0.024376380521117853
/Users/jiangnanhugo/workspace/power-sharpening/Subtree-Prefetching-Power-Sharpening/case_studies/logs-entropycut/mbpp/2026-09-21/vllm/dataset-mbpp.model-qwen3.5-9b.alpha4.0.steps100.blocks-1.prefetch-budget-20.rank-accept_first.cut-entropy4.0.samples20.maxnew1024.seed10086.subtreePrefetch.vllm.log,438,7,47,0.26135868765922493
/Users/jiangnanhugo/workspace/power-sharpening/Subtree-Prefetching-Power-Sharpening/case_studies/logs-entropycut/mbpp/2026-09-21/vllm/dataset-mbpp.model-qwen3.5-9b.alpha4.0.steps100.blocks-1.prefetch-budget-20.rank-accept_first.cut-entropy4.0.samples20.maxnew1024.seed10086.subtreePrefetch.vllm.log,438,8,322,0.05338912612002619
/Users/jiangnanhugo/workspace/power-sharpening/Subtree-Prefetching-Power-Sharpening/case_studies/logs-entropycut/mbpp/2026-09-21/vllm/dataset-mbpp.model-qwen3.5-9b.alpha4.0.steps100.blocks-1.prefetch-budget-20.rank-accept_first.cut-entropy4.0.samples20.maxnew1024.seed10086.subtreePrefetch.vllm.log,438,9,36,0.12275657863547439
/Users/jiangnanhugo/workspace/power-sharpening/Subtree-Prefetching-Power-Sharpening/case_studies/logs-entropycut/mbpp/2026-09-21/vllm/dataset-mbpp.model-qwen3.5-9b.alpha4.0.steps100.blocks-1.prefetch-budget-20.rank-accept_first.cut-entropy4.0.samples20.maxnew1024.seed10086.subtreePrefetch.vllm.log,438,10,512,0.20793193059636123
/Users/jiangnanhugo/workspace/power-sharpening/Subtree-Prefetching-Power-Sharpening/case_studies/logs-entropycut/mbpp/2026-09-21/vllm/dataset-mbpp.model-qwen3.5-9b.alpha4.0.steps100.blocks-1.prefetch-budget-20.rank-accept_first.cut-entropy4.0.samples20.maxnew1024.seed10086.subtreePrefetch.vllm.log,438,11,512,0.20793193059636123
/Users/jiangnanhugo/workspace/power-sharpening/Subtree-Prefetching-Power-Sharpening/case_studies/logs-entropycut/mbpp/2026-09-21/vllm/dataset-mbpp.model-qwen3.5-9b.alpha4.0.steps100.blocks-1.prefetch-budget-20.rank-accept_first.cut-entropy4.0.samples20.maxnew1024.seed10086.subtreePrefetch.vllm.log,438,12,47,0.26135868765922493
/Users/jiangnanhugo/workspace/power-sharpening/Subtree-Prefetching-Power-Sharpening/case_studies/logs-entropycut/mbpp/2026-09-21/vllm/dataset-mbpp.model-qwen3.5-9b.alpha4.0.steps100.blocks-1.prefetch-budget-20.rank-accept_first.cut-entropy4.0.samples20.maxnew1024.seed10086.subtreePrefetch.vllm.log,438,13,512,0.20793193059636123
/Users/jiangnanhugo/workspace/power-sharpening/Subtree-Prefetching-Power-Sharpening/case_studies/logs-entropycut/mbpp/2026-09-21/vllm/dataset-mbpp.model-qwen3.5-9b.alpha4.0.steps100.blocks-1.prefetch-budget-20.rank-accept_first.cut-entropy4.0.samples20.maxnew1024.seed10086.subtreePrefetch.vllm.log,438,14,47,0.26135868765922493
/Users/jiangnanhugo/workspace/power-sharpening/Subtree-Prefetching-Power-Sharpening/case_studies/logs-entropycut/mbpp/2026-09-21/vllm/dataset-mbpp.model-qwen3.5-9b.alpha4.0.steps100.blocks-1.prefetch-budget-20.rank-accept_first.cut-entropy4.0.samples20.maxnew1024.seed10086.subtreePrefetch.vllm.log,438,15,47,0.26135868765922493
/Users/jiangnanhugo/workspace/power-sharpening/Subtree-Prefetching-Power-Sharpening/case_studies/logs-entropycut/mbpp/2026-09-21/vllm/dataset-mbpp.model-qwen3.5-9b.alpha4.0.steps100.blocks-1.prefetch-budget-20.rank-accept_first.cut-entropy4.0.samples20.maxnew1024.seed10086.subtreePrefetch.vllm.log,438,16,36,0.12275657863547439
/Users/jiangnanhugo/workspace/power-sharpening/Subtree-Prefetching-Power-Sharpening/case_studies/logs-entropycut/mbpp/2026-09-21/vllm/dataset-mbpp.model-qwen3.5-9b.alpha4.0.steps100.blocks-1.prefetch-budget-20.rank-accept_first.cut-entropy4.0.samples20.maxnew1024.seed10086.subtreePrefetch.vllm.log,438,17,286,0.00726752414487266
/Users/jiangnanhugo/workspace/power-sharpening/Subtree-Prefetching-Power-Sharpening/case_studies/logs-entropycut/mbpp/2026-09-21/vllm/dataset-mbpp.model-qwen3.5-9b.alpha4.0.steps100.blocks-1.prefetch-budget-20.rank-accept_first.cut-entropy4.0.samples20.maxnew1024.seed10086.subtreePrefetch.vllm.log,438,18,512,0.20793193059636123
/Users/jiangnanhugo/workspace/power-sharpening/Subtree-Prefetching-Power-Sharpening/case_studies/logs-entropycut/mbpp/2026-09-21/vllm/dataset-mbpp.model-qwen3.5-9b.alpha4.0.steps100.blocks-1.prefetch-budget-20.rank-accept_first.cut-entropy4.0.samples20.maxnew1024.seed10086.subtreePrefetch.vllm.log,438,19,47,0.26135868765922493
/Users/jiangnanhugo/workspace/power-sharpening/Subtree-Prefetching-Power-Sharpening/case_studies/logs-entropycut/mbpp/2026-09-21/vllm/dataset-mbpp.model-qwen3.5-9b.alpha4.0.steps100.blocks-1.prefetch-budget-20.rank-accept_first.cut-entropy4.0.samples20.maxnew1024.seed10086.subtreePrefetch.vllm.log,439,0,47,0.26135868765922493
/Users/jiangnanhugo/workspace/power-sharpening/Subtree-Prefetching-Power-Sharpening/case_studies/logs-entropycut/mbpp/2026-09-21/vllm/dataset-mbpp.model-qwen3.5-9b.alpha4.0.steps100.blocks-1.prefetch-budget-20.rank-accept_first.cut-entropy4.0.samples20.maxnew1024.seed10086.subtreePrefetch.vllm.log,439,1,47,0.26135868765922493
/Users/jiangnanhugo/workspace/power-sharpening/Subtree-Prefetching-Power-Sharpening/case_studies/logs-entropycut/mbpp/2026-09-21/vllm/dataset-mbpp.model-qwen3.5-9b.alpha4.0.steps100.blocks-1.prefetch-budget-20.rank-accept_first.cut-entropy4.0.samples20.maxnew1024.seed10086.subtreePrefetch.vllm.log,439,2,512,0.20793193059636123
/Users/jiangnanhugo/workspace/power-sharpening/Subtree-Prefetching-Power-Sharpening/case_studies/logs-entropycut/mbpp/2026-09-21/vllm/dataset-mbpp.model-qwen3.5-9b.alpha4.0.steps100.blocks-1.prefetch-budget-20.rank-accept_first.cut-entropy4.0.samples20.maxnew1024.seed10086.subtreePrefetch.vllm.log,439,3,512,0.20793193059636123
/Users/jiangnanhugo/workspace/power-sharpening/Subtree-Prefetching-Power-Sharpening/case_studies/logs-entropycut/mbpp/2026-09-21/vllm/dataset-mbpp.model-qwen3.5-9b.alpha4.0.steps100.blocks-1.prefetch-budget-20.rank-accept_first.cut-entropy4.0.samples20.maxnew1024.seed10086.subtreePrefetch.vllm.log,439,4,47,0.26135868765922493
/Users/jiangnanhugo/workspace/power-sharpening/Subtree-Prefetching-Power-Sharpening/case_studies/logs-entropycut/mbpp/2026-09-21/vllm/dataset-mbpp.model-qwen3.5-9b.alpha4.0.steps100.blocks-1.prefetch-budget-20.rank-accept_first.cut-entropy4.0.samples20.maxnew1024.seed10086.subtreePrefetch.vllm.log,439,5,47,0.26135868765922493
/Users/jiangnanhugo/workspace/power-sharpening/Subtree-Prefetching-Power-Sharpening/case_studies/logs-entropycut/mbpp/2026-09-21/vllm/dataset-mbpp.model-qwen3.5-9b.alpha4.0.steps100.blocks-1.prefetch-budget-20.rank-accept_first.cut-entropy4.0.samples20.maxnew1024.seed10086.subtreePrefetch.vllm.log,439,6,47,0.26135868765922493
/Users/jiangnanhugo/workspace/power-sharpening/Subtree-Prefetching-Power-Sharpening/case_studies/logs-entropycut/mbpp/2026-09-21/vllm/dataset-mbpp.model-qwen3.5-9b.alpha4.0.steps100.blocks-1.prefetch-budget-20.rank-accept_first.cut-entropy4.0.samples20.maxnew1024.seed10086.subtreePrefetch.vllm.log,439,7,36,0.12275657863547439
/Users/jiangnanhugo/workspace/power-sharpening/Subtree-Prefetching-Power-Sharpening/case_studies/logs-entropycut/mbpp/2026-09-21/vllm/dataset-mbpp.model-qwen3.5-9b.alpha4.0.steps100.blocks-1.prefetch-budget-20.rank-accept_first.cut-entropy4.0.samples20.maxnew1024.seed10086.subtreePrefetch.vllm.log,439,8,90,0.010980435581515395
/Users/jiangnanhugo/workspace/power-sharpening/Subtree-Prefetching-Power-Sharpening/case_studies/logs-entropycut/mbpp/2026-09-21/vllm/dataset-mbpp.model-qwen3.5-9b.alpha4.0.steps100.blocks-1.prefetch-budget-20.rank-accept_first.cut-entropy4.0.samples20.maxnew1024.seed10086.subtreePrefetch.vllm.log,439,9,512,0.20793193059636123
/Users/jiangnanhugo/workspace/power-sharpening/Subtree-Prefetching-Power-Sharpening/case_studies/logs-entropycut/mbpp/2026-09-21/vllm/dataset-mbpp.model-qwen3.5-9b.alpha4.0.steps100.blocks-1.prefetch-budget-20.rank-accept_first.cut-entropy4.0.samples20.maxnew1024.seed10086.subtreePrefetch.vllm.log,439,10,47,0.26135868765922493
/Users/jiangnanhugo/workspace/power-sharpening/Subtree-Prefetching-Power-Sharpening/case_studies/logs-entropycut/mbpp/2026-09-21/vllm/dataset-mbpp.model-qwen3.5-9b.alpha4.0.steps100.blocks-1.prefetch-budget-20.rank-accept_first.cut-entropy4.0.samples20.maxnew1024.seed10086.subtreePrefetch.vllm.log,439,11,47,0.26135868765922493
/Users/jiangnanhugo/workspace/power-sharpening/Subtree-Prefetching-Power-Sharpening/case_studies/logs-entropycut/mbpp/2026-09-21/vllm/dataset-mbpp.model-qwen3.5-9b.alpha4.0.steps100.blocks-1.prefetch-budget-20.rank-accept_first.cut-entropy4.0.samples20.maxnew1024.seed10086.subtreePrefetch.vllm.log,439,12,47,0.26135868765922493
/Users/jiangnanhugo/workspace/power-sharpening/Subtree-Prefetching-Power-Sharpening/case_studies/logs-entropycut/mbpp/2026-09-21/vllm/dataset-mbpp.model-qwen3.5-9b.alpha4.0.steps100.blocks-1.prefetch-budget-20.rank-accept_first.cut-entropy4.0.samples20.maxnew1024.seed10086.subtreePrefetch.vllm.log,439,13,36,0.12275657863547439
/Users/jiangnanhugo/workspace/power-sharpening/Subtree-Prefetching-Power-Sharpening/case_studies/logs-entropycut/mbpp/2026-09-21/vllm/dataset-mbpp.model-qwen3.5-9b.alpha4.0.steps100.blocks-1.prefetch-budget-20.rank-accept_first.cut-entropy4.0.samples20.maxnew1024.seed10086.subtreePrefetch.vllm.log,439,14,47,0.26135868765922493
/Users/jiangnanhugo/workspace/power-sharpening/Subtree-Prefetching-Power-Sharpening/case_studies/logs-entropycut/mbpp/2026-09-21/vllm/dataset-mbpp.model-qwen3.5-9b.alpha4.0.steps100.blocks-1.prefetch-budget-20.rank-accept_first.cut-entropy4.0.samples20.maxnew1024.seed10086.subtreePrefetch.vllm.log,439,15,326,0.07535891098426206
/Users/jiangnanhugo/workspace/power-sharpening/Subtree-Prefetching-Power-Sharpening/case_studies/logs-entropycut/mbpp/2026-09-21/vllm/dataset-mbpp.model-qwen3.5-9b.alpha4.0.steps100.blocks-1.prefetch-budget-20.rank-accept_first.cut-entropy4.0.samples20.maxnew1024.seed10086.subtreePrefetch.vllm.log,439,16,322,0.05338912612002619
/Users/jiangnanhugo/workspace/power-sharpening/Subtree-Prefetching-Power-Sharpening/case_studies/logs-entropycut/mbpp/2026-09-21/vllm/dataset-mbpp.model-qwen3.5-9b.alpha4.0.steps100.blocks-1.prefetch-budget-20.rank-accept_first.cut-entropy4.0.samples20.maxnew1024.seed10086.subtreePrefetch.vllm.log,439,17,47,0.26135868765922493
/Users/jiangnanhugo/workspace/power-sharpening/Subtree-Prefetching-Power-Sharpening/case_studies/logs-entropycut/mbpp/2026-09-21/vllm/dataset-mbpp.model-qwen3.5-9b.alpha4.0.steps100.blocks-1.prefetch-budget-20.rank-accept_first.cut-entropy4.0.samples20.maxnew1024.seed10086.subtreePrefetch.vllm.log,439,18,47,0.26135868765922493
/Users/jiangnanhugo/workspace/power-sharpening/Subtree-Prefetching-Power-Sharpening/case_studies/logs-entropycut/mbpp/2026-09-21/vllm/dataset-mbpp.model-qwen3.5-9b.alpha4.0.steps100.blocks-1.prefetch-budget-20.rank-accept_first.cut-entropy4.0.samples20.maxnew1024.seed10086.subtreePrefetch.vllm.log,439,19,326,0.07535891098426206
/Users/jiangnanhugo/workspace/power-sharpening/Subtree-Prefetching-Power-Sharpening/case_studies/logs-entropycut/mbpp/2026-09-21/vllm/dataset-mbpp.model-qwen3.5-9b.alpha4.0.steps100.blocks-1.prefetch-budget-20.rank-accept_first.cut-entropy4.0.samples20.maxnew1024.seed10086.subtreePrefetch.vllm.log,440,0,121,0.0037547400690806586
/Users/jiangnanhugo/workspace/power-sharpening/Subtree-Prefetching-Power-Sharpening/case_studies/logs-entropycut/mbpp/2026-09-21/vllm/dataset-mbpp.model-qwen3.5-9b.alpha4.0.steps100.blocks-1.prefetch-budget-20.rank-accept_first.cut-entropy4.0.samples20.maxnew1024.seed10086.subtreePrefetch.vllm.log,440,1,977,0.005921451916138607
/Users/jiangnanhugo/workspace/power-sharpening/Subtree-Prefetching-Power-Sharpening/case_studies/logs-entropycut/mbpp/2026-09-21/vllm/dataset-mbpp.model-qwen3.5-9b.alpha4.0.steps100.blocks-1.prefetch-budget-20.rank-accept_first.cut-entropy4.0.samples20.maxnew1024.seed10086.subtreePrefetch.vllm.log,440,2,36,0.12275657863547439
/Users/jiangnanhugo/workspace/power-sharpening/Subtree-Prefetching-Power-Sharpening/case_studies/logs-entropycut/mbpp/2026-09-21/vllm/dataset-mbpp.model-qwen3.5-9b.alpha4.0.steps100.blocks-1.prefetch-budget-20.rank-accept_first.cut-entropy4.0.samples20.maxnew1024.seed10086.subtreePrefetch.vllm.log,440,3,47,0.26135868765922493
/Users/jiangnanhugo/workspace/power-sharpening/Subtree-Prefetching-Power-Sharpening/case_studies/logs-entropycut/mbpp/2026-09-21/vllm/dataset-mbpp.model-qwen3.5-9b.alpha4.0.steps100.blocks-1.prefetch-budget-20.rank-accept_first.cut-entropy4.0.samples20.maxnew1024.seed10086.subtreePrefetch.vllm.log,440,4,326,0.07535891098426206
/Users/jiangnanhugo/workspace/power-sharpening/Subtree-Prefetching-Power-Sharpening/case_studies/logs-entropycut/mbpp/2026-09-21/vllm/dataset-mbpp.model-qwen3.5-9b.alpha4.0.steps100.blocks-1.prefetch-budget-20.rank-accept_first.cut-entropy4.0.samples20.maxnew1024.seed10086.subtreePrefetch.vllm.log,440,5,47,0.26135868765922493
/Users/jiangnanhugo/workspace/power-sharpening/Subtree-Prefetching-Power-Sharpening/case_studies/logs-entropycut/mbpp/2026-09-21/vllm/dataset-mbpp.model-qwen3.5-9b.alpha4.0.steps100.blocks-1.prefetch-budget-20.rank-accept_first.cut-entropy4.0.samples20.maxnew1024.seed10086.subtreePrefetch.vllm.log,440,6,90,0.010980435581515395
/Users/jiangnanhugo/workspace/power-sharpening/Subtree-Prefetching-Power-Sharpening/case_studies/logs-entropycut/mbpp/2026-09-21/vllm/dataset-mbpp.model-qwen3.5-9b.alpha4.0.steps100.blocks-1.prefetch-budget-20.rank-accept_first.cut-entropy4.0.samples20.maxnew1024.seed10086.subtreePrefetch.vllm.log,440,7,326,0.07535891098426206
/Users/jiangnanhugo/workspace/power-sharpening/Subtree-Prefetching-Power-Sharpening/case_studies/logs-entropycut/mbpp/2026-09-21/vllm/dataset-mbpp.model-qwen3.5-9b.alpha4.0.steps100.blocks-1.prefetch-budget-20.rank-accept_first.cut-entropy4.0.samples20.maxnew1024.seed10086.subtreePrefetch.vllm.log,440,8,47,0.26135868765922493
/Users/jiangnanhugo/workspace/power-sharpening/Subtree-Prefetching-Power-Sharpening/case_studies/logs-entropycut/mbpp/2026-09-21/vllm/dataset-mbpp.model-qwen3.5-9b.alpha4.0.steps100.blocks-1.prefetch-budget-20.rank-accept_first.cut-entropy4.0.samples20.maxnew1024.seed10086.subtreePrefetch.vllm.log,440,9,189,0.03823227698513331
/Users/jiangnanhugo/workspace/power-sharpening/Subtree-Prefetching-Power-Sharpening/case_studies/logs-entropycut/mbpp/2026-09-21/vllm/dataset-mbpp.model-qwen3.5-9b.alpha4.0.steps100.blocks-1.prefetch-budget-20.rank-accept_first.cut-entropy4.0.samples20.maxnew1024.seed10086.subtreePrefetch.vllm.log,440,10,47,0.26135868765922493
/Users/jiangnanhugo/workspace/power-sharpening/Subtree-Prefetching-Power-Sharpening/case_studies/logs-entropycut/mbpp/2026-09-21/vllm/dataset-mbpp.model-qwen3.5-9b.alpha4.0.steps100.blocks-1.prefetch-budget-20.rank-accept_first.cut-entropy4.0.samples20.maxnew1024.seed10086.subtreePrefetch.vllm.log,440,11,47,0.26135868765922493
/Users/jiangnanhugo/workspace/power-sharpening/Subtree-Prefetching-Power-Sharpening/case_studies/logs-entropycut/mbpp/2026-09-21/vllm/dataset-mbpp.model-qwen3.5-9b.alpha4.0.steps100.blocks-1.prefetch-budget-20.rank-accept_first.cut-entropy4.0.samples20.maxnew1024.seed10086.subtreePrefetch.vllm.log,440,12,36,0.12275657863547439
/Users/jiangnanhugo/workspace/power-sharpening/Subtree-Prefetching-Power-Sharpening/case_studies/logs-entropycut/mbpp/2026-09-21/vllm/dataset-mbpp.model-qwen3.5-9b.alpha4.0.steps100.blocks-1.prefetch-budget-20.rank-accept_first.cut-entropy4.0.samples20.maxnew1024.seed10086.subtreePrefetch.vllm.log,440,13,36,0.12275657863547439
/Users/jiangnanhugo/workspace/power-sharpening/Subtree-Prefetching-Power-Sharpening/case_studies/logs-entropycut/mbpp/2026-09-21/vllm/dataset-mbpp.model-qwen3.5-9b.alpha4.0.steps100.blocks-1.prefetch-budget-20.rank-accept_first.cut-entropy4.0.samples20.maxnew1024.seed10086.subtreePrefetch.vllm.log,440,14,47,0.26135868765922493
/Users/jiangnanhugo/workspace/power-sharpening/Subtree-Prefetching-Power-Sharpening/case_studies/logs-entropycut/mbpp/2026-09-21/vllm/dataset-mbpp.model-qwen3.5-9b.alpha4.0.steps100.blocks-1.prefetch-budget-20.rank-accept_first.cut-entropy4.0.samples20.maxnew1024.seed10086.subtreePrefetch.vllm.log,440,15,47,0.26135868765922493
/Users/jiangnanhugo/workspace/power-sharpening/Subtree-Prefetching-Power-Sharpening/case_studies/logs-entropycut/mbpp/2026-09-21/vllm/dataset-mbpp.model-qwen3.5-9b.alpha4.0.steps100.blocks-1.prefetch-budget-20.rank-accept_first.cut-entropy4.0.samples20.maxnew1024.seed10086.subtreePrefetch.vllm.log,440,16,47,0.26135868765922493
/Users/jiangnanhugo/workspace/power-sharpening/Subtree-Prefetching-Power-Sharpening/case_studies/logs-entropycut/mbpp/2026-09-21/vllm/dataset-mbpp.model-qwen3.5-9b.alpha4.0.steps100.blocks-1.prefetch-budget-20.rank-accept_first.cut-entropy4.0.samples20.maxnew1024.seed10086.subtreePrefetch.vllm.log,440,17,47,0.26135868765922493
/Users/jiangnanhugo/workspace/power-sharpening/Subtree-Prefetching-Power-Sharpening/case_studies/logs-entropycut/mbpp/2026-09-21/vllm/dataset-mbpp.model-qwen3.5-9b.alpha4.0.steps100.blocks-1.prefetch-budget-20.rank-accept_first.cut-entropy4.0.samples20.maxnew1024.seed10086.subtreePrefetch.vllm.log,440,18,47,0.26135868765922493
/Users/jiangnanhugo/workspace/power-sharpening/Subtree-Prefetching-Power-Sharpening/case_studies/logs-entropycut/mbpp/2026-09-21/vllm/dataset-mbpp.model-qwen3.5-9b.alpha4.0.steps100.blocks-1.prefetch-budget-20.rank-accept_first.cut-entropy4.0.samples20.maxnew1024.seed10086.subtreePrefetch.vllm.log,440,19,36,0.12275657863547439
/Users/jiangnanhugo/workspace/power-sharpening/Subtree-Prefetching-Power-Sharpening/case_studies/logs-entropycut/mbpp/2026-09-21/vllm/dataset-mbpp.model-qwen3.5-9b.alpha4.0.steps100.blocks-1.prefetch-budget-20.rank-accept_first.cut-entropy4.0.samples20.maxnew1024.seed10086.subtreePrefetch.vllm.log,441,0,30,0.025146139389228283
/Users/jiangnanhugo/workspace/power-sharpening/Subtree-Prefetching-Power-Sharpening/case_studies/logs-entropycut/mbpp/2026-09-21/vllm/dataset-mbpp.model-qwen3.5-9b.alpha4.0.steps100.blocks-1.prefetch-budget-20.rank-accept_first.cut-entropy4.0.samples20.maxnew1024.seed10086.subtreePrefetch.vllm.log,441,1,47,0.26961188863830804
/Users/jiangnanhugo/workspace/power-sharpening/Subtree-Prefetching-Power-Sharpening/case_studies/logs-entropycut/mbpp/2026-09-21/vllm/dataset-mbpp.model-qwen3.5-9b.alpha4.0.steps100.blocks-1.prefetch-budget-20.rank-accept_first.cut-entropy4.0.samples20.maxnew1024.seed10086.subtreePrefetch.vllm.log,441,2,47,0.26961188863830804
/Users/jiangnanhugo/workspace/power-sharpening/Subtree-Prefetching-Power-Sharpening/case_studies/logs-entropycut/mbpp/2026-09-21/vllm/dataset-mbpp.model-qwen3.5-9b.alpha4.0.steps100.blocks-1.prefetch-budget-20.rank-accept_first.cut-entropy4.0.samples20.maxnew1024.seed10086.subtreePrefetch.vllm.log,441,3,2,0.011018591923528005
/Users/jiangnanhugo/workspace/power-sharpening/Subtree-Prefetching-Power-Sharpening/case_studies/logs-entropycut/mbpp/2026-09-21/vllm/dataset-mbpp.model-qwen3.5-9b.alpha4.0.steps100.blocks-1.prefetch-budget-20.rank-accept_first.cut-entropy4.0.samples20.maxnew1024.seed10086.subtreePrefetch.vllm.log,441,4,30,0.025146139389228283
/Users/jiangnanhugo/workspace/power-sharpening/Subtree-Prefetching-Power-Sharpening/case_studies/logs-entropycut/mbpp/2026-09-21/vllm/dataset-mbpp.model-qwen3.5-9b.alpha4.0.steps100.blocks-1.prefetch-budget-20.rank-accept_first.cut-entropy4.0.samples20.maxnew1024.seed10086.subtreePrefetch.vllm.log,441,5,47,0.26961188863830804
/Users/jiangnanhugo/workspace/power-sharpening/Subtree-Prefetching-Power-Sharpening/case_studies/logs-entropycut/mbpp/2026-09-21/vllm/dataset-mbpp.model-qwen3.5-9b.alpha4.0.steps100.blocks-1.prefetch-budget-20.rank-accept_first.cut-entropy4.0.samples20.maxnew1024.seed10086.subtreePrefetch.vllm.log,441,6,36,0.1266329935503831
/Users/jiangnanhugo/workspace/power-sharpening/Subtree-Prefetching-Power-Sharpening/case_studies/logs-entropycut/mbpp/2026-09-21/vllm/dataset-mbpp.model-qwen3.5-9b.alpha4.0.steps100.blocks-1.prefetch-budget-20.rank-accept_first.cut-entropy4.0.samples20.maxnew1024.seed10086.subtreePrefetch.vllm.log,441,7,189,0.03140195934167631
/Users/jiangnanhugo/workspace/power-sharpening/Subtree-Prefetching-Power-Sharpening/case_studies/logs-entropycut/mbpp/2026-09-21/vllm/dataset-mbpp.model-qwen3.5-9b.alpha4.0.steps100.blocks-1.prefetch-budget-20.rank-accept_first.cut-entropy4.0.samples20.maxnew1024.seed10086.subtreePrefetch.vllm.log,441,8,30,0.025146139389228283
/Users/jiangnanhugo/workspace/power-sharpening/Subtree-Prefetching-Power-Sharpening/case_studies/logs-entropycut/mbpp/2026-09-21/vllm/dataset-mbpp.model-qwen3.5-9b.alpha4.0.steps100.blocks-1.prefetch-budget-20.rank-accept_first.cut-entropy4.0.samples20.maxnew1024.seed10086.subtreePrefetch.vllm.log,441,9,36,0.1266329935503831
/Users/jiangnanhugo/workspace/power-sharpening/Subtree-Prefetching-Power-Sharpening/case_studies/logs-entropycut/mbpp/2026-09-21/vllm/dataset-mbpp.model-qwen3.5-9b.alpha4.0.steps100.blocks-1.prefetch-budget-20.rank-accept_first.cut-entropy4.0.samples20.maxnew1024.seed10086.subtreePrefetch.vllm.log,441,10,36,0.1266329935503831
/Users/jiangnanhugo/workspace/power-sharpening/Subtree-Prefetching-Power-Sharpening/case_studies/logs-entropycut/mbpp/2026-09-21/vllm/dataset-mbpp.model-qwen3.5-9b.alpha4.0.steps100.blocks-1.prefetch-budget-20.rank-accept_first.cut-entropy4.0.samples20.maxnew1024.seed10086.subtreePrefetch.vllm.log,441,11,477,0.01241770700429394
/Users/jiangnanhugo/workspace/power-sharpening/Subtree-Prefetching-Power-Sharpening/case_studies/logs-entropycut/mbpp/2026-09-21/vllm/dataset-mbpp.model-qwen3.5-9b.alpha4.0.steps100.blocks-1.prefetch-budget-20.rank-accept_first.cut-entropy4.0.samples20.maxnew1024.seed10086.subtreePrefetch.vllm.log,441,12,47,0.26961188863830804
/Users/jiangnanhugo/workspace/power-sharpening/Subtree-Prefetching-Power-Sharpening/case_studies/logs-entropycut/mbpp/2026-09-21/vllm/dataset-mbpp.model-qwen3.5-9b.alpha4.0.steps100.blocks-1.prefetch-budget-20.rank-accept_first.cut-entropy4.0.samples20.maxnew1024.seed10086.subtreePrefetch.vllm.log,441,13,374,0.004382857523448075
/Users/jiangnanhugo/workspace/power-sharpening/Subtree-Prefetching-Power-Sharpening/case_studies/logs-entropycut/mbpp/2026-09-21/vllm/dataset-mbpp.model-qwen3.5-9b.alpha4.0.steps100.blocks-1.prefetch-budget-20.rank-accept_first.cut-entropy4.0.samples20.maxnew1024.seed10086.subtreePrefetch.vllm.log,441,14,47,0.26961188863830804
/Users/jiangnanhugo/workspace/power-sharpening/Subtree-Prefetching-Power-Sharpening/case_studies/logs-entropycut/mbpp/2026-09-21/vllm/dataset-mbpp.model-qwen3.5-9b.alpha4.0.steps100.blocks-1.prefetch-budget-20.rank-accept_first.cut-entropy4.0.samples20.maxnew1024.seed10086.subtreePrefetch.vllm.log,441,15,47,0.26961188863830804
/Users/jiangnanhugo/workspace/power-sharpening/Subtree-Prefetching-Power-Sharpening/case_studies/logs-entropycut/mbpp/2026-09-21/vllm/dataset-mbpp.model-qwen3.5-9b.alpha4.0.steps100.blocks-1.prefetch-budget-20.rank-accept_first.cut-entropy4.0.samples20.maxnew1024.seed10086.subtreePrefetch.vllm.log,441,16,47,0.26961188863830804
/Users/jiangnanhugo/workspace/power-sharpening/Subtree-Prefetching-Power-Sharpening/case_studies/logs-entropycut/mbpp/2026-09-21/vllm/dataset-mbpp.model-qwen3.5-9b.alpha4.0.steps100.blocks-1.prefetch-budget-20.rank-accept_first.cut-entropy4.0.samples20.maxnew1024.seed10086.subtreePrefetch.vllm.log,441,17,47,0.26961188863830804
/Users/jiangnanhugo/workspace/power-sharpening/Subtree-Prefetching-Power-Sharpening/case_studies/logs-entropycut/mbpp/2026-09-21/vllm/dataset-mbpp.model-qwen3.5-9b.alpha4.0.steps100.blocks-1.prefetch-budget-20.rank-accept_first.cut-entropy4.0.samples20.maxnew1024.seed10086.subtreePrefetch.vllm.log,441,18,36,0.1266329935503831
/Users/jiangnanhugo/workspace/power-sharpening/Subtree-Prefetching-Power-Sharpening/case_studies/logs-entropycut/mbpp/2026-09-21/vllm/dataset-mbpp.model-qwen3.5-9b.alpha4.0.steps100.blocks-1.prefetch-budget-20.rank-accept_first.cut-entropy4.0.samples20.maxnew1024.seed10086.subtreePrefetch.vllm.log,441,19,47,0.26961188863830804
/Users/jiangnanhugo/workspace/power-sharpening/Subtree-Prefetching-Power-Sharpening/case_studies/logs-entropycut/mbpp/2026-09-21/vllm/dataset-mbpp.model-qwen3.5-9b.alpha4.0.steps100.blocks-1.prefetch-budget-20.rank-accept_first.cut-entropy4.0.samples20.maxnew1024.seed10086.subtreePrefetch.vllm.log,442,0,90,0.011327176462806789
/Users/jiangnanhugo/workspace/power-sharpening/Subtree-Prefetching-Power-Sharpening/case_studies/logs-entropycut/mbpp/2026-09-21/vllm/dataset-mbpp.model-qwen3.5-9b.alpha4.0.steps100.blocks-1.prefetch-budget-20.rank-accept_first.cut-entropy4.0.samples20.maxnew1024.seed10086.subtreePrefetch.vllm.log,442,1,47,0.26961188863830804
/Users/jiangnanhugo/workspace/power-sharpening/Subtree-Prefetching-Power-Sharpening/case_studies/logs-entropycut/mbpp/2026-09-21/vllm/dataset-mbpp.model-qwen3.5-9b.alpha4.0.steps100.blocks-1.prefetch-budget-20.rank-accept_first.cut-entropy4.0.samples20.maxnew1024.seed10086.subtreePrefetch.vllm.log,442,2,47,0.26961188863830804
/Users/jiangnanhugo/workspace/power-sharpening/Subtree-Prefetching-Power-Sharpening/case_studies/logs-entropycut/mbpp/2026-09-21/vllm/dataset-mbpp.model-qwen3.5-9b.alpha4.0.steps100.blocks-1.prefetch-budget-20.rank-accept_first.cut-entropy4.0.samples20.maxnew1024.seed10086.subtreePrefetch.vllm.log,442,3,121,0.0058924464873614515
/Users/jiangnanhugo/workspace/power-sharpening/Subtree-Prefetching-Power-Sharpening/case_studies/logs-entropycut/mbpp/2026-09-21/vllm/dataset-mbpp.model-qwen3.5-9b.alpha4.0.steps100.blocks-1.prefetch-budget-20.rank-accept_first.cut-entropy4.0.samples20.maxnew1024.seed10086.subtreePrefetch.vllm.log,442,4,47,0.26961188863830804
/Users/jiangnanhugo/workspace/power-sharpening/Subtree-Prefetching-Power-Sharpening/case_studies/logs-entropycut/mbpp/2026-09-21/vllm/dataset-mbpp.model-qwen3.5-9b.alpha4.0.steps100.blocks-1.prefetch-budget-20.rank-accept_first.cut-entropy4.0.samples20.maxnew1024.seed10086.subtreePrefetch.vllm.log,442,5,47,0.26961188863830804
/Users/jiangnanhugo/workspace/power-sharpening/Subtree-Prefetching-Power-Sharpening/case_studies/logs-entropycut/mbpp/2026-09-21/vllm/dataset-mbpp.model-qwen3.5-9b.alpha4.0.steps100.blocks-1.prefetch-budget-20.rank-accept_first.cut-entropy4.0.samples20.maxnew1024.seed10086.subtreePrefetch.vllm.log,442,6,36,0.1266329935503831
/Users/jiangnanhugo/workspace/power-sharpening/Subtree-Prefetching-Power-Sharpening/case_studies/logs-entropycut/mbpp/2026-09-21/vllm/dataset-mbpp.model-qwen3.5-9b.alpha4.0.steps100.blocks-1.prefetch-budget-20.rank-accept_first.cut-entropy4.0.samples20.maxnew1024.seed10086.subtreePrefetch.vllm.log,442,7,47,0.26961188863830804
/Users/jiangnanhugo/workspace/power-sharpening/Subtree-Prefetching-Power-Sharpening/case_studies/logs-entropycut/mbpp/2026-09-21/vllm/dataset-mbpp.model-qwen3.5-9b.alpha4.0.steps100.blocks-1.prefetch-budget-20.rank-accept_first.cut-entropy4.0.samples20.maxnew1024.seed10086.subtreePrefetch.vllm.log,442,8,30,0.025146139389228283
/Users/jiangnanhugo/workspace/power-sharpening/Subtree-Prefetching-Power-Sharpening/case_studies/logs-entropycut/mbpp/2026-09-21/vllm/dataset-mbpp.model-qwen3.5-9b.alpha4.0.steps100.blocks-1.prefetch-budget-20.rank-accept_first.cut-entropy4.0.samples20.maxnew1024.seed10086.subtreePrefetch.vllm.log,442,9,512,0.19595217099595327
/Users/jiangnanhugo/workspace/power-sharpening/Subtree-Prefetching-Power-Sharpening/case_studies/logs-entropycut/mbpp/2026-09-21/vllm/dataset-mbpp.model-qwen3.5-9b.alpha4.0.steps100.blocks-1.prefetch-budget-20.rank-accept_first.cut-entropy4.0.samples20.maxnew1024.seed10086.subtreePrefetch.vllm.log,442,10,36,0.1266329935503831
/Users/jiangnanhugo/workspace/power-sharpening/Subtree-Prefetching-Power-Sharpening/case_studies/logs-entropycut/mbpp/2026-09-21/vllm/dataset-mbpp.model-qwen3.5-9b.alpha4.0.steps100.blocks-1.prefetch-budget-20.rank-accept_first.cut-entropy4.0.samples20.maxnew1024.seed10086.subtreePrefetch.vllm.log,442,11,36,0.1266329935503831
/Users/jiangnanhugo/workspace/power-sharpening/Subtree-Prefetching-Power-Sharpening/case_studies/logs-entropycut/mbpp/2026-09-21/vllm/dataset-mbpp.model-qwen3.5-9b.alpha4.0.steps100.blocks-1.prefetch-budget-20.rank-accept_first.cut-entropy4.0.samples20.maxnew1024.seed10086.subtreePrefetch.vllm.log,442,12,36,0.1266329935503831
/Users/jiangnanhugo/workspace/power-sharpening/Subtree-Prefetching-Power-Sharpening/case_studies/logs-entropycut/mbpp/2026-09-21/vllm/dataset-mbpp.model-qwen3.5-9b.alpha4.0.steps100.blocks-1.prefetch-budget-20.rank-accept_first.cut-entropy4.0.samples20.maxnew1024.seed10086.subtreePrefetch.vllm.log,442,13,47,0.26961188863830804
/Users/jiangnanhugo/workspace/power-sharpening/Subtree-Prefetching-Power-Sharpening/case_studies/logs-entropycut/mbpp/2026-09-21/vllm/dataset-mbpp.model-qwen3.5-9b.alpha4.0.steps100.blocks-1.prefetch-budget-20.rank-accept_first.cut-entropy4.0.samples20.maxnew1024.seed10086.subtreePrefetch.vllm.log,442,14,36,0.1266329935503831
/Users/jiangnanhugo/workspace/power-sharpening/Subtree-Prefetching-Power-Sharpening/case_studies/logs-entropycut/mbpp/2026-09-21/vllm/dataset-mbpp.model-qwen3.5-9b.alpha4.0.steps100.blocks-1.prefetch-budget-20.rank-accept_first.cut-entropy4.0.samples20.maxnew1024.seed10086.subtreePrefetch.vllm.log,442,15,47,0.26961188863830804
/Users/jiangnanhugo/workspace/power-sharpening/Subtree-Prefetching-Power-Sharpening/case_studies/logs-entropycut/mbpp/2026-09-21/vllm/dataset-mbpp.model-qwen3.5-9b.alpha4.0.steps100.blocks-1.prefetch-budget-20.rank-accept_first.cut-entropy4.0.samples20.maxnew1024.seed10086.subtreePrefetch.vllm.log,442,16,189,0.03140195934167631
/Users/jiangnanhugo/workspace/power-sharpening/Subtree-Prefetching-Power-Sharpening/case_studies/logs-entropycut/mbpp/2026-09-21/vllm/dataset-mbpp.model-qwen3.5-9b.alpha4.0.steps100.blocks-1.prefetch-budget-20.rank-accept_first.cut-entropy4.0.samples20.maxnew1024.seed10086.subtreePrefetch.vllm.log,442,17,36,0.1266329935503831
/Users/jiangnanhugo/workspace/power-sharpening/Subtree-Prefetching-Power-Sharpening/case_studies/logs-entropycut/mbpp/2026-09-21/vllm/dataset-mbpp.model-qwen3.5-9b.alpha4.0.steps100.blocks-1.prefetch-budget-20.rank-accept_first.cut-entropy4.0.samples20.maxnew1024.seed10086.subtreePrefetch.vllm.log,442,18,47,0.26961188863830804
/Users/jiangnanhugo/workspace/power-sharpening/Subtree-Prefetching-Power-Sharpening/case_studies/logs-entropycut/mbpp/2026-09-21/vllm/dataset-mbpp.model-qwen3.5-9b.alpha4.0.steps100.blocks-1.prefetch-budget-20.rank-accept_first.cut-entropy4.0.samples20.maxnew1024.seed10086.subtreePrefetch.vllm.log,442,19,47,0.26961188863830804
/Users/jiangnanhugo/workspace/power-sharpening/Subtree-Prefetching-Power-Sharpening/case_studies/logs-entropycut/mbpp/2026-09-21/vllm/dataset-mbpp.model-qwen3.5-9b.alpha4.0.steps100.blocks-1.prefetch-budget-20.rank-accept_first.cut-entropy4.0.samples20.maxnew1024.seed10086.subtreePrefetch.vllm.log,443,0,579,0.03559179606489722
/Users/jiangnanhugo/workspace/power-sharpening/Subtree-Prefetching-Power-Sharpening/case_studies/logs-entropycut/mbpp/2026-09-21/vllm/dataset-mbpp.model-qwen3.5-9b.alpha4.0.steps100.blocks-1.prefetch-budget-20.rank-accept_first.cut-entropy4.0.samples20.maxnew1024.seed10086.subtreePrefetch.vllm.log,443,1,512,0.19638431498759643
/Users/jiangnanhugo/workspace/power-sharpening/Subtree-Prefetching-Power-Sharpening/case_studies/logs-entropycut/mbpp/2026-09-21/vllm/dataset-mbpp.model-qwen3.5-9b.alpha4.0.steps100.blocks-1.prefetch-budget-20.rank-accept_first.cut-entropy4.0.samples20.maxnew1024.seed10086.subtreePrefetch.vllm.log,443,2,322,0.05394578174473064
/Users/jiangnanhugo/workspace/power-sharpening/Subtree-Prefetching-Power-Sharpening/case_studies/logs-entropycut/mbpp/2026-09-21/vllm/dataset-mbpp.model-qwen3.5-9b.alpha4.0.steps100.blocks-1.prefetch-budget-20.rank-accept_first.cut-entropy4.0.samples20.maxnew1024.seed10086.subtreePrefetch.vllm.log,443,3,36,0.126912273140553
/Users/jiangnanhugo/workspace/power-sharpening/Subtree-Prefetching-Power-Sharpening/case_studies/logs-entropycut/mbpp/2026-09-21/vllm/dataset-mbpp.model-qwen3.5-9b.alpha4.0.steps100.blocks-1.prefetch-budget-20.rank-accept_first.cut-entropy4.0.samples20.maxnew1024.seed10086.subtreePrefetch.vllm.log,443,4,512,0.19638431498759643
/Users/jiangnanhugo/workspace/power-sharpening/Subtree-Prefetching-Power-Sharpening/case_studies/logs-entropycut/mbpp/2026-09-21/vllm/dataset-mbpp.model-qwen3.5-9b.alpha4.0.steps100.blocks-1.prefetch-budget-20.rank-accept_first.cut-entropy4.0.samples20.maxnew1024.seed10086.subtreePrefetch.vllm.log,443,5,90,0.011352157702779263
/Users/jiangnanhugo/workspace/power-sharpening/Subtree-Prefetching-Power-Sharpening/case_studies/logs-entropycut/mbpp/2026-09-21/vllm/dataset-mbpp.model-qwen3.5-9b.alpha4.0.steps100.blocks-1.prefetch-budget-20.rank-accept_first.cut-entropy4.0.samples20.maxnew1024.seed10086.subtreePrefetch.vllm.log,443,6,47,0.27020649748117553
/Users/jiangnanhugo/workspace/power-sharpening/Subtree-Prefetching-Power-Sharpening/case_studies/logs-entropycut/mbpp/2026-09-21/vllm/dataset-mbpp.model-qwen3.5-9b.alpha4.0.steps100.blocks-1.prefetch-budget-20.rank-accept_first.cut-entropy4.0.samples20.maxnew1024.seed10086.subtreePrefetch.vllm.log,443,7,47,0.27020649748117553
/Users/jiangnanhugo/workspace/power-sharpening/Subtree-Prefetching-Power-Sharpening/case_studies/logs-entropycut/mbpp/2026-09-21/vllm/dataset-mbpp.model-qwen3.5-9b.alpha4.0.steps100.blocks-1.prefetch-budget-20.rank-accept_first.cut-entropy4.0.samples20.maxnew1024.seed10086.subtreePrefetch.vllm.log,443,8,47,0.27020649748117553
/Users/jiangnanhugo/workspace/power-sharpening/Subtree-Prefetching-Power-Sharpening/case_studies/logs-entropycut/mbpp/2026-09-21/vllm/dataset-mbpp.model-qwen3.5-9b.alpha4.0.steps100.blocks-1.prefetch-budget-20.rank-accept_first.cut-entropy4.0.samples20.maxnew1024.seed10086.subtreePrefetch.vllm.log,443,9,36,0.126912273140553
/Users/jiangnanhugo/workspace/power-sharpening/Subtree-Prefetching-Power-Sharpening/case_studies/logs-entropycut/mbpp/2026-09-21/vllm/dataset-mbpp.model-qwen3.5-9b.alpha4.0.steps100.blocks-1.prefetch-budget-20.rank-accept_first.cut-entropy4.0.samples20.maxnew1024.seed10086.subtreePrefetch.vllm.log,443,10,36,0.126912273140553
/Users/jiangnanhugo/workspace/power-sharpening/Subtree-Prefetching-Power-Sharpening/case_studies/logs-entropycut/mbpp/2026-09-21/vllm/dataset-mbpp.model-qwen3.5-9b.alpha4.0.steps100.blocks-1.prefetch-budget-20.rank-accept_first.cut-entropy4.0.samples20.maxnew1024.seed10086.subtreePrefetch.vllm.log,443,11,47,0.27020649748117553
/Users/jiangnanhugo/workspace/power-sharpening/Subtree-Prefetching-Power-Sharpening/case_studies/logs-entropycut/mbpp/2026-09-21/vllm/dataset-mbpp.model-qwen3.5-9b.alpha4.0.steps100.blocks-1.prefetch-budget-20.rank-accept_first.cut-entropy4.0.samples20.maxnew1024.seed10086.subtreePrefetch.vllm.log,443,12,462,0.025768194802071345
/Users/jiangnanhugo/workspace/power-sharpening/Subtree-Prefetching-Power-Sharpening/case_studies/logs-entropycut/mbpp/2026-09-21/vllm/dataset-mbpp.model-qwen3.5-9b.alpha4.0.steps100.blocks-1.prefetch-budget-20.rank-accept_first.cut-entropy4.0.samples20.maxnew1024.seed10086.subtreePrefetch.vllm.log,443,13,47,0.27020649748117553
/Users/jiangnanhugo/workspace/power-sharpening/Subtree-Prefetching-Power-Sharpening/case_studies/logs-entropycut/mbpp/2026-09-21/vllm/dataset-mbpp.model-qwen3.5-9b.alpha4.0.steps100.blocks-1.prefetch-budget-20.rank-accept_first.cut-entropy4.0.samples20.maxnew1024.seed10086.subtreePrefetch.vllm.log,443,14,47,0.27020649748117553
/Users/jiangnanhugo/workspace/power-sharpening/Subtree-Prefetching-Power-Sharpening/case_studies/logs-entropycut/mbpp/2026-09-21/vllm/dataset-mbpp.model-qwen3.5-9b.alpha4.0.steps100.blocks-1.prefetch-budget-20.rank-accept_first.cut-entropy4.0.samples20.maxnew1024.seed10086.subtreePrefetch.vllm.log,443,15,30,0.025201597317735556
/Users/jiangnanhugo/workspace/power-sharpening/Subtree-Prefetching-Power-Sharpening/case_studies/logs-entropycut/mbpp/2026-09-21/vllm/dataset-mbpp.model-qwen3.5-9b.alpha4.0.steps100.blocks-1.prefetch-budget-20.rank-accept_first.cut-entropy4.0.samples20.maxnew1024.seed10086.subtreePrefetch.vllm.log,443,16,36,0.126912273140553
/Users/jiangnanhugo/workspace/power-sharpening/Subtree-Prefetching-Power-Sharpening/case_studies/logs-entropycut/mbpp/2026-09-21/vllm/dataset-mbpp.model-qwen3.5-9b.alpha4.0.steps100.blocks-1.prefetch-budget-20.rank-accept_first.cut-entropy4.0.samples20.maxnew1024.seed10086.subtreePrefetch.vllm.log,443,17,36,0.126912273140553
/Users/jiangnanhugo/workspace/power-sharpening/Subtree-Prefetching-Power-Sharpening/case_studies/logs-entropycut/mbpp/2026-09-21/vllm/dataset-mbpp.model-qwen3.5-9b.alpha4.0.steps100.blocks-1.prefetch-budget-20.rank-accept_first.cut-entropy4.0.samples20.maxnew1024.seed10086.subtreePrefetch.vllm.log,443,18,47,0.27020649748117553
/Users/jiangnanhugo/workspace/power-sharpening/Subtree-Prefetching-Power-Sharpening/case_studies/logs-entropycut/mbpp/2026-09-21/vllm/dataset-mbpp.model-qwen3.5-9b.alpha4.0.steps100.blocks-1.prefetch-budget-20.rank-accept_first.cut-entropy4.0.samples20.maxnew1024.seed10086.subtreePrefetch.vllm.log,443,19,47,0.27020649748117553
/Users/jiangnanhugo/workspace/power-sharpening/Subtree-Prefetching-Power-Sharpening/case_studies/logs-entropycut/mbpp/2026-09-21/vllm/dataset-mbpp.model-qwen3.5-9b.alpha4.0.steps100.blocks-1.prefetch-budget-20.rank-accept_first.cut-entropy4.0.samples20.maxnew1024.seed10086.subtreePrefetch.vllm.log,444,0,326,0.081590659770912
/Users/jiangnanhugo/workspace/power-sharpening/Subtree-Prefetching-Power-Sharpening/case_studies/logs-entropycut/mbpp/2026-09-21/vllm/dataset-mbpp.model-qwen3.5-9b.alpha4.0.steps100.blocks-1.prefetch-budget-20.rank-accept_first.cut-entropy4.0.samples20.maxnew1024.seed10086.subtreePrefetch.vllm.log,444,1,36,0.126912273140553
/Users/jiangnanhugo/workspace/power-sharpening/Subtree-Prefetching-Power-Sharpening/case_studies/logs-entropycut/mbpp/2026-09-21/vllm/dataset-mbpp.model-qwen3.5-9b.alpha4.0.steps100.blocks-1.prefetch-budget-20.rank-accept_first.cut-entropy4.0.samples20.maxnew1024.seed10086.subtreePrefetch.vllm.log,444,2,2,0.011042892603393304
/Users/jiangnanhugo/workspace/power-sharpening/Subtree-Prefetching-Power-Sharpening/case_studies/logs-entropycut/mbpp/2026-09-21/vllm/dataset-mbpp.model-qwen3.5-9b.alpha4.0.steps100.blocks-1.prefetch-budget-20.rank-accept_first.cut-entropy4.0.samples20.maxnew1024.seed10086.subtreePrefetch.vllm.log,444,3,512,0.19638431498759643
/Users/jiangnanhugo/workspace/power-sharpening/Subtree-Prefetching-Power-Sharpening/case_studies/logs-entropycut/mbpp/2026-09-21/vllm/dataset-mbpp.model-qwen3.5-9b.alpha4.0.steps100.blocks-1.prefetch-budget-20.rank-accept_first.cut-entropy4.0.samples20.maxnew1024.seed10086.subtreePrefetch.vllm.log,444,4,30,0.025201597317735556
/Users/jiangnanhugo/workspace/power-sharpening/Subtree-Prefetching-Power-Sharpening/case_studies/logs-entropycut/mbpp/2026-09-21/vllm/dataset-mbpp.model-qwen3.5-9b.alpha4.0.steps100.blocks-1.prefetch-budget-20.rank-accept_first.cut-entropy4.0.samples20.maxnew1024.seed10086.subtreePrefetch.vllm.log,444,5,512,0.19638431498759643
/Users/jiangnanhugo/workspace/power-sharpening/Subtree-Prefetching-Power-Sharpening/case_studies/logs-entropycut/mbpp/2026-09-21/vllm/dataset-mbpp.model-qwen3.5-9b.alpha4.0.steps100.blocks-1.prefetch-budget-20.rank-accept_first.cut-entropy4.0.samples20.maxnew1024.seed10086.subtreePrefetch.vllm.log,444,6,47,0.27020649748117553
/Users/jiangnanhugo/workspace/power-sharpening/Subtree-Prefetching-Power-Sharpening/case_studies/logs-entropycut/mbpp/2026-09-21/vllm/dataset-mbpp.model-qwen3.5-9b.alpha4.0.steps100.blocks-1.prefetch-budget-20.rank-accept_first.cut-entropy4.0.samples20.maxnew1024.seed10086.subtreePrefetch.vllm.log,444,7,2,0.011042892603393304
/Users/jiangnanhugo/workspace/power-sharpening/Subtree-Prefetching-Power-Sharpening/case_studies/logs-entropycut/mbpp/2026-09-21/vllm/dataset-mbpp.model-qwen3.5-9b.alpha4.0.steps100.blocks-1.prefetch-budget-20.rank-accept_first.cut-entropy4.0.samples20.maxnew1024.seed10086.subtreePrefetch.vllm.log,444,8,512,0.19638431498759643
/Users/jiangnanhugo/workspace/power-sharpening/Subtree-Prefetching-Power-Sharpening/case_studies/logs-entropycut/mbpp/2026-09-21/vllm/dataset-mbpp.model-qwen3.5-9b.alpha4.0.steps100.blocks-1.prefetch-budget-20.rank-accept_first.cut-entropy4.0.samples20.maxnew1024.seed10086.subtreePrefetch.vllm.log,444,9,512,0.19638431498759643
/Users/jiangnanhugo/workspace/power-sharpening/Subtree-Prefetching-Power-Sharpening/case_studies/logs-entropycut/mbpp/2026-09-21/vllm/dataset-mbpp.model-qwen3.5-9b.alpha4.0.steps100.blocks-1.prefetch-budget-20.rank-accept_first.cut-entropy4.0.samples20.maxnew1024.seed10086.subtreePrefetch.vllm.log,444,10,47,0.27020649748117553
/Users/jiangnanhugo/workspace/power-sharpening/Subtree-Prefetching-Power-Sharpening/case_studies/logs-entropycut/mbpp/2026-09-21/vllm/dataset-mbpp.model-qwen3.5-9b.alpha4.0.steps100.blocks-1.prefetch-budget-20.rank-accept_first.cut-entropy4.0.samples20.maxnew1024.seed10086.subtreePrefetch.vllm.log,444,11,36,0.126912273140553
/Users/jiangnanhugo/workspace/power-sharpening/Subtree-Prefetching-Power-Sharpening/case_studies/logs-entropycut/mbpp/2026-09-21/vllm/dataset-mbpp.model-qwen3.5-9b.alpha4.0.steps100.blocks-1.prefetch-budget-20.rank-accept_first.cut-entropy4.0.samples20.maxnew1024.seed10086.subtreePrefetch.vllm.log,444,12,512,0.19638431498759643
/Users/jiangnanhugo/workspace/power-sharpening/Subtree-Prefetching-Power-Sharpening/case_studies/logs-entropycut/mbpp/2026-09-21/vllm/dataset-mbpp.model-qwen3.5-9b.alpha4.0.steps100.blocks-1.prefetch-budget-20.rank-accept_first.cut-entropy4.0.samples20.maxnew1024.seed10086.subtreePrefetch.vllm.log,444,13,47,0.27020649748117553
/Users/jiangnanhugo/workspace/power-sharpening/Subtree-Prefetching-Power-Sharpening/case_studies/logs-entropycut/mbpp/2026-09-21/vllm/dataset-mbpp.model-qwen3.5-9b.alpha4.0.steps100.blocks-1.prefetch-budget-20.rank-accept_first.cut-entropy4.0.samples20.maxnew1024.seed10086.subtreePrefetch.vllm.log,444,14,477,0.01244509857820909
/Users/jiangnanhugo/workspace/power-sharpening/Subtree-Prefetching-Power-Sharpening/case_studies/logs-entropycut/mbpp/2026-09-21/vllm/dataset-mbpp.model-qwen3.5-9b.alpha4.0.steps100.blocks-1.prefetch-budget-20.rank-accept_first.cut-entropy4.0.samples20.maxnew1024.seed10086.subtreePrefetch.vllm.log,444,15,326,0.081590659770912
/Users/jiangnanhugo/workspace/power-sharpening/Subtree-Prefetching-Power-Sharpening/case_studies/logs-entropycut/mbpp/2026-09-21/vllm/dataset-mbpp.model-qwen3.5-9b.alpha4.0.steps100.blocks-1.prefetch-budget-20.rank-accept_first.cut-entropy4.0.samples20.maxnew1024.seed10086.subtreePrefetch.vllm.log,444,16,326,0.081590659770912
/Users/jiangnanhugo/workspace/power-sharpening/Subtree-Prefetching-Power-Sharpening/case_studies/logs-entropycut/mbpp/2026-09-21/vllm/dataset-mbpp.model-qwen3.5-9b.alpha4.0.steps100.blocks-1.prefetch-budget-20.rank-accept_first.cut-entropy4.0.samples20.maxnew1024.seed10086.subtreePrefetch.vllm.log,444,17,36,0.126912273140553
/Users/jiangnanhugo/workspace/power-sharpening/Subtree-Prefetching-Power-Sharpening/case_studies/logs-entropycut/mbpp/2026-09-21/vllm/dataset-mbpp.model-qwen3.5-9b.alpha4.0.steps100.blocks-1.prefetch-budget-20.rank-accept_first.cut-entropy4.0.samples20.maxnew1024.seed10086.subtreePrefetch.vllm.log,444,18,47,0.27020649748117553
/Users/jiangnanhugo/workspace/power-sharpening/Subtree-Prefetching-Power-Sharpening/case_studies/logs-entropycut/mbpp/2026-09-21/vllm/dataset-mbpp.model-qwen3.5-9b.alpha4.0.steps100.blocks-1.prefetch-budget-20.rank-accept_first.cut-entropy4.0.samples20.maxnew1024.seed10086.subtreePrefetch.vllm.log,444,19,322,0.05394578174473064
/Users/jiangnanhugo/workspace/power-sharpening/Subtree-Prefetching-Power-Sharpening/case_studies/logs-entropycut/mbpp/2026-09-21/vllm/dataset-mbpp.model-qwen3.5-9b.alpha4.0.steps100.blocks-1.prefetch-budget-20.rank-accept_first.cut-entropy4.0.samples20.maxnew1024.seed10086.subtreePrefetch.vllm.log,445,0,47,0.26495882143684446
/Users/jiangnanhugo/workspace/power-sharpening/Subtree-Prefetching-Power-Sharpening/case_studies/logs-entropycut/mbpp/2026-09-21/vllm/dataset-mbpp.model-qwen3.5-9b.alpha4.0.steps100.blocks-1.prefetch-budget-20.rank-accept_first.cut-entropy4.0.samples20.maxnew1024.seed10086.subtreePrefetch.vllm.log,445,1,67,0.0022347009332929772
/Users/jiangnanhugo/workspace/power-sharpening/Subtree-Prefetching-Power-Sharpening/case_studies/logs-entropycut/mbpp/2026-09-21/vllm/dataset-mbpp.model-qwen3.5-9b.alpha4.0.steps100.blocks-1.prefetch-budget-20.rank-accept_first.cut-entropy4.0.samples20.maxnew1024.seed10086.subtreePrefetch.vllm.log,445,2,36,0.12444751192385546
/Users/jiangnanhugo/workspace/power-sharpening/Subtree-Prefetching-Power-Sharpening/case_studies/logs-entropycut/mbpp/2026-09-21/vllm/dataset-mbpp.model-qwen3.5-9b.alpha4.0.steps100.blocks-1.prefetch-budget-20.rank-accept_first.cut-entropy4.0.samples20.maxnew1024.seed10086.subtreePrefetch.vllm.log,445,3,36,0.12444751192385546
/Users/jiangnanhugo/workspace/power-sharpening/Subtree-Prefetching-Power-Sharpening/case_studies/logs-entropycut/mbpp/2026-09-21/vllm/dataset-mbpp.model-qwen3.5-9b.alpha4.0.steps100.blocks-1.prefetch-budget-20.rank-accept_first.cut-entropy4.0.samples20.maxnew1024.seed10086.subtreePrefetch.vllm.log,445,4,47,0.26495882143684446
/Users/jiangnanhugo/workspace/power-sharpening/Subtree-Prefetching-Power-Sharpening/case_studies/logs-entropycut/mbpp/2026-09-21/vllm/dataset-mbpp.model-qwen3.5-9b.alpha4.0.steps100.blocks-1.prefetch-budget-20.rank-accept_first.cut-entropy4.0.samples20.maxnew1024.seed10086.subtreePrefetch.vllm.log,445,5,47,0.26495882143684446
/Users/jiangnanhugo/workspace/power-sharpening/Subtree-Prefetching-Power-Sharpening/case_studies/logs-entropycut/mbpp/2026-09-21/vllm/dataset-mbpp.model-qwen3.5-9b.alpha4.0.steps100.blocks-1.prefetch-budget-20.rank-accept_first.cut-entropy4.0.samples20.maxnew1024.seed10086.subtreePrefetch.vllm.log,445,6,579,0.039522797895653404
/Users/jiangnanhugo/workspace/power-sharpening/Subtree-Prefetching-Power-Sharpening/case_studies/logs-entropycut/mbpp/2026-09-21/vllm/dataset-mbpp.model-qwen3.5-9b.alpha4.0.steps100.blocks-1.prefetch-budget-20.rank-accept_first.cut-entropy4.0.samples20.maxnew1024.seed10086.subtreePrefetch.vllm.log,445,7,2,0.010828428763644279
/Users/jiangnanhugo/workspace/power-sharpening/Subtree-Prefetching-Power-Sharpening/case_studies/logs-entropycut/mbpp/2026-09-21/vllm/dataset-mbpp.model-qwen3.5-9b.alpha4.0.steps100.blocks-1.prefetch-budget-20.rank-accept_first.cut-entropy4.0.samples20.maxnew1024.seed10086.subtreePrefetch.vllm.log,445,8,36,0.12444751192385546
/Users/jiangnanhugo/workspace/power-sharpening/Subtree-Prefetching-Power-Sharpening/case_studies/logs-entropycut/mbpp/2026-09-21/vllm/dataset-mbpp.model-qwen3.5-9b.alpha4.0.steps100.blocks-1.prefetch-budget-20.rank-accept_first.cut-entropy4.0.samples20.maxnew1024.seed10086.subtreePrefetch.vllm.log,445,9,36,0.12444751192385546
/Users/jiangnanhugo/workspace/power-sharpening/Subtree-Prefetching-Power-Sharpening/case_studies/logs-entropycut/mbpp/2026-09-21/vllm/dataset-mbpp.model-qwen3.5-9b.alpha4.0.steps100.blocks-1.prefetch-budget-20.rank-accept_first.cut-entropy4.0.samples20.maxnew1024.seed10086.subtreePrefetch.vllm.log,445,10,47,0.26495882143684446
/Users/jiangnanhugo/workspace/power-sharpening/Subtree-Prefetching-Power-Sharpening/case_studies/logs-entropycut/mbpp/2026-09-21/vllm/dataset-mbpp.model-qwen3.5-9b.alpha4.0.steps100.blocks-1.prefetch-budget-20.rank-accept_first.cut-entropy4.0.samples20.maxnew1024.seed10086.subtreePrefetch.vllm.log,445,11,47,0.26495882143684446
/Users/jiangnanhugo/workspace/power-sharpening/Subtree-Prefetching-Power-Sharpening/case_studies/logs-entropycut/mbpp/2026-09-21/vllm/dataset-mbpp.model-qwen3.5-9b.alpha4.0.steps100.blocks-1.prefetch-budget-20.rank-accept_first.cut-entropy4.0.samples20.maxnew1024.seed10086.subtreePrefetch.vllm.log,445,12,219,0.01544571227080933
/Users/jiangnanhugo/workspace/power-sharpening/Subtree-Prefetching-Power-Sharpening/case_studies/logs-entropycut/mbpp/2026-09-21/vllm/dataset-mbpp.model-qwen3.5-9b.alpha4.0.steps100.blocks-1.prefetch-budget-20.rank-accept_first.cut-entropy4.0.samples20.maxnew1024.seed10086.subtreePrefetch.vllm.log,445,13,2,0.010828428763644279
/Users/jiangnanhugo/workspace/power-sharpening/Subtree-Prefetching-Power-Sharpening/case_studies/logs-entropycut/mbpp/2026-09-21/vllm/dataset-mbpp.model-qwen3.5-9b.alpha4.0.steps100.blocks-1.prefetch-budget-20.rank-accept_first.cut-entropy4.0.samples20.maxnew1024.seed10086.subtreePrefetch.vllm.log,445,14,30,0.02471215750131377
/Users/jiangnanhugo/workspace/power-sharpening/Subtree-Prefetching-Power-Sharpening/case_studies/logs-entropycut/mbpp/2026-09-21/vllm/dataset-mbpp.model-qwen3.5-9b.alpha4.0.steps100.blocks-1.prefetch-budget-20.rank-accept_first.cut-entropy4.0.samples20.maxnew1024.seed10086.subtreePrefetch.vllm.log,445,15,47,0.26495882143684446
/Users/jiangnanhugo/workspace/power-sharpening/Subtree-Prefetching-Power-Sharpening/case_studies/logs-entropycut/mbpp/2026-09-21/vllm/dataset-mbpp.model-qwen3.5-9b.alpha4.0.steps100.blocks-1.prefetch-budget-20.rank-accept_first.cut-entropy4.0.samples20.maxnew1024.seed10086.subtreePrefetch.vllm.log,445,16,30,0.02471215750131377
/Users/jiangnanhugo/workspace/power-sharpening/Subtree-Prefetching-Power-Sharpening/case_studies/logs-entropycut/mbpp/2026-09-21/vllm/dataset-mbpp.model-qwen3.5-9b.alpha4.0.steps100.blocks-1.prefetch-budget-20.rank-accept_first.cut-entropy4.0.samples20.maxnew1024.seed10086.subtreePrefetch.vllm.log,445,17,47,0.26495882143684446
/Users/jiangnanhugo/workspace/power-sharpening/Subtree-Prefetching-Power-Sharpening/case_studies/logs-entropycut/mbpp/2026-09-21/vllm/dataset-mbpp.model-qwen3.5-9b.alpha4.0.steps100.blocks-1.prefetch-budget-20.rank-accept_first.cut-entropy4.0.samples20.maxnew1024.seed10086.subtreePrefetch.vllm.log,445,18,47,0.26495882143684446
/Users/jiangnanhugo/workspace/power-sharpening/Subtree-Prefetching-Power-Sharpening/case_studies/logs-entropycut/mbpp/2026-09-21/vllm/dataset-mbpp.model-qwen3.5-9b.alpha4.0.steps100.blocks-1.prefetch-budget-20.rank-accept_first.cut-entropy4.0.samples20.maxnew1024.seed10086.subtreePrefetch.vllm.log,445,19,47,0.26495882143684446
/Users/jiangnanhugo/workspace/power-sharpening/Subtree-Prefetching-Power-Sharpening/case_studies/logs-entropycut/mbpp/2026-09-21/vllm/dataset-mbpp.model-qwen3.5-9b.alpha4.0.steps100.blocks-1.prefetch-budget-20.rank-accept_first.cut-entropy4.0.samples20.maxnew1024.seed10086.subtreePrefetch.vllm.log,446,0,47,0.26495882143684446
/Users/jiangnanhugo/workspace/power-sharpening/Subtree-Prefetching-Power-Sharpening/case_studies/logs-entropycut/mbpp/2026-09-21/vllm/dataset-mbpp.model-qwen3.5-9b.alpha4.0.steps100.blocks-1.prefetch-budget-20.rank-accept_first.cut-entropy4.0.samples20.maxnew1024.seed10086.subtreePrefetch.vllm.log,446,1,579,0.039522797895653404
/Users/jiangnanhugo/workspace/power-sharpening/Subtree-Prefetching-Power-Sharpening/case_studies/logs-entropycut/mbpp/2026-09-21/vllm/dataset-mbpp.model-qwen3.5-9b.alpha4.0.steps100.blocks-1.prefetch-budget-20.rank-accept_first.cut-entropy4.0.samples20.maxnew1024.seed10086.subtreePrefetch.vllm.log,446,2,47,0.26495882143684446
/Users/jiangnanhugo/workspace/power-sharpening/Subtree-Prefetching-Power-Sharpening/case_studies/logs-entropycut/mbpp/2026-09-21/vllm/dataset-mbpp.model-qwen3.5-9b.alpha4.0.steps100.blocks-1.prefetch-budget-20.rank-accept_first.cut-entropy4.0.samples20.maxnew1024.seed10086.subtreePrefetch.vllm.log,446,3,512,0.21079612758743901
/Users/jiangnanhugo/workspace/power-sharpening/Subtree-Prefetching-Power-Sharpening/case_studies/logs-entropycut/mbpp/2026-09-21/vllm/dataset-mbpp.model-qwen3.5-9b.alpha4.0.steps100.blocks-1.prefetch-budget-20.rank-accept_first.cut-entropy4.0.samples20.maxnew1024.seed10086.subtreePrefetch.vllm.log,446,4,47,0.26495882143684446
/Users/jiangnanhugo/workspace/power-sharpening/Subtree-Prefetching-Power-Sharpening/case_studies/logs-entropycut/mbpp/2026-09-21/vllm/dataset-mbpp.model-qwen3.5-9b.alpha4.0.steps100.blocks-1.prefetch-budget-20.rank-accept_first.cut-entropy4.0.samples20.maxnew1024.seed10086.subtreePrefetch.vllm.log,447,0,657,0.0005222072182212174
/Users/jiangnanhugo/workspace/power-sharpening/Subtree-Prefetching-Power-Sharpening/case_studies/logs-entropycut/mbpp/2026-09-21/vllm/dataset-mbpp.model-qwen3.5-9b.alpha4.0.steps100.blocks-1.prefetch-budget-20.rank-accept_first.cut-entropy4.0.samples20.maxnew1024.seed10086.subtreePrefetch.vllm.log,447,1,197,0.004719848547960358
/Users/jiangnanhugo/workspace/power-sharpening/Subtree-Prefetching-Power-Sharpening/case_studies/logs-entropycut/mbpp/2026-09-21/vllm/dataset-mbpp.model-qwen3.5-9b.alpha4.0.steps100.blocks-1.prefetch-budget-20.rank-accept_first.cut-entropy4.0.samples20.maxnew1024.seed10086.subtreePrefetch.vllm.log,447,2,83,0.09539343088826904
/Users/jiangnanhugo/workspace/power-sharpening/Subtree-Prefetching-Power-Sharpening/case_studies/logs-entropycut/mbpp/2026-09-21/vllm/dataset-mbpp.model-qwen3.5-9b.alpha4.0.steps100.blocks-1.prefetch-budget-20.rank-accept_first.cut-entropy4.0.samples20.maxnew1024.seed10086.subtreePrefetch.vllm.log,447,3,38,0.2206376133553692
/Users/jiangnanhugo/workspace/power-sharpening/Subtree-Prefetching-Power-Sharpening/case_studies/logs-entropycut/mbpp/2026-09-21/vllm/dataset-mbpp.model-qwen3.5-9b.alpha4.0.steps100.blocks-1.prefetch-budget-20.rank-accept_first.cut-entropy4.0.samples20.maxnew1024.seed10086.subtreePrefetch.vllm.log,447,4,17,0.12097622013876473
/Users/jiangnanhugo/workspace/power-sharpening/Subtree-Prefetching-Power-Sharpening/case_studies/logs-entropycut/mbpp/2026-09-21/vllm/dataset-mbpp.model-qwen3.5-9b.alpha4.0.steps100.blocks-1.prefetch-budget-20.rank-accept_first.cut-entropy4.0.samples20.maxnew1024.seed10086.subtreePrefetch.vllm.log,447,5,241,2.4495535353863344e-05
/Users/jiangnanhugo/workspace/power-sharpening/Subtree-Prefetching-Power-Sharpening/case_studies/logs-entropycut/mbpp/2026-09-21/vllm/dataset-mbpp.model-qwen3.5-9b.alpha4.0.steps100.blocks-1.prefetch-budget-20.rank-accept_first.cut-entropy4.0.samples20.maxnew1024.seed10086.subtreePrefetch.vllm.log,447,6,26,0.01357420551586113
/Users/jiangnanhugo/workspace/power-sharpening/Subtree-Prefetching-Power-Sharpening/case_studies/logs-entropycut/mbpp/2026-09-21/vllm/dataset-mbpp.model-qwen3.5-9b.alpha4.0.steps100.blocks-1.prefetch-budget-20.rank-accept_first.cut-entropy4.0.samples20.maxnew1024.seed10086.subtreePrefetch.vllm.log,447,7,17,0.12097622013876473
/Users/jiangnanhugo/workspace/power-sharpening/Subtree-Prefetching-Power-Sharpening/case_studies/logs-entropycut/mbpp/2026-09-21/vllm/dataset-mbpp.model-qwen3.5-9b.alpha4.0.steps100.blocks-1.prefetch-budget-20.rank-accept_first.cut-entropy4.0.samples20.maxnew1024.seed10086.subtreePrefetch.vllm.log,447,8,83,0.09539343088826904
/Users/jiangnanhugo/workspace/power-sharpening/Subtree-Prefetching-Power-Sharpening/case_studies/logs-entropycut/mbpp/2026-09-21/vllm/dataset-mbpp.model-qwen3.5-9b.alpha4.0.steps100.blocks-1.prefetch-budget-20.rank-accept_first.cut-entropy4.0.samples20.maxnew1024.seed10086.subtreePrefetch.vllm.log,447,9,17,0.12097622013876473
/Users/jiangnanhugo/workspace/power-sharpening/Subtree-Prefetching-Power-Sharpening/case_studies/logs-entropycut/mbpp/2026-09-21/vllm/dataset-mbpp.model-qwen3.5-9b.alpha4.0.steps100.blocks-1.prefetch-budget-20.rank-accept_first.cut-entropy4.0.samples20.maxnew1024.seed10086.subtreePrefetch.vllm.log,447,10,200,0.03610020781744559
/Users/jiangnanhugo/workspace/power-sharpening/Subtree-Prefetching-Power-Sharpening/case_studies/logs-entropycut/mbpp/2026-09-21/vllm/dataset-mbpp.model-qwen3.5-9b.alpha4.0.steps100.blocks-1.prefetch-budget-20.rank-accept_first.cut-entropy4.0.samples20.maxnew1024.seed10086.subtreePrefetch.vllm.log,447,11,17,0.12097622013876473
/Users/jiangnanhugo/workspace/power-sharpening/Subtree-Prefetching-Power-Sharpening/case_studies/logs-entropycut/mbpp/2026-09-21/vllm/dataset-mbpp.model-qwen3.5-9b.alpha4.0.steps100.blocks-1.prefetch-budget-20.rank-accept_first.cut-entropy4.0.samples20.maxnew1024.seed10086.subtreePrefetch.vllm.log,447,12,83,0.09539343088826904
/Users/jiangnanhugo/workspace/power-sharpening/Subtree-Prefetching-Power-Sharpening/case_studies/logs-entropycut/mbpp/2026-09-21/vllm/dataset-mbpp.model-qwen3.5-9b.alpha4.0.steps100.blocks-1.prefetch-budget-20.rank-accept_first.cut-entropy4.0.samples20.maxnew1024.seed10086.subtreePrefetch.vllm.log,447,13,38,0.2206376133553692
/Users/jiangnanhugo/workspace/power-sharpening/Subtree-Prefetching-Power-Sharpening/case_studies/logs-entropycut/mbpp/2026-09-21/vllm/dataset-mbpp.model-qwen3.5-9b.alpha4.0.steps100.blocks-1.prefetch-budget-20.rank-accept_first.cut-entropy4.0.samples20.maxnew1024.seed10086.subtreePrefetch.vllm.log,447,14,6,0.06106459684419348
/Users/jiangnanhugo/workspace/power-sharpening/Subtree-Prefetching-Power-Sharpening/case_studies/logs-entropycut/mbpp/2026-09-21/vllm/dataset-mbpp.model-qwen3.5-9b.alpha4.0.steps100.blocks-1.prefetch-budget-20.rank-accept_first.cut-entropy4.0.samples20.maxnew1024.seed10086.subtreePrefetch.vllm.log,447,15,6,0.06106459684419348
/Users/jiangnanhugo/workspace/power-sharpening/Subtree-Prefetching-Power-Sharpening/case_studies/logs-entropycut/mbpp/2026-09-21/vllm/dataset-mbpp.model-qwen3.5-9b.alpha4.0.steps100.blocks-1.prefetch-budget-20.rank-accept_first.cut-entropy4.0.samples20.maxnew1024.seed10086.subtreePrefetch.vllm.log,447,16,6,0.06106459684419348
/Users/jiangnanhugo/workspace/power-sharpening/Subtree-Prefetching-Power-Sharpening/case_studies/logs-entropycut/mbpp/2026-09-21/vllm/dataset-mbpp.model-qwen3.5-9b.alpha4.0.steps100.blocks-1.prefetch-budget-20.rank-accept_first.cut-entropy4.0.samples20.maxnew1024.seed10086.subtreePrefetch.vllm.log,447,17,38,0.2206376133553692
/Users/jiangnanhugo/workspace/power-sharpening/Subtree-Prefetching-Power-Sharpening/case_studies/logs-entropycut/mbpp/2026-09-21/vllm/dataset-mbpp.model-qwen3.5-9b.alpha4.0.steps100.blocks-1.prefetch-budget-20.rank-accept_first.cut-entropy4.0.samples20.maxnew1024.seed10086.subtreePrefetch.vllm.log,447,18,83,0.09539343088826904
/Users/jiangnanhugo/workspace/power-sharpening/Subtree-Prefetching-Power-Sharpening/case_studies/logs-entropycut/mbpp/2026-09-21/vllm/dataset-mbpp.model-qwen3.5-9b.alpha4.0.steps100.blocks-1.prefetch-budget-20.rank-accept_first.cut-entropy4.0.samples20.maxnew1024.seed10086.subtreePrefetch.vllm.log,447,19,38,0.2206376133553692
/Users/jiangnanhugo/workspace/power-sharpening/Subtree-Prefetching-Power-Sharpening/case_studies/logs-entropycut/mbpp/2026-09-21/vllm/dataset-mbpp.model-qwen3.5-9b.alpha4.0.steps100.blocks-1.prefetch-budget-20.rank-accept_first.cut-entropy4.0.samples20.maxnew1024.seed10086.subtreePrefetch.vllm.log,448,0,83,0.09754700978152014
/Users/jiangnanhugo/workspace/power-sharpening/Subtree-Prefetching-Power-Sharpening/case_studies/logs-entropycut/mbpp/2026-09-21/vllm/dataset-mbpp.model-qwen3.5-9b.alpha4.0.steps100.blocks-1.prefetch-budget-20.rank-accept_first.cut-entropy4.0.samples20.maxnew1024.seed10086.subtreePrefetch.vllm.log,448,1,38,0.221890920286988
/Users/jiangnanhugo/workspace/power-sharpening/Subtree-Prefetching-Power-Sharpening/case_studies/logs-entropycut/mbpp/2026-09-21/vllm/dataset-mbpp.model-qwen3.5-9b.alpha4.0.steps100.blocks-1.prefetch-budget-20.rank-accept_first.cut-entropy4.0.samples20.maxnew1024.seed10086.subtreePrefetch.vllm.log,448,2,17,0.12166341183267029
/Users/jiangnanhugo/workspace/power-sharpening/Subtree-Prefetching-Power-Sharpening/case_studies/logs-entropycut/mbpp/2026-09-21/vllm/dataset-mbpp.model-qwen3.5-9b.alpha4.0.steps100.blocks-1.prefetch-budget-20.rank-accept_first.cut-entropy4.0.samples20.maxnew1024.seed10086.subtreePrefetch.vllm.log,448,3,38,0.221890920286988
/Users/jiangnanhugo/workspace/power-sharpening/Subtree-Prefetching-Power-Sharpening/case_studies/logs-entropycut/mbpp/2026-09-21/vllm/dataset-mbpp.model-qwen3.5-9b.alpha4.0.steps100.blocks-1.prefetch-budget-20.rank-accept_first.cut-entropy4.0.samples20.maxnew1024.seed10086.subtreePrefetch.vllm.log,448,4,17,0.12166341183267029
/Users/jiangnanhugo/workspace/power-sharpening/Subtree-Prefetching-Power-Sharpening/case_studies/logs-entropycut/mbpp/2026-09-21/vllm/dataset-mbpp.model-qwen3.5-9b.alpha4.0.steps100.blocks-1.prefetch-budget-20.rank-accept_first.cut-entropy4.0.samples20.maxnew1024.seed10086.subtreePrefetch.vllm.log,448,5,17,0.12166341183267029
/Users/jiangnanhugo/workspace/power-sharpening/Subtree-Prefetching-Power-Sharpening/case_studies/logs-entropycut/mbpp/2026-09-21/vllm/dataset-mbpp.model-qwen3.5-9b.alpha4.0.steps100.blocks-1.prefetch-budget-20.rank-accept_first.cut-entropy4.0.samples20.maxnew1024.seed10086.subtreePrefetch.vllm.log,448,6,45,0.015506270899131279
/Users/jiangnanhugo/workspace/power-sharpening/Subtree-Prefetching-Power-Sharpening/case_studies/logs-entropycut/mbpp/2026-09-21/vllm/dataset-mbpp.model-qwen3.5-9b.alpha4.0.steps100.blocks-1.prefetch-budget-20.rank-accept_first.cut-entropy4.0.samples20.maxnew1024.seed10086.subtreePrefetch.vllm.log,448,7,6,0.061411467358868904
/Users/jiangnanhugo/workspace/power-sharpening/Subtree-Prefetching-Power-Sharpening/case_studies/logs-entropycut/mbpp/2026-09-21/vllm/dataset-mbpp.model-qwen3.5-9b.alpha4.0.steps100.blocks-1.prefetch-budget-20.rank-accept_first.cut-entropy4.0.samples20.maxnew1024.seed10086.subtreePrefetch.vllm.log,448,8,17,0.12166341183267029
/Users/jiangnanhugo/workspace/power-sharpening/Subtree-Prefetching-Power-Sharpening/case_studies/logs-entropycut/mbpp/2026-09-21/vllm/dataset-mbpp.model-qwen3.5-9b.alpha4.0.steps100.blocks-1.prefetch-budget-20.rank-accept_first.cut-entropy4.0.samples20.maxnew1024.seed10086.subtreePrefetch.vllm.log,448,9,17,0.12166341183267029
/Users/jiangnanhugo/workspace/power-sharpening/Subtree-Prefetching-Power-Sharpening/case_studies/logs-entropycut/mbpp/2026-09-21/vllm/dataset-mbpp.model-qwen3.5-9b.alpha4.0.steps100.blocks-1.prefetch-budget-20.rank-accept_first.cut-entropy4.0.samples20.maxnew1024.seed10086.subtreePrefetch.vllm.log,448,10,17,0.12166341183267029
/Users/jiangnanhugo/workspace/power-sharpening/Subtree-Prefetching-Power-Sharpening/case_studies/logs-entropycut/mbpp/2026-09-21/vllm/dataset-mbpp.model-qwen3.5-9b.alpha4.0.steps100.blocks-1.prefetch-budget-20.rank-accept_first.cut-entropy4.0.samples20.maxnew1024.seed10086.subtreePrefetch.vllm.log,448,11,83,0.09754700978152014
/Users/jiangnanhugo/workspace/power-sharpening/Subtree-Prefetching-Power-Sharpening/case_studies/logs-entropycut/mbpp/2026-09-21/vllm/dataset-mbpp.model-qwen3.5-9b.alpha4.0.steps100.blocks-1.prefetch-budget-20.rank-accept_first.cut-entropy4.0.samples20.maxnew1024.seed10086.subtreePrefetch.vllm.log,448,12,17,0.12166341183267029
/Users/jiangnanhugo/workspace/power-sharpening/Subtree-Prefetching-Power-Sharpening/case_studies/logs-entropycut/mbpp/2026-09-21/vllm/dataset-mbpp.model-qwen3.5-9b.alpha4.0.steps100.blocks-1.prefetch-budget-20.rank-accept_first.cut-entropy4.0.samples20.maxnew1024.seed10086.subtreePrefetch.vllm.log,448,13,38,0.221890920286988
/Users/jiangnanhugo/workspace/power-sharpening/Subtree-Prefetching-Power-Sharpening/case_studies/logs-entropycut/mbpp/2026-09-21/vllm/dataset-mbpp.model-qwen3.5-9b.alpha4.0.steps100.blocks-1.prefetch-budget-20.rank-accept_first.cut-entropy4.0.samples20.maxnew1024.seed10086.subtreePrefetch.vllm.log,448,14,6,0.061411467358868904
/Users/jiangnanhugo/workspace/power-sharpening/Subtree-Prefetching-Power-Sharpening/case_studies/logs-entropycut/mbpp/2026-09-21/vllm/dataset-mbpp.model-qwen3.5-9b.alpha4.0.steps100.blocks-1.prefetch-budget-20.rank-accept_first.cut-entropy4.0.samples20.maxnew1024.seed10086.subtreePrefetch.vllm.log,448,15,26,0.013651312250318258
/Users/jiangnanhugo/workspace/power-sharpening/Subtree-Prefetching-Power-Sharpening/case_studies/logs-entropycut/mbpp/2026-09-21/vllm/dataset-mbpp.model-qwen3.5-9b.alpha4.0.steps100.blocks-1.prefetch-budget-20.rank-accept_first.cut-entropy4.0.samples20.maxnew1024.seed10086.subtreePrefetch.vllm.log,448,16,83,0.09754700978152014
/Users/jiangnanhugo/workspace/power-sharpening/Subtree-Prefetching-Power-Sharpening/case_studies/logs-entropycut/mbpp/2026-09-21/vllm/dataset-mbpp.model-qwen3.5-9b.alpha4.0.steps100.blocks-1.prefetch-budget-20.rank-accept_first.cut-entropy4.0.samples20.maxnew1024.seed10086.subtreePrefetch.vllm.log,448,17,17,0.12166341183267029
/Users/jiangnanhugo/workspace/power-sharpening/Subtree-Prefetching-Power-Sharpening/case_studies/logs-entropycut/mbpp/2026-09-21/vllm/dataset-mbpp.model-qwen3.5-9b.alpha4.0.steps100.blocks-1.prefetch-budget-20.rank-accept_first.cut-entropy4.0.samples20.maxnew1024.seed10086.subtreePrefetch.vllm.log,448,18,38,0.221890920286988
/Users/jiangnanhugo/workspace/power-sharpening/Subtree-Prefetching-Power-Sharpening/case_studies/logs-entropycut/mbpp/2026-09-21/vllm/dataset-mbpp.model-qwen3.5-9b.alpha4.0.steps100.blocks-1.prefetch-budget-20.rank-accept_first.cut-entropy4.0.samples20.maxnew1024.seed10086.subtreePrefetch.vllm.log,448,19,6,0.061411467358868904
/Users/jiangnanhugo/workspace/power-sharpening/Subtree-Prefetching-Power-Sharpening/case_studies/logs-entropycut/mbpp/2026-09-21/vllm/dataset-mbpp.model-qwen3.5-9b.alpha4.0.steps100.blocks-1.prefetch-budget-20.rank-accept_first.cut-entropy4.0.samples20.maxnew1024.seed10086.subtreePrefetch.vllm.log,449,0,83,0.09534133924216265
/Users/jiangnanhugo/workspace/power-sharpening/Subtree-Prefetching-Power-Sharpening/case_studies/logs-entropycut/mbpp/2026-09-21/vllm/dataset-mbpp.model-qwen3.5-9b.alpha4.0.steps100.blocks-1.prefetch-budget-20.rank-accept_first.cut-entropy4.0.samples20.maxnew1024.seed10086.subtreePrefetch.vllm.log,449,1,17,0.12086131011003946
/Users/jiangnanhugo/workspace/power-sharpening/Subtree-Prefetching-Power-Sharpening/case_studies/logs-entropycut/mbpp/2026-09-21/vllm/dataset-mbpp.model-qwen3.5-9b.alpha4.0.steps100.blocks-1.prefetch-budget-20.rank-accept_first.cut-entropy4.0.samples20.maxnew1024.seed10086.subtreePrefetch.vllm.log,449,2,83,0.09534133924216265
/Users/jiangnanhugo/workspace/power-sharpening/Subtree-Prefetching-Power-Sharpening/case_studies/logs-entropycut/mbpp/2026-09-21/vllm/dataset-mbpp.model-qwen3.5-9b.alpha4.0.steps100.blocks-1.prefetch-budget-20.rank-accept_first.cut-entropy4.0.samples20.maxnew1024.seed10086.subtreePrefetch.vllm.log,449,3,83,0.09534133924216265
/Users/jiangnanhugo/workspace/power-sharpening/Subtree-Prefetching-Power-Sharpening/case_studies/logs-entropycut/mbpp/2026-09-21/vllm/dataset-mbpp.model-qwen3.5-9b.alpha4.0.steps100.blocks-1.prefetch-budget-20.rank-accept_first.cut-entropy4.0.samples20.maxnew1024.seed10086.subtreePrefetch.vllm.log,449,4,647,0.011726054550909835
/Users/jiangnanhugo/workspace/power-sharpening/Subtree-Prefetching-Power-Sharpening/case_studies/logs-entropycut/mbpp/2026-09-21/vllm/dataset-mbpp.model-qwen3.5-9b.alpha4.0.steps100.blocks-1.prefetch-budget-20.rank-accept_first.cut-entropy4.0.samples20.maxnew1024.seed10086.subtreePrefetch.vllm.log,449,5,38,0.22042803932123706
/Users/jiangnanhugo/workspace/power-sharpening/Subtree-Prefetching-Power-Sharpening/case_studies/logs-entropycut/mbpp/2026-09-21/vllm/dataset-mbpp.model-qwen3.5-9b.alpha4.0.steps100.blocks-1.prefetch-budget-20.rank-accept_first.cut-entropy4.0.samples20.maxnew1024.seed10086.subtreePrefetch.vllm.log,449,6,45,0.015202996403129564
/Users/jiangnanhugo/workspace/power-sharpening/Subtree-Prefetching-Power-Sharpening/case_studies/logs-entropycut/mbpp/2026-09-21/vllm/dataset-mbpp.model-qwen3.5-9b.alpha4.0.steps100.blocks-1.prefetch-budget-20.rank-accept_first.cut-entropy4.0.samples20.maxnew1024.seed10086.subtreePrefetch.vllm.log,449,7,17,0.12086131011003946
/Users/jiangnanhugo/workspace/power-sharpening/Subtree-Prefetching-Power-Sharpening/case_studies/logs-entropycut/mbpp/2026-09-21/vllm/dataset-mbpp.model-qwen3.5-9b.alpha4.0.steps100.blocks-1.prefetch-budget-20.rank-accept_first.cut-entropy4.0.samples20.maxnew1024.seed10086.subtreePrefetch.vllm.log,449,8,17,0.12086131011003946
/Users/jiangnanhugo/workspace/power-sharpening/Subtree-Prefetching-Power-Sharpening/case_studies/logs-entropycut/mbpp/2026-09-21/vllm/dataset-mbpp.model-qwen3.5-9b.alpha4.0.steps100.blocks-1.prefetch-budget-20.rank-accept_first.cut-entropy4.0.samples20.maxnew1024.seed10086.subtreePrefetch.vllm.log,449,9,38,0.22042803932123706
/Users/jiangnanhugo/workspace/power-sharpening/Subtree-Prefetching-Power-Sharpening/case_studies/logs-entropycut/mbpp/2026-09-21/vllm/dataset-mbpp.model-qwen3.5-9b.alpha4.0.steps100.blocks-1.prefetch-budget-20.rank-accept_first.cut-entropy4.0.samples20.maxnew1024.seed10086.subtreePrefetch.vllm.log,449,10,38,0.22042803932123706
/Users/jiangnanhugo/workspace/power-sharpening/Subtree-Prefetching-Power-Sharpening/case_studies/logs-entropycut/mbpp/2026-09-21/vllm/dataset-mbpp.model-qwen3.5-9b.alpha4.0.steps100.blocks-1.prefetch-budget-20.rank-accept_first.cut-entropy4.0.samples20.maxnew1024.seed10086.subtreePrefetch.vllm.log,449,11,17,0.12086131011003946
/Users/jiangnanhugo/workspace/power-sharpening/Subtree-Prefetching-Power-Sharpening/case_studies/logs-entropycut/mbpp/2026-09-21/vllm/dataset-mbpp.model-qwen3.5-9b.alpha4.0.steps100.blocks-1.prefetch-budget-20.rank-accept_first.cut-entropy4.0.samples20.maxnew1024.seed10086.subtreePrefetch.vllm.log,449,12,38,0.22042803932123706
/Users/jiangnanhugo/workspace/power-sharpening/Subtree-Prefetching-Power-Sharpening/case_studies/logs-entropycut/mbpp/2026-09-21/vllm/dataset-mbpp.model-qwen3.5-9b.alpha4.0.steps100.blocks-1.prefetch-budget-20.rank-accept_first.cut-entropy4.0.samples20.maxnew1024.seed10086.subtreePrefetch.vllm.log,449,13,116,0.013031184744943422
/Users/jiangnanhugo/workspace/power-sharpening/Subtree-Prefetching-Power-Sharpening/case_studies/logs-entropycut/mbpp/2026-09-21/vllm/dataset-mbpp.model-qwen3.5-9b.alpha4.0.steps100.blocks-1.prefetch-budget-20.rank-accept_first.cut-entropy4.0.samples20.maxnew1024.seed10086.subtreePrefetch.vllm.log,449,14,82,0.028416835174643277
/Users/jiangnanhugo/workspace/power-sharpening/Subtree-Prefetching-Power-Sharpening/case_studies/logs-entropycut/mbpp/2026-09-21/vllm/dataset-mbpp.model-qwen3.5-9b.alpha4.0.steps100.blocks-1.prefetch-budget-20.rank-accept_first.cut-entropy4.0.samples20.maxnew1024.seed10086.subtreePrefetch.vllm.log,449,15,17,0.12086131011003946
/Users/jiangnanhugo/workspace/power-sharpening/Subtree-Prefetching-Power-Sharpening/case_studies/logs-entropycut/mbpp/2026-09-21/vllm/dataset-mbpp.model-qwen3.5-9b.alpha4.0.steps100.blocks-1.prefetch-budget-20.rank-accept_first.cut-entropy4.0.samples20.maxnew1024.seed10086.subtreePrefetch.vllm.log,449,16,188,0.0017806857374066645
/Users/jiangnanhugo/workspace/power-sharpening/Subtree-Prefetching-Power-Sharpening/case_studies/logs-entropycut/mbpp/2026-09-21/vllm/dataset-mbpp.model-qwen3.5-9b.alpha4.0.steps100.blocks-1.prefetch-budget-20.rank-accept_first.cut-entropy4.0.samples20.maxnew1024.seed10086.subtreePrefetch.vllm.log,449,17,38,0.22042803932123706
/Users/jiangnanhugo/workspace/power-sharpening/Subtree-Prefetching-Power-Sharpening/case_studies/logs-entropycut/mbpp/2026-09-21/vllm/dataset-mbpp.model-qwen3.5-9b.alpha4.0.steps100.blocks-1.prefetch-budget-20.rank-accept_first.cut-entropy4.0.samples20.maxnew1024.seed10086.subtreePrefetch.vllm.log,449,18,17,0.12086131011003946
/Users/jiangnanhugo/workspace/power-sharpening/Subtree-Prefetching-Power-Sharpening/case_studies/logs-entropycut/mbpp/2026-09-21/vllm/dataset-mbpp.model-qwen3.5-9b.alpha4.0.steps100.blocks-1.prefetch-budget-20.rank-accept_first.cut-entropy4.0.samples20.maxnew1024.seed10086.subtreePrefetch.vllm.log,449,19,17,0.12086131011003946
/Users/jiangnanhugo/workspace/power-sharpening/Subtree-Prefetching-Power-Sharpening/case_studies/logs-entropycut/mbpp/2026-09-21/vllm/dataset-mbpp.model-qwen3.5-9b.alpha4.0.steps100.blocks-1.prefetch-budget-20.rank-accept_first.cut-entropy4.0.samples20.maxnew1024.seed10086.subtreePrefetch.vllm.log,450,0,452,0.04591043560810739
/Users/jiangnanhugo/workspace/power-sharpening/Subtree-Prefetching-Power-Sharpening/case_studies/logs-entropycut/mbpp/2026-09-21/vllm/dataset-mbpp.model-qwen3.5-9b.alpha4.0.steps100.blocks-1.prefetch-budget-20.rank-accept_first.cut-entropy4.0.samples20.maxnew1024.seed10086.subtreePrefetch.vllm.log,450,1,146,0.0020630484444283865
/Users/jiangnanhugo/workspace/power-sharpening/Subtree-Prefetching-Power-Sharpening/case_studies/logs-entropycut/mbpp/2026-09-21/vllm/dataset-mbpp.model-qwen3.5-9b.alpha4.0.steps100.blocks-1.prefetch-budget-20.rank-accept_first.cut-entropy4.0.samples20.maxnew1024.seed10086.subtreePrefetch.vllm.log,450,2,38,0.2219944179492749
/Users/jiangnanhugo/workspace/power-sharpening/Subtree-Prefetching-Power-Sharpening/case_studies/logs-entropycut/mbpp/2026-09-21/vllm/dataset-mbpp.model-qwen3.5-9b.alpha4.0.steps100.blocks-1.prefetch-budget-20.rank-accept_first.cut-entropy4.0.samples20.maxnew1024.seed10086.subtreePrefetch.vllm.log,450,3,17,0.12172015989020345
/Users/jiangnanhugo/workspace/power-sharpening/Subtree-Prefetching-Power-Sharpening/case_studies/logs-entropycut/mbpp/2026-09-21/vllm/dataset-mbpp.model-qwen3.5-9b.alpha4.0.steps100.blocks-1.prefetch-budget-20.rank-accept_first.cut-entropy4.0.samples20.maxnew1024.seed10086.subtreePrefetch.vllm.log,450,4,399,0.0002542362697196074
/Users/jiangnanhugo/workspace/power-sharpening/Subtree-Prefetching-Power-Sharpening/case_studies/logs-entropycut/mbpp/2026-09-21/vllm/dataset-mbpp.model-qwen3.5-9b.alpha4.0.steps100.blocks-1.prefetch-budget-20.rank-accept_first.cut-entropy4.0.samples20.maxnew1024.seed10086.subtreePrefetch.vllm.log,450,5,38,0.2219944179492749
/Users/jiangnanhugo/workspace/power-sharpening/Subtree-Prefetching-Power-Sharpening/case_studies/logs-entropycut/mbpp/2026-09-21/vllm/dataset-mbpp.model-qwen3.5-9b.alpha4.0.steps100.blocks-1.prefetch-budget-20.rank-accept_first.cut-entropy4.0.samples20.maxnew1024.seed10086.subtreePrefetch.vllm.log,450,6,133,0.04758526914591593
/Users/jiangnanhugo/workspace/power-sharpening/Subtree-Prefetching-Power-Sharpening/case_studies/logs-entropycut/mbpp/2026-09-21/vllm/dataset-mbpp.model-qwen3.5-9b.alpha4.0.steps100.blocks-1.prefetch-budget-20.rank-accept_first.cut-entropy4.0.samples20.maxnew1024.seed10086.subtreePrefetch.vllm.log,450,7,38,0.2219944179492749
/Users/jiangnanhugo/workspace/power-sharpening/Subtree-Prefetching-Power-Sharpening/case_studies/logs-entropycut/mbpp/2026-09-21/vllm/dataset-mbpp.model-qwen3.5-9b.alpha4.0.steps100.blocks-1.prefetch-budget-20.rank-accept_first.cut-entropy4.0.samples20.maxnew1024.seed10086.subtreePrefetch.vllm.log,450,8,17,0.12172015989020345
/Users/jiangnanhugo/workspace/power-sharpening/Subtree-Prefetching-Power-Sharpening/case_studies/logs-entropycut/mbpp/2026-09-21/vllm/dataset-mbpp.model-qwen3.5-9b.alpha4.0.steps100.blocks-1.prefetch-budget-20.rank-accept_first.cut-entropy4.0.samples20.maxnew1024.seed10086.subtreePrefetch.vllm.log,450,9,38,0.2219944179492749
/Users/jiangnanhugo/workspace/power-sharpening/Subtree-Prefetching-Power-Sharpening/case_studies/logs-entropycut/mbpp/2026-09-21/vllm/dataset-mbpp.model-qwen3.5-9b.alpha4.0.steps100.blocks-1.prefetch-budget-20.rank-accept_first.cut-entropy4.0.samples20.maxnew1024.seed10086.subtreePrefetch.vllm.log,450,10,82,0.029446279754194907
/Users/jiangnanhugo/workspace/power-sharpening/Subtree-Prefetching-Power-Sharpening/case_studies/logs-entropycut/mbpp/2026-09-21/vllm/dataset-mbpp.model-qwen3.5-9b.alpha4.0.steps100.blocks-1.prefetch-budget-20.rank-accept_first.cut-entropy4.0.samples20.maxnew1024.seed10086.subtreePrefetch.vllm.log,450,11,133,0.04758526914591593
/Users/jiangnanhugo/workspace/power-sharpening/Subtree-Prefetching-Power-Sharpening/case_studies/logs-entropycut/mbpp/2026-09-21/vllm/dataset-mbpp.model-qwen3.5-9b.alpha4.0.steps100.blocks-1.prefetch-budget-20.rank-accept_first.cut-entropy4.0.samples20.maxnew1024.seed10086.subtreePrefetch.vllm.log,450,12,17,0.12172015989020345
/Users/jiangnanhugo/workspace/power-sharpening/Subtree-Prefetching-Power-Sharpening/case_studies/logs-entropycut/mbpp/2026-09-21/vllm/dataset-mbpp.model-qwen3.5-9b.alpha4.0.steps100.blocks-1.prefetch-budget-20.rank-accept_first.cut-entropy4.0.samples20.maxnew1024.seed10086.subtreePrefetch.vllm.log,450,13,17,0.12172015989020345
/Users/jiangnanhugo/workspace/power-sharpening/Subtree-Prefetching-Power-Sharpening/case_studies/logs-entropycut/mbpp/2026-09-21/vllm/dataset-mbpp.model-qwen3.5-9b.alpha4.0.steps100.blocks-1.prefetch-budget-20.rank-accept_first.cut-entropy4.0.samples20.maxnew1024.seed10086.subtreePrefetch.vllm.log,450,14,45,0.015311030066729386
/Users/jiangnanhugo/workspace/power-sharpening/Subtree-Prefetching-Power-Sharpening/case_studies/logs-entropycut/mbpp/2026-09-21/vllm/dataset-mbpp.model-qwen3.5-9b.alpha4.0.steps100.blocks-1.prefetch-budget-20.rank-accept_first.cut-entropy4.0.samples20.maxnew1024.seed10086.subtreePrefetch.vllm.log,450,15,6,0.061440111808587855
/Users/jiangnanhugo/workspace/power-sharpening/Subtree-Prefetching-Power-Sharpening/case_studies/logs-entropycut/mbpp/2026-09-21/vllm/dataset-mbpp.model-qwen3.5-9b.alpha4.0.steps100.blocks-1.prefetch-budget-20.rank-accept_first.cut-entropy4.0.samples20.maxnew1024.seed10086.subtreePrefetch.vllm.log,450,16,38,0.2219944179492749
/Users/jiangnanhugo/workspace/power-sharpening/Subtree-Prefetching-Power-Sharpening/case_studies/logs-entropycut/mbpp/2026-09-21/vllm/dataset-mbpp.model-qwen3.5-9b.alpha4.0.steps100.blocks-1.prefetch-budget-20.rank-accept_first.cut-entropy4.0.samples20.maxnew1024.seed10086.subtreePrefetch.vllm.log,450,17,38,0.2219944179492749
/Users/jiangnanhugo/workspace/power-sharpening/Subtree-Prefetching-Power-Sharpening/case_studies/logs-entropycut/mbpp/2026-09-21/vllm/dataset-mbpp.model-qwen3.5-9b.alpha4.0.steps100.blocks-1.prefetch-budget-20.rank-accept_first.cut-entropy4.0.samples20.maxnew1024.seed10086.subtreePrefetch.vllm.log,450,18,38,0.2219944179492749
/Users/jiangnanhugo/workspace/power-sharpening/Subtree-Prefetching-Power-Sharpening/case_studies/logs-entropycut/mbpp/2026-09-21/vllm/dataset-mbpp.model-qwen3.5-9b.alpha4.0.steps100.blocks-1.prefetch-budget-20.rank-accept_first.cut-entropy4.0.samples20.maxnew1024.seed10086.subtreePrefetch.vllm.log,450,19,28,0.006629203528687729
/Users/jiangnanhugo/workspace/power-sharpening/Subtree-Prefetching-Power-Sharpening/case_studies/logs-entropycut/mbpp/2026-09-21/vllm/dataset-mbpp.model-qwen3.5-9b.alpha4.0.steps100.blocks-1.prefetch-budget-20.rank-accept_first.cut-entropy4.0.samples20.maxnew1024.seed10086.subtreePrefetch.vllm.log,451,0,452,0.05366422184024603
/Users/jiangnanhugo/workspace/power-sharpening/Subtree-Prefetching-Power-Sharpening/case_studies/logs-entropycut/mbpp/2026-09-21/vllm/dataset-mbpp.model-qwen3.5-9b.alpha4.0.steps100.blocks-1.prefetch-budget-20.rank-accept_first.cut-entropy4.0.samples20.maxnew1024.seed10086.subtreePrefetch.vllm.log,451,1,17,0.1209995081932716
/Users/jiangnanhugo/workspace/power-sharpening/Subtree-Prefetching-Power-Sharpening/case_studies/logs-entropycut/mbpp/2026-09-21/vllm/dataset-mbpp.model-qwen3.5-9b.alpha4.0.steps100.blocks-1.prefetch-budget-20.rank-accept_first.cut-entropy4.0.samples20.maxnew1024.seed10086.subtreePrefetch.vllm.log,451,2,124,0.01811957887969658
/Users/jiangnanhugo/workspace/power-sharpening/Subtree-Prefetching-Power-Sharpening/case_studies/logs-entropycut/mbpp/2026-09-21/vllm/dataset-mbpp.model-qwen3.5-9b.alpha4.0.steps100.blocks-1.prefetch-budget-20.rank-accept_first.cut-entropy4.0.samples20.maxnew1024.seed10086.subtreePrefetch.vllm.log,451,3,17,0.1209995081932716
/Users/jiangnanhugo/workspace/power-sharpening/Subtree-Prefetching-Power-Sharpening/case_studies/logs-entropycut/mbpp/2026-09-21/vllm/dataset-mbpp.model-qwen3.5-9b.alpha4.0.steps100.blocks-1.prefetch-budget-20.rank-accept_first.cut-entropy4.0.samples20.maxnew1024.seed10086.subtreePrefetch.vllm.log,451,4,26,0.013576818565248673
/Users/jiangnanhugo/workspace/power-sharpening/Subtree-Prefetching-Power-Sharpening/case_studies/logs-entropycut/mbpp/2026-09-21/vllm/dataset-mbpp.model-qwen3.5-9b.alpha4.0.steps100.blocks-1.prefetch-budget-20.rank-accept_first.cut-entropy4.0.samples20.maxnew1024.seed10086.subtreePrefetch.vllm.log,451,5,452,0.05366422184024603
/Users/jiangnanhugo/workspace/power-sharpening/Subtree-Prefetching-Power-Sharpening/case_studies/logs-entropycut/mbpp/2026-09-21/vllm/dataset-mbpp.model-qwen3.5-9b.alpha4.0.steps100.blocks-1.prefetch-budget-20.rank-accept_first.cut-entropy4.0.samples20.maxnew1024.seed10086.subtreePrefetch.vllm.log,451,6,17,0.1209995081932716
/Users/jiangnanhugo/workspace/power-sharpening/Subtree-Prefetching-Power-Sharpening/case_studies/logs-entropycut/mbpp/2026-09-21/vllm/dataset-mbpp.model-qwen3.5-9b.alpha4.0.steps100.blocks-1.prefetch-budget-20.rank-accept_first.cut-entropy4.0.samples20.maxnew1024.seed10086.subtreePrefetch.vllm.log,451,7,38,0.22068008633692038
/Users/jiangnanhugo/workspace/power-sharpening/Subtree-Prefetching-Power-Sharpening/case_studies/logs-entropycut/mbpp/2026-09-21/vllm/dataset-mbpp.model-qwen3.5-9b.alpha4.0.steps100.blocks-1.prefetch-budget-20.rank-accept_first.cut-entropy4.0.samples20.maxnew1024.seed10086.subtreePrefetch.vllm.log,451,8,45,0.015220380171023399
/Users/jiangnanhugo/workspace/power-sharpening/Subtree-Prefetching-Power-Sharpening/case_studies/logs-entropycut/mbpp/2026-09-21/vllm/dataset-mbpp.model-qwen3.5-9b.alpha4.0.steps100.blocks-1.prefetch-budget-20.rank-accept_first.cut-entropy4.0.samples20.maxnew1024.seed10086.subtreePrefetch.vllm.log,451,9,38,0.22068008633692038
/Users/jiangnanhugo/workspace/power-sharpening/Subtree-Prefetching-Power-Sharpening/case_studies/logs-entropycut/mbpp/2026-09-21/vllm/dataset-mbpp.model-qwen3.5-9b.alpha4.0.steps100.blocks-1.prefetch-budget-20.rank-accept_first.cut-entropy4.0.samples20.maxnew1024.seed10086.subtreePrefetch.vllm.log,451,10,6,0.0610763518457807
/Users/jiangnanhugo/workspace/power-sharpening/Subtree-Prefetching-Power-Sharpening/case_studies/logs-entropycut/mbpp/2026-09-21/vllm/dataset-mbpp.model-qwen3.5-9b.alpha4.0.steps100.blocks-1.prefetch-budget-20.rank-accept_first.cut-entropy4.0.samples20.maxnew1024.seed10086.subtreePrefetch.vllm.log,451,11,38,0.22068008633692038
/Users/jiangnanhugo/workspace/power-sharpening/Subtree-Prefetching-Power-Sharpening/case_studies/logs-entropycut/mbpp/2026-09-21/vllm/dataset-mbpp.model-qwen3.5-9b.alpha4.0.steps100.blocks-1.prefetch-budget-20.rank-accept_first.cut-entropy4.0.samples20.maxnew1024.seed10086.subtreePrefetch.vllm.log,451,12,17,0.1209995081932716
/Users/jiangnanhugo/workspace/power-sharpening/Subtree-Prefetching-Power-Sharpening/case_studies/logs-entropycut/mbpp/2026-09-21/vllm/dataset-mbpp.model-qwen3.5-9b.alpha4.0.steps100.blocks-1.prefetch-budget-20.rank-accept_first.cut-entropy4.0.samples20.maxnew1024.seed10086.subtreePrefetch.vllm.log,451,13,38,0.22068008633692038
/Users/jiangnanhugo/workspace/power-sharpening/Subtree-Prefetching-Power-Sharpening/case_studies/logs-entropycut/mbpp/2026-09-21/vllm/dataset-mbpp.model-qwen3.5-9b.alpha4.0.steps100.blocks-1.prefetch-budget-20.rank-accept_first.cut-entropy4.0.samples20.maxnew1024.seed10086.subtreePrefetch.vllm.log,451,14,17,0.1209995081932716
/Users/jiangnanhugo/workspace/power-sharpening/Subtree-Prefetching-Power-Sharpening/case_studies/logs-entropycut/mbpp/2026-09-21/vllm/dataset-mbpp.model-qwen3.5-9b.alpha4.0.steps100.blocks-1.prefetch-budget-20.rank-accept_first.cut-entropy4.0.samples20.maxnew1024.seed10086.subtreePrefetch.vllm.log,451,15,38,0.22068008633692038
/Users/jiangnanhugo/workspace/power-sharpening/Subtree-Prefetching-Power-Sharpening/case_studies/logs-entropycut/mbpp/2026-09-21/vllm/dataset-mbpp.model-qwen3.5-9b.alpha4.0.steps100.blocks-1.prefetch-budget-20.rank-accept_first.cut-entropy4.0.samples20.maxnew1024.seed10086.subtreePrefetch.vllm.log,451,16,17,0.1209995081932716
/Users/jiangnanhugo/workspace/power-sharpening/Subtree-Prefetching-Power-Sharpening/case_studies/logs-entropycut/mbpp/2026-09-21/vllm/dataset-mbpp.model-qwen3.5-9b.alpha4.0.steps100.blocks-1.prefetch-budget-20.rank-accept_first.cut-entropy4.0.samples20.maxnew1024.seed10086.subtreePrefetch.vllm.log,451,17,38,0.22068008633692038
/Users/jiangnanhugo/workspace/power-sharpening/Subtree-Prefetching-Power-Sharpening/case_studies/logs-entropycut/mbpp/2026-09-21/vllm/dataset-mbpp.model-qwen3.5-9b.alpha4.0.steps100.blocks-1.prefetch-budget-20.rank-accept_first.cut-entropy4.0.samples20.maxnew1024.seed10086.subtreePrefetch.vllm.log,451,18,6,0.0610763518457807
/Users/jiangnanhugo/workspace/power-sharpening/Subtree-Prefetching-Power-Sharpening/case_studies/logs-entropycut/mbpp/2026-09-21/vllm/dataset-mbpp.model-qwen3.5-9b.alpha4.0.steps100.blocks-1.prefetch-budget-20.rank-accept_first.cut-entropy4.0.samples20.maxnew1024.seed10086.subtreePrefetch.vllm.log,451,19,133,0.04730353763167954
/Users/jiangnanhugo/workspace/power-sharpening/Subtree-Prefetching-Power-Sharpening/case_studies/logs-entropycut/mbpp/2026-09-21/vllm/dataset-mbpp.model-qwen3.5-9b.alpha4.0.steps100.blocks-1.prefetch-budget-20.rank-accept_first.cut-entropy4.0.samples20.maxnew1024.seed10086.subtreePrefetch.vllm.log,452,0,82,0.029315620468411945
/Users/jiangnanhugo/workspace/power-sharpening/Subtree-Prefetching-Power-Sharpening/case_studies/logs-entropycut/mbpp/2026-09-21/vllm/dataset-mbpp.model-qwen3.5-9b.alpha4.0.steps100.blocks-1.prefetch-budget-20.rank-accept_first.cut-entropy4.0.samples20.maxnew1024.seed10086.subtreePrefetch.vllm.log,452,1,612,0.02707342254138373
/Users/jiangnanhugo/workspace/power-sharpening/Subtree-Prefetching-Power-Sharpening/case_studies/logs-entropycut/mbpp/2026-09-21/vllm/dataset-mbpp.model-qwen3.5-9b.alpha4.0.steps100.blocks-1.prefetch-budget-20.rank-accept_first.cut-entropy4.0.samples20.maxnew1024.seed10086.subtreePrefetch.vllm.log,452,2,45,0.015243091832432222
/Users/jiangnanhugo/workspace/power-sharpening/Subtree-Prefetching-Power-Sharpening/case_studies/logs-entropycut/mbpp/2026-09-21/vllm/dataset-mbpp.model-qwen3.5-9b.alpha4.0.steps100.blocks-1.prefetch-budget-20.rank-accept_first.cut-entropy4.0.samples20.maxnew1024.seed10086.subtreePrefetch.vllm.log,452,3,17,0.12118006214986407
/Users/jiangnanhugo/workspace/power-sharpening/Subtree-Prefetching-Power-Sharpening/case_studies/logs-entropycut/mbpp/2026-09-21/vllm/dataset-mbpp.model-qwen3.5-9b.alpha4.0.steps100.blocks-1.prefetch-budget-20.rank-accept_first.cut-entropy4.0.samples20.maxnew1024.seed10086.subtreePrefetch.vllm.log,452,4,38,0.2210093824086503
/Users/jiangnanhugo/workspace/power-sharpening/Subtree-Prefetching-Power-Sharpening/case_studies/logs-entropycut/mbpp/2026-09-21/vllm/dataset-mbpp.model-qwen3.5-9b.alpha4.0.steps100.blocks-1.prefetch-budget-20.rank-accept_first.cut-entropy4.0.samples20.maxnew1024.seed10086.subtreePrefetch.vllm.log,452,5,452,0.05375038157640174
/Users/jiangnanhugo/workspace/power-sharpening/Subtree-Prefetching-Power-Sharpening/case_studies/logs-entropycut/mbpp/2026-09-21/vllm/dataset-mbpp.model-qwen3.5-9b.alpha4.0.steps100.blocks-1.prefetch-budget-20.rank-accept_first.cut-entropy4.0.samples20.maxnew1024.seed10086.subtreePrefetch.vllm.log,452,6,6,0.06116748921604485
/Users/jiangnanhugo/workspace/power-sharpening/Subtree-Prefetching-Power-Sharpening/case_studies/logs-entropycut/mbpp/2026-09-21/vllm/dataset-mbpp.model-qwen3.5-9b.alpha4.0.steps100.blocks-1.prefetch-budget-20.rank-accept_first.cut-entropy4.0.samples20.maxnew1024.seed10086.subtreePrefetch.vllm.log,452,7,612,0.02707342254138373
/Users/jiangnanhugo/workspace/power-sharpening/Subtree-Prefetching-Power-Sharpening/case_studies/logs-entropycut/mbpp/2026-09-21/vllm/dataset-mbpp.model-qwen3.5-9b.alpha4.0.steps100.blocks-1.prefetch-budget-20.rank-accept_first.cut-entropy4.0.samples20.maxnew1024.seed10086.subtreePrefetch.vllm.log,452,8,38,0.2210093824086503
/Users/jiangnanhugo/workspace/power-sharpening/Subtree-Prefetching-Power-Sharpening/case_studies/logs-entropycut/mbpp/2026-09-21/vllm/dataset-mbpp.model-qwen3.5-9b.alpha4.0.steps100.blocks-1.prefetch-budget-20.rank-accept_first.cut-entropy4.0.samples20.maxnew1024.seed10086.subtreePrefetch.vllm.log,452,9,38,0.2210093824086503
/Users/jiangnanhugo/workspace/power-sharpening/Subtree-Prefetching-Power-Sharpening/case_studies/logs-entropycut/mbpp/2026-09-21/vllm/dataset-mbpp.model-qwen3.5-9b.alpha4.0.steps100.blocks-1.prefetch-budget-20.rank-accept_first.cut-entropy4.0.samples20.maxnew1024.seed10086.subtreePrefetch.vllm.log,452,10,38,0.2210093824086503
/Users/jiangnanhugo/workspace/power-sharpening/Subtree-Prefetching-Power-Sharpening/case_studies/logs-entropycut/mbpp/2026-09-21/vllm/dataset-mbpp.model-qwen3.5-9b.alpha4.0.steps100.blocks-1.prefetch-budget-20.rank-accept_first.cut-entropy4.0.samples20.maxnew1024.seed10086.subtreePrefetch.vllm.log,452,11,363,0.03302005247093599
/Users/jiangnanhugo/workspace/power-sharpening/Subtree-Prefetching-Power-Sharpening/case_studies/logs-entropycut/mbpp/2026-09-21/vllm/dataset-mbpp.model-qwen3.5-9b.alpha4.0.steps100.blocks-1.prefetch-budget-20.rank-accept_first.cut-entropy4.0.samples20.maxnew1024.seed10086.subtreePrefetch.vllm.log,452,12,17,0.12118006214986407
/Users/jiangnanhugo/workspace/power-sharpening/Subtree-Prefetching-Power-Sharpening/case_studies/logs-entropycut/mbpp/2026-09-21/vllm/dataset-mbpp.model-qwen3.5-9b.alpha4.0.steps100.blocks-1.prefetch-budget-20.rank-accept_first.cut-entropy4.0.samples20.maxnew1024.seed10086.subtreePrefetch.vllm.log,452,13,38,0.2210093824086503
/Users/jiangnanhugo/workspace/power-sharpening/Subtree-Prefetching-Power-Sharpening/case_studies/logs-entropycut/mbpp/2026-09-21/vllm/dataset-mbpp.model-qwen3.5-9b.alpha4.0.steps100.blocks-1.prefetch-budget-20.rank-accept_first.cut-entropy4.0.samples20.maxnew1024.seed10086.subtreePrefetch.vllm.log,452,14,26,0.013597077724533668
/Users/jiangnanhugo/workspace/power-sharpening/Subtree-Prefetching-Power-Sharpening/case_studies/logs-entropycut/mbpp/2026-09-21/vllm/dataset-mbpp.model-qwen3.5-9b.alpha4.0.steps100.blocks-1.prefetch-budget-20.rank-accept_first.cut-entropy4.0.samples20.maxnew1024.seed10086.subtreePrefetch.vllm.log,452,15,38,0.2210093824086503
/Users/jiangnanhugo/workspace/power-sharpening/Subtree-Prefetching-Power-Sharpening/case_studies/logs-entropycut/mbpp/2026-09-21/vllm/dataset-mbpp.model-qwen3.5-9b.alpha4.0.steps100.blocks-1.prefetch-budget-20.rank-accept_first.cut-entropy4.0.samples20.maxnew1024.seed10086.subtreePrefetch.vllm.log,452,16,38,0.2210093824086503
/Users/jiangnanhugo/workspace/power-sharpening/Subtree-Prefetching-Power-Sharpening/case_studies/logs-entropycut/mbpp/2026-09-21/vllm/dataset-mbpp.model-qwen3.5-9b.alpha4.0.steps100.blocks-1.prefetch-budget-20.rank-accept_first.cut-entropy4.0.samples20.maxnew1024.seed10086.subtreePrefetch.vllm.log,452,17,177,0.0009704442443629844
/Users/jiangnanhugo/workspace/power-sharpening/Subtree-Prefetching-Power-Sharpening/case_studies/logs-entropycut/mbpp/2026-09-21/vllm/dataset-mbpp.model-qwen3.5-9b.alpha4.0.steps100.blocks-1.prefetch-budget-20.rank-accept_first.cut-entropy4.0.samples20.maxnew1024.seed10086.subtreePrefetch.vllm.log,452,18,83,0.09715947078745149
/Users/jiangnanhugo/workspace/power-sharpening/Subtree-Prefetching-Power-Sharpening/case_studies/logs-entropycut/mbpp/2026-09-21/vllm/dataset-mbpp.model-qwen3.5-9b.alpha4.0.steps100.blocks-1.prefetch-budget-20.rank-accept_first.cut-entropy4.0.samples20.maxnew1024.seed10086.subtreePrefetch.vllm.log,452,19,38,0.2210093824086503
/Users/jiangnanhugo/workspace/power-sharpening/Subtree-Prefetching-Power-Sharpening/case_studies/logs-entropycut/mbpp/2026-09-21/vllm/dataset-mbpp.model-qwen3.5-9b.alpha4.0.steps100.blocks-1.prefetch-budget-20.rank-accept_first.cut-entropy4.0.samples20.maxnew1024.seed10086.subtreePrefetch.vllm.log,453,0,38,0.25908695611174837
/Users/jiangnanhugo/workspace/power-sharpening/Subtree-Prefetching-Power-Sharpening/case_studies/logs-entropycut/mbpp/2026-09-21/vllm/dataset-mbpp.model-qwen3.5-9b.alpha4.0.steps100.blocks-1.prefetch-budget-20.rank-accept_first.cut-entropy4.0.samples20.maxnew1024.seed10086.subtreePrefetch.vllm.log,453,1,38,0.25908695611174837
/Users/jiangnanhugo/workspace/power-sharpening/Subtree-Prefetching-Power-Sharpening/case_studies/logs-entropycut/mbpp/2026-09-21/vllm/dataset-mbpp.model-qwen3.5-9b.alpha4.0.steps100.blocks-1.prefetch-budget-20.rank-accept_first.cut-entropy4.0.samples20.maxnew1024.seed10086.subtreePrefetch.vllm.log,453,2,38,0.25908695611174837
/Users/jiangnanhugo/workspace/power-sharpening/Subtree-Prefetching-Power-Sharpening/case_studies/logs-entropycut/mbpp/2026-09-21/vllm/dataset-mbpp.model-qwen3.5-9b.alpha4.0.steps100.blocks-1.prefetch-budget-20.rank-accept_first.cut-entropy4.0.samples20.maxnew1024.seed10086.subtreePrefetch.vllm.log,453,3,17,0.14205810224739096
/Users/jiangnanhugo/workspace/power-sharpening/Subtree-Prefetching-Power-Sharpening/case_studies/logs-entropycut/mbpp/2026-09-21/vllm/dataset-mbpp.model-qwen3.5-9b.alpha4.0.steps100.blocks-1.prefetch-budget-20.rank-accept_first.cut-entropy4.0.samples20.maxnew1024.seed10086.subtreePrefetch.vllm.log,453,4,200,0.040524254846948875
/Users/jiangnanhugo/workspace/power-sharpening/Subtree-Prefetching-Power-Sharpening/case_studies/logs-entropycut/mbpp/2026-09-21/vllm/dataset-mbpp.model-qwen3.5-9b.alpha4.0.steps100.blocks-1.prefetch-budget-20.rank-accept_first.cut-entropy4.0.samples20.maxnew1024.seed10086.subtreePrefetch.vllm.log,453,5,38,0.25908695611174837
/Users/jiangnanhugo/workspace/power-sharpening/Subtree-Prefetching-Power-Sharpening/case_studies/logs-entropycut/mbpp/2026-09-21/vllm/dataset-mbpp.model-qwen3.5-9b.alpha4.0.steps100.blocks-1.prefetch-budget-20.rank-accept_first.cut-entropy4.0.samples20.maxnew1024.seed10086.subtreePrefetch.vllm.log,453,6,6,0.07170599918097854
/Users/jiangnanhugo/workspace/power-sharpening/Subtree-Prefetching-Power-Sharpening/case_studies/logs-entropycut/mbpp/2026-09-21/vllm/dataset-mbpp.model-qwen3.5-9b.alpha4.0.steps100.blocks-1.prefetch-budget-20.rank-accept_first.cut-entropy4.0.samples20.maxnew1024.seed10086.subtreePrefetch.vllm.log,453,7,133,0.054849988420040297
/Users/jiangnanhugo/workspace/power-sharpening/Subtree-Prefetching-Power-Sharpening/case_studies/logs-entropycut/mbpp/2026-09-21/vllm/dataset-mbpp.model-qwen3.5-9b.alpha4.0.steps100.blocks-1.prefetch-budget-20.rank-accept_first.cut-entropy4.0.samples20.maxnew1024.seed10086.subtreePrefetch.vllm.log,453,8,38,0.25908695611174837
/Users/jiangnanhugo/workspace/power-sharpening/Subtree-Prefetching-Power-Sharpening/case_studies/logs-entropycut/mbpp/2026-09-21/vllm/dataset-mbpp.model-qwen3.5-9b.alpha4.0.steps100.blocks-1.prefetch-budget-20.rank-accept_first.cut-entropy4.0.samples20.maxnew1024.seed10086.subtreePrefetch.vllm.log,453,9,17,0.14205810224739096
/Users/jiangnanhugo/workspace/power-sharpening/Subtree-Prefetching-Power-Sharpening/case_studies/logs-entropycut/mbpp/2026-09-21/vllm/dataset-mbpp.model-qwen3.5-9b.alpha4.0.steps100.blocks-1.prefetch-budget-20.rank-accept_first.cut-entropy4.0.samples20.maxnew1024.seed10086.subtreePrefetch.vllm.log,453,10,17,0.14205810224739096
/Users/jiangnanhugo/workspace/power-sharpening/Subtree-Prefetching-Power-Sharpening/case_studies/logs-entropycut/mbpp/2026-09-21/vllm/dataset-mbpp.model-qwen3.5-9b.alpha4.0.steps100.blocks-1.prefetch-budget-20.rank-accept_first.cut-entropy4.0.samples20.maxnew1024.seed10086.subtreePrefetch.vllm.log,453,11,200,0.040524254846948875
/Users/jiangnanhugo/workspace/power-sharpening/Subtree-Prefetching-Power-Sharpening/case_studies/logs-entropycut/mbpp/2026-09-21/vllm/dataset-mbpp.model-qwen3.5-9b.alpha4.0.steps100.blocks-1.prefetch-budget-20.rank-accept_first.cut-entropy4.0.samples20.maxnew1024.seed10086.subtreePrefetch.vllm.log,453,12,17,0.14205810224739096
/Users/jiangnanhugo/workspace/power-sharpening/Subtree-Prefetching-Power-Sharpening/case_studies/logs-entropycut/mbpp/2026-09-21/vllm/dataset-mbpp.model-qwen3.5-9b.alpha4.0.steps100.blocks-1.prefetch-budget-20.rank-accept_first.cut-entropy4.0.samples20.maxnew1024.seed10086.subtreePrefetch.vllm.log,453,13,17,0.14205810224739096
/Users/jiangnanhugo/workspace/power-sharpening/Subtree-Prefetching-Power-Sharpening/case_studies/logs-entropycut/mbpp/2026-09-21/vllm/dataset-mbpp.model-qwen3.5-9b.alpha4.0.steps100.blocks-1.prefetch-budget-20.rank-accept_first.cut-entropy4.0.samples20.maxnew1024.seed10086.subtreePrefetch.vllm.log,453,14,311,0.0009393951501720719
/Users/jiangnanhugo/workspace/power-sharpening/Subtree-Prefetching-Power-Sharpening/case_studies/logs-entropycut/mbpp/2026-09-21/vllm/dataset-mbpp.model-qwen3.5-9b.alpha4.0.steps100.blocks-1.prefetch-budget-20.rank-accept_first.cut-entropy4.0.samples20.maxnew1024.seed10086.subtreePrefetch.vllm.log,453,15,17,0.14205810224739096
/Users/jiangnanhugo/workspace/power-sharpening/Subtree-Prefetching-Power-Sharpening/case_studies/logs-entropycut/mbpp/2026-09-21/vllm/dataset-mbpp.model-qwen3.5-9b.alpha4.0.steps100.blocks-1.prefetch-budget-20.rank-accept_first.cut-entropy4.0.samples20.maxnew1024.seed10086.subtreePrefetch.vllm.log,453,16,38,0.25908695611174837
/Users/jiangnanhugo/workspace/power-sharpening/Subtree-Prefetching-Power-Sharpening/case_studies/logs-entropycut/mbpp/2026-09-21/vllm/dataset-mbpp.model-qwen3.5-9b.alpha4.0.steps100.blocks-1.prefetch-budget-20.rank-accept_first.cut-entropy4.0.samples20.maxnew1024.seed10086.subtreePrefetch.vllm.log,453,17,17,0.14205810224739096
/Users/jiangnanhugo/workspace/power-sharpening/Subtree-Prefetching-Power-Sharpening/case_studies/logs-entropycut/mbpp/2026-09-21/vllm/dataset-mbpp.model-qwen3.5-9b.alpha4.0.steps100.blocks-1.prefetch-budget-20.rank-accept_first.cut-entropy4.0.samples20.maxnew1024.seed10086.subtreePrefetch.vllm.log,453,18,200,0.040524254846948875
/Users/jiangnanhugo/workspace/power-sharpening/Subtree-Prefetching-Power-Sharpening/case_studies/logs-entropycut/mbpp/2026-09-21/vllm/dataset-mbpp.model-qwen3.5-9b.alpha4.0.steps100.blocks-1.prefetch-budget-20.rank-accept_first.cut-entropy4.0.samples20.maxnew1024.seed10086.subtreePrefetch.vllm.log,453,19,17,0.14205810224739096
/Users/jiangnanhugo/workspace/power-sharpening/Subtree-Prefetching-Power-Sharpening/case_studies/logs-entropycut/mbpp/2026-09-21/vllm/dataset-mbpp.model-qwen3.5-9b.alpha4.0.steps100.blocks-1.prefetch-budget-20.rank-accept_first.cut-entropy4.0.samples20.maxnew1024.seed10086.subtreePrefetch.vllm.log,454,0,38,0.25908695611174837
/Users/jiangnanhugo/workspace/power-sharpening/Subtree-Prefetching-Power-Sharpening/case_studies/logs-entropycut/mbpp/2026-09-21/vllm/dataset-mbpp.model-qwen3.5-9b.alpha4.0.steps100.blocks-1.prefetch-budget-20.rank-accept_first.cut-entropy4.0.samples20.maxnew1024.seed10086.subtreePrefetch.vllm.log,454,1,60,0.00038962121512084116
/Users/jiangnanhugo/workspace/power-sharpening/Subtree-Prefetching-Power-Sharpening/case_studies/logs-entropycut/mbpp/2026-09-21/vllm/dataset-mbpp.model-qwen3.5-9b.alpha4.0.steps100.blocks-1.prefetch-budget-20.rank-accept_first.cut-entropy4.0.samples20.maxnew1024.seed10086.subtreePrefetch.vllm.log,454,2,6,0.07170599918097854
/Users/jiangnanhugo/workspace/power-sharpening/Subtree-Prefetching-Power-Sharpening/case_studies/logs-entropycut/mbpp/2026-09-21/vllm/dataset-mbpp.model-qwen3.5-9b.alpha4.0.steps100.blocks-1.prefetch-budget-20.rank-accept_first.cut-entropy4.0.samples20.maxnew1024.seed10086.subtreePrefetch.vllm.log,454,3,38,0.25908695611174837
/Users/jiangnanhugo/workspace/power-sharpening/Subtree-Prefetching-Power-Sharpening/case_studies/logs-entropycut/mbpp/2026-09-21/vllm/dataset-mbpp.model-qwen3.5-9b.alpha4.0.steps100.blocks-1.prefetch-budget-20.rank-accept_first.cut-entropy4.0.samples20.maxnew1024.seed10086.subtreePrefetch.vllm.log,454,4,17,0.14205810224739096
/Users/jiangnanhugo/workspace/power-sharpening/Subtree-Prefetching-Power-Sharpening/case_studies/logs-entropycut/mbpp/2026-09-21/vllm/dataset-mbpp.model-qwen3.5-9b.alpha4.0.steps100.blocks-1.prefetch-budget-20.rank-accept_first.cut-entropy4.0.samples20.maxnew1024.seed10086.subtreePrefetch.vllm.log,454,5,124,0.018899154956473204
/Users/jiangnanhugo/workspace/power-sharpening/Subtree-Prefetching-Power-Sharpening/case_studies/logs-entropycut/mbpp/2026-09-21/vllm/dataset-mbpp.model-qwen3.5-9b.alpha4.0.steps100.blocks-1.prefetch-budget-20.rank-accept_first.cut-entropy4.0.samples20.maxnew1024.seed10086.subtreePrefetch.vllm.log,454,6,38,0.25908695611174837
/Users/jiangnanhugo/workspace/power-sharpening/Subtree-Prefetching-Power-Sharpening/case_studies/logs-entropycut/mbpp/2026-09-21/vllm/dataset-mbpp.model-qwen3.5-9b.alpha4.0.steps100.blocks-1.prefetch-budget-20.rank-accept_first.cut-entropy4.0.samples20.maxnew1024.seed10086.subtreePrefetch.vllm.log,454,7,17,0.14205810224739096
/Users/jiangnanhugo/workspace/power-sharpening/Subtree-Prefetching-Power-Sharpening/case_studies/logs-entropycut/mbpp/2026-09-21/vllm/dataset-mbpp.model-qwen3.5-9b.alpha4.0.steps100.blocks-1.prefetch-budget-20.rank-accept_first.cut-entropy4.0.samples20.maxnew1024.seed10086.subtreePrefetch.vllm.log,454,8,6,0.07170599918097854
/Users/jiangnanhugo/workspace/power-sharpening/Subtree-Prefetching-Power-Sharpening/case_studies/logs-entropycut/mbpp/2026-09-21/vllm/dataset-mbpp.model-qwen3.5-9b.alpha4.0.steps100.blocks-1.prefetch-budget-20.rank-accept_first.cut-entropy4.0.samples20.maxnew1024.seed10086.subtreePrefetch.vllm.log,454,9,38,0.25908695611174837
/Users/jiangnanhugo/workspace/power-sharpening/Subtree-Prefetching-Power-Sharpening/case_studies/logs-entropycut/mbpp/2026-09-21/vllm/dataset-mbpp.model-qwen3.5-9b.alpha4.0.steps100.blocks-1.prefetch-budget-20.rank-accept_first.cut-entropy4.0.samples20.maxnew1024.seed10086.subtreePrefetch.vllm.log,454,10,38,0.25908695611174837
/Users/jiangnanhugo/workspace/power-sharpening/Subtree-Prefetching-Power-Sharpening/case_studies/logs-entropycut/mbpp/2026-09-21/vllm/dataset-mbpp.model-qwen3.5-9b.alpha4.0.steps100.blocks-1.prefetch-budget-20.rank-accept_first.cut-entropy4.0.samples20.maxnew1024.seed10086.subtreePrefetch.vllm.log,454,11,6,0.07170599918097854
/Users/jiangnanhugo/workspace/power-sharpening/Subtree-Prefetching-Power-Sharpening/case_studies/logs-entropycut/mbpp/2026-09-21/vllm/dataset-mbpp.model-qwen3.5-9b.alpha4.0.steps100.blocks-1.prefetch-budget-20.rank-accept_first.cut-entropy4.0.samples20.maxnew1024.seed10086.subtreePrefetch.vllm.log,454,12,38,0.25908695611174837
/Users/jiangnanhugo/workspace/power-sharpening/Subtree-Prefetching-Power-Sharpening/case_studies/logs-entropycut/mbpp/2026-09-21/vllm/dataset-mbpp.model-qwen3.5-9b.alpha4.0.steps100.blocks-1.prefetch-budget-20.rank-accept_first.cut-entropy4.0.samples20.maxnew1024.seed10086.subtreePrefetch.vllm.log,454,13,133,0.054849988420040297
/Users/jiangnanhugo/workspace/power-sharpening/Subtree-Prefetching-Power-Sharpening/case_studies/logs-entropycut/mbpp/2026-09-21/vllm/dataset-mbpp.model-qwen3.5-9b.alpha4.0.steps100.blocks-1.prefetch-budget-20.rank-accept_first.cut-entropy4.0.samples20.maxnew1024.seed10086.subtreePrefetch.vllm.log,454,14,38,0.25908695611174837
/Users/jiangnanhugo/workspace/power-sharpening/Subtree-Prefetching-Power-Sharpening/case_studies/logs-entropycut/mbpp/2026-09-21/vllm/dataset-mbpp.model-qwen3.5-9b.alpha4.0.steps100.blocks-1.prefetch-budget-20.rank-accept_first.cut-entropy4.0.samples20.maxnew1024.seed10086.subtreePrefetch.vllm.log,454,15,38,0.25908695611174837
/Users/jiangnanhugo/workspace/power-sharpening/Subtree-Prefetching-Power-Sharpening/case_studies/logs-entropycut/mbpp/2026-09-21/vllm/dataset-mbpp.model-qwen3.5-9b.alpha4.0.steps100.blocks-1.prefetch-budget-20.rank-accept_first.cut-entropy4.0.samples20.maxnew1024.seed10086.subtreePrefetch.vllm.log,454,16,17,0.14205810224739096
/Users/jiangnanhugo/workspace/power-sharpening/Subtree-Prefetching-Power-Sharpening/case_studies/logs-entropycut/mbpp/2026-09-21/vllm/dataset-mbpp.model-qwen3.5-9b.alpha4.0.steps100.blocks-1.prefetch-budget-20.rank-accept_first.cut-entropy4.0.samples20.maxnew1024.seed10086.subtreePrefetch.vllm.log,454,17,38,0.25908695611174837
/Users/jiangnanhugo/workspace/power-sharpening/Subtree-Prefetching-Power-Sharpening/case_studies/logs-entropycut/mbpp/2026-09-21/vllm/dataset-mbpp.model-qwen3.5-9b.alpha4.0.steps100.blocks-1.prefetch-budget-20.rank-accept_first.cut-entropy4.0.samples20.maxnew1024.seed10086.subtreePrefetch.vllm.log,454,18,6,0.07170599918097854
/Users/jiangnanhugo/workspace/power-sharpening/Subtree-Prefetching-Power-Sharpening/case_studies/logs-entropycut/mbpp/2026-09-21/vllm/dataset-mbpp.model-qwen3.5-9b.alpha4.0.steps100.blocks-1.prefetch-budget-20.rank-accept_first.cut-entropy4.0.samples20.maxnew1024.seed10086.subtreePrefetch.vllm.log,454,19,38,0.25908695611174837
/Users/jiangnanhugo/workspace/power-sharpening/Subtree-Prefetching-Power-Sharpening/case_studies/logs-entropycut/mbpp/2026-09-21/vllm/dataset-mbpp.model-qwen3.5-9b.alpha4.0.steps100.blocks-1.prefetch-budget-20.rank-accept_first.cut-entropy4.0.samples20.maxnew1024.seed10086.subtreePrefetch.vllm.log,455,0,402,0.01805436344181843
/Users/jiangnanhugo/workspace/power-sharpening/Subtree-Prefetching-Power-Sharpening/case_studies/logs-entropycut/mbpp/2026-09-21/vllm/dataset-mbpp.model-qwen3.5-9b.alpha4.0.steps100.blocks-1.prefetch-budget-20.rank-accept_first.cut-entropy4.0.samples20.maxnew1024.seed10086.subtreePrefetch.vllm.log,455,1,133,0.054849988420040297
/Users/jiangnanhugo/workspace/power-sharpening/Subtree-Prefetching-Power-Sharpening/case_studies/logs-entropycut/mbpp/2026-09-21/vllm/dataset-mbpp.model-qwen3.5-9b.alpha4.0.steps100.blocks-1.prefetch-budget-20.rank-accept_first.cut-entropy4.0.samples20.maxnew1024.seed10086.subtreePrefetch.vllm.log,455,2,38,0.25908695611174837
/Users/jiangnanhugo/workspace/power-sharpening/Subtree-Prefetching-Power-Sharpening/case_studies/logs-entropycut/mbpp/2026-09-21/vllm/dataset-mbpp.model-qwen3.5-9b.alpha4.0.steps100.blocks-1.prefetch-budget-20.rank-accept_first.cut-entropy4.0.samples20.maxnew1024.seed10086.subtreePrefetch.vllm.log,455,3,6,0.07170599918097854
/Users/jiangnanhugo/workspace/power-sharpening/Subtree-Prefetching-Power-Sharpening/case_studies/logs-entropycut/mbpp/2026-09-21/vllm/dataset-mbpp.model-qwen3.5-9b.alpha4.0.steps100.blocks-1.prefetch-budget-20.rank-accept_first.cut-entropy4.0.samples20.maxnew1024.seed10086.subtreePrefetch.vllm.log,455,4,402,0.01805436344181843
/Users/jiangnanhugo/workspace/power-sharpening/Subtree-Prefetching-Power-Sharpening/case_studies/logs-entropycut/mbpp/2026-09-21/vllm/dataset-mbpp.model-qwen3.5-9b.alpha4.0.steps100.blocks-1.prefetch-budget-20.rank-accept_first.cut-entropy4.0.samples20.maxnew1024.seed10086.subtreePrefetch.vllm.log,455,5,26,0.015939710075975503
/Users/jiangnanhugo/workspace/power-sharpening/Subtree-Prefetching-Power-Sharpening/case_studies/logs-entropycut/mbpp/2026-09-21/vllm/dataset-mbpp.model-qwen3.5-9b.alpha4.0.steps100.blocks-1.prefetch-budget-20.rank-accept_first.cut-entropy4.0.samples20.maxnew1024.seed10086.subtreePrefetch.vllm.log,455,6,38,0.25908695611174837
/Users/jiangnanhugo/workspace/power-sharpening/Subtree-Prefetching-Power-Sharpening/case_studies/logs-entropycut/mbpp/2026-09-21/vllm/dataset-mbpp.model-qwen3.5-9b.alpha4.0.steps100.blocks-1.prefetch-budget-20.rank-accept_first.cut-entropy4.0.samples20.maxnew1024.seed10086.subtreePrefetch.vllm.log,455,7,38,0.25908695611174837
/Users/jiangnanhugo/workspace/power-sharpening/Subtree-Prefetching-Power-Sharpening/case_studies/logs-entropycut/mbpp/2026-09-21/vllm/dataset-mbpp.model-qwen3.5-9b.alpha4.0.steps100.blocks-1.prefetch-budget-20.rank-accept_first.cut-entropy4.0.samples20.maxnew1024.seed10086.subtreePrefetch.vllm.log,455,8,83,0.11027724886880605
/Users/jiangnanhugo/workspace/power-sharpening/Subtree-Prefetching-Power-Sharpening/case_studies/logs-entropycut/mbpp/2026-09-21/vllm/dataset-mbpp.model-qwen3.5-9b.alpha4.0.steps100.blocks-1.prefetch-budget-20.rank-accept_first.cut-entropy4.0.samples20.maxnew1024.seed10086.subtreePrefetch.vllm.log,455,9,38,0.25908695611174837
/Users/jiangnanhugo/workspace/power-sharpening/Subtree-Prefetching-Power-Sharpening/case_studies/logs-entropycut/mbpp/2026-09-21/vllm/dataset-mbpp.model-qwen3.5-9b.alpha4.0.steps100.blocks-1.prefetch-budget-20.rank-accept_first.cut-entropy4.0.samples20.maxnew1024.seed10086.subtreePrefetch.vllm.log,455,10,83,0.11027724886880605
/Users/jiangnanhugo/workspace/power-sharpening/Subtree-Prefetching-Power-Sharpening/case_studies/logs-entropycut/mbpp/2026-09-21/vllm/dataset-mbpp.model-qwen3.5-9b.alpha4.0.steps100.blocks-1.prefetch-budget-20.rank-accept_first.cut-entropy4.0.samples20.maxnew1024.seed10086.subtreePrefetch.vllm.log,455,11,452,0.001973870546131072
/Users/jiangnanhugo/workspace/power-sharpening/Subtree-Prefetching-Power-Sharpening/case_studies/logs-entropycut/mbpp/2026-09-21/vllm/dataset-mbpp.model-qwen3.5-9b.alpha4.0.steps100.blocks-1.prefetch-budget-20.rank-accept_first.cut-entropy4.0.samples20.maxnew1024.seed10086.subtreePrefetch.vllm.log,455,12,17,0.14205810224739096
/Users/jiangnanhugo/workspace/power-sharpening/Subtree-Prefetching-Power-Sharpening/case_studies/logs-entropycut/mbpp/2026-09-21/vllm/dataset-mbpp.model-qwen3.5-9b.alpha4.0.steps100.blocks-1.prefetch-budget-20.rank-accept_first.cut-entropy4.0.samples20.maxnew1024.seed10086.subtreePrefetch.vllm.log,455,13,38,0.25908695611174837
/Users/jiangnanhugo/workspace/power-sharpening/Subtree-Prefetching-Power-Sharpening/case_studies/logs-entropycut/mbpp/2026-09-21/vllm/dataset-mbpp.model-qwen3.5-9b.alpha4.0.steps100.blocks-1.prefetch-budget-20.rank-accept_first.cut-entropy4.0.samples20.maxnew1024.seed10086.subtreePrefetch.vllm.log,455,14,45,0.017869314965526743
/Users/jiangnanhugo/workspace/power-sharpening/Subtree-Prefetching-Power-Sharpening/case_studies/logs-entropycut/mbpp/2026-09-21/vllm/dataset-mbpp.model-qwen3.5-9b.alpha4.0.steps100.blocks-1.prefetch-budget-20.rank-accept_first.cut-entropy4.0.samples20.maxnew1024.seed10086.subtreePrefetch.vllm.log,455,15,38,0.25908695611174837
/Users/jiangnanhugo/workspace/power-sharpening/Subtree-Prefetching-Power-Sharpening/case_studies/logs-entropycut/mbpp/2026-09-21/vllm/dataset-mbpp.model-qwen3.5-9b.alpha4.0.steps100.blocks-1.prefetch-budget-20.rank-accept_first.cut-entropy4.0.samples20.maxnew1024.seed10086.subtreePrefetch.vllm.log,455,16,38,0.25908695611174837
/Users/jiangnanhugo/workspace/power-sharpening/Subtree-Prefetching-Power-Sharpening/case_studies/logs-entropycut/mbpp/2026-09-21/vllm/dataset-mbpp.model-qwen3.5-9b.alpha4.0.steps100.blocks-1.prefetch-budget-20.rank-accept_first.cut-entropy4.0.samples20.maxnew1024.seed10086.subtreePrefetch.vllm.log,455,17,6,0.07170599918097854
/Users/jiangnanhugo/workspace/power-sharpening/Subtree-Prefetching-Power-Sharpening/case_studies/logs-entropycut/mbpp/2026-09-21/vllm/dataset-mbpp.model-qwen3.5-9b.alpha4.0.steps100.blocks-1.prefetch-budget-20.rank-accept_first.cut-entropy4.0.samples20.maxnew1024.seed10086.subtreePrefetch.vllm.log,455,18,38,0.25908695611174837
/Users/jiangnanhugo/workspace/power-sharpening/Subtree-Prefetching-Power-Sharpening/case_studies/logs-entropycut/mbpp/2026-09-21/vllm/dataset-mbpp.model-qwen3.5-9b.alpha4.0.steps100.blocks-1.prefetch-budget-20.rank-accept_first.cut-entropy4.0.samples20.maxnew1024.seed10086.subtreePrefetch.vllm.log,455,19,17,0.14205810224739096
/Users/jiangnanhugo/workspace/power-sharpening/Subtree-Prefetching-Power-Sharpening/case_studies/logs-entropycut/mbpp/2026-09-21/vllm/dataset-mbpp.model-qwen3.5-9b.alpha4.0.steps100.blocks-1.prefetch-budget-20.rank-accept_first.cut-entropy4.0.samples20.maxnew1024.seed10086.subtreePrefetch.vllm.log,456,0,38,0.2590827312360183
/Users/jiangnanhugo/workspace/power-sharpening/Subtree-Prefetching-Power-Sharpening/case_studies/logs-entropycut/mbpp/2026-09-21/vllm/dataset-mbpp.model-qwen3.5-9b.alpha4.0.steps100.blocks-1.prefetch-budget-20.rank-accept_first.cut-entropy4.0.samples20.maxnew1024.seed10086.subtreePrefetch.vllm.log,456,1,6,0.0717048298865448
/Users/jiangnanhugo/workspace/power-sharpening/Subtree-Prefetching-Power-Sharpening/case_studies/logs-entropycut/mbpp/2026-09-21/vllm/dataset-mbpp.model-qwen3.5-9b.alpha4.0.steps100.blocks-1.prefetch-budget-20.rank-accept_first.cut-entropy4.0.samples20.maxnew1024.seed10086.subtreePrefetch.vllm.log,456,2,38,0.2590827312360183
/Users/jiangnanhugo/workspace/power-sharpening/Subtree-Prefetching-Power-Sharpening/case_studies/logs-entropycut/mbpp/2026-09-21/vllm/dataset-mbpp.model-qwen3.5-9b.alpha4.0.steps100.blocks-1.prefetch-budget-20.rank-accept_first.cut-entropy4.0.samples20.maxnew1024.seed10086.subtreePrefetch.vllm.log,456,3,17,0.1420557857362186
/Users/jiangnanhugo/workspace/power-sharpening/Subtree-Prefetching-Power-Sharpening/case_studies/logs-entropycut/mbpp/2026-09-21/vllm/dataset-mbpp.model-qwen3.5-9b.alpha4.0.steps100.blocks-1.prefetch-budget-20.rank-accept_first.cut-entropy4.0.samples20.maxnew1024.seed10086.subtreePrefetch.vllm.log,456,4,17,0.1420557857362186
/Users/jiangnanhugo/workspace/power-sharpening/Subtree-Prefetching-Power-Sharpening/case_studies/logs-entropycut/mbpp/2026-09-21/vllm/dataset-mbpp.model-qwen3.5-9b.alpha4.0.steps100.blocks-1.prefetch-budget-20.rank-accept_first.cut-entropy4.0.samples20.maxnew1024.seed10086.subtreePrefetch.vllm.log,456,5,17,0.1420557857362186
/Users/jiangnanhugo/workspace/power-sharpening/Subtree-Prefetching-Power-Sharpening/case_studies/logs-entropycut/mbpp/2026-09-21/vllm/dataset-mbpp.model-qwen3.5-9b.alpha4.0.steps100.blocks-1.prefetch-budget-20.rank-accept_first.cut-entropy4.0.samples20.maxnew1024.seed10086.subtreePrefetch.vllm.log,456,6,393,0.0016619750126941261
/Users/jiangnanhugo/workspace/power-sharpening/Subtree-Prefetching-Power-Sharpening/case_studies/logs-entropycut/mbpp/2026-09-21/vllm/dataset-mbpp.model-qwen3.5-9b.alpha4.0.steps100.blocks-1.prefetch-budget-20.rank-accept_first.cut-entropy4.0.samples20.maxnew1024.seed10086.subtreePrefetch.vllm.log,456,7,17,0.1420557857362186
/Users/jiangnanhugo/workspace/power-sharpening/Subtree-Prefetching-Power-Sharpening/case_studies/logs-entropycut/mbpp/2026-09-21/vllm/dataset-mbpp.model-qwen3.5-9b.alpha4.0.steps100.blocks-1.prefetch-budget-20.rank-accept_first.cut-entropy4.0.samples20.maxnew1024.seed10086.subtreePrefetch.vllm.log,456,8,38,0.2590827312360183
/Users/jiangnanhugo/workspace/power-sharpening/Subtree-Prefetching-Power-Sharpening/case_studies/logs-entropycut/mbpp/2026-09-21/vllm/dataset-mbpp.model-qwen3.5-9b.alpha4.0.steps100.blocks-1.prefetch-budget-20.rank-accept_first.cut-entropy4.0.samples20.maxnew1024.seed10086.subtreePrefetch.vllm.log,456,9,17,0.1420557857362186
/Users/jiangnanhugo/workspace/power-sharpening/Subtree-Prefetching-Power-Sharpening/case_studies/logs-entropycut/mbpp/2026-09-21/vllm/dataset-mbpp.model-qwen3.5-9b.alpha4.0.steps100.blocks-1.prefetch-budget-20.rank-accept_first.cut-entropy4.0.samples20.maxnew1024.seed10086.subtreePrefetch.vllm.log,456,10,45,0.017869023574419125
/Users/jiangnanhugo/workspace/power-sharpening/Subtree-Prefetching-Power-Sharpening/case_studies/logs-entropycut/mbpp/2026-09-21/vllm/dataset-mbpp.model-qwen3.5-9b.alpha4.0.steps100.blocks-1.prefetch-budget-20.rank-accept_first.cut-entropy4.0.samples20.maxnew1024.seed10086.subtreePrefetch.vllm.log,456,11,38,0.2590827312360183
/Users/jiangnanhugo/workspace/power-sharpening/Subtree-Prefetching-Power-Sharpening/case_studies/logs-entropycut/mbpp/2026-09-21/vllm/dataset-mbpp.model-qwen3.5-9b.alpha4.0.steps100.blocks-1.prefetch-budget-20.rank-accept_first.cut-entropy4.0.samples20.maxnew1024.seed10086.subtreePrefetch.vllm.log,456,12,38,0.2590827312360183
/Users/jiangnanhugo/workspace/power-sharpening/Subtree-Prefetching-Power-Sharpening/case_studies/logs-entropycut/mbpp/2026-09-21/vllm/dataset-mbpp.model-qwen3.5-9b.alpha4.0.steps100.blocks-1.prefetch-budget-20.rank-accept_first.cut-entropy4.0.samples20.maxnew1024.seed10086.subtreePrefetch.vllm.log,456,13,6,0.0717048298865448
/Users/jiangnanhugo/workspace/power-sharpening/Subtree-Prefetching-Power-Sharpening/case_studies/logs-entropycut/mbpp/2026-09-21/vllm/dataset-mbpp.model-qwen3.5-9b.alpha4.0.steps100.blocks-1.prefetch-budget-20.rank-accept_first.cut-entropy4.0.samples20.maxnew1024.seed10086.subtreePrefetch.vllm.log,456,14,17,0.1420557857362186
/Users/jiangnanhugo/workspace/power-sharpening/Subtree-Prefetching-Power-Sharpening/case_studies/logs-entropycut/mbpp/2026-09-21/vllm/dataset-mbpp.model-qwen3.5-9b.alpha4.0.steps100.blocks-1.prefetch-budget-20.rank-accept_first.cut-entropy4.0.samples20.maxnew1024.seed10086.subtreePrefetch.vllm.log,456,15,38,0.2590827312360183
/Users/jiangnanhugo/workspace/power-sharpening/Subtree-Prefetching-Power-Sharpening/case_studies/logs-entropycut/mbpp/2026-09-21/vllm/dataset-mbpp.model-qwen3.5-9b.alpha4.0.steps100.blocks-1.prefetch-budget-20.rank-accept_first.cut-entropy4.0.samples20.maxnew1024.seed10086.subtreePrefetch.vllm.log,456,16,17,0.1420557857362186
/Users/jiangnanhugo/workspace/power-sharpening/Subtree-Prefetching-Power-Sharpening/case_studies/logs-entropycut/mbpp/2026-09-21/vllm/dataset-mbpp.model-qwen3.5-9b.alpha4.0.steps100.blocks-1.prefetch-budget-20.rank-accept_first.cut-entropy4.0.samples20.maxnew1024.seed10086.subtreePrefetch.vllm.log,456,17,6,0.0717048298865448
/Users/jiangnanhugo/workspace/power-sharpening/Subtree-Prefetching-Power-Sharpening/case_studies/logs-entropycut/mbpp/2026-09-21/vllm/dataset-mbpp.model-qwen3.5-9b.alpha4.0.steps100.blocks-1.prefetch-budget-20.rank-accept_first.cut-entropy4.0.samples20.maxnew1024.seed10086.subtreePrefetch.vllm.log,456,18,188,0.0020930109134223414
/Users/jiangnanhugo/workspace/power-sharpening/Subtree-Prefetching-Power-Sharpening/case_studies/logs-entropycut/mbpp/2026-09-21/vllm/dataset-mbpp.model-qwen3.5-9b.alpha4.0.steps100.blocks-1.prefetch-budget-20.rank-accept_first.cut-entropy4.0.samples20.maxnew1024.seed10086.subtreePrefetch.vllm.log,456,19,6,0.0717048298865448
/Users/jiangnanhugo/workspace/power-sharpening/Subtree-Prefetching-Power-Sharpening/case_studies/logs-entropycut/mbpp/2026-09-21/vllm/dataset-mbpp.model-qwen3.5-9b.alpha4.0.steps100.blocks-1.prefetch-budget-20.rank-accept_first.cut-entropy4.0.samples20.maxnew1024.seed10086.subtreePrefetch.vllm.log,457,0,454,0.009221255852578273
/Users/jiangnanhugo/workspace/power-sharpening/Subtree-Prefetching-Power-Sharpening/case_studies/logs-entropycut/mbpp/2026-09-21/vllm/dataset-mbpp.model-qwen3.5-9b.alpha4.0.steps100.blocks-1.prefetch-budget-20.rank-accept_first.cut-entropy4.0.samples20.maxnew1024.seed10086.subtreePrefetch.vllm.log,457,1,246,0.004949259125376418
/Users/jiangnanhugo/workspace/power-sharpening/Subtree-Prefetching-Power-Sharpening/case_studies/logs-entropycut/mbpp/2026-09-21/vllm/dataset-mbpp.model-qwen3.5-9b.alpha4.0.steps100.blocks-1.prefetch-budget-20.rank-accept_first.cut-entropy4.0.samples20.maxnew1024.seed10086.subtreePrefetch.vllm.log,457,2,6,0.0717048298865448
/Users/jiangnanhugo/workspace/power-sharpening/Subtree-Prefetching-Power-Sharpening/case_studies/logs-entropycut/mbpp/2026-09-21/vllm/dataset-mbpp.model-qwen3.5-9b.alpha4.0.steps100.blocks-1.prefetch-budget-20.rank-accept_first.cut-entropy4.0.samples20.maxnew1024.seed10086.subtreePrefetch.vllm.log,457,3,38,0.2590827312360183
/Users/jiangnanhugo/workspace/power-sharpening/Subtree-Prefetching-Power-Sharpening/case_studies/logs-entropycut/mbpp/2026-09-21/vllm/dataset-mbpp.model-qwen3.5-9b.alpha4.0.steps100.blocks-1.prefetch-budget-20.rank-accept_first.cut-entropy4.0.samples20.maxnew1024.seed10086.subtreePrefetch.vllm.log,457,4,38,0.2590827312360183
/Users/jiangnanhugo/workspace/power-sharpening/Subtree-Prefetching-Power-Sharpening/case_studies/logs-entropycut/mbpp/2026-09-21/vllm/dataset-mbpp.model-qwen3.5-9b.alpha4.0.steps100.blocks-1.prefetch-budget-20.rank-accept_first.cut-entropy4.0.samples20.maxnew1024.seed10086.subtreePrefetch.vllm.log,457,5,454,0.009221255852578273
/Users/jiangnanhugo/workspace/power-sharpening/Subtree-Prefetching-Power-Sharpening/case_studies/logs-entropycut/mbpp/2026-09-21/vllm/dataset-mbpp.model-qwen3.5-9b.alpha4.0.steps100.blocks-1.prefetch-budget-20.rank-accept_first.cut-entropy4.0.samples20.maxnew1024.seed10086.subtreePrefetch.vllm.log,457,6,402,0.018054069033164782
/Users/jiangnanhugo/workspace/power-sharpening/Subtree-Prefetching-Power-Sharpening/case_studies/logs-entropycut/mbpp/2026-09-21/vllm/dataset-mbpp.model-qwen3.5-9b.alpha4.0.steps100.blocks-1.prefetch-budget-20.rank-accept_first.cut-entropy4.0.samples20.maxnew1024.seed10086.subtreePrefetch.vllm.log,457,7,6,0.0717048298865448
/Users/jiangnanhugo/workspace/power-sharpening/Subtree-Prefetching-Power-Sharpening/case_studies/logs-entropycut/mbpp/2026-09-21/vllm/dataset-mbpp.model-qwen3.5-9b.alpha4.0.steps100.blocks-1.prefetch-budget-20.rank-accept_first.cut-entropy4.0.samples20.maxnew1024.seed10086.subtreePrefetch.vllm.log,457,8,17,0.1420557857362186
/Users/jiangnanhugo/workspace/power-sharpening/Subtree-Prefetching-Power-Sharpening/case_studies/logs-entropycut/mbpp/2026-09-21/vllm/dataset-mbpp.model-qwen3.5-9b.alpha4.0.steps100.blocks-1.prefetch-budget-20.rank-accept_first.cut-entropy4.0.samples20.maxnew1024.seed10086.subtreePrefetch.vllm.log,457,9,17,0.1420557857362186
/Users/jiangnanhugo/workspace/power-sharpening/Subtree-Prefetching-Power-Sharpening/case_studies/logs-entropycut/mbpp/2026-09-21/vllm/dataset-mbpp.model-qwen3.5-9b.alpha4.0.steps100.blocks-1.prefetch-budget-20.rank-accept_first.cut-entropy4.0.samples20.maxnew1024.seed10086.subtreePrefetch.vllm.log,457,10,62,0.0008428310230882473
/Users/jiangnanhugo/workspace/power-sharpening/Subtree-Prefetching-Power-Sharpening/case_studies/logs-entropycut/mbpp/2026-09-21/vllm/dataset-mbpp.model-qwen3.5-9b.alpha4.0.steps100.blocks-1.prefetch-budget-20.rank-accept_first.cut-entropy4.0.samples20.maxnew1024.seed10086.subtreePrefetch.vllm.log,457,11,26,0.015939450150523234
/Users/jiangnanhugo/workspace/power-sharpening/Subtree-Prefetching-Power-Sharpening/case_studies/logs-entropycut/mbpp/2026-09-21/vllm/dataset-mbpp.model-qwen3.5-9b.alpha4.0.steps100.blocks-1.prefetch-budget-20.rank-accept_first.cut-entropy4.0.samples20.maxnew1024.seed10086.subtreePrefetch.vllm.log,457,12,38,0.2590827312360183
/Users/jiangnanhugo/workspace/power-sharpening/Subtree-Prefetching-Power-Sharpening/case_studies/logs-entropycut/mbpp/2026-09-21/vllm/dataset-mbpp.model-qwen3.5-9b.alpha4.0.steps100.blocks-1.prefetch-budget-20.rank-accept_first.cut-entropy4.0.samples20.maxnew1024.seed10086.subtreePrefetch.vllm.log,457,13,17,0.1420557857362186
/Users/jiangnanhugo/workspace/power-sharpening/Subtree-Prefetching-Power-Sharpening/case_studies/logs-entropycut/mbpp/2026-09-21/vllm/dataset-mbpp.model-qwen3.5-9b.alpha4.0.steps100.blocks-1.prefetch-budget-20.rank-accept_first.cut-entropy4.0.samples20.maxnew1024.seed10086.subtreePrefetch.vllm.log,457,14,17,0.1420557857362186
/Users/jiangnanhugo/workspace/power-sharpening/Subtree-Prefetching-Power-Sharpening/case_studies/logs-entropycut/mbpp/2026-09-21/vllm/dataset-mbpp.model-qwen3.5-9b.alpha4.0.steps100.blocks-1.prefetch-budget-20.rank-accept_first.cut-entropy4.0.samples20.maxnew1024.seed10086.subtreePrefetch.vllm.log,457,15,17,0.1420557857362186
/Users/jiangnanhugo/workspace/power-sharpening/Subtree-Prefetching-Power-Sharpening/case_studies/logs-entropycut/mbpp/2026-09-21/vllm/dataset-mbpp.model-qwen3.5-9b.alpha4.0.steps100.blocks-1.prefetch-budget-20.rank-accept_first.cut-entropy4.0.samples20.maxnew1024.seed10086.subtreePrefetch.vllm.log,457,16,17,0.1420557857362186
/Users/jiangnanhugo/workspace/power-sharpening/Subtree-Prefetching-Power-Sharpening/case_studies/logs-entropycut/mbpp/2026-09-21/vllm/dataset-mbpp.model-qwen3.5-9b.alpha4.0.steps100.blocks-1.prefetch-budget-20.rank-accept_first.cut-entropy4.0.samples20.maxnew1024.seed10086.subtreePrefetch.vllm.log,457,17,38,0.2590827312360183
/Users/jiangnanhugo/workspace/power-sharpening/Subtree-Prefetching-Power-Sharpening/case_studies/logs-entropycut/mbpp/2026-09-21/vllm/dataset-mbpp.model-qwen3.5-9b.alpha4.0.steps100.blocks-1.prefetch-budget-20.rank-accept_first.cut-entropy4.0.samples20.maxnew1024.seed10086.subtreePrefetch.vllm.log,457,18,17,0.1420557857362186
/Users/jiangnanhugo/workspace/power-sharpening/Subtree-Prefetching-Power-Sharpening/case_studies/logs-entropycut/mbpp/2026-09-21/vllm/dataset-mbpp.model-qwen3.5-9b.alpha4.0.steps100.blocks-1.prefetch-budget-20.rank-accept_first.cut-entropy4.0.samples20.maxnew1024.seed10086.subtreePrefetch.vllm.log,457,19,17,0.1420557857362186
/Users/jiangnanhugo/workspace/power-sharpening/Subtree-Prefetching-Power-Sharpening/case_studies/logs-entropycut/mbpp/2026-09-21/vllm/dataset-mbpp.model-qwen3.5-9b.alpha4.0.steps100.blocks-1.prefetch-budget-20.rank-accept_first.cut-entropy4.0.samples20.maxnew1024.seed10086.subtreePrefetch.vllm.log,458,0,136,0.0018758597551094376
/Users/jiangnanhugo/workspace/power-sharpening/Subtree-Prefetching-Power-Sharpening/case_studies/logs-entropycut/mbpp/2026-09-21/vllm/dataset-mbpp.model-qwen3.5-9b.alpha4.0.steps100.blocks-1.prefetch-budget-20.rank-accept_first.cut-entropy4.0.samples20.maxnew1024.seed10086.subtreePrefetch.vllm.log,458,1,83,0.11018746361304836
/Users/jiangnanhugo/workspace/power-sharpening/Subtree-Prefetching-Power-Sharpening/case_studies/logs-entropycut/mbpp/2026-09-21/vllm/dataset-mbpp.model-qwen3.5-9b.alpha4.0.steps100.blocks-1.prefetch-budget-20.rank-accept_first.cut-entropy4.0.samples20.maxnew1024.seed10086.subtreePrefetch.vllm.log,458,2,13,0.004295069291823681
/Users/jiangnanhugo/workspace/power-sharpening/Subtree-Prefetching-Power-Sharpening/case_studies/logs-entropycut/mbpp/2026-09-21/vllm/dataset-mbpp.model-qwen3.5-9b.alpha4.0.steps100.blocks-1.prefetch-budget-20.rank-accept_first.cut-entropy4.0.samples20.maxnew1024.seed10086.subtreePrefetch.vllm.log,458,3,6,0.07164761776920173
/Users/jiangnanhugo/workspace/power-sharpening/Subtree-Prefetching-Power-Sharpening/case_studies/logs-entropycut/mbpp/2026-09-21/vllm/dataset-mbpp.model-qwen3.5-9b.alpha4.0.steps100.blocks-1.prefetch-budget-20.rank-accept_first.cut-entropy4.0.samples20.maxnew1024.seed10086.subtreePrefetch.vllm.log,458,4,38,0.2588760133392673
/Users/jiangnanhugo/workspace/power-sharpening/Subtree-Prefetching-Power-Sharpening/case_studies/logs-entropycut/mbpp/2026-09-21/vllm/dataset-mbpp.model-qwen3.5-9b.alpha4.0.steps100.blocks-1.prefetch-budget-20.rank-accept_first.cut-entropy4.0.samples20.maxnew1024.seed10086.subtreePrefetch.vllm.log,458,5,83,0.11018746361304836
/Users/jiangnanhugo/workspace/power-sharpening/Subtree-Prefetching-Power-Sharpening/case_studies/logs-entropycut/mbpp/2026-09-21/vllm/dataset-mbpp.model-qwen3.5-9b.alpha4.0.steps100.blocks-1.prefetch-budget-20.rank-accept_first.cut-entropy4.0.samples20.maxnew1024.seed10086.subtreePrefetch.vllm.log,458,6,17,0.141942441735603
/Users/jiangnanhugo/workspace/power-sharpening/Subtree-Prefetching-Power-Sharpening/case_studies/logs-entropycut/mbpp/2026-09-21/vllm/dataset-mbpp.model-qwen3.5-9b.alpha4.0.steps100.blocks-1.prefetch-budget-20.rank-accept_first.cut-entropy4.0.samples20.maxnew1024.seed10086.subtreePrefetch.vllm.log,458,7,83,0.11018746361304836
/Users/jiangnanhugo/workspace/power-sharpening/Subtree-Prefetching-Power-Sharpening/case_studies/logs-entropycut/mbpp/2026-09-21/vllm/dataset-mbpp.model-qwen3.5-9b.alpha4.0.steps100.blocks-1.prefetch-budget-20.rank-accept_first.cut-entropy4.0.samples20.maxnew1024.seed10086.subtreePrefetch.vllm.log,458,8,17,0.141942441735603
/Users/jiangnanhugo/workspace/power-sharpening/Subtree-Prefetching-Power-Sharpening/case_studies/logs-entropycut/mbpp/2026-09-21/vllm/dataset-mbpp.model-qwen3.5-9b.alpha4.0.steps100.blocks-1.prefetch-budget-20.rank-accept_first.cut-entropy4.0.samples20.maxnew1024.seed10086.subtreePrefetch.vllm.log,458,9,83,0.11018746361304836
/Users/jiangnanhugo/workspace/power-sharpening/Subtree-Prefetching-Power-Sharpening/case_studies/logs-entropycut/mbpp/2026-09-21/vllm/dataset-mbpp.model-qwen3.5-9b.alpha4.0.steps100.blocks-1.prefetch-budget-20.rank-accept_first.cut-entropy4.0.samples20.maxnew1024.seed10086.subtreePrefetch.vllm.log,458,10,6,0.07164761776920173
/Users/jiangnanhugo/workspace/power-sharpening/Subtree-Prefetching-Power-Sharpening/case_studies/logs-entropycut/mbpp/2026-09-21/vllm/dataset-mbpp.model-qwen3.5-9b.alpha4.0.steps100.blocks-1.prefetch-budget-20.rank-accept_first.cut-entropy4.0.samples20.maxnew1024.seed10086.subtreePrefetch.vllm.log,458,11,17,0.141942441735603
/Users/jiangnanhugo/workspace/power-sharpening/Subtree-Prefetching-Power-Sharpening/case_studies/logs-entropycut/mbpp/2026-09-21/vllm/dataset-mbpp.model-qwen3.5-9b.alpha4.0.steps100.blocks-1.prefetch-budget-20.rank-accept_first.cut-entropy4.0.samples20.maxnew1024.seed10086.subtreePrefetch.vllm.log,458,12,17,0.141942441735603
/Users/jiangnanhugo/workspace/power-sharpening/Subtree-Prefetching-Power-Sharpening/case_studies/logs-entropycut/mbpp/2026-09-21/vllm/dataset-mbpp.model-qwen3.5-9b.alpha4.0.steps100.blocks-1.prefetch-budget-20.rank-accept_first.cut-entropy4.0.samples20.maxnew1024.seed10086.subtreePrefetch.vllm.log,458,13,6,0.07164761776920173
/Users/jiangnanhugo/workspace/power-sharpening/Subtree-Prefetching-Power-Sharpening/case_studies/logs-entropycut/mbpp/2026-09-21/vllm/dataset-mbpp.model-qwen3.5-9b.alpha4.0.steps100.blocks-1.prefetch-budget-20.rank-accept_first.cut-entropy4.0.samples20.maxnew1024.seed10086.subtreePrefetch.vllm.log,458,14,133,0.05480533079311257
/Users/jiangnanhugo/workspace/power-sharpening/Subtree-Prefetching-Power-Sharpening/case_studies/logs-entropycut/mbpp/2026-09-21/vllm/dataset-mbpp.model-qwen3.5-9b.alpha4.0.steps100.blocks-1.prefetch-budget-20.rank-accept_first.cut-entropy4.0.samples20.maxnew1024.seed10086.subtreePrefetch.vllm.log,458,15,38,0.2588760133392673
/Users/jiangnanhugo/workspace/power-sharpening/Subtree-Prefetching-Power-Sharpening/case_studies/logs-entropycut/mbpp/2026-09-21/vllm/dataset-mbpp.model-qwen3.5-9b.alpha4.0.steps100.blocks-1.prefetch-budget-20.rank-accept_first.cut-entropy4.0.samples20.maxnew1024.seed10086.subtreePrefetch.vllm.log,458,16,45,0.017854766171184734
/Users/jiangnanhugo/workspace/power-sharpening/Subtree-Prefetching-Power-Sharpening/case_studies/logs-entropycut/mbpp/2026-09-21/vllm/dataset-mbpp.model-qwen3.5-9b.alpha4.0.steps100.blocks-1.prefetch-budget-20.rank-accept_first.cut-entropy4.0.samples20.maxnew1024.seed10086.subtreePrefetch.vllm.log,458,17,83,0.11018746361304836
/Users/jiangnanhugo/workspace/power-sharpening/Subtree-Prefetching-Power-Sharpening/case_studies/logs-entropycut/mbpp/2026-09-21/vllm/dataset-mbpp.model-qwen3.5-9b.alpha4.0.steps100.blocks-1.prefetch-budget-20.rank-accept_first.cut-entropy4.0.samples20.maxnew1024.seed10086.subtreePrefetch.vllm.log,458,18,6,0.07164761776920173
/Users/jiangnanhugo/workspace/power-sharpening/Subtree-Prefetching-Power-Sharpening/case_studies/logs-entropycut/mbpp/2026-09-21/vllm/dataset-mbpp.model-qwen3.5-9b.alpha4.0.steps100.blocks-1.prefetch-budget-20.rank-accept_first.cut-entropy4.0.samples20.maxnew1024.seed10086.subtreePrefetch.vllm.log,458,19,83,0.11018746361304836
/Users/jiangnanhugo/workspace/power-sharpening/Subtree-Prefetching-Power-Sharpening/case_studies/logs-entropycut/mbpp/2026-09-21/vllm/dataset-mbpp.model-qwen3.5-9b.alpha4.0.steps100.blocks-1.prefetch-budget-20.rank-accept_first.cut-entropy4.0.samples20.maxnew1024.seed10086.subtreePrefetch.vllm.log,459,0,82,0.03516999493692994
/Users/jiangnanhugo/workspace/power-sharpening/Subtree-Prefetching-Power-Sharpening/case_studies/logs-entropycut/mbpp/2026-09-21/vllm/dataset-mbpp.model-qwen3.5-9b.alpha4.0.steps100.blocks-1.prefetch-budget-20.rank-accept_first.cut-entropy4.0.samples20.maxnew1024.seed10086.subtreePrefetch.vllm.log,459,1,6,0.07164761776920173
/Users/jiangnanhugo/workspace/power-sharpening/Subtree-Prefetching-Power-Sharpening/case_studies/logs-entropycut/mbpp/2026-09-21/vllm/dataset-mbpp.model-qwen3.5-9b.alpha4.0.steps100.blocks-1.prefetch-budget-20.rank-accept_first.cut-entropy4.0.samples20.maxnew1024.seed10086.subtreePrefetch.vllm.log,459,2,83,0.11018746361304836
/Users/jiangnanhugo/workspace/power-sharpening/Subtree-Prefetching-Power-Sharpening/case_studies/logs-entropycut/mbpp/2026-09-21/vllm/dataset-mbpp.model-qwen3.5-9b.alpha4.0.steps100.blocks-1.prefetch-budget-20.rank-accept_first.cut-entropy4.0.samples20.maxnew1024.seed10086.subtreePrefetch.vllm.log,459,3,6,0.07164761776920173
/Users/jiangnanhugo/workspace/power-sharpening/Subtree-Prefetching-Power-Sharpening/case_studies/logs-entropycut/mbpp/2026-09-21/vllm/dataset-mbpp.model-qwen3.5-9b.alpha4.0.steps100.blocks-1.prefetch-budget-20.rank-accept_first.cut-entropy4.0.samples20.maxnew1024.seed10086.subtreePrefetch.vllm.log,459,4,83,0.11018746361304836
/Users/jiangnanhugo/workspace/power-sharpening/Subtree-Prefetching-Power-Sharpening/case_studies/logs-entropycut/mbpp/2026-09-21/vllm/dataset-mbpp.model-qwen3.5-9b.alpha4.0.steps100.blocks-1.prefetch-budget-20.rank-accept_first.cut-entropy4.0.samples20.maxnew1024.seed10086.subtreePrefetch.vllm.log,459,5,38,0.2588760133392673
/Users/jiangnanhugo/workspace/power-sharpening/Subtree-Prefetching-Power-Sharpening/case_studies/logs-entropycut/mbpp/2026-09-21/vllm/dataset-mbpp.model-qwen3.5-9b.alpha4.0.steps100.blocks-1.prefetch-budget-20.rank-accept_first.cut-entropy4.0.samples20.maxnew1024.seed10086.subtreePrefetch.vllm.log,459,6,38,0.2588760133392673
/Users/jiangnanhugo/workspace/power-sharpening/Subtree-Prefetching-Power-Sharpening/case_studies/logs-entropycut/mbpp/2026-09-21/vllm/dataset-mbpp.model-qwen3.5-9b.alpha4.0.steps100.blocks-1.prefetch-budget-20.rank-accept_first.cut-entropy4.0.samples20.maxnew1024.seed10086.subtreePrefetch.vllm.log,459,7,454,0.00937440035696409
/Users/jiangnanhugo/workspace/power-sharpening/Subtree-Prefetching-Power-Sharpening/case_studies/logs-entropycut/mbpp/2026-09-21/vllm/dataset-mbpp.model-qwen3.5-9b.alpha4.0.steps100.blocks-1.prefetch-budget-20.rank-accept_first.cut-entropy4.0.samples20.maxnew1024.seed10086.subtreePrefetch.vllm.log,459,8,17,0.141942441735603
/Users/jiangnanhugo/workspace/power-sharpening/Subtree-Prefetching-Power-Sharpening/case_studies/logs-entropycut/mbpp/2026-09-21/vllm/dataset-mbpp.model-qwen3.5-9b.alpha4.0.steps100.blocks-1.prefetch-budget-20.rank-accept_first.cut-entropy4.0.samples20.maxnew1024.seed10086.subtreePrefetch.vllm.log,459,9,17,0.141942441735603
/Users/jiangnanhugo/workspace/power-sharpening/Subtree-Prefetching-Power-Sharpening/case_studies/logs-entropycut/mbpp/2026-09-21/vllm/dataset-mbpp.model-qwen3.5-9b.alpha4.0.steps100.blocks-1.prefetch-budget-20.rank-accept_first.cut-entropy4.0.samples20.maxnew1024.seed10086.subtreePrefetch.vllm.log,459,10,38,0.2588760133392673
/Users/jiangnanhugo/workspace/power-sharpening/Subtree-Prefetching-Power-Sharpening/case_studies/logs-entropycut/mbpp/2026-09-21/vllm/dataset-mbpp.model-qwen3.5-9b.alpha4.0.steps100.blocks-1.prefetch-budget-20.rank-accept_first.cut-entropy4.0.samples20.maxnew1024.seed10086.subtreePrefetch.vllm.log,459,11,26,0.015926732322535376
/Users/jiangnanhugo/workspace/power-sharpening/Subtree-Prefetching-Power-Sharpening/case_studies/logs-entropycut/mbpp/2026-09-21/vllm/dataset-mbpp.model-qwen3.5-9b.alpha4.0.steps100.blocks-1.prefetch-budget-20.rank-accept_first.cut-entropy4.0.samples20.maxnew1024.seed10086.subtreePrefetch.vllm.log,459,12,441,0.0443463587160422
/Users/jiangnanhugo/workspace/power-sharpening/Subtree-Prefetching-Power-Sharpening/case_studies/logs-entropycut/mbpp/2026-09-21/vllm/dataset-mbpp.model-qwen3.5-9b.alpha4.0.steps100.blocks-1.prefetch-budget-20.rank-accept_first.cut-entropy4.0.samples20.maxnew1024.seed10086.subtreePrefetch.vllm.log,459,13,6,0.07164761776920173
/Users/jiangnanhugo/workspace/power-sharpening/Subtree-Prefetching-Power-Sharpening/case_studies/logs-entropycut/mbpp/2026-09-21/vllm/dataset-mbpp.model-qwen3.5-9b.alpha4.0.steps100.blocks-1.prefetch-budget-20.rank-accept_first.cut-entropy4.0.samples20.maxnew1024.seed10086.subtreePrefetch.vllm.log,459,14,6,0.07164761776920173
/Users/jiangnanhugo/workspace/power-sharpening/Subtree-Prefetching-Power-Sharpening/case_studies/logs-entropycut/mbpp/2026-09-21/vllm/dataset-mbpp.model-qwen3.5-9b.alpha4.0.steps100.blocks-1.prefetch-budget-20.rank-accept_first.cut-entropy4.0.samples20.maxnew1024.seed10086.subtreePrefetch.vllm.log,459,15,26,0.015926732322535376
/Users/jiangnanhugo/workspace/power-sharpening/Subtree-Prefetching-Power-Sharpening/case_studies/logs-entropycut/mbpp/2026-09-21/vllm/dataset-mbpp.model-qwen3.5-9b.alpha4.0.steps100.blocks-1.prefetch-budget-20.rank-accept_first.cut-entropy4.0.samples20.maxnew1024.seed10086.subtreePrefetch.vllm.log,459,16,83,0.11018746361304836
/Users/jiangnanhugo/workspace/power-sharpening/Subtree-Prefetching-Power-Sharpening/case_studies/logs-entropycut/mbpp/2026-09-21/vllm/dataset-mbpp.model-qwen3.5-9b.alpha4.0.steps100.blocks-1.prefetch-budget-20.rank-accept_first.cut-entropy4.0.samples20.maxnew1024.seed10086.subtreePrefetch.vllm.log,459,17,83,0.11018746361304836
/Users/jiangnanhugo/workspace/power-sharpening/Subtree-Prefetching-Power-Sharpening/case_studies/logs-entropycut/mbpp/2026-09-21/vllm/dataset-mbpp.model-qwen3.5-9b.alpha4.0.steps100.blocks-1.prefetch-budget-20.rank-accept_first.cut-entropy4.0.samples20.maxnew1024.seed10086.subtreePrefetch.vllm.log,459,18,38,0.2588760133392673
/Users/jiangnanhugo/workspace/power-sharpening/Subtree-Prefetching-Power-Sharpening/case_studies/logs-entropycut/mbpp/2026-09-21/vllm/dataset-mbpp.model-qwen3.5-9b.alpha4.0.steps100.blocks-1.prefetch-budget-20.rank-accept_first.cut-entropy4.0.samples20.maxnew1024.seed10086.subtreePrefetch.vllm.log,459,19,38,0.2588760133392673
/Users/jiangnanhugo/workspace/power-sharpening/Subtree-Prefetching-Power-Sharpening/case_studies/logs-entropycut/mbpp/2026-09-21/vllm/dataset-mbpp.model-qwen3.5-9b.alpha4.0.steps100.blocks-1.prefetch-budget-20.rank-accept_first.cut-entropy4.0.samples20.maxnew1024.seed10086.subtreePrefetch.vllm.log,460,0,200,0.04052261713897509
/Users/jiangnanhugo/workspace/power-sharpening/Subtree-Prefetching-Power-Sharpening/case_studies/logs-entropycut/mbpp/2026-09-21/vllm/dataset-mbpp.model-qwen3.5-9b.alpha4.0.steps100.blocks-1.prefetch-budget-20.rank-accept_first.cut-entropy4.0.samples20.maxnew1024.seed10086.subtreePrefetch.vllm.log,460,1,45,0.01786859281234427
/Users/jiangnanhugo/workspace/power-sharpening/Subtree-Prefetching-Power-Sharpening/case_studies/logs-entropycut/mbpp/2026-09-21/vllm/dataset-mbpp.model-qwen3.5-9b.alpha4.0.steps100.blocks-1.prefetch-budget-20.rank-accept_first.cut-entropy4.0.samples20.maxnew1024.seed10086.subtreePrefetch.vllm.log,460,2,38,0.25907648562251845
/Users/jiangnanhugo/workspace/power-sharpening/Subtree-Prefetching-Power-Sharpening/case_studies/logs-entropycut/mbpp/2026-09-21/vllm/dataset-mbpp.model-qwen3.5-9b.alpha4.0.steps100.blocks-1.prefetch-budget-20.rank-accept_first.cut-entropy4.0.samples20.maxnew1024.seed10086.subtreePrefetch.vllm.log,460,3,6,0.07170310132419944
/Users/jiangnanhugo/workspace/power-sharpening/Subtree-Prefetching-Power-Sharpening/case_studies/logs-entropycut/mbpp/2026-09-21/vllm/dataset-mbpp.model-qwen3.5-9b.alpha4.0.steps100.blocks-1.prefetch-budget-20.rank-accept_first.cut-entropy4.0.samples20.maxnew1024.seed10086.subtreePrefetch.vllm.log,460,4,17,0.1420523612488786
/Users/jiangnanhugo/workspace/power-sharpening/Subtree-Prefetching-Power-Sharpening/case_studies/logs-entropycut/mbpp/2026-09-21/vllm/dataset-mbpp.model-qwen3.5-9b.alpha4.0.steps100.blocks-1.prefetch-budget-20.rank-accept_first.cut-entropy4.0.samples20.maxnew1024.seed10086.subtreePrefetch.vllm.log,460,5,6,0.07170310132419944
/Users/jiangnanhugo/workspace/power-sharpening/Subtree-Prefetching-Power-Sharpening/case_studies/logs-entropycut/mbpp/2026-09-21/vllm/dataset-mbpp.model-qwen3.5-9b.alpha4.0.steps100.blocks-1.prefetch-budget-20.rank-accept_first.cut-entropy4.0.samples20.maxnew1024.seed10086.subtreePrefetch.vllm.log,460,6,441,0.044380700313284074
/Users/jiangnanhugo/workspace/power-sharpening/Subtree-Prefetching-Power-Sharpening/case_studies/logs-entropycut/mbpp/2026-09-21/vllm/dataset-mbpp.model-qwen3.5-9b.alpha4.0.steps100.blocks-1.prefetch-budget-20.rank-accept_first.cut-entropy4.0.samples20.maxnew1024.seed10086.subtreePrefetch.vllm.log,460,7,17,0.1420523612488786
/Users/jiangnanhugo/workspace/power-sharpening/Subtree-Prefetching-Power-Sharpening/case_studies/logs-entropycut/mbpp/2026-09-21/vllm/dataset-mbpp.model-qwen3.5-9b.alpha4.0.steps100.blocks-1.prefetch-budget-20.rank-accept_first.cut-entropy4.0.samples20.maxnew1024.seed10086.subtreePrefetch.vllm.log,460,8,116,0.016614661939786238
/Users/jiangnanhugo/workspace/power-sharpening/Subtree-Prefetching-Power-Sharpening/case_studies/logs-entropycut/mbpp/2026-09-21/vllm/dataset-mbpp.model-qwen3.5-9b.alpha4.0.steps100.blocks-1.prefetch-budget-20.rank-accept_first.cut-entropy4.0.samples20.maxnew1024.seed10086.subtreePrefetch.vllm.log,460,9,38,0.25907648562251845
/Users/jiangnanhugo/workspace/power-sharpening/Subtree-Prefetching-Power-Sharpening/case_studies/logs-entropycut/mbpp/2026-09-21/vllm/dataset-mbpp.model-qwen3.5-9b.alpha4.0.steps100.blocks-1.prefetch-budget-20.rank-accept_first.cut-entropy4.0.samples20.maxnew1024.seed10086.subtreePrefetch.vllm.log,460,10,38,0.25907648562251845
/Users/jiangnanhugo/workspace/power-sharpening/Subtree-Prefetching-Power-Sharpening/case_studies/logs-entropycut/mbpp/2026-09-21/vllm/dataset-mbpp.model-qwen3.5-9b.alpha4.0.steps100.blocks-1.prefetch-budget-20.rank-accept_first.cut-entropy4.0.samples20.maxnew1024.seed10086.subtreePrefetch.vllm.log,460,11,17,0.1420523612488786
/Users/jiangnanhugo/workspace/power-sharpening/Subtree-Prefetching-Power-Sharpening/case_studies/logs-entropycut/mbpp/2026-09-21/vllm/dataset-mbpp.model-qwen3.5-9b.alpha4.0.steps100.blocks-1.prefetch-budget-20.rank-accept_first.cut-entropy4.0.samples20.maxnew1024.seed10086.subtreePrefetch.vllm.log,460,12,6,0.07170310132419944
/Users/jiangnanhugo/workspace/power-sharpening/Subtree-Prefetching-Power-Sharpening/case_studies/logs-entropycut/mbpp/2026-09-21/vllm/dataset-mbpp.model-qwen3.5-9b.alpha4.0.steps100.blocks-1.prefetch-budget-20.rank-accept_first.cut-entropy4.0.samples20.maxnew1024.seed10086.subtreePrefetch.vllm.log,460,13,116,0.016614661939786238
/Users/jiangnanhugo/workspace/power-sharpening/Subtree-Prefetching-Power-Sharpening/case_studies/logs-entropycut/mbpp/2026-09-21/vllm/dataset-mbpp.model-qwen3.5-9b.alpha4.0.steps100.blocks-1.prefetch-budget-20.rank-accept_first.cut-entropy4.0.samples20.maxnew1024.seed10086.subtreePrefetch.vllm.log,460,14,17,0.1420523612488786
/Users/jiangnanhugo/workspace/power-sharpening/Subtree-Prefetching-Power-Sharpening/case_studies/logs-entropycut/mbpp/2026-09-21/vllm/dataset-mbpp.model-qwen3.5-9b.alpha4.0.steps100.blocks-1.prefetch-budget-20.rank-accept_first.cut-entropy4.0.samples20.maxnew1024.seed10086.subtreePrefetch.vllm.log,460,15,26,0.015939065903975553
/Users/jiangnanhugo/workspace/power-sharpening/Subtree-Prefetching-Power-Sharpening/case_studies/logs-entropycut/mbpp/2026-09-21/vllm/dataset-mbpp.model-qwen3.5-9b.alpha4.0.steps100.blocks-1.prefetch-budget-20.rank-accept_first.cut-entropy4.0.samples20.maxnew1024.seed10086.subtreePrefetch.vllm.log,460,16,38,0.25907648562251845
/Users/jiangnanhugo/workspace/power-sharpening/Subtree-Prefetching-Power-Sharpening/case_studies/logs-entropycut/mbpp/2026-09-21/vllm/dataset-mbpp.model-qwen3.5-9b.alpha4.0.steps100.blocks-1.prefetch-budget-20.rank-accept_first.cut-entropy4.0.samples20.maxnew1024.seed10086.subtreePrefetch.vllm.log,460,17,40,0.01908543506375865
/Users/jiangnanhugo/workspace/power-sharpening/Subtree-Prefetching-Power-Sharpening/case_studies/logs-entropycut/mbpp/2026-09-21/vllm/dataset-mbpp.model-qwen3.5-9b.alpha4.0.steps100.blocks-1.prefetch-budget-20.rank-accept_first.cut-entropy4.0.samples20.maxnew1024.seed10086.subtreePrefetch.vllm.log,460,18,38,0.25907648562251845
/Users/jiangnanhugo/workspace/power-sharpening/Subtree-Prefetching-Power-Sharpening/case_studies/logs-entropycut/mbpp/2026-09-21/vllm/dataset-mbpp.model-qwen3.5-9b.alpha4.0.steps100.blocks-1.prefetch-budget-20.rank-accept_first.cut-entropy4.0.samples20.maxnew1024.seed10086.subtreePrefetch.vllm.log,460,19,38,0.25907648562251845
/Users/jiangnanhugo/workspace/power-sharpening/Subtree-Prefetching-Power-Sharpening/case_studies/logs-entropycut/mbpp/2026-09-21/vllm/dataset-mbpp.model-qwen3.5-9b.alpha4.0.steps100.blocks-1.prefetch-budget-20.rank-accept_first.cut-entropy4.0.samples20.maxnew1024.seed10086.subtreePrefetch.vllm.log,461,0,133,0.054847771765749266
/Users/jiangnanhugo/workspace/power-sharpening/Subtree-Prefetching-Power-Sharpening/case_studies/logs-entropycut/mbpp/2026-09-21/vllm/dataset-mbpp.model-qwen3.5-9b.alpha4.0.steps100.blocks-1.prefetch-budget-20.rank-accept_first.cut-entropy4.0.samples20.maxnew1024.seed10086.subtreePrefetch.vllm.log,461,1,83,0.1102727922309115
/Users/jiangnanhugo/workspace/power-sharpening/Subtree-Prefetching-Power-Sharpening/case_studies/logs-entropycut/mbpp/2026-09-21/vllm/dataset-mbpp.model-qwen3.5-9b.alpha4.0.steps100.blocks-1.prefetch-budget-20.rank-accept_first.cut-entropy4.0.samples20.maxnew1024.seed10086.subtreePrefetch.vllm.log,461,2,38,0.25907648562251845
/Users/jiangnanhugo/workspace/power-sharpening/Subtree-Prefetching-Power-Sharpening/case_studies/logs-entropycut/mbpp/2026-09-21/vllm/dataset-mbpp.model-qwen3.5-9b.alpha4.0.steps100.blocks-1.prefetch-budget-20.rank-accept_first.cut-entropy4.0.samples20.maxnew1024.seed10086.subtreePrefetch.vllm.log,461,3,38,0.25907648562251845
/Users/jiangnanhugo/workspace/power-sharpening/Subtree-Prefetching-Power-Sharpening/case_studies/logs-entropycut/mbpp/2026-09-21/vllm/dataset-mbpp.model-qwen3.5-9b.alpha4.0.steps100.blocks-1.prefetch-budget-20.rank-accept_first.cut-entropy4.0.samples20.maxnew1024.seed10086.subtreePrefetch.vllm.log,461,4,17,0.1420523612488786
/Users/jiangnanhugo/workspace/power-sharpening/Subtree-Prefetching-Power-Sharpening/case_studies/logs-entropycut/mbpp/2026-09-21/vllm/dataset-mbpp.model-qwen3.5-9b.alpha4.0.steps100.blocks-1.prefetch-budget-20.rank-accept_first.cut-entropy4.0.samples20.maxnew1024.seed10086.subtreePrefetch.vllm.log,461,5,38,0.25907648562251845
/Users/jiangnanhugo/workspace/power-sharpening/Subtree-Prefetching-Power-Sharpening/case_studies/logs-entropycut/mbpp/2026-09-21/vllm/dataset-mbpp.model-qwen3.5-9b.alpha4.0.steps100.blocks-1.prefetch-budget-20.rank-accept_first.cut-entropy4.0.samples20.maxnew1024.seed10086.subtreePrefetch.vllm.log,461,6,45,0.01786859281234427
/Users/jiangnanhugo/workspace/power-sharpening/Subtree-Prefetching-Power-Sharpening/case_studies/logs-entropycut/mbpp/2026-09-21/vllm/dataset-mbpp.model-qwen3.5-9b.alpha4.0.steps100.blocks-1.prefetch-budget-20.rank-accept_first.cut-entropy4.0.samples20.maxnew1024.seed10086.subtreePrefetch.vllm.log,461,7,38,0.25907648562251845
/Users/jiangnanhugo/workspace/power-sharpening/Subtree-Prefetching-Power-Sharpening/case_studies/logs-entropycut/mbpp/2026-09-21/vllm/dataset-mbpp.model-qwen3.5-9b.alpha4.0.steps100.blocks-1.prefetch-budget-20.rank-accept_first.cut-entropy4.0.samples20.maxnew1024.seed10086.subtreePrefetch.vllm.log,461,8,38,0.25907648562251845
/Users/jiangnanhugo/workspace/power-sharpening/Subtree-Prefetching-Power-Sharpening/case_studies/logs-entropycut/mbpp/2026-09-21/vllm/dataset-mbpp.model-qwen3.5-9b.alpha4.0.steps100.blocks-1.prefetch-budget-20.rank-accept_first.cut-entropy4.0.samples20.maxnew1024.seed10086.subtreePrefetch.vllm.log,461,9,6,0.07170310132419944
/Users/jiangnanhugo/workspace/power-sharpening/Subtree-Prefetching-Power-Sharpening/case_studies/logs-entropycut/mbpp/2026-09-21/vllm/dataset-mbpp.model-qwen3.5-9b.alpha4.0.steps100.blocks-1.prefetch-budget-20.rank-accept_first.cut-entropy4.0.samples20.maxnew1024.seed10086.subtreePrefetch.vllm.log,461,10,17,0.1420523612488786
/Users/jiangnanhugo/workspace/power-sharpening/Subtree-Prefetching-Power-Sharpening/case_studies/logs-entropycut/mbpp/2026-09-21/vllm/dataset-mbpp.model-qwen3.5-9b.alpha4.0.steps100.blocks-1.prefetch-budget-20.rank-accept_first.cut-entropy4.0.samples20.maxnew1024.seed10086.subtreePrefetch.vllm.log,461,11,6,0.07170310132419944
/Users/jiangnanhugo/workspace/power-sharpening/Subtree-Prefetching-Power-Sharpening/case_studies/logs-entropycut/mbpp/2026-09-21/vllm/dataset-mbpp.model-qwen3.5-9b.alpha4.0.steps100.blocks-1.prefetch-budget-20.rank-accept_first.cut-entropy4.0.samples20.maxnew1024.seed10086.subtreePrefetch.vllm.log,461,12,133,0.054847771765749266
/Users/jiangnanhugo/workspace/power-sharpening/Subtree-Prefetching-Power-Sharpening/case_studies/logs-entropycut/mbpp/2026-09-21/vllm/dataset-mbpp.model-qwen3.5-9b.alpha4.0.steps100.blocks-1.prefetch-budget-20.rank-accept_first.cut-entropy4.0.samples20.maxnew1024.seed10086.subtreePrefetch.vllm.log,461,13,38,0.25907648562251845
/Users/jiangnanhugo/workspace/power-sharpening/Subtree-Prefetching-Power-Sharpening/case_studies/logs-entropycut/mbpp/2026-09-21/vllm/dataset-mbpp.model-qwen3.5-9b.alpha4.0.steps100.blocks-1.prefetch-budget-20.rank-accept_first.cut-entropy4.0.samples20.maxnew1024.seed10086.subtreePrefetch.vllm.log,461,14,38,0.25907648562251845
/Users/jiangnanhugo/workspace/power-sharpening/Subtree-Prefetching-Power-Sharpening/case_studies/logs-entropycut/mbpp/2026-09-21/vllm/dataset-mbpp.model-qwen3.5-9b.alpha4.0.steps100.blocks-1.prefetch-budget-20.rank-accept_first.cut-entropy4.0.samples20.maxnew1024.seed10086.subtreePrefetch.vllm.log,461,15,6,0.07170310132419944
/Users/jiangnanhugo/workspace/power-sharpening/Subtree-Prefetching-Power-Sharpening/case_studies/logs-entropycut/mbpp/2026-09-21/vllm/dataset-mbpp.model-qwen3.5-9b.alpha4.0.steps100.blocks-1.prefetch-budget-20.rank-accept_first.cut-entropy4.0.samples20.maxnew1024.seed10086.subtreePrefetch.vllm.log,461,16,17,0.1420523612488786
/Users/jiangnanhugo/workspace/power-sharpening/Subtree-Prefetching-Power-Sharpening/case_studies/logs-entropycut/mbpp/2026-09-21/vllm/dataset-mbpp.model-qwen3.5-9b.alpha4.0.steps100.blocks-1.prefetch-budget-20.rank-accept_first.cut-entropy4.0.samples20.maxnew1024.seed10086.subtreePrefetch.vllm.log,461,17,38,0.25907648562251845
/Users/jiangnanhugo/workspace/power-sharpening/Subtree-Prefetching-Power-Sharpening/case_studies/logs-entropycut/mbpp/2026-09-21/vllm/dataset-mbpp.model-qwen3.5-9b.alpha4.0.steps100.blocks-1.prefetch-budget-20.rank-accept_first.cut-entropy4.0.samples20.maxnew1024.seed10086.subtreePrefetch.vllm.log,461,18,38,0.25907648562251845
/Users/jiangnanhugo/workspace/power-sharpening/Subtree-Prefetching-Power-Sharpening/case_studies/logs-entropycut/mbpp/2026-09-21/vllm/dataset-mbpp.model-qwen3.5-9b.alpha4.0.steps100.blocks-1.prefetch-budget-20.rank-accept_first.cut-entropy4.0.samples20.maxnew1024.seed10086.subtreePrefetch.vllm.log,461,19,6,0.07170310132419944
/Users/jiangnanhugo/workspace/power-sharpening/Subtree-Prefetching-Power-Sharpening/case_studies/logs-entropycut/mbpp/2026-09-21/vllm/dataset-mbpp.model-qwen3.5-9b.alpha4.0.steps100.blocks-1.prefetch-budget-20.rank-accept_first.cut-entropy4.0.samples20.maxnew1024.seed10086.subtreePrefetch.vllm.log,462,0,38,0.25907648562251845
/Users/jiangnanhugo/workspace/power-sharpening/Subtree-Prefetching-Power-Sharpening/case_studies/logs-entropycut/mbpp/2026-09-21/vllm/dataset-mbpp.model-qwen3.5-9b.alpha4.0.steps100.blocks-1.prefetch-budget-20.rank-accept_first.cut-entropy4.0.samples20.maxnew1024.seed10086.subtreePrefetch.vllm.log,462,1,38,0.25907648562251845
/Users/jiangnanhugo/workspace/power-sharpening/Subtree-Prefetching-Power-Sharpening/case_studies/logs-entropycut/mbpp/2026-09-21/vllm/dataset-mbpp.model-qwen3.5-9b.alpha4.0.steps100.blocks-1.prefetch-budget-20.rank-accept_first.cut-entropy4.0.samples20.maxnew1024.seed10086.subtreePrefetch.vllm.log,462,2,83,0.1102727922309115
/Users/jiangnanhugo/workspace/power-sharpening/Subtree-Prefetching-Power-Sharpening/case_studies/logs-entropycut/mbpp/2026-09-21/vllm/dataset-mbpp.model-qwen3.5-9b.alpha4.0.steps100.blocks-1.prefetch-budget-20.rank-accept_first.cut-entropy4.0.samples20.maxnew1024.seed10086.subtreePrefetch.vllm.log,462,3,17,0.1420523612488786
/Users/jiangnanhugo/workspace/power-sharpening/Subtree-Prefetching-Power-Sharpening/case_studies/logs-entropycut/mbpp/2026-09-21/vllm/dataset-mbpp.model-qwen3.5-9b.alpha4.0.steps100.blocks-1.prefetch-budget-20.rank-accept_first.cut-entropy4.0.samples20.maxnew1024.seed10086.subtreePrefetch.vllm.log,462,4,17,0.1420523612488786
/Users/jiangnanhugo/workspace/power-sharpening/Subtree-Prefetching-Power-Sharpening/case_studies/logs-entropycut/mbpp/2026-09-21/vllm/dataset-mbpp.model-qwen3.5-9b.alpha4.0.steps100.blocks-1.prefetch-budget-20.rank-accept_first.cut-entropy4.0.samples20.maxnew1024.seed10086.subtreePrefetch.vllm.log,462,5,38,0.25907648562251845
/Users/jiangnanhugo/workspace/power-sharpening/Subtree-Prefetching-Power-Sharpening/case_studies/logs-entropycut/mbpp/2026-09-21/vllm/dataset-mbpp.model-qwen3.5-9b.alpha4.0.steps100.blocks-1.prefetch-budget-20.rank-accept_first.cut-entropy4.0.samples20.maxnew1024.seed10086.subtreePrefetch.vllm.log,462,6,6,0.07170310132419944
/Users/jiangnanhugo/workspace/power-sharpening/Subtree-Prefetching-Power-Sharpening/case_studies/logs-entropycut/mbpp/2026-09-21/vllm/dataset-mbpp.model-qwen3.5-9b.alpha4.0.steps100.blocks-1.prefetch-budget-20.rank-accept_first.cut-entropy4.0.samples20.maxnew1024.seed10086.subtreePrefetch.vllm.log,462,7,38,0.25907648562251845
/Users/jiangnanhugo/workspace/power-sharpening/Subtree-Prefetching-Power-Sharpening/case_studies/logs-entropycut/mbpp/2026-09-21/vllm/dataset-mbpp.model-qwen3.5-9b.alpha4.0.steps100.blocks-1.prefetch-budget-20.rank-accept_first.cut-entropy4.0.samples20.maxnew1024.seed10086.subtreePrefetch.vllm.log,462,8,38,0.25907648562251845
/Users/jiangnanhugo/workspace/power-sharpening/Subtree-Prefetching-Power-Sharpening/case_studies/logs-entropycut/mbpp/2026-09-21/vllm/dataset-mbpp.model-qwen3.5-9b.alpha4.0.steps100.blocks-1.prefetch-budget-20.rank-accept_first.cut-entropy4.0.samples20.maxnew1024.seed10086.subtreePrefetch.vllm.log,462,9,17,0.1420523612488786
/Users/jiangnanhugo/workspace/power-sharpening/Subtree-Prefetching-Power-Sharpening/case_studies/logs-entropycut/mbpp/2026-09-21/vllm/dataset-mbpp.model-qwen3.5-9b.alpha4.0.steps100.blocks-1.prefetch-budget-20.rank-accept_first.cut-entropy4.0.samples20.maxnew1024.seed10086.subtreePrefetch.vllm.log,462,10,6,0.07170310132419944
/Users/jiangnanhugo/workspace/power-sharpening/Subtree-Prefetching-Power-Sharpening/case_studies/logs-entropycut/mbpp/2026-09-21/vllm/dataset-mbpp.model-qwen3.5-9b.alpha4.0.steps100.blocks-1.prefetch-budget-20.rank-accept_first.cut-entropy4.0.samples20.maxnew1024.seed10086.subtreePrefetch.vllm.log,462,11,38,0.25907648562251845
/Users/jiangnanhugo/workspace/power-sharpening/Subtree-Prefetching-Power-Sharpening/case_studies/logs-entropycut/mbpp/2026-09-21/vllm/dataset-mbpp.model-qwen3.5-9b.alpha4.0.steps100.blocks-1.prefetch-budget-20.rank-accept_first.cut-entropy4.0.samples20.maxnew1024.seed10086.subtreePrefetch.vllm.log,462,12,38,0.25907648562251845
/Users/jiangnanhugo/workspace/power-sharpening/Subtree-Prefetching-Power-Sharpening/case_studies/logs-entropycut/mbpp/2026-09-21/vllm/dataset-mbpp.model-qwen3.5-9b.alpha4.0.steps100.blocks-1.prefetch-budget-20.rank-accept_first.cut-entropy4.0.samples20.maxnew1024.seed10086.subtreePrefetch.vllm.log,462,13,38,0.25907648562251845
/Users/jiangnanhugo/workspace/power-sharpening/Subtree-Prefetching-Power-Sharpening/case_studies/logs-entropycut/mbpp/2026-09-21/vllm/dataset-mbpp.model-qwen3.5-9b.alpha4.0.steps100.blocks-1.prefetch-budget-20.rank-accept_first.cut-entropy4.0.samples20.maxnew1024.seed10086.subtreePrefetch.vllm.log,462,14,17,0.1420523612488786
/Users/jiangnanhugo/workspace/power-sharpening/Subtree-Prefetching-Power-Sharpening/case_studies/logs-entropycut/mbpp/2026-09-21/vllm/dataset-mbpp.model-qwen3.5-9b.alpha4.0.steps100.blocks-1.prefetch-budget-20.rank-accept_first.cut-entropy4.0.samples20.maxnew1024.seed10086.subtreePrefetch.vllm.log,462,15,38,0.25907648562251845
/Users/jiangnanhugo/workspace/power-sharpening/Subtree-Prefetching-Power-Sharpening/case_studies/logs-entropycut/mbpp/2026-09-21/vllm/dataset-mbpp.model-qwen3.5-9b.alpha4.0.steps100.blocks-1.prefetch-budget-20.rank-accept_first.cut-entropy4.0.samples20.maxnew1024.seed10086.subtreePrefetch.vllm.log,462,16,38,0.25907648562251845
/Users/jiangnanhugo/workspace/power-sharpening/Subtree-Prefetching-Power-Sharpening/case_studies/logs-entropycut/mbpp/2026-09-21/vllm/dataset-mbpp.model-qwen3.5-9b.alpha4.0.steps100.blocks-1.prefetch-budget-20.rank-accept_first.cut-entropy4.0.samples20.maxnew1024.seed10086.subtreePrefetch.vllm.log,462,17,17,0.1420523612488786
/Users/jiangnanhugo/workspace/power-sharpening/Subtree-Prefetching-Power-Sharpening/case_studies/logs-entropycut/mbpp/2026-09-21/vllm/dataset-mbpp.model-qwen3.5-9b.alpha4.0.steps100.blocks-1.prefetch-budget-20.rank-accept_first.cut-entropy4.0.samples20.maxnew1024.seed10086.subtreePrefetch.vllm.log,462,18,17,0.1420523612488786
/Users/jiangnanhugo/workspace/power-sharpening/Subtree-Prefetching-Power-Sharpening/case_studies/logs-entropycut/mbpp/2026-09-21/vllm/dataset-mbpp.model-qwen3.5-9b.alpha4.0.steps100.blocks-1.prefetch-budget-20.rank-accept_first.cut-entropy4.0.samples20.maxnew1024.seed10086.subtreePrefetch.vllm.log,462,19,38,0.25907648562251845
/Users/jiangnanhugo/workspace/power-sharpening/Subtree-Prefetching-Power-Sharpening/case_studies/logs-entropycut/mbpp/2026-09-21/vllm/dataset-mbpp.model-qwen3.5-9b.alpha4.0.steps100.blocks-1.prefetch-budget-20.rank-accept_first.cut-entropy4.0.samples20.maxnew1024.seed10086.subtreePrefetch.vllm.log,463,0,441,0.044380700313284074
/Users/jiangnanhugo/workspace/power-sharpening/Subtree-Prefetching-Power-Sharpening/case_studies/logs-entropycut/mbpp/2026-09-21/vllm/dataset-mbpp.model-qwen3.5-9b.alpha4.0.steps100.blocks-1.prefetch-budget-20.rank-accept_first.cut-entropy4.0.samples20.maxnew1024.seed10086.subtreePrefetch.vllm.log,463,1,116,0.016614661939786238
/Users/jiangnanhugo/workspace/power-sharpening/Subtree-Prefetching-Power-Sharpening/case_studies/logs-entropycut/mbpp/2026-09-21/vllm/dataset-mbpp.model-qwen3.5-9b.alpha4.0.steps100.blocks-1.prefetch-budget-20.rank-accept_first.cut-entropy4.0.samples20.maxnew1024.seed10086.subtreePrefetch.vllm.log,463,2,38,0.25907648562251845
/Users/jiangnanhugo/workspace/power-sharpening/Subtree-Prefetching-Power-Sharpening/case_studies/logs-entropycut/mbpp/2026-09-21/vllm/dataset-mbpp.model-qwen3.5-9b.alpha4.0.steps100.blocks-1.prefetch-budget-20.rank-accept_first.cut-entropy4.0.samples20.maxnew1024.seed10086.subtreePrefetch.vllm.log,463,3,28,0.007736549272519331
/Users/jiangnanhugo/workspace/power-sharpening/Subtree-Prefetching-Power-Sharpening/case_studies/logs-entropycut/mbpp/2026-09-21/vllm/dataset-mbpp.model-qwen3.5-9b.alpha4.0.steps100.blocks-1.prefetch-budget-20.rank-accept_first.cut-entropy4.0.samples20.maxnew1024.seed10086.subtreePrefetch.vllm.log,463,4,17,0.1420523612488786
/Users/jiangnanhugo/workspace/power-sharpening/Subtree-Prefetching-Power-Sharpening/case_studies/logs-entropycut/mbpp/2026-09-21/vllm/dataset-mbpp.model-qwen3.5-9b.alpha4.0.steps100.blocks-1.prefetch-budget-20.rank-accept_first.cut-entropy4.0.samples20.maxnew1024.seed10086.subtreePrefetch.vllm.log,463,5,38,0.25907648562251845
/Users/jiangnanhugo/workspace/power-sharpening/Subtree-Prefetching-Power-Sharpening/case_studies/logs-entropycut/mbpp/2026-09-21/vllm/dataset-mbpp.model-qwen3.5-9b.alpha4.0.steps100.blocks-1.prefetch-budget-20.rank-accept_first.cut-entropy4.0.samples20.maxnew1024.seed10086.subtreePrefetch.vllm.log,463,6,38,0.25907648562251845
/Users/jiangnanhugo/workspace/power-sharpening/Subtree-Prefetching-Power-Sharpening/case_studies/logs-entropycut/mbpp/2026-09-21/vllm/dataset-mbpp.model-qwen3.5-9b.alpha4.0.steps100.blocks-1.prefetch-budget-20.rank-accept_first.cut-entropy4.0.samples20.maxnew1024.seed10086.subtreePrefetch.vllm.log,463,7,6,0.07170310132419944
/Users/jiangnanhugo/workspace/power-sharpening/Subtree-Prefetching-Power-Sharpening/case_studies/logs-entropycut/mbpp/2026-09-21/vllm/dataset-mbpp.model-qwen3.5-9b.alpha4.0.steps100.blocks-1.prefetch-budget-20.rank-accept_first.cut-entropy4.0.samples20.maxnew1024.seed10086.subtreePrefetch.vllm.log,463,8,38,0.25907648562251845
/Users/jiangnanhugo/workspace/power-sharpening/Subtree-Prefetching-Power-Sharpening/case_studies/logs-entropycut/mbpp/2026-09-21/vllm/dataset-mbpp.model-qwen3.5-9b.alpha4.0.steps100.blocks-1.prefetch-budget-20.rank-accept_first.cut-entropy4.0.samples20.maxnew1024.seed10086.subtreePrefetch.vllm.log,463,9,6,0.07170310132419944
/Users/jiangnanhugo/workspace/power-sharpening/Subtree-Prefetching-Power-Sharpening/case_studies/logs-entropycut/mbpp/2026-09-21/vllm/dataset-mbpp.model-qwen3.5-9b.alpha4.0.steps100.blocks-1.prefetch-budget-20.rank-accept_first.cut-entropy4.0.samples20.maxnew1024.seed10086.subtreePrefetch.vllm.log,463,10,45,0.01786859281234427
/Users/jiangnanhugo/workspace/power-sharpening/Subtree-Prefetching-Power-Sharpening/case_studies/logs-entropycut/mbpp/2026-09-21/vllm/dataset-mbpp.model-qwen3.5-9b.alpha4.0.steps100.blocks-1.prefetch-budget-20.rank-accept_first.cut-entropy4.0.samples20.maxnew1024.seed10086.subtreePrefetch.vllm.log,463,11,151,0.0038073698579216297
/Users/jiangnanhugo/workspace/power-sharpening/Subtree-Prefetching-Power-Sharpening/case_studies/logs-entropycut/mbpp/2026-09-21/vllm/dataset-mbpp.model-qwen3.5-9b.alpha4.0.steps100.blocks-1.prefetch-budget-20.rank-accept_first.cut-entropy4.0.samples20.maxnew1024.seed10086.subtreePrefetch.vllm.log,463,12,38,0.25907648562251845
/Users/jiangnanhugo/workspace/power-sharpening/Subtree-Prefetching-Power-Sharpening/case_studies/logs-entropycut/mbpp/2026-09-21/vllm/dataset-mbpp.model-qwen3.5-9b.alpha4.0.steps100.blocks-1.prefetch-budget-20.rank-accept_first.cut-entropy4.0.samples20.maxnew1024.seed10086.subtreePrefetch.vllm.log,463,13,6,0.07170310132419944
/Users/jiangnanhugo/workspace/power-sharpening/Subtree-Prefetching-Power-Sharpening/case_studies/logs-entropycut/mbpp/2026-09-21/vllm/dataset-mbpp.model-qwen3.5-9b.alpha4.0.steps100.blocks-1.prefetch-budget-20.rank-accept_first.cut-entropy4.0.samples20.maxnew1024.seed10086.subtreePrefetch.vllm.log,463,14,38,0.25907648562251845
/Users/jiangnanhugo/workspace/power-sharpening/Subtree-Prefetching-Power-Sharpening/case_studies/logs-entropycut/mbpp/2026-09-21/vllm/dataset-mbpp.model-qwen3.5-9b.alpha4.0.steps100.blocks-1.prefetch-budget-20.rank-accept_first.cut-entropy4.0.samples20.maxnew1024.seed10086.subtreePrefetch.vllm.log,463,15,6,0.07170310132419944
/Users/jiangnanhugo/workspace/power-sharpening/Subtree-Prefetching-Power-Sharpening/case_studies/logs-entropycut/mbpp/2026-09-21/vllm/dataset-mbpp.model-qwen3.5-9b.alpha4.0.steps100.blocks-1.prefetch-budget-20.rank-accept_first.cut-entropy4.0.samples20.maxnew1024.seed10086.subtreePrefetch.vllm.log,463,16,38,0.25907648562251845
/Users/jiangnanhugo/workspace/power-sharpening/Subtree-Prefetching-Power-Sharpening/case_studies/logs-entropycut/mbpp/2026-09-21/vllm/dataset-mbpp.model-qwen3.5-9b.alpha4.0.steps100.blocks-1.prefetch-budget-20.rank-accept_first.cut-entropy4.0.samples20.maxnew1024.seed10086.subtreePrefetch.vllm.log,463,17,38,0.25907648562251845
/Users/jiangnanhugo/workspace/power-sharpening/Subtree-Prefetching-Power-Sharpening/case_studies/logs-entropycut/mbpp/2026-09-21/vllm/dataset-mbpp.model-qwen3.5-9b.alpha4.0.steps100.blocks-1.prefetch-budget-20.rank-accept_first.cut-entropy4.0.samples20.maxnew1024.seed10086.subtreePrefetch.vllm.log,463,18,38,0.25907648562251845
/Users/jiangnanhugo/workspace/power-sharpening/Subtree-Prefetching-Power-Sharpening/case_studies/logs-entropycut/mbpp/2026-09-21/vllm/dataset-mbpp.model-qwen3.5-9b.alpha4.0.steps100.blocks-1.prefetch-budget-20.rank-accept_first.cut-entropy4.0.samples20.maxnew1024.seed10086.subtreePrefetch.vllm.log,463,19,38,0.25907648562251845
/Users/jiangnanhugo/workspace/power-sharpening/Subtree-Prefetching-Power-Sharpening/case_studies/logs-entropycut/mbpp/2026-09-21/vllm/dataset-mbpp.model-qwen3.5-9b.alpha4.0.steps100.blocks-1.prefetch-budget-20.rank-accept_first.cut-entropy4.0.samples20.maxnew1024.seed10086.subtreePrefetch.vllm.log,464,0,38,0.25907648562251845
/Users/jiangnanhugo/workspace/power-sharpening/Subtree-Prefetching-Power-Sharpening/case_studies/logs-entropycut/mbpp/2026-09-21/vllm/dataset-mbpp.model-qwen3.5-9b.alpha4.0.steps100.blocks-1.prefetch-budget-20.rank-accept_first.cut-entropy4.0.samples20.maxnew1024.seed10086.subtreePrefetch.vllm.log,464,1,38,0.25907648562251845
/Users/jiangnanhugo/workspace/power-sharpening/Subtree-Prefetching-Power-Sharpening/case_studies/logs-entropycut/mbpp/2026-09-21/vllm/dataset-mbpp.model-qwen3.5-9b.alpha4.0.steps100.blocks-1.prefetch-budget-20.rank-accept_first.cut-entropy4.0.samples20.maxnew1024.seed10086.subtreePrefetch.vllm.log,464,2,6,0.07170310132419944
/Users/jiangnanhugo/workspace/power-sharpening/Subtree-Prefetching-Power-Sharpening/case_studies/logs-entropycut/mbpp/2026-09-21/vllm/dataset-mbpp.model-qwen3.5-9b.alpha4.0.steps100.blocks-1.prefetch-budget-20.rank-accept_first.cut-entropy4.0.samples20.maxnew1024.seed10086.subtreePrefetch.vllm.log,464,3,133,0.054847771765749266
/Users/jiangnanhugo/workspace/power-sharpening/Subtree-Prefetching-Power-Sharpening/case_studies/logs-entropycut/mbpp/2026-09-21/vllm/dataset-mbpp.model-qwen3.5-9b.alpha4.0.steps100.blocks-1.prefetch-budget-20.rank-accept_first.cut-entropy4.0.samples20.maxnew1024.seed10086.subtreePrefetch.vllm.log,464,4,38,0.25907648562251845
/Users/jiangnanhugo/workspace/power-sharpening/Subtree-Prefetching-Power-Sharpening/case_studies/logs-entropycut/mbpp/2026-09-21/vllm/dataset-mbpp.model-qwen3.5-9b.alpha4.0.steps100.blocks-1.prefetch-budget-20.rank-accept_first.cut-entropy4.0.samples20.maxnew1024.seed10086.subtreePrefetch.vllm.log,464,5,83,0.1102727922309115
/Users/jiangnanhugo/workspace/power-sharpening/Subtree-Prefetching-Power-Sharpening/case_studies/logs-entropycut/mbpp/2026-09-21/vllm/dataset-mbpp.model-qwen3.5-9b.alpha4.0.steps100.blocks-1.prefetch-budget-20.rank-accept_first.cut-entropy4.0.samples20.maxnew1024.seed10086.subtreePrefetch.vllm.log,464,6,17,0.1420523612488786
/Users/jiangnanhugo/workspace/power-sharpening/Subtree-Prefetching-Power-Sharpening/case_studies/logs-entropycut/mbpp/2026-09-21/vllm/dataset-mbpp.model-qwen3.5-9b.alpha4.0.steps100.blocks-1.prefetch-budget-20.rank-accept_first.cut-entropy4.0.samples20.maxnew1024.seed10086.subtreePrefetch.vllm.log,464,7,17,0.1420523612488786
/Users/jiangnanhugo/workspace/power-sharpening/Subtree-Prefetching-Power-Sharpening/case_studies/logs-entropycut/mbpp/2026-09-21/vllm/dataset-mbpp.model-qwen3.5-9b.alpha4.0.steps100.blocks-1.prefetch-budget-20.rank-accept_first.cut-entropy4.0.samples20.maxnew1024.seed10086.subtreePrefetch.vllm.log,464,8,38,0.25907648562251845
/Users/jiangnanhugo/workspace/power-sharpening/Subtree-Prefetching-Power-Sharpening/case_studies/logs-entropycut/mbpp/2026-09-21/vllm/dataset-mbpp.model-qwen3.5-9b.alpha4.0.steps100.blocks-1.prefetch-budget-20.rank-accept_first.cut-entropy4.0.samples20.maxnew1024.seed10086.subtreePrefetch.vllm.log,464,9,38,0.25907648562251845
/Users/jiangnanhugo/workspace/power-sharpening/Subtree-Prefetching-Power-Sharpening/case_studies/logs-entropycut/mbpp/2026-09-21/vllm/dataset-mbpp.model-qwen3.5-9b.alpha4.0.steps100.blocks-1.prefetch-budget-20.rank-accept_first.cut-entropy4.0.samples20.maxnew1024.seed10086.subtreePrefetch.vllm.log,464,10,17,0.1420523612488786
/Users/jiangnanhugo/workspace/power-sharpening/Subtree-Prefetching-Power-Sharpening/case_studies/logs-entropycut/mbpp/2026-09-21/vllm/dataset-mbpp.model-qwen3.5-9b.alpha4.0.steps100.blocks-1.prefetch-budget-20.rank-accept_first.cut-entropy4.0.samples20.maxnew1024.seed10086.subtreePrefetch.vllm.log,464,11,6,0.07170310132419944
/Users/jiangnanhugo/workspace/power-sharpening/Subtree-Prefetching-Power-Sharpening/case_studies/logs-entropycut/mbpp/2026-09-21/vllm/dataset-mbpp.model-qwen3.5-9b.alpha4.0.steps100.blocks-1.prefetch-budget-20.rank-accept_first.cut-entropy4.0.samples20.maxnew1024.seed10086.subtreePrefetch.vllm.log,464,12,83,0.1102727922309115
/Users/jiangnanhugo/workspace/power-sharpening/Subtree-Prefetching-Power-Sharpening/case_studies/logs-entropycut/mbpp/2026-09-21/vllm/dataset-mbpp.model-qwen3.5-9b.alpha4.0.steps100.blocks-1.prefetch-budget-20.rank-accept_first.cut-entropy4.0.samples20.maxnew1024.seed10086.subtreePrefetch.vllm.log,464,13,17,0.1420523612488786
/Users/jiangnanhugo/workspace/power-sharpening/Subtree-Prefetching-Power-Sharpening/case_studies/logs-entropycut/mbpp/2026-09-21/vllm/dataset-mbpp.model-qwen3.5-9b.alpha4.0.steps100.blocks-1.prefetch-budget-20.rank-accept_first.cut-entropy4.0.samples20.maxnew1024.seed10086.subtreePrefetch.vllm.log,464,14,38,0.25907648562251845
/Users/jiangnanhugo/workspace/power-sharpening/Subtree-Prefetching-Power-Sharpening/case_studies/logs-entropycut/mbpp/2026-09-21/vllm/dataset-mbpp.model-qwen3.5-9b.alpha4.0.steps100.blocks-1.prefetch-budget-20.rank-accept_first.cut-entropy4.0.samples20.maxnew1024.seed10086.subtreePrefetch.vllm.log,464,15,6,0.07170310132419944
/Users/jiangnanhugo/workspace/power-sharpening/Subtree-Prefetching-Power-Sharpening/case_studies/logs-entropycut/mbpp/2026-09-21/vllm/dataset-mbpp.model-qwen3.5-9b.alpha4.0.steps100.blocks-1.prefetch-budget-20.rank-accept_first.cut-entropy4.0.samples20.maxnew1024.seed10086.subtreePrefetch.vllm.log,464,16,17,0.1420523612488786
/Users/jiangnanhugo/workspace/power-sharpening/Subtree-Prefetching-Power-Sharpening/case_studies/logs-entropycut/mbpp/2026-09-21/vllm/dataset-mbpp.model-qwen3.5-9b.alpha4.0.steps100.blocks-1.prefetch-budget-20.rank-accept_first.cut-entropy4.0.samples20.maxnew1024.seed10086.subtreePrefetch.vllm.log,464,17,38,0.25907648562251845
/Users/jiangnanhugo/workspace/power-sharpening/Subtree-Prefetching-Power-Sharpening/case_studies/logs-entropycut/mbpp/2026-09-21/vllm/dataset-mbpp.model-qwen3.5-9b.alpha4.0.steps100.blocks-1.prefetch-budget-20.rank-accept_first.cut-entropy4.0.samples20.maxnew1024.seed10086.subtreePrefetch.vllm.log,464,18,38,0.25907648562251845
/Users/jiangnanhugo/workspace/power-sharpening/Subtree-Prefetching-Power-Sharpening/case_studies/logs-entropycut/mbpp/2026-09-21/vllm/dataset-mbpp.model-qwen3.5-9b.alpha4.0.steps100.blocks-1.prefetch-budget-20.rank-accept_first.cut-entropy4.0.samples20.maxnew1024.seed10086.subtreePrefetch.vllm.log,464,19,6,0.07170310132419944
/Users/jiangnanhugo/workspace/power-sharpening/Subtree-Prefetching-Power-Sharpening/case_studies/logs-entropycut/mbpp/2026-09-21/vllm/dataset-mbpp.model-qwen3.5-9b.alpha4.0.steps100.blocks-1.prefetch-budget-20.rank-accept_first.cut-entropy4.0.samples20.maxnew1024.seed10086.subtreePrefetch.vllm.log,465,0,38,0.25907648562251845
/Users/jiangnanhugo/workspace/power-sharpening/Subtree-Prefetching-Power-Sharpening/case_studies/logs-entropycut/mbpp/2026-09-21/vllm/dataset-mbpp.model-qwen3.5-9b.alpha4.0.steps100.blocks-1.prefetch-budget-20.rank-accept_first.cut-entropy4.0.samples20.maxnew1024.seed10086.subtreePrefetch.vllm.log,465,1,38,0.25907648562251845
/Users/jiangnanhugo/workspace/power-sharpening/Subtree-Prefetching-Power-Sharpening/case_studies/logs-entropycut/mbpp/2026-09-21/vllm/dataset-mbpp.model-qwen3.5-9b.alpha4.0.steps100.blocks-1.prefetch-budget-20.rank-accept_first.cut-entropy4.0.samples20.maxnew1024.seed10086.subtreePrefetch.vllm.log,465,2,188,0.002092960457966843
/Users/jiangnanhugo/workspace/power-sharpening/Subtree-Prefetching-Power-Sharpening/case_studies/logs-entropycut/mbpp/2026-09-21/vllm/dataset-mbpp.model-qwen3.5-9b.alpha4.0.steps100.blocks-1.prefetch-budget-20.rank-accept_first.cut-entropy4.0.samples20.maxnew1024.seed10086.subtreePrefetch.vllm.log,465,3,38,0.25907648562251845
/Users/jiangnanhugo/workspace/power-sharpening/Subtree-Prefetching-Power-Sharpening/case_studies/logs-entropycut/mbpp/2026-09-21/vllm/dataset-mbpp.model-qwen3.5-9b.alpha4.0.steps100.blocks-1.prefetch-budget-20.rank-accept_first.cut-entropy4.0.samples20.maxnew1024.seed10086.subtreePrefetch.vllm.log,465,4,38,0.25907648562251845
/Users/jiangnanhugo/workspace/power-sharpening/Subtree-Prefetching-Power-Sharpening/case_studies/logs-entropycut/mbpp/2026-09-21/vllm/dataset-mbpp.model-qwen3.5-9b.alpha4.0.steps100.blocks-1.prefetch-budget-20.rank-accept_first.cut-entropy4.0.samples20.maxnew1024.seed10086.subtreePrefetch.vllm.log,465,5,38,0.25907648562251845
/Users/jiangnanhugo/workspace/power-sharpening/Subtree-Prefetching-Power-Sharpening/case_studies/logs-entropycut/mbpp/2026-09-21/vllm/dataset-mbpp.model-qwen3.5-9b.alpha4.0.steps100.blocks-1.prefetch-budget-20.rank-accept_first.cut-entropy4.0.samples20.maxnew1024.seed10086.subtreePrefetch.vllm.log,465,6,38,0.25907648562251845
/Users/jiangnanhugo/workspace/power-sharpening/Subtree-Prefetching-Power-Sharpening/case_studies/logs-entropycut/mbpp/2026-09-21/vllm/dataset-mbpp.model-qwen3.5-9b.alpha4.0.steps100.blocks-1.prefetch-budget-20.rank-accept_first.cut-entropy4.0.samples20.maxnew1024.seed10086.subtreePrefetch.vllm.log,465,7,38,0.25907648562251845
/Users/jiangnanhugo/workspace/power-sharpening/Subtree-Prefetching-Power-Sharpening/case_studies/logs-entropycut/mbpp/2026-09-21/vllm/dataset-mbpp.model-qwen3.5-9b.alpha4.0.steps100.blocks-1.prefetch-budget-20.rank-accept_first.cut-entropy4.0.samples20.maxnew1024.seed10086.subtreePrefetch.vllm.log,465,8,38,0.25907648562251845
/Users/jiangnanhugo/workspace/power-sharpening/Subtree-Prefetching-Power-Sharpening/case_studies/logs-entropycut/mbpp/2026-09-21/vllm/dataset-mbpp.model-qwen3.5-9b.alpha4.0.steps100.blocks-1.prefetch-budget-20.rank-accept_first.cut-entropy4.0.samples20.maxnew1024.seed10086.subtreePrefetch.vllm.log,465,9,6,0.07170310132419944
/Users/jiangnanhugo/workspace/power-sharpening/Subtree-Prefetching-Power-Sharpening/case_studies/logs-entropycut/mbpp/2026-09-21/vllm/dataset-mbpp.model-qwen3.5-9b.alpha4.0.steps100.blocks-1.prefetch-budget-20.rank-accept_first.cut-entropy4.0.samples20.maxnew1024.seed10086.subtreePrefetch.vllm.log,465,10,38,0.25907648562251845
/Users/jiangnanhugo/workspace/power-sharpening/Subtree-Prefetching-Power-Sharpening/case_studies/logs-entropycut/mbpp/2026-09-21/vllm/dataset-mbpp.model-qwen3.5-9b.alpha4.0.steps100.blocks-1.prefetch-budget-20.rank-accept_first.cut-entropy4.0.samples20.maxnew1024.seed10086.subtreePrefetch.vllm.log,465,11,17,0.1420523612488786
/Users/jiangnanhugo/workspace/power-sharpening/Subtree-Prefetching-Power-Sharpening/case_studies/logs-entropycut/mbpp/2026-09-21/vllm/dataset-mbpp.model-qwen3.5-9b.alpha4.0.steps100.blocks-1.prefetch-budget-20.rank-accept_first.cut-entropy4.0.samples20.maxnew1024.seed10086.subtreePrefetch.vllm.log,465,12,38,0.25907648562251845
/Users/jiangnanhugo/workspace/power-sharpening/Subtree-Prefetching-Power-Sharpening/case_studies/logs-entropycut/mbpp/2026-09-21/vllm/dataset-mbpp.model-qwen3.5-9b.alpha4.0.steps100.blocks-1.prefetch-budget-20.rank-accept_first.cut-entropy4.0.samples20.maxnew1024.seed10086.subtreePrefetch.vllm.log,465,13,38,0.25907648562251845
/Users/jiangnanhugo/workspace/power-sharpening/Subtree-Prefetching-Power-Sharpening/case_studies/logs-entropycut/mbpp/2026-09-21/vllm/dataset-mbpp.model-qwen3.5-9b.alpha4.0.steps100.blocks-1.prefetch-budget-20.rank-accept_first.cut-entropy4.0.samples20.maxnew1024.seed10086.subtreePrefetch.vllm.log,465,14,17,0.1420523612488786
/Users/jiangnanhugo/workspace/power-sharpening/Subtree-Prefetching-Power-Sharpening/case_studies/logs-entropycut/mbpp/2026-09-21/vllm/dataset-mbpp.model-qwen3.5-9b.alpha4.0.steps100.blocks-1.prefetch-budget-20.rank-accept_first.cut-entropy4.0.samples20.maxnew1024.seed10086.subtreePrefetch.vllm.log,465,15,38,0.25907648562251845
/Users/jiangnanhugo/workspace/power-sharpening/Subtree-Prefetching-Power-Sharpening/case_studies/logs-entropycut/mbpp/2026-09-21/vllm/dataset-mbpp.model-qwen3.5-9b.alpha4.0.steps100.blocks-1.prefetch-budget-20.rank-accept_first.cut-entropy4.0.samples20.maxnew1024.seed10086.subtreePrefetch.vllm.log,465,16,6,0.07170310132419944
/Users/jiangnanhugo/workspace/power-sharpening/Subtree-Prefetching-Power-Sharpening/case_studies/logs-entropycut/mbpp/2026-09-21/vllm/dataset-mbpp.model-qwen3.5-9b.alpha4.0.steps100.blocks-1.prefetch-budget-20.rank-accept_first.cut-entropy4.0.samples20.maxnew1024.seed10086.subtreePrefetch.vllm.log,465,17,38,0.25907648562251845
/Users/jiangnanhugo/workspace/power-sharpening/Subtree-Prefetching-Power-Sharpening/case_studies/logs-entropycut/mbpp/2026-09-21/vllm/dataset-mbpp.model-qwen3.5-9b.alpha4.0.steps100.blocks-1.prefetch-budget-20.rank-accept_first.cut-entropy4.0.samples20.maxnew1024.seed10086.subtreePrefetch.vllm.log,465,18,17,0.1420523612488786
/Users/jiangnanhugo/workspace/power-sharpening/Subtree-Prefetching-Power-Sharpening/case_studies/logs-entropycut/mbpp/2026-09-21/vllm/dataset-mbpp.model-qwen3.5-9b.alpha4.0.steps100.blocks-1.prefetch-budget-20.rank-accept_first.cut-entropy4.0.samples20.maxnew1024.seed10086.subtreePrefetch.vllm.log,465,19,17,0.1420523612488786
/Users/jiangnanhugo/workspace/power-sharpening/Subtree-Prefetching-Power-Sharpening/case_studies/logs-entropycut/mbpp/2026-09-21/vllm/dataset-mbpp.model-qwen3.5-9b.alpha4.0.steps100.blocks-1.prefetch-budget-20.rank-accept_first.cut-entropy4.0.samples20.maxnew1024.seed10086.subtreePrefetch.vllm.log,466,0,6,0.07170310132419944
/Users/jiangnanhugo/workspace/power-sharpening/Subtree-Prefetching-Power-Sharpening/case_studies/logs-entropycut/mbpp/2026-09-21/vllm/dataset-mbpp.model-qwen3.5-9b.alpha4.0.steps100.blocks-1.prefetch-budget-20.rank-accept_first.cut-entropy4.0.samples20.maxnew1024.seed10086.subtreePrefetch.vllm.log,466,1,17,0.1420523612488786
/Users/jiangnanhugo/workspace/power-sharpening/Subtree-Prefetching-Power-Sharpening/case_studies/logs-entropycut/mbpp/2026-09-21/vllm/dataset-mbpp.model-qwen3.5-9b.alpha4.0.steps100.blocks-1.prefetch-budget-20.rank-accept_first.cut-entropy4.0.samples20.maxnew1024.seed10086.subtreePrefetch.vllm.log,466,2,38,0.25907648562251845
/Users/jiangnanhugo/workspace/power-sharpening/Subtree-Prefetching-Power-Sharpening/case_studies/logs-entropycut/mbpp/2026-09-21/vllm/dataset-mbpp.model-qwen3.5-9b.alpha4.0.steps100.blocks-1.prefetch-budget-20.rank-accept_first.cut-entropy4.0.samples20.maxnew1024.seed10086.subtreePrefetch.vllm.log,466,3,6,0.07170310132419944
/Users/jiangnanhugo/workspace/power-sharpening/Subtree-Prefetching-Power-Sharpening/case_studies/logs-entropycut/mbpp/2026-09-21/vllm/dataset-mbpp.model-qwen3.5-9b.alpha4.0.steps100.blocks-1.prefetch-budget-20.rank-accept_first.cut-entropy4.0.samples20.maxnew1024.seed10086.subtreePrefetch.vllm.log,466,4,83,0.1102727922309115
/Users/jiangnanhugo/workspace/power-sharpening/Subtree-Prefetching-Power-Sharpening/case_studies/logs-entropycut/mbpp/2026-09-21/vllm/dataset-mbpp.model-qwen3.5-9b.alpha4.0.steps100.blocks-1.prefetch-budget-20.rank-accept_first.cut-entropy4.0.samples20.maxnew1024.seed10086.subtreePrefetch.vllm.log,466,5,6,0.07170310132419944
/Users/jiangnanhugo/workspace/power-sharpening/Subtree-Prefetching-Power-Sharpening/case_studies/logs-entropycut/mbpp/2026-09-21/vllm/dataset-mbpp.model-qwen3.5-9b.alpha4.0.steps100.blocks-1.prefetch-budget-20.rank-accept_first.cut-entropy4.0.samples20.maxnew1024.seed10086.subtreePrefetch.vllm.log,466,6,17,0.1420523612488786
/Users/jiangnanhugo/workspace/power-sharpening/Subtree-Prefetching-Power-Sharpening/case_studies/logs-entropycut/mbpp/2026-09-21/vllm/dataset-mbpp.model-qwen3.5-9b.alpha4.0.steps100.blocks-1.prefetch-budget-20.rank-accept_first.cut-entropy4.0.samples20.maxnew1024.seed10086.subtreePrefetch.vllm.log,466,7,6,0.07170310132419944
/Users/jiangnanhugo/workspace/power-sharpening/Subtree-Prefetching-Power-Sharpening/case_studies/logs-entropycut/mbpp/2026-09-21/vllm/dataset-mbpp.model-qwen3.5-9b.alpha4.0.steps100.blocks-1.prefetch-budget-20.rank-accept_first.cut-entropy4.0.samples20.maxnew1024.seed10086.subtreePrefetch.vllm.log,466,8,38,0.25907648562251845
/Users/jiangnanhugo/workspace/power-sharpening/Subtree-Prefetching-Power-Sharpening/case_studies/logs-entropycut/mbpp/2026-09-21/vllm/dataset-mbpp.model-qwen3.5-9b.alpha4.0.steps100.blocks-1.prefetch-budget-20.rank-accept_first.cut-entropy4.0.samples20.maxnew1024.seed10086.subtreePrefetch.vllm.log,466,9,17,0.1420523612488786
/Users/jiangnanhugo/workspace/power-sharpening/Subtree-Prefetching-Power-Sharpening/case_studies/logs-entropycut/mbpp/2026-09-21/vllm/dataset-mbpp.model-qwen3.5-9b.alpha4.0.steps100.blocks-1.prefetch-budget-20.rank-accept_first.cut-entropy4.0.samples20.maxnew1024.seed10086.subtreePrefetch.vllm.log,466,10,28,0.007736549272519331
/Users/jiangnanhugo/workspace/power-sharpening/Subtree-Prefetching-Power-Sharpening/case_studies/logs-entropycut/mbpp/2026-09-21/vllm/dataset-mbpp.model-qwen3.5-9b.alpha4.0.steps100.blocks-1.prefetch-budget-20.rank-accept_first.cut-entropy4.0.samples20.maxnew1024.seed10086.subtreePrefetch.vllm.log,466,11,17,0.1420523612488786
/Users/jiangnanhugo/workspace/power-sharpening/Subtree-Prefetching-Power-Sharpening/case_studies/logs-entropycut/mbpp/2026-09-21/vllm/dataset-mbpp.model-qwen3.5-9b.alpha4.0.steps100.blocks-1.prefetch-budget-20.rank-accept_first.cut-entropy4.0.samples20.maxnew1024.seed10086.subtreePrefetch.vllm.log,466,12,40,0.01908543506375865
/Users/jiangnanhugo/workspace/power-sharpening/Subtree-Prefetching-Power-Sharpening/case_studies/logs-entropycut/mbpp/2026-09-21/vllm/dataset-mbpp.model-qwen3.5-9b.alpha4.0.steps100.blocks-1.prefetch-budget-20.rank-accept_first.cut-entropy4.0.samples20.maxnew1024.seed10086.subtreePrefetch.vllm.log,466,13,6,0.07170310132419944
/Users/jiangnanhugo/workspace/power-sharpening/Subtree-Prefetching-Power-Sharpening/case_studies/logs-entropycut/mbpp/2026-09-21/vllm/dataset-mbpp.model-qwen3.5-9b.alpha4.0.steps100.blocks-1.prefetch-budget-20.rank-accept_first.cut-entropy4.0.samples20.maxnew1024.seed10086.subtreePrefetch.vllm.log,466,14,17,0.1420523612488786
/Users/jiangnanhugo/workspace/power-sharpening/Subtree-Prefetching-Power-Sharpening/case_studies/logs-entropycut/mbpp/2026-09-21/vllm/dataset-mbpp.model-qwen3.5-9b.alpha4.0.steps100.blocks-1.prefetch-budget-20.rank-accept_first.cut-entropy4.0.samples20.maxnew1024.seed10086.subtreePrefetch.vllm.log,466,15,6,0.07170310132419944
/Users/jiangnanhugo/workspace/power-sharpening/Subtree-Prefetching-Power-Sharpening/case_studies/logs-entropycut/mbpp/2026-09-21/vllm/dataset-mbpp.model-qwen3.5-9b.alpha4.0.steps100.blocks-1.prefetch-budget-20.rank-accept_first.cut-entropy4.0.samples20.maxnew1024.seed10086.subtreePrefetch.vllm.log,466,16,17,0.1420523612488786
/Users/jiangnanhugo/workspace/power-sharpening/Subtree-Prefetching-Power-Sharpening/case_studies/logs-entropycut/mbpp/2026-09-21/vllm/dataset-mbpp.model-qwen3.5-9b.alpha4.0.steps100.blocks-1.prefetch-budget-20.rank-accept_first.cut-entropy4.0.samples20.maxnew1024.seed10086.subtreePrefetch.vllm.log,466,17,6,0.07170310132419944
/Users/jiangnanhugo/workspace/power-sharpening/Subtree-Prefetching-Power-Sharpening/case_studies/logs-entropycut/mbpp/2026-09-21/vllm/dataset-mbpp.model-qwen3.5-9b.alpha4.0.steps100.blocks-1.prefetch-budget-20.rank-accept_first.cut-entropy4.0.samples20.maxnew1024.seed10086.subtreePrefetch.vllm.log,466,18,17,0.1420523612488786
/Users/jiangnanhugo/workspace/power-sharpening/Subtree-Prefetching-Power-Sharpening/case_studies/logs-entropycut/mbpp/2026-09-21/vllm/dataset-mbpp.model-qwen3.5-9b.alpha4.0.steps100.blocks-1.prefetch-budget-20.rank-accept_first.cut-entropy4.0.samples20.maxnew1024.seed10086.subtreePrefetch.vllm.log,466,19,17,0.1420523612488786
/Users/jiangnanhugo/workspace/power-sharpening/Subtree-Prefetching-Power-Sharpening/case_studies/logs-entropycut/mbpp/2026-09-21/vllm/dataset-mbpp.model-qwen3.5-9b.alpha4.0.steps100.blocks-1.prefetch-budget-20.rank-accept_first.cut-entropy4.0.samples20.maxnew1024.seed10086.subtreePrefetch.vllm.log,467,0,441,0.044380700313284074
/Users/jiangnanhugo/workspace/power-sharpening/Subtree-Prefetching-Power-Sharpening/case_studies/logs-entropycut/mbpp/2026-09-21/vllm/dataset-mbpp.model-qwen3.5-9b.alpha4.0.steps100.blocks-1.prefetch-budget-20.rank-accept_first.cut-entropy4.0.samples20.maxnew1024.seed10086.subtreePrefetch.vllm.log,467,1,17,0.1420523612488786
/Users/jiangnanhugo/workspace/power-sharpening/Subtree-Prefetching-Power-Sharpening/case_studies/logs-entropycut/mbpp/2026-09-21/vllm/dataset-mbpp.model-qwen3.5-9b.alpha4.0.steps100.blocks-1.prefetch-budget-20.rank-accept_first.cut-entropy4.0.samples20.maxnew1024.seed10086.subtreePrefetch.vllm.log,467,2,38,0.25907648562251845
/Users/jiangnanhugo/workspace/power-sharpening/Subtree-Prefetching-Power-Sharpening/case_studies/logs-entropycut/mbpp/2026-09-21/vllm/dataset-mbpp.model-qwen3.5-9b.alpha4.0.steps100.blocks-1.prefetch-budget-20.rank-accept_first.cut-entropy4.0.samples20.maxnew1024.seed10086.subtreePrefetch.vllm.log,467,3,26,0.015939065903975553
/Users/jiangnanhugo/workspace/power-sharpening/Subtree-Prefetching-Power-Sharpening/case_studies/logs-entropycut/mbpp/2026-09-21/vllm/dataset-mbpp.model-qwen3.5-9b.alpha4.0.steps100.blocks-1.prefetch-budget-20.rank-accept_first.cut-entropy4.0.samples20.maxnew1024.seed10086.subtreePrefetch.vllm.log,467,4,28,0.007736549272519331
/Users/jiangnanhugo/workspace/power-sharpening/Subtree-Prefetching-Power-Sharpening/case_studies/logs-entropycut/mbpp/2026-09-21/vllm/dataset-mbpp.model-qwen3.5-9b.alpha4.0.steps100.blocks-1.prefetch-budget-20.rank-accept_first.cut-entropy4.0.samples20.maxnew1024.seed10086.subtreePrefetch.vllm.log,467,5,83,0.1102727922309115
/Users/jiangnanhugo/workspace/power-sharpening/Subtree-Prefetching-Power-Sharpening/case_studies/logs-entropycut/mbpp/2026-09-21/vllm/dataset-mbpp.model-qwen3.5-9b.alpha4.0.steps100.blocks-1.prefetch-budget-20.rank-accept_first.cut-entropy4.0.samples20.maxnew1024.seed10086.subtreePrefetch.vllm.log,467,6,17,0.1420523612488786
/Users/jiangnanhugo/workspace/power-sharpening/Subtree-Prefetching-Power-Sharpening/case_studies/logs-entropycut/mbpp/2026-09-21/vllm/dataset-mbpp.model-qwen3.5-9b.alpha4.0.steps100.blocks-1.prefetch-budget-20.rank-accept_first.cut-entropy4.0.samples20.maxnew1024.seed10086.subtreePrefetch.vllm.log,467,7,38,0.25907648562251845
/Users/jiangnanhugo/workspace/power-sharpening/Subtree-Prefetching-Power-Sharpening/case_studies/logs-entropycut/mbpp/2026-09-21/vllm/dataset-mbpp.model-qwen3.5-9b.alpha4.0.steps100.blocks-1.prefetch-budget-20.rank-accept_first.cut-entropy4.0.samples20.maxnew1024.seed10086.subtreePrefetch.vllm.log,467,8,124,0.018898391184335093
/Users/jiangnanhugo/workspace/power-sharpening/Subtree-Prefetching-Power-Sharpening/case_studies/logs-entropycut/mbpp/2026-09-21/vllm/dataset-mbpp.model-qwen3.5-9b.alpha4.0.steps100.blocks-1.prefetch-budget-20.rank-accept_first.cut-entropy4.0.samples20.maxnew1024.seed10086.subtreePrefetch.vllm.log,467,9,441,0.044380700313284074
/Users/jiangnanhugo/workspace/power-sharpening/Subtree-Prefetching-Power-Sharpening/case_studies/logs-entropycut/mbpp/2026-09-21/vllm/dataset-mbpp.model-qwen3.5-9b.alpha4.0.steps100.blocks-1.prefetch-budget-20.rank-accept_first.cut-entropy4.0.samples20.maxnew1024.seed10086.subtreePrefetch.vllm.log,467,10,38,0.25907648562251845
/Users/jiangnanhugo/workspace/power-sharpening/Subtree-Prefetching-Power-Sharpening/case_studies/logs-entropycut/mbpp/2026-09-21/vllm/dataset-mbpp.model-qwen3.5-9b.alpha4.0.steps100.blocks-1.prefetch-budget-20.rank-accept_first.cut-entropy4.0.samples20.maxnew1024.seed10086.subtreePrefetch.vllm.log,467,11,19,0.0006443789718063178
/Users/jiangnanhugo/workspace/power-sharpening/Subtree-Prefetching-Power-Sharpening/case_studies/logs-entropycut/mbpp/2026-09-21/vllm/dataset-mbpp.model-qwen3.5-9b.alpha4.0.steps100.blocks-1.prefetch-budget-20.rank-accept_first.cut-entropy4.0.samples20.maxnew1024.seed10086.subtreePrefetch.vllm.log,467,12,6,0.07170310132419944
/Users/jiangnanhugo/workspace/power-sharpening/Subtree-Prefetching-Power-Sharpening/case_studies/logs-entropycut/mbpp/2026-09-21/vllm/dataset-mbpp.model-qwen3.5-9b.alpha4.0.steps100.blocks-1.prefetch-budget-20.rank-accept_first.cut-entropy4.0.samples20.maxnew1024.seed10086.subtreePrefetch.vllm.log,467,13,17,0.1420523612488786
/Users/jiangnanhugo/workspace/power-sharpening/Subtree-Prefetching-Power-Sharpening/case_studies/logs-entropycut/mbpp/2026-09-21/vllm/dataset-mbpp.model-qwen3.5-9b.alpha4.0.steps100.blocks-1.prefetch-budget-20.rank-accept_first.cut-entropy4.0.samples20.maxnew1024.seed10086.subtreePrefetch.vllm.log,467,14,17,0.1420523612488786
/Users/jiangnanhugo/workspace/power-sharpening/Subtree-Prefetching-Power-Sharpening/case_studies/logs-entropycut/mbpp/2026-09-21/vllm/dataset-mbpp.model-qwen3.5-9b.alpha4.0.steps100.blocks-1.prefetch-budget-20.rank-accept_first.cut-entropy4.0.samples20.maxnew1024.seed10086.subtreePrefetch.vllm.log,467,15,17,0.1420523612488786
/Users/jiangnanhugo/workspace/power-sharpening/Subtree-Prefetching-Power-Sharpening/case_studies/logs-entropycut/mbpp/2026-09-21/vllm/dataset-mbpp.model-qwen3.5-9b.alpha4.0.steps100.blocks-1.prefetch-budget-20.rank-accept_first.cut-entropy4.0.samples20.maxnew1024.seed10086.subtreePrefetch.vllm.log,467,16,17,0.1420523612488786
/Users/jiangnanhugo/workspace/power-sharpening/Subtree-Prefetching-Power-Sharpening/case_studies/logs-entropycut/mbpp/2026-09-21/vllm/dataset-mbpp.model-qwen3.5-9b.alpha4.0.steps100.blocks-1.prefetch-budget-20.rank-accept_first.cut-entropy4.0.samples20.maxnew1024.seed10086.subtreePrefetch.vllm.log,467,17,38,0.25907648562251845
/Users/jiangnanhugo/workspace/power-sharpening/Subtree-Prefetching-Power-Sharpening/case_studies/logs-entropycut/mbpp/2026-09-21/vllm/dataset-mbpp.model-qwen3.5-9b.alpha4.0.steps100.blocks-1.prefetch-budget-20.rank-accept_first.cut-entropy4.0.samples20.maxnew1024.seed10086.subtreePrefetch.vllm.log,467,18,133,0.054847771765749266
/Users/jiangnanhugo/workspace/power-sharpening/Subtree-Prefetching-Power-Sharpening/case_studies/logs-entropycut/mbpp/2026-09-21/vllm/dataset-mbpp.model-qwen3.5-9b.alpha4.0.steps100.blocks-1.prefetch-budget-20.rank-accept_first.cut-entropy4.0.samples20.maxnew1024.seed10086.subtreePrefetch.vllm.log,467,19,38,0.25907648562251845
/Users/jiangnanhugo/workspace/power-sharpening/Subtree-Prefetching-Power-Sharpening/case_studies/logs-entropycut/mbpp/2026-09-21/vllm/dataset-mbpp.model-qwen3.5-9b.alpha4.0.steps100.blocks-1.prefetch-budget-20.rank-accept_first.cut-entropy4.0.samples20.maxnew1024.seed10086.subtreePrefetch.vllm.log,468,0,6,0.07170310132419944
/Users/jiangnanhugo/workspace/power-sharpening/Subtree-Prefetching-Power-Sharpening/case_studies/logs-entropycut/mbpp/2026-09-21/vllm/dataset-mbpp.model-qwen3.5-9b.alpha4.0.steps100.blocks-1.prefetch-budget-20.rank-accept_first.cut-entropy4.0.samples20.maxnew1024.seed10086.subtreePrefetch.vllm.log,468,1,124,0.018898391184335093
/Users/jiangnanhugo/workspace/power-sharpening/Subtree-Prefetching-Power-Sharpening/case_studies/logs-entropycut/mbpp/2026-09-21/vllm/dataset-mbpp.model-qwen3.5-9b.alpha4.0.steps100.blocks-1.prefetch-budget-20.rank-accept_first.cut-entropy4.0.samples20.maxnew1024.seed10086.subtreePrefetch.vllm.log,468,2,82,0.035197230404194715
/Users/jiangnanhugo/workspace/power-sharpening/Subtree-Prefetching-Power-Sharpening/case_studies/logs-entropycut/mbpp/2026-09-21/vllm/dataset-mbpp.model-qwen3.5-9b.alpha4.0.steps100.blocks-1.prefetch-budget-20.rank-accept_first.cut-entropy4.0.samples20.maxnew1024.seed10086.subtreePrefetch.vllm.log,468,3,200,0.04052261713897509
/Users/jiangnanhugo/workspace/power-sharpening/Subtree-Prefetching-Power-Sharpening/case_studies/logs-entropycut/mbpp/2026-09-21/vllm/dataset-mbpp.model-qwen3.5-9b.alpha4.0.steps100.blocks-1.prefetch-budget-20.rank-accept_first.cut-entropy4.0.samples20.maxnew1024.seed10086.subtreePrefetch.vllm.log,468,4,6,0.07170310132419944
/Users/jiangnanhugo/workspace/power-sharpening/Subtree-Prefetching-Power-Sharpening/case_studies/logs-entropycut/mbpp/2026-09-21/vllm/dataset-mbpp.model-qwen3.5-9b.alpha4.0.steps100.blocks-1.prefetch-budget-20.rank-accept_first.cut-entropy4.0.samples20.maxnew1024.seed10086.subtreePrefetch.vllm.log,468,5,200,0.04052261713897509
/Users/jiangnanhugo/workspace/power-sharpening/Subtree-Prefetching-Power-Sharpening/case_studies/logs-entropycut/mbpp/2026-09-21/vllm/dataset-mbpp.model-qwen3.5-9b.alpha4.0.steps100.blocks-1.prefetch-budget-20.rank-accept_first.cut-entropy4.0.samples20.maxnew1024.seed10086.subtreePrefetch.vllm.log,468,6,124,0.018898391184335093
/Users/jiangnanhugo/workspace/power-sharpening/Subtree-Prefetching-Power-Sharpening/case_studies/logs-entropycut/mbpp/2026-09-21/vllm/dataset-mbpp.model-qwen3.5-9b.alpha4.0.steps100.blocks-1.prefetch-budget-20.rank-accept_first.cut-entropy4.0.samples20.maxnew1024.seed10086.subtreePrefetch.vllm.log,468,7,38,0.25907648562251845
/Users/jiangnanhugo/workspace/power-sharpening/Subtree-Prefetching-Power-Sharpening/case_studies/logs-entropycut/mbpp/2026-09-21/vllm/dataset-mbpp.model-qwen3.5-9b.alpha4.0.steps100.blocks-1.prefetch-budget-20.rank-accept_first.cut-entropy4.0.samples20.maxnew1024.seed10086.subtreePrefetch.vllm.log,468,8,83,0.1102727922309115
/Users/jiangnanhugo/workspace/power-sharpening/Subtree-Prefetching-Power-Sharpening/case_studies/logs-entropycut/mbpp/2026-09-21/vllm/dataset-mbpp.model-qwen3.5-9b.alpha4.0.steps100.blocks-1.prefetch-budget-20.rank-accept_first.cut-entropy4.0.samples20.maxnew1024.seed10086.subtreePrefetch.vllm.log,468,9,17,0.1420523612488786
/Users/jiangnanhugo/workspace/power-sharpening/Subtree-Prefetching-Power-Sharpening/case_studies/logs-entropycut/mbpp/2026-09-21/vllm/dataset-mbpp.model-qwen3.5-9b.alpha4.0.steps100.blocks-1.prefetch-budget-20.rank-accept_first.cut-entropy4.0.samples20.maxnew1024.seed10086.subtreePrefetch.vllm.log,468,10,17,0.1420523612488786
/Users/jiangnanhugo/workspace/power-sharpening/Subtree-Prefetching-Power-Sharpening/case_studies/logs-entropycut/mbpp/2026-09-21/vllm/dataset-mbpp.model-qwen3.5-9b.alpha4.0.steps100.blocks-1.prefetch-budget-20.rank-accept_first.cut-entropy4.0.samples20.maxnew1024.seed10086.subtreePrefetch.vllm.log,468,11,38,0.25907648562251845
/Users/jiangnanhugo/workspace/power-sharpening/Subtree-Prefetching-Power-Sharpening/case_studies/logs-entropycut/mbpp/2026-09-21/vllm/dataset-mbpp.model-qwen3.5-9b.alpha4.0.steps100.blocks-1.prefetch-budget-20.rank-accept_first.cut-entropy4.0.samples20.maxnew1024.seed10086.subtreePrefetch.vllm.log,468,12,82,0.035197230404194715
/Users/jiangnanhugo/workspace/power-sharpening/Subtree-Prefetching-Power-Sharpening/case_studies/logs-entropycut/mbpp/2026-09-21/vllm/dataset-mbpp.model-qwen3.5-9b.alpha4.0.steps100.blocks-1.prefetch-budget-20.rank-accept_first.cut-entropy4.0.samples20.maxnew1024.seed10086.subtreePrefetch.vllm.log,468,13,17,0.1420523612488786
/Users/jiangnanhugo/workspace/power-sharpening/Subtree-Prefetching-Power-Sharpening/case_studies/logs-entropycut/mbpp/2026-09-21/vllm/dataset-mbpp.model-qwen3.5-9b.alpha4.0.steps100.blocks-1.prefetch-budget-20.rank-accept_first.cut-entropy4.0.samples20.maxnew1024.seed10086.subtreePrefetch.vllm.log,468,14,17,0.1420523612488786
/Users/jiangnanhugo/workspace/power-sharpening/Subtree-Prefetching-Power-Sharpening/case_studies/logs-entropycut/mbpp/2026-09-21/vllm/dataset-mbpp.model-qwen3.5-9b.alpha4.0.steps100.blocks-1.prefetch-budget-20.rank-accept_first.cut-entropy4.0.samples20.maxnew1024.seed10086.subtreePrefetch.vllm.log,468,15,6,0.07170310132419944
/Users/jiangnanhugo/workspace/power-sharpening/Subtree-Prefetching-Power-Sharpening/case_studies/logs-entropycut/mbpp/2026-09-21/vllm/dataset-mbpp.model-qwen3.5-9b.alpha4.0.steps100.blocks-1.prefetch-budget-20.rank-accept_first.cut-entropy4.0.samples20.maxnew1024.seed10086.subtreePrefetch.vllm.log,468,16,17,0.1420523612488786
/Users/jiangnanhugo/workspace/power-sharpening/Subtree-Prefetching-Power-Sharpening/case_studies/logs-entropycut/mbpp/2026-09-21/vllm/dataset-mbpp.model-qwen3.5-9b.alpha4.0.steps100.blocks-1.prefetch-budget-20.rank-accept_first.cut-entropy4.0.samples20.maxnew1024.seed10086.subtreePrefetch.vllm.log,468,17,124,0.018898391184335093
/Users/jiangnanhugo/workspace/power-sharpening/Subtree-Prefetching-Power-Sharpening/case_studies/logs-entropycut/mbpp/2026-09-21/vllm/dataset-mbpp.model-qwen3.5-9b.alpha4.0.steps100.blocks-1.prefetch-budget-20.rank-accept_first.cut-entropy4.0.samples20.maxnew1024.seed10086.subtreePrefetch.vllm.log,468,18,83,0.1102727922309115
/Users/jiangnanhugo/workspace/power-sharpening/Subtree-Prefetching-Power-Sharpening/case_studies/logs-entropycut/mbpp/2026-09-21/vllm/dataset-mbpp.model-qwen3.5-9b.alpha4.0.steps100.blocks-1.prefetch-budget-20.rank-accept_first.cut-entropy4.0.samples20.maxnew1024.seed10086.subtreePrefetch.vllm.log,468,19,38,0.25907648562251845
/Users/jiangnanhugo/workspace/power-sharpening/Subtree-Prefetching-Power-Sharpening/case_studies/logs-entropycut/mbpp/2026-09-21/vllm/dataset-mbpp.model-qwen3.5-9b.alpha4.0.steps100.blocks-1.prefetch-budget-20.rank-accept_first.cut-entropy4.0.samples20.maxnew1024.seed10086.subtreePrefetch.vllm.log,469,0,441,0.04438060732757738
/Users/jiangnanhugo/workspace/power-sharpening/Subtree-Prefetching-Power-Sharpening/case_studies/logs-entropycut/mbpp/2026-09-21/vllm/dataset-mbpp.model-qwen3.5-9b.alpha4.0.steps100.blocks-1.prefetch-budget-20.rank-accept_first.cut-entropy4.0.samples20.maxnew1024.seed10086.subtreePrefetch.vllm.log,469,1,26,0.015939032508709216
/Users/jiangnanhugo/workspace/power-sharpening/Subtree-Prefetching-Power-Sharpening/case_studies/logs-entropycut/mbpp/2026-09-21/vllm/dataset-mbpp.model-qwen3.5-9b.alpha4.0.steps100.blocks-1.prefetch-budget-20.rank-accept_first.cut-entropy4.0.samples20.maxnew1024.seed10086.subtreePrefetch.vllm.log,469,2,38,0.25907594280976576
/Users/jiangnanhugo/workspace/power-sharpening/Subtree-Prefetching-Power-Sharpening/case_studies/logs-entropycut/mbpp/2026-09-21/vllm/dataset-mbpp.model-qwen3.5-9b.alpha4.0.steps100.blocks-1.prefetch-budget-20.rank-accept_first.cut-entropy4.0.samples20.maxnew1024.seed10086.subtreePrefetch.vllm.log,469,3,38,0.25907594280976576
/Users/jiangnanhugo/workspace/power-sharpening/Subtree-Prefetching-Power-Sharpening/case_studies/logs-entropycut/mbpp/2026-09-21/vllm/dataset-mbpp.model-qwen3.5-9b.alpha4.0.steps100.blocks-1.prefetch-budget-20.rank-accept_first.cut-entropy4.0.samples20.maxnew1024.seed10086.subtreePrefetch.vllm.log,469,4,17,0.142052063623129
/Users/jiangnanhugo/workspace/power-sharpening/Subtree-Prefetching-Power-Sharpening/case_studies/logs-entropycut/mbpp/2026-09-21/vllm/dataset-mbpp.model-qwen3.5-9b.alpha4.0.steps100.blocks-1.prefetch-budget-20.rank-accept_first.cut-entropy4.0.samples20.maxnew1024.seed10086.subtreePrefetch.vllm.log,469,5,6,0.07170295109305162
/Users/jiangnanhugo/workspace/power-sharpening/Subtree-Prefetching-Power-Sharpening/case_studies/logs-entropycut/mbpp/2026-09-21/vllm/dataset-mbpp.model-qwen3.5-9b.alpha4.0.steps100.blocks-1.prefetch-budget-20.rank-accept_first.cut-entropy4.0.samples20.maxnew1024.seed10086.subtreePrefetch.vllm.log,469,6,38,0.25907594280976576
/Users/jiangnanhugo/workspace/power-sharpening/Subtree-Prefetching-Power-Sharpening/case_studies/logs-entropycut/mbpp/2026-09-21/vllm/dataset-mbpp.model-qwen3.5-9b.alpha4.0.steps100.blocks-1.prefetch-budget-20.rank-accept_first.cut-entropy4.0.samples20.maxnew1024.seed10086.subtreePrefetch.vllm.log,469,7,38,0.25907594280976576
/Users/jiangnanhugo/workspace/power-sharpening/Subtree-Prefetching-Power-Sharpening/case_studies/logs-entropycut/mbpp/2026-09-21/vllm/dataset-mbpp.model-qwen3.5-9b.alpha4.0.steps100.blocks-1.prefetch-budget-20.rank-accept_first.cut-entropy4.0.samples20.maxnew1024.seed10086.subtreePrefetch.vllm.log,469,8,13,0.004298386365963505
/Users/jiangnanhugo/workspace/power-sharpening/Subtree-Prefetching-Power-Sharpening/case_studies/logs-entropycut/mbpp/2026-09-21/vllm/dataset-mbpp.model-qwen3.5-9b.alpha4.0.steps100.blocks-1.prefetch-budget-20.rank-accept_first.cut-entropy4.0.samples20.maxnew1024.seed10086.subtreePrefetch.vllm.log,470,0,139,0.5638453864917475
/Users/jiangnanhugo/workspace/power-sharpening/Subtree-Prefetching-Power-Sharpening/case_studies/logs-entropycut/mbpp/2026-09-21/vllm/dataset-mbpp.model-qwen3.5-9b.alpha4.0.steps100.blocks-1.prefetch-budget-20.rank-accept_first.cut-entropy4.0.samples20.maxnew1024.seed10086.subtreePrefetch.vllm.log,470,1,139,0.5638453864917475
/Users/jiangnanhugo/workspace/power-sharpening/Subtree-Prefetching-Power-Sharpening/case_studies/logs-entropycut/mbpp/2026-09-21/vllm/dataset-mbpp.model-qwen3.5-9b.alpha4.0.steps100.blocks-1.prefetch-budget-20.rank-accept_first.cut-entropy4.0.samples20.maxnew1024.seed10086.subtreePrefetch.vllm.log,470,2,139,0.5638453864917475
/Users/jiangnanhugo/workspace/power-sharpening/Subtree-Prefetching-Power-Sharpening/case_studies/logs-entropycut/mbpp/2026-09-21/vllm/dataset-mbpp.model-qwen3.5-9b.alpha4.0.steps100.blocks-1.prefetch-budget-20.rank-accept_first.cut-entropy4.0.samples20.maxnew1024.seed10086.subtreePrefetch.vllm.log,470,3,139,0.5638453864917475
/Users/jiangnanhugo/workspace/power-sharpening/Subtree-Prefetching-Power-Sharpening/case_studies/logs-entropycut/mbpp/2026-09-21/vllm/dataset-mbpp.model-qwen3.5-9b.alpha4.0.steps100.blocks-1.prefetch-budget-20.rank-accept_first.cut-entropy4.0.samples20.maxnew1024.seed10086.subtreePrefetch.vllm.log,470,4,139,0.5638453864917475
/Users/jiangnanhugo/workspace/power-sharpening/Subtree-Prefetching-Power-Sharpening/case_studies/logs-entropycut/mbpp/2026-09-21/vllm/dataset-mbpp.model-qwen3.5-9b.alpha4.0.steps100.blocks-1.prefetch-budget-20.rank-accept_first.cut-entropy4.0.samples20.maxnew1024.seed10086.subtreePrefetch.vllm.log,470,5,139,0.5638453864917475
/Users/jiangnanhugo/workspace/power-sharpening/Subtree-Prefetching-Power-Sharpening/case_studies/logs-entropycut/mbpp/2026-09-21/vllm/dataset-mbpp.model-qwen3.5-9b.alpha4.0.steps100.blocks-1.prefetch-budget-20.rank-accept_first.cut-entropy4.0.samples20.maxnew1024.seed10086.subtreePrefetch.vllm.log,470,6,90,0.06609014801125314
/Users/jiangnanhugo/workspace/power-sharpening/Subtree-Prefetching-Power-Sharpening/case_studies/logs-entropycut/mbpp/2026-09-21/vllm/dataset-mbpp.model-qwen3.5-9b.alpha4.0.steps100.blocks-1.prefetch-budget-20.rank-accept_first.cut-entropy4.0.samples20.maxnew1024.seed10086.subtreePrefetch.vllm.log,470,7,139,0.5638453864917475
/Users/jiangnanhugo/workspace/power-sharpening/Subtree-Prefetching-Power-Sharpening/case_studies/logs-entropycut/mbpp/2026-09-21/vllm/dataset-mbpp.model-qwen3.5-9b.alpha4.0.steps100.blocks-1.prefetch-budget-20.rank-accept_first.cut-entropy4.0.samples20.maxnew1024.seed10086.subtreePrefetch.vllm.log,470,8,139,0.5638453864917475
/Users/jiangnanhugo/workspace/power-sharpening/Subtree-Prefetching-Power-Sharpening/case_studies/logs-entropycut/mbpp/2026-09-21/vllm/dataset-mbpp.model-qwen3.5-9b.alpha4.0.steps100.blocks-1.prefetch-budget-20.rank-accept_first.cut-entropy4.0.samples20.maxnew1024.seed10086.subtreePrefetch.vllm.log,470,9,139,0.5638453864917475
/Users/jiangnanhugo/workspace/power-sharpening/Subtree-Prefetching-Power-Sharpening/case_studies/logs-entropycut/mbpp/2026-09-21/vllm/dataset-mbpp.model-qwen3.5-9b.alpha4.0.steps100.blocks-1.prefetch-budget-20.rank-accept_first.cut-entropy4.0.samples20.maxnew1024.seed10086.subtreePrefetch.vllm.log,470,10,82,0.08224175860986235
/Users/jiangnanhugo/workspace/power-sharpening/Subtree-Prefetching-Power-Sharpening/case_studies/logs-entropycut/mbpp/2026-09-21/vllm/dataset-mbpp.model-qwen3.5-9b.alpha4.0.steps100.blocks-1.prefetch-budget-20.rank-accept_first.cut-entropy4.0.samples20.maxnew1024.seed10086.subtreePrefetch.vllm.log,470,11,139,0.5638453864917475
/Users/jiangnanhugo/workspace/power-sharpening/Subtree-Prefetching-Power-Sharpening/case_studies/logs-entropycut/mbpp/2026-09-21/vllm/dataset-mbpp.model-qwen3.5-9b.alpha4.0.steps100.blocks-1.prefetch-budget-20.rank-accept_first.cut-entropy4.0.samples20.maxnew1024.seed10086.subtreePrefetch.vllm.log,470,12,45,0.02058377103903614
/Users/jiangnanhugo/workspace/power-sharpening/Subtree-Prefetching-Power-Sharpening/case_studies/logs-entropycut/mbpp/2026-09-21/vllm/dataset-mbpp.model-qwen3.5-9b.alpha4.0.steps100.blocks-1.prefetch-budget-20.rank-accept_first.cut-entropy4.0.samples20.maxnew1024.seed10086.subtreePrefetch.vllm.log,470,13,139,0.5638453864917475
/Users/jiangnanhugo/workspace/power-sharpening/Subtree-Prefetching-Power-Sharpening/case_studies/logs-entropycut/mbpp/2026-09-21/vllm/dataset-mbpp.model-qwen3.5-9b.alpha4.0.steps100.blocks-1.prefetch-budget-20.rank-accept_first.cut-entropy4.0.samples20.maxnew1024.seed10086.subtreePrefetch.vllm.log,470,14,139,0.5638453864917475
/Users/jiangnanhugo/workspace/power-sharpening/Subtree-Prefetching-Power-Sharpening/case_studies/logs-entropycut/mbpp/2026-09-21/vllm/dataset-mbpp.model-qwen3.5-9b.alpha4.0.steps100.blocks-1.prefetch-budget-20.rank-accept_first.cut-entropy4.0.samples20.maxnew1024.seed10086.subtreePrefetch.vllm.log,470,15,139,0.5638453864917475
/Users/jiangnanhugo/workspace/power-sharpening/Subtree-Prefetching-Power-Sharpening/case_studies/logs-entropycut/mbpp/2026-09-21/vllm/dataset-mbpp.model-qwen3.5-9b.alpha4.0.steps100.blocks-1.prefetch-budget-20.rank-accept_first.cut-entropy4.0.samples20.maxnew1024.seed10086.subtreePrefetch.vllm.log,470,16,139,0.5638453864917475
/Users/jiangnanhugo/workspace/power-sharpening/Subtree-Prefetching-Power-Sharpening/case_studies/logs-entropycut/mbpp/2026-09-21/vllm/dataset-mbpp.model-qwen3.5-9b.alpha4.0.steps100.blocks-1.prefetch-budget-20.rank-accept_first.cut-entropy4.0.samples20.maxnew1024.seed10086.subtreePrefetch.vllm.log,470,17,82,0.08224175860986235
/Users/jiangnanhugo/workspace/power-sharpening/Subtree-Prefetching-Power-Sharpening/case_studies/logs-entropycut/mbpp/2026-09-21/vllm/dataset-mbpp.model-qwen3.5-9b.alpha4.0.steps100.blocks-1.prefetch-budget-20.rank-accept_first.cut-entropy4.0.samples20.maxnew1024.seed10086.subtreePrefetch.vllm.log,470,18,139,0.5638453864917475
/Users/jiangnanhugo/workspace/power-sharpening/Subtree-Prefetching-Power-Sharpening/case_studies/logs-entropycut/mbpp/2026-09-21/vllm/dataset-mbpp.model-qwen3.5-9b.alpha4.0.steps100.blocks-1.prefetch-budget-20.rank-accept_first.cut-entropy4.0.samples20.maxnew1024.seed10086.subtreePrefetch.vllm.log,470,19,139,0.5638453864917475
/Users/jiangnanhugo/workspace/power-sharpening/Subtree-Prefetching-Power-Sharpening/case_studies/logs-entropycut/mbpp/2026-09-21/vllm/dataset-mbpp.model-qwen3.5-9b.alpha4.0.steps100.blocks-1.prefetch-budget-20.rank-accept_first.cut-entropy4.0.samples20.maxnew1024.seed10086.subtreePrefetch.vllm.log,471,0,82,0.09574809584729099
/Users/jiangnanhugo/workspace/power-sharpening/Subtree-Prefetching-Power-Sharpening/case_studies/logs-entropycut/mbpp/2026-09-21/vllm/dataset-mbpp.model-qwen3.5-9b.alpha4.0.steps100.blocks-1.prefetch-budget-20.rank-accept_first.cut-entropy4.0.samples20.maxnew1024.seed10086.subtreePrefetch.vllm.log,471,1,139,0.6672753472949049
/Users/jiangnanhugo/workspace/power-sharpening/Subtree-Prefetching-Power-Sharpening/case_studies/logs-entropycut/mbpp/2026-09-21/vllm/dataset-mbpp.model-qwen3.5-9b.alpha4.0.steps100.blocks-1.prefetch-budget-20.rank-accept_first.cut-entropy4.0.samples20.maxnew1024.seed10086.subtreePrefetch.vllm.log,471,2,139,0.6672753472949049
/Users/jiangnanhugo/workspace/power-sharpening/Subtree-Prefetching-Power-Sharpening/case_studies/logs-entropycut/mbpp/2026-09-21/vllm/dataset-mbpp.model-qwen3.5-9b.alpha4.0.steps100.blocks-1.prefetch-budget-20.rank-accept_first.cut-entropy4.0.samples20.maxnew1024.seed10086.subtreePrefetch.vllm.log,471,3,139,0.6672753472949049
/Users/jiangnanhugo/workspace/power-sharpening/Subtree-Prefetching-Power-Sharpening/case_studies/logs-entropycut/mbpp/2026-09-21/vllm/dataset-mbpp.model-qwen3.5-9b.alpha4.0.steps100.blocks-1.prefetch-budget-20.rank-accept_first.cut-entropy4.0.samples20.maxnew1024.seed10086.subtreePrefetch.vllm.log,471,4,139,0.6672753472949049
/Users/jiangnanhugo/workspace/power-sharpening/Subtree-Prefetching-Power-Sharpening/case_studies/logs-entropycut/mbpp/2026-09-21/vllm/dataset-mbpp.model-qwen3.5-9b.alpha4.0.steps100.blocks-1.prefetch-budget-20.rank-accept_first.cut-entropy4.0.samples20.maxnew1024.seed10086.subtreePrefetch.vllm.log,471,5,9,0.03444574312919201
/Users/jiangnanhugo/workspace/power-sharpening/Subtree-Prefetching-Power-Sharpening/case_studies/logs-entropycut/mbpp/2026-09-21/vllm/dataset-mbpp.model-qwen3.5-9b.alpha4.0.steps100.blocks-1.prefetch-budget-20.rank-accept_first.cut-entropy4.0.samples20.maxnew1024.seed10086.subtreePrefetch.vllm.log,471,6,139,0.6672753472949049
/Users/jiangnanhugo/workspace/power-sharpening/Subtree-Prefetching-Power-Sharpening/case_studies/logs-entropycut/mbpp/2026-09-21/vllm/dataset-mbpp.model-qwen3.5-9b.alpha4.0.steps100.blocks-1.prefetch-budget-20.rank-accept_first.cut-entropy4.0.samples20.maxnew1024.seed10086.subtreePrefetch.vllm.log,471,7,139,0.6672753472949049
/Users/jiangnanhugo/workspace/power-sharpening/Subtree-Prefetching-Power-Sharpening/case_studies/logs-entropycut/mbpp/2026-09-21/vllm/dataset-mbpp.model-qwen3.5-9b.alpha4.0.steps100.blocks-1.prefetch-budget-20.rank-accept_first.cut-entropy4.0.samples20.maxnew1024.seed10086.subtreePrefetch.vllm.log,471,8,139,0.6672753472949049
/Users/jiangnanhugo/workspace/power-sharpening/Subtree-Prefetching-Power-Sharpening/case_studies/logs-entropycut/mbpp/2026-09-21/vllm/dataset-mbpp.model-qwen3.5-9b.alpha4.0.steps100.blocks-1.prefetch-budget-20.rank-accept_first.cut-entropy4.0.samples20.maxnew1024.seed10086.subtreePrefetch.vllm.log,471,9,139,0.6672753472949049
/Users/jiangnanhugo/workspace/power-sharpening/Subtree-Prefetching-Power-Sharpening/case_studies/logs-entropycut/mbpp/2026-09-21/vllm/dataset-mbpp.model-qwen3.5-9b.alpha4.0.steps100.blocks-1.prefetch-budget-20.rank-accept_first.cut-entropy4.0.samples20.maxnew1024.seed10086.subtreePrefetch.vllm.log,471,10,90,0.07694395077763166
/Users/jiangnanhugo/workspace/power-sharpening/Subtree-Prefetching-Power-Sharpening/case_studies/logs-entropycut/mbpp/2026-09-21/vllm/dataset-mbpp.model-qwen3.5-9b.alpha4.0.steps100.blocks-1.prefetch-budget-20.rank-accept_first.cut-entropy4.0.samples20.maxnew1024.seed10086.subtreePrefetch.vllm.log,471,11,139,0.6672753472949049
/Users/jiangnanhugo/workspace/power-sharpening/Subtree-Prefetching-Power-Sharpening/case_studies/logs-entropycut/mbpp/2026-09-21/vllm/dataset-mbpp.model-qwen3.5-9b.alpha4.0.steps100.blocks-1.prefetch-budget-20.rank-accept_first.cut-entropy4.0.samples20.maxnew1024.seed10086.subtreePrefetch.vllm.log,471,12,139,0.6672753472949049
/Users/jiangnanhugo/workspace/power-sharpening/Subtree-Prefetching-Power-Sharpening/case_studies/logs-entropycut/mbpp/2026-09-21/vllm/dataset-mbpp.model-qwen3.5-9b.alpha4.0.steps100.blocks-1.prefetch-budget-20.rank-accept_first.cut-entropy4.0.samples20.maxnew1024.seed10086.subtreePrefetch.vllm.log,471,13,90,0.07694395077763166
/Users/jiangnanhugo/workspace/power-sharpening/Subtree-Prefetching-Power-Sharpening/case_studies/logs-entropycut/mbpp/2026-09-21/vllm/dataset-mbpp.model-qwen3.5-9b.alpha4.0.steps100.blocks-1.prefetch-budget-20.rank-accept_first.cut-entropy4.0.samples20.maxnew1024.seed10086.subtreePrefetch.vllm.log,471,14,139,0.6672753472949049
/Users/jiangnanhugo/workspace/power-sharpening/Subtree-Prefetching-Power-Sharpening/case_studies/logs-entropycut/mbpp/2026-09-21/vllm/dataset-mbpp.model-qwen3.5-9b.alpha4.0.steps100.blocks-1.prefetch-budget-20.rank-accept_first.cut-entropy4.0.samples20.maxnew1024.seed10086.subtreePrefetch.vllm.log,471,15,139,0.6672753472949049
/Users/jiangnanhugo/workspace/power-sharpening/Subtree-Prefetching-Power-Sharpening/case_studies/logs-entropycut/mbpp/2026-09-21/vllm/dataset-mbpp.model-qwen3.5-9b.alpha4.0.steps100.blocks-1.prefetch-budget-20.rank-accept_first.cut-entropy4.0.samples20.maxnew1024.seed10086.subtreePrefetch.vllm.log,471,16,139,0.6672753472949049
/Users/jiangnanhugo/workspace/power-sharpening/Subtree-Prefetching-Power-Sharpening/case_studies/logs-entropycut/mbpp/2026-09-21/vllm/dataset-mbpp.model-qwen3.5-9b.alpha4.0.steps100.blocks-1.prefetch-budget-20.rank-accept_first.cut-entropy4.0.samples20.maxnew1024.seed10086.subtreePrefetch.vllm.log,471,17,139,0.6672753472949049
/Users/jiangnanhugo/workspace/power-sharpening/Subtree-Prefetching-Power-Sharpening/case_studies/logs-entropycut/mbpp/2026-09-21/vllm/dataset-mbpp.model-qwen3.5-9b.alpha4.0.steps100.blocks-1.prefetch-budget-20.rank-accept_first.cut-entropy4.0.samples20.maxnew1024.seed10086.subtreePrefetch.vllm.log,471,18,139,0.6672753472949049
/Users/jiangnanhugo/workspace/power-sharpening/Subtree-Prefetching-Power-Sharpening/case_studies/logs-entropycut/mbpp/2026-09-21/vllm/dataset-mbpp.model-qwen3.5-9b.alpha4.0.steps100.blocks-1.prefetch-budget-20.rank-accept_first.cut-entropy4.0.samples20.maxnew1024.seed10086.subtreePrefetch.vllm.log,471,19,139,0.6672753472949049
/Users/jiangnanhugo/workspace/power-sharpening/Subtree-Prefetching-Power-Sharpening/case_studies/logs-entropycut/mbpp/2026-09-21/vllm/dataset-mbpp.model-qwen3.5-9b.alpha4.0.steps100.blocks-1.prefetch-budget-20.rank-accept_first.cut-entropy4.0.samples20.maxnew1024.seed10086.subtreePrefetch.vllm.log,472,0,54,0.8546202387385143
/Users/jiangnanhugo/workspace/power-sharpening/Subtree-Prefetching-Power-Sharpening/case_studies/logs-entropycut/mbpp/2026-09-21/vllm/dataset-mbpp.model-qwen3.5-9b.alpha4.0.steps100.blocks-1.prefetch-budget-20.rank-accept_first.cut-entropy4.0.samples20.maxnew1024.seed10086.subtreePrefetch.vllm.log,472,1,54,0.8546202387385143
/Users/jiangnanhugo/workspace/power-sharpening/Subtree-Prefetching-Power-Sharpening/case_studies/logs-entropycut/mbpp/2026-09-21/vllm/dataset-mbpp.model-qwen3.5-9b.alpha4.0.steps100.blocks-1.prefetch-budget-20.rank-accept_first.cut-entropy4.0.samples20.maxnew1024.seed10086.subtreePrefetch.vllm.log,472,2,54,0.8546202387385143
/Users/jiangnanhugo/workspace/power-sharpening/Subtree-Prefetching-Power-Sharpening/case_studies/logs-entropycut/mbpp/2026-09-21/vllm/dataset-mbpp.model-qwen3.5-9b.alpha4.0.steps100.blocks-1.prefetch-budget-20.rank-accept_first.cut-entropy4.0.samples20.maxnew1024.seed10086.subtreePrefetch.vllm.log,472,3,54,0.8546202387385143
/Users/jiangnanhugo/workspace/power-sharpening/Subtree-Prefetching-Power-Sharpening/case_studies/logs-entropycut/mbpp/2026-09-21/vllm/dataset-mbpp.model-qwen3.5-9b.alpha4.0.steps100.blocks-1.prefetch-budget-20.rank-accept_first.cut-entropy4.0.samples20.maxnew1024.seed10086.subtreePrefetch.vllm.log,472,4,54,0.8546202387385143
/Users/jiangnanhugo/workspace/power-sharpening/Subtree-Prefetching-Power-Sharpening/case_studies/logs-entropycut/mbpp/2026-09-21/vllm/dataset-mbpp.model-qwen3.5-9b.alpha4.0.steps100.blocks-1.prefetch-budget-20.rank-accept_first.cut-entropy4.0.samples20.maxnew1024.seed10086.subtreePrefetch.vllm.log,472,5,54,0.8546202387385143
/Users/jiangnanhugo/workspace/power-sharpening/Subtree-Prefetching-Power-Sharpening/case_studies/logs-entropycut/mbpp/2026-09-21/vllm/dataset-mbpp.model-qwen3.5-9b.alpha4.0.steps100.blocks-1.prefetch-budget-20.rank-accept_first.cut-entropy4.0.samples20.maxnew1024.seed10086.subtreePrefetch.vllm.log,472,6,54,0.8546202387385143
/Users/jiangnanhugo/workspace/power-sharpening/Subtree-Prefetching-Power-Sharpening/case_studies/logs-entropycut/mbpp/2026-09-21/vllm/dataset-mbpp.model-qwen3.5-9b.alpha4.0.steps100.blocks-1.prefetch-budget-20.rank-accept_first.cut-entropy4.0.samples20.maxnew1024.seed10086.subtreePrefetch.vllm.log,472,7,53,0.0026767075368269813
/Users/jiangnanhugo/workspace/power-sharpening/Subtree-Prefetching-Power-Sharpening/case_studies/logs-entropycut/mbpp/2026-09-21/vllm/dataset-mbpp.model-qwen3.5-9b.alpha4.0.steps100.blocks-1.prefetch-budget-20.rank-accept_first.cut-entropy4.0.samples20.maxnew1024.seed10086.subtreePrefetch.vllm.log,472,8,54,0.8546202387385143
/Users/jiangnanhugo/workspace/power-sharpening/Subtree-Prefetching-Power-Sharpening/case_studies/logs-entropycut/mbpp/2026-09-21/vllm/dataset-mbpp.model-qwen3.5-9b.alpha4.0.steps100.blocks-1.prefetch-budget-20.rank-accept_first.cut-entropy4.0.samples20.maxnew1024.seed10086.subtreePrefetch.vllm.log,472,9,54,0.8546202387385143
/Users/jiangnanhugo/workspace/power-sharpening/Subtree-Prefetching-Power-Sharpening/case_studies/logs-entropycut/mbpp/2026-09-21/vllm/dataset-mbpp.model-qwen3.5-9b.alpha4.0.steps100.blocks-1.prefetch-budget-20.rank-accept_first.cut-entropy4.0.samples20.maxnew1024.seed10086.subtreePrefetch.vllm.log,472,10,54,0.8546202387385143
/Users/jiangnanhugo/workspace/power-sharpening/Subtree-Prefetching-Power-Sharpening/case_studies/logs-entropycut/mbpp/2026-09-21/vllm/dataset-mbpp.model-qwen3.5-9b.alpha4.0.steps100.blocks-1.prefetch-budget-20.rank-accept_first.cut-entropy4.0.samples20.maxnew1024.seed10086.subtreePrefetch.vllm.log,472,11,54,0.8546202387385143
/Users/jiangnanhugo/workspace/power-sharpening/Subtree-Prefetching-Power-Sharpening/case_studies/logs-entropycut/mbpp/2026-09-21/vllm/dataset-mbpp.model-qwen3.5-9b.alpha4.0.steps100.blocks-1.prefetch-budget-20.rank-accept_first.cut-entropy4.0.samples20.maxnew1024.seed10086.subtreePrefetch.vllm.log,472,12,54,0.8546202387385143
/Users/jiangnanhugo/workspace/power-sharpening/Subtree-Prefetching-Power-Sharpening/case_studies/logs-entropycut/mbpp/2026-09-21/vllm/dataset-mbpp.model-qwen3.5-9b.alpha4.0.steps100.blocks-1.prefetch-budget-20.rank-accept_first.cut-entropy4.0.samples20.maxnew1024.seed10086.subtreePrefetch.vllm.log,472,13,54,0.8546202387385143
/Users/jiangnanhugo/workspace/power-sharpening/Subtree-Prefetching-Power-Sharpening/case_studies/logs-entropycut/mbpp/2026-09-21/vllm/dataset-mbpp.model-qwen3.5-9b.alpha4.0.steps100.blocks-1.prefetch-budget-20.rank-accept_first.cut-entropy4.0.samples20.maxnew1024.seed10086.subtreePrefetch.vllm.log,472,14,54,0.8546202387385143
/Users/jiangnanhugo/workspace/power-sharpening/Subtree-Prefetching-Power-Sharpening/case_studies/logs-entropycut/mbpp/2026-09-21/vllm/dataset-mbpp.model-qwen3.5-9b.alpha4.0.steps100.blocks-1.prefetch-budget-20.rank-accept_first.cut-entropy4.0.samples20.maxnew1024.seed10086.subtreePrefetch.vllm.log,472,15,45,0.040035159152961255
/Users/jiangnanhugo/workspace/power-sharpening/Subtree-Prefetching-Power-Sharpening/case_studies/logs-entropycut/mbpp/2026-09-21/vllm/dataset-mbpp.model-qwen3.5-9b.alpha4.0.steps100.blocks-1.prefetch-budget-20.rank-accept_first.cut-entropy4.0.samples20.maxnew1024.seed10086.subtreePrefetch.vllm.log,472,16,54,0.8546202387385143
/Users/jiangnanhugo/workspace/power-sharpening/Subtree-Prefetching-Power-Sharpening/case_studies/logs-entropycut/mbpp/2026-09-21/vllm/dataset-mbpp.model-qwen3.5-9b.alpha4.0.steps100.blocks-1.prefetch-budget-20.rank-accept_first.cut-entropy4.0.samples20.maxnew1024.seed10086.subtreePrefetch.vllm.log,472,17,54,0.8546202387385143
/Users/jiangnanhugo/workspace/power-sharpening/Subtree-Prefetching-Power-Sharpening/case_studies/logs-entropycut/mbpp/2026-09-21/vllm/dataset-mbpp.model-qwen3.5-9b.alpha4.0.steps100.blocks-1.prefetch-budget-20.rank-accept_first.cut-entropy4.0.samples20.maxnew1024.seed10086.subtreePrefetch.vllm.log,472,18,54,0.8546202387385143
/Users/jiangnanhugo/workspace/power-sharpening/Subtree-Prefetching-Power-Sharpening/case_studies/logs-entropycut/mbpp/2026-09-21/vllm/dataset-mbpp.model-qwen3.5-9b.alpha4.0.steps100.blocks-1.prefetch-budget-20.rank-accept_first.cut-entropy4.0.samples20.maxnew1024.seed10086.subtreePrefetch.vllm.log,472,19,54,0.8546202387385143
/Users/jiangnanhugo/workspace/power-sharpening/Subtree-Prefetching-Power-Sharpening/case_studies/logs-entropycut/mbpp/2026-09-21/vllm/dataset-mbpp.model-qwen3.5-9b.alpha4.0.steps100.blocks-1.prefetch-budget-20.rank-accept_first.cut-entropy4.0.samples20.maxnew1024.seed10086.subtreePrefetch.vllm.log,473,0,54,0.861986885980488
/Users/jiangnanhugo/workspace/power-sharpening/Subtree-Prefetching-Power-Sharpening/case_studies/logs-entropycut/mbpp/2026-09-21/vllm/dataset-mbpp.model-qwen3.5-9b.alpha4.0.steps100.blocks-1.prefetch-budget-20.rank-accept_first.cut-entropy4.0.samples20.maxnew1024.seed10086.subtreePrefetch.vllm.log,473,1,54,0.861986885980488
/Users/jiangnanhugo/workspace/power-sharpening/Subtree-Prefetching-Power-Sharpening/case_studies/logs-entropycut/mbpp/2026-09-21/vllm/dataset-mbpp.model-qwen3.5-9b.alpha4.0.steps100.blocks-1.prefetch-budget-20.rank-accept_first.cut-entropy4.0.samples20.maxnew1024.seed10086.subtreePrefetch.vllm.log,473,2,54,0.861986885980488
/Users/jiangnanhugo/workspace/power-sharpening/Subtree-Prefetching-Power-Sharpening/case_studies/logs-entropycut/mbpp/2026-09-21/vllm/dataset-mbpp.model-qwen3.5-9b.alpha4.0.steps100.blocks-1.prefetch-budget-20.rank-accept_first.cut-entropy4.0.samples20.maxnew1024.seed10086.subtreePrefetch.vllm.log,473,3,45,0.039689646532810784
/Users/jiangnanhugo/workspace/power-sharpening/Subtree-Prefetching-Power-Sharpening/case_studies/logs-entropycut/mbpp/2026-09-21/vllm/dataset-mbpp.model-qwen3.5-9b.alpha4.0.steps100.blocks-1.prefetch-budget-20.rank-accept_first.cut-entropy4.0.samples20.maxnew1024.seed10086.subtreePrefetch.vllm.log,473,4,54,0.861986885980488
/Users/jiangnanhugo/workspace/power-sharpening/Subtree-Prefetching-Power-Sharpening/case_studies/logs-entropycut/mbpp/2026-09-21/vllm/dataset-mbpp.model-qwen3.5-9b.alpha4.0.steps100.blocks-1.prefetch-budget-20.rank-accept_first.cut-entropy4.0.samples20.maxnew1024.seed10086.subtreePrefetch.vllm.log,473,5,54,0.861986885980488
/Users/jiangnanhugo/workspace/power-sharpening/Subtree-Prefetching-Power-Sharpening/case_studies/logs-entropycut/mbpp/2026-09-21/vllm/dataset-mbpp.model-qwen3.5-9b.alpha4.0.steps100.blocks-1.prefetch-budget-20.rank-accept_first.cut-entropy4.0.samples20.maxnew1024.seed10086.subtreePrefetch.vllm.log,473,6,54,0.861986885980488
/Users/jiangnanhugo/workspace/power-sharpening/Subtree-Prefetching-Power-Sharpening/case_studies/logs-entropycut/mbpp/2026-09-21/vllm/dataset-mbpp.model-qwen3.5-9b.alpha4.0.steps100.blocks-1.prefetch-budget-20.rank-accept_first.cut-entropy4.0.samples20.maxnew1024.seed10086.subtreePrefetch.vllm.log,473,7,54,0.861986885980488
/Users/jiangnanhugo/workspace/power-sharpening/Subtree-Prefetching-Power-Sharpening/case_studies/logs-entropycut/mbpp/2026-09-21/vllm/dataset-mbpp.model-qwen3.5-9b.alpha4.0.steps100.blocks-1.prefetch-budget-20.rank-accept_first.cut-entropy4.0.samples20.maxnew1024.seed10086.subtreePrefetch.vllm.log,473,8,54,0.861986885980488
/Users/jiangnanhugo/workspace/power-sharpening/Subtree-Prefetching-Power-Sharpening/case_studies/logs-entropycut/mbpp/2026-09-21/vllm/dataset-mbpp.model-qwen3.5-9b.alpha4.0.steps100.blocks-1.prefetch-budget-20.rank-accept_first.cut-entropy4.0.samples20.maxnew1024.seed10086.subtreePrefetch.vllm.log,473,9,45,0.039689646532810784
/Users/jiangnanhugo/workspace/power-sharpening/Subtree-Prefetching-Power-Sharpening/case_studies/logs-entropycut/mbpp/2026-09-21/vllm/dataset-mbpp.model-qwen3.5-9b.alpha4.0.steps100.blocks-1.prefetch-budget-20.rank-accept_first.cut-entropy4.0.samples20.maxnew1024.seed10086.subtreePrefetch.vllm.log,473,10,54,0.861986885980488
/Users/jiangnanhugo/workspace/power-sharpening/Subtree-Prefetching-Power-Sharpening/case_studies/logs-entropycut/mbpp/2026-09-21/vllm/dataset-mbpp.model-qwen3.5-9b.alpha4.0.steps100.blocks-1.prefetch-budget-20.rank-accept_first.cut-entropy4.0.samples20.maxnew1024.seed10086.subtreePrefetch.vllm.log,473,11,54,0.861986885980488
/Users/jiangnanhugo/workspace/power-sharpening/Subtree-Prefetching-Power-Sharpening/case_studies/logs-entropycut/mbpp/2026-09-21/vllm/dataset-mbpp.model-qwen3.5-9b.alpha4.0.steps100.blocks-1.prefetch-budget-20.rank-accept_first.cut-entropy4.0.samples20.maxnew1024.seed10086.subtreePrefetch.vllm.log,473,12,54,0.861986885980488
/Users/jiangnanhugo/workspace/power-sharpening/Subtree-Prefetching-Power-Sharpening/case_studies/logs-entropycut/mbpp/2026-09-21/vllm/dataset-mbpp.model-qwen3.5-9b.alpha4.0.steps100.blocks-1.prefetch-budget-20.rank-accept_first.cut-entropy4.0.samples20.maxnew1024.seed10086.subtreePrefetch.vllm.log,473,13,9,0.0629802320920142
/Users/jiangnanhugo/workspace/power-sharpening/Subtree-Prefetching-Power-Sharpening/case_studies/logs-entropycut/mbpp/2026-09-21/vllm/dataset-mbpp.model-qwen3.5-9b.alpha4.0.steps100.blocks-1.prefetch-budget-20.rank-accept_first.cut-entropy4.0.samples20.maxnew1024.seed10086.subtreePrefetch.vllm.log,473,14,54,0.861986885980488
/Users/jiangnanhugo/workspace/power-sharpening/Subtree-Prefetching-Power-Sharpening/case_studies/logs-entropycut/mbpp/2026-09-21/vllm/dataset-mbpp.model-qwen3.5-9b.alpha4.0.steps100.blocks-1.prefetch-budget-20.rank-accept_first.cut-entropy4.0.samples20.maxnew1024.seed10086.subtreePrefetch.vllm.log,473,15,54,0.861986885980488
/Users/jiangnanhugo/workspace/power-sharpening/Subtree-Prefetching-Power-Sharpening/case_studies/logs-entropycut/mbpp/2026-09-21/vllm/dataset-mbpp.model-qwen3.5-9b.alpha4.0.steps100.blocks-1.prefetch-budget-20.rank-accept_first.cut-entropy4.0.samples20.maxnew1024.seed10086.subtreePrefetch.vllm.log,473,16,54,0.861986885980488
/Users/jiangnanhugo/workspace/power-sharpening/Subtree-Prefetching-Power-Sharpening/case_studies/logs-entropycut/mbpp/2026-09-21/vllm/dataset-mbpp.model-qwen3.5-9b.alpha4.0.steps100.blocks-1.prefetch-budget-20.rank-accept_first.cut-entropy4.0.samples20.maxnew1024.seed10086.subtreePrefetch.vllm.log,473,17,54,0.861986885980488
/Users/jiangnanhugo/workspace/power-sharpening/Subtree-Prefetching-Power-Sharpening/case_studies/logs-entropycut/mbpp/2026-09-21/vllm/dataset-mbpp.model-qwen3.5-9b.alpha4.0.steps100.blocks-1.prefetch-budget-20.rank-accept_first.cut-entropy4.0.samples20.maxnew1024.seed10086.subtreePrefetch.vllm.log,473,18,54,0.861986885980488
/Users/jiangnanhugo/workspace/power-sharpening/Subtree-Prefetching-Power-Sharpening/case_studies/logs-entropycut/mbpp/2026-09-21/vllm/dataset-mbpp.model-qwen3.5-9b.alpha4.0.steps100.blocks-1.prefetch-budget-20.rank-accept_first.cut-entropy4.0.samples20.maxnew1024.seed10086.subtreePrefetch.vllm.log,473,19,54,0.861986885980488
/Users/jiangnanhugo/workspace/power-sharpening/Subtree-Prefetching-Power-Sharpening/case_studies/logs-entropycut/mbpp/2026-09-21/vllm/dataset-mbpp.model-qwen3.5-9b.alpha4.0.steps100.blocks-1.prefetch-budget-20.rank-accept_first.cut-entropy4.0.samples20.maxnew1024.seed10086.subtreePrefetch.vllm.log,474,0,54,0.8563851123736893
/Users/jiangnanhugo/workspace/power-sharpening/Subtree-Prefetching-Power-Sharpening/case_studies/logs-entropycut/mbpp/2026-09-21/vllm/dataset-mbpp.model-qwen3.5-9b.alpha4.0.steps100.blocks-1.prefetch-budget-20.rank-accept_first.cut-entropy4.0.samples20.maxnew1024.seed10086.subtreePrefetch.vllm.log,474,1,54,0.8563851123736893
/Users/jiangnanhugo/workspace/power-sharpening/Subtree-Prefetching-Power-Sharpening/case_studies/logs-entropycut/mbpp/2026-09-21/vllm/dataset-mbpp.model-qwen3.5-9b.alpha4.0.steps100.blocks-1.prefetch-budget-20.rank-accept_first.cut-entropy4.0.samples20.maxnew1024.seed10086.subtreePrefetch.vllm.log,474,2,9,0.06445528456418943
/Users/jiangnanhugo/workspace/power-sharpening/Subtree-Prefetching-Power-Sharpening/case_studies/logs-entropycut/mbpp/2026-09-21/vllm/dataset-mbpp.model-qwen3.5-9b.alpha4.0.steps100.blocks-1.prefetch-budget-20.rank-accept_first.cut-entropy4.0.samples20.maxnew1024.seed10086.subtreePrefetch.vllm.log,474,3,54,0.8563851123736893
/Users/jiangnanhugo/workspace/power-sharpening/Subtree-Prefetching-Power-Sharpening/case_studies/logs-entropycut/mbpp/2026-09-21/vllm/dataset-mbpp.model-qwen3.5-9b.alpha4.0.steps100.blocks-1.prefetch-budget-20.rank-accept_first.cut-entropy4.0.samples20.maxnew1024.seed10086.subtreePrefetch.vllm.log,474,4,54,0.8563851123736893
/Users/jiangnanhugo/workspace/power-sharpening/Subtree-Prefetching-Power-Sharpening/case_studies/logs-entropycut/mbpp/2026-09-21/vllm/dataset-mbpp.model-qwen3.5-9b.alpha4.0.steps100.blocks-1.prefetch-budget-20.rank-accept_first.cut-entropy4.0.samples20.maxnew1024.seed10086.subtreePrefetch.vllm.log,474,5,54,0.8563851123736893
/Users/jiangnanhugo/workspace/power-sharpening/Subtree-Prefetching-Power-Sharpening/case_studies/logs-entropycut/mbpp/2026-09-21/vllm/dataset-mbpp.model-qwen3.5-9b.alpha4.0.steps100.blocks-1.prefetch-budget-20.rank-accept_first.cut-entropy4.0.samples20.maxnew1024.seed10086.subtreePrefetch.vllm.log,474,6,54,0.8563851123736893
/Users/jiangnanhugo/workspace/power-sharpening/Subtree-Prefetching-Power-Sharpening/case_studies/logs-entropycut/mbpp/2026-09-21/vllm/dataset-mbpp.model-qwen3.5-9b.alpha4.0.steps100.blocks-1.prefetch-budget-20.rank-accept_first.cut-entropy4.0.samples20.maxnew1024.seed10086.subtreePrefetch.vllm.log,474,7,54,0.8563851123736893
/Users/jiangnanhugo/workspace/power-sharpening/Subtree-Prefetching-Power-Sharpening/case_studies/logs-entropycut/mbpp/2026-09-21/vllm/dataset-mbpp.model-qwen3.5-9b.alpha4.0.steps100.blocks-1.prefetch-budget-20.rank-accept_first.cut-entropy4.0.samples20.maxnew1024.seed10086.subtreePrefetch.vllm.log,474,8,54,0.8563851123736893
/Users/jiangnanhugo/workspace/power-sharpening/Subtree-Prefetching-Power-Sharpening/case_studies/logs-entropycut/mbpp/2026-09-21/vllm/dataset-mbpp.model-qwen3.5-9b.alpha4.0.steps100.blocks-1.prefetch-budget-20.rank-accept_first.cut-entropy4.0.samples20.maxnew1024.seed10086.subtreePrefetch.vllm.log,474,9,54,0.8563851123736893
/Users/jiangnanhugo/workspace/power-sharpening/Subtree-Prefetching-Power-Sharpening/case_studies/logs-entropycut/mbpp/2026-09-21/vllm/dataset-mbpp.model-qwen3.5-9b.alpha4.0.steps100.blocks-1.prefetch-budget-20.rank-accept_first.cut-entropy4.0.samples20.maxnew1024.seed10086.subtreePrefetch.vllm.log,474,10,54,0.8563851123736893
/Users/jiangnanhugo/workspace/power-sharpening/Subtree-Prefetching-Power-Sharpening/case_studies/logs-entropycut/mbpp/2026-09-21/vllm/dataset-mbpp.model-qwen3.5-9b.alpha4.0.steps100.blocks-1.prefetch-budget-20.rank-accept_first.cut-entropy4.0.samples20.maxnew1024.seed10086.subtreePrefetch.vllm.log,474,11,54,0.8563851123736893
/Users/jiangnanhugo/workspace/power-sharpening/Subtree-Prefetching-Power-Sharpening/case_studies/logs-entropycut/mbpp/2026-09-21/vllm/dataset-mbpp.model-qwen3.5-9b.alpha4.0.steps100.blocks-1.prefetch-budget-20.rank-accept_first.cut-entropy4.0.samples20.maxnew1024.seed10086.subtreePrefetch.vllm.log,474,12,54,0.8563851123736893
/Users/jiangnanhugo/workspace/power-sharpening/Subtree-Prefetching-Power-Sharpening/case_studies/logs-entropycut/mbpp/2026-09-21/vllm/dataset-mbpp.model-qwen3.5-9b.alpha4.0.steps100.blocks-1.prefetch-budget-20.rank-accept_first.cut-entropy4.0.samples20.maxnew1024.seed10086.subtreePrefetch.vllm.log,474,13,54,0.8563851123736893
/Users/jiangnanhugo/workspace/power-sharpening/Subtree-Prefetching-Power-Sharpening/case_studies/logs-entropycut/mbpp/2026-09-21/vllm/dataset-mbpp.model-qwen3.5-9b.alpha4.0.steps100.blocks-1.prefetch-budget-20.rank-accept_first.cut-entropy4.0.samples20.maxnew1024.seed10086.subtreePrefetch.vllm.log,474,14,54,0.8563851123736893
/Users/jiangnanhugo/workspace/power-sharpening/Subtree-Prefetching-Power-Sharpening/case_studies/logs-entropycut/mbpp/2026-09-21/vllm/dataset-mbpp.model-qwen3.5-9b.alpha4.0.steps100.blocks-1.prefetch-budget-20.rank-accept_first.cut-entropy4.0.samples20.maxnew1024.seed10086.subtreePrefetch.vllm.log,474,15,54,0.8563851123736893
/Users/jiangnanhugo/workspace/power-sharpening/Subtree-Prefetching-Power-Sharpening/case_studies/logs-entropycut/mbpp/2026-09-21/vllm/dataset-mbpp.model-qwen3.5-9b.alpha4.0.steps100.blocks-1.prefetch-budget-20.rank-accept_first.cut-entropy4.0.samples20.maxnew1024.seed10086.subtreePrefetch.vllm.log,474,16,54,0.8563851123736893
/Users/jiangnanhugo/workspace/power-sharpening/Subtree-Prefetching-Power-Sharpening/case_studies/logs-entropycut/mbpp/2026-09-21/vllm/dataset-mbpp.model-qwen3.5-9b.alpha4.0.steps100.blocks-1.prefetch-budget-20.rank-accept_first.cut-entropy4.0.samples20.maxnew1024.seed10086.subtreePrefetch.vllm.log,474,17,54,0.8563851123736893
/Users/jiangnanhugo/workspace/power-sharpening/Subtree-Prefetching-Power-Sharpening/case_studies/logs-entropycut/mbpp/2026-09-21/vllm/dataset-mbpp.model-qwen3.5-9b.alpha4.0.steps100.blocks-1.prefetch-budget-20.rank-accept_first.cut-entropy4.0.samples20.maxnew1024.seed10086.subtreePrefetch.vllm.log,474,18,54,0.8563851123736893
/Users/jiangnanhugo/workspace/power-sharpening/Subtree-Prefetching-Power-Sharpening/case_studies/logs-entropycut/mbpp/2026-09-21/vllm/dataset-mbpp.model-qwen3.5-9b.alpha4.0.steps100.blocks-1.prefetch-budget-20.rank-accept_first.cut-entropy4.0.samples20.maxnew1024.seed10086.subtreePrefetch.vllm.log,474,19,54,0.8563851123736893
/Users/jiangnanhugo/workspace/power-sharpening/Subtree-Prefetching-Power-Sharpening/case_studies/logs-entropycut/mbpp/2026-09-21/vllm/dataset-mbpp.model-qwen3.5-9b.alpha4.0.steps100.blocks-1.prefetch-budget-20.rank-accept_first.cut-entropy4.0.samples20.maxnew1024.seed10086.subtreePrefetch.vllm.log,475,0,54,0.8563851123736893
/Users/jiangnanhugo/workspace/power-sharpening/Subtree-Prefetching-Power-Sharpening/case_studies/logs-entropycut/mbpp/2026-09-21/vllm/dataset-mbpp.model-qwen3.5-9b.alpha4.0.steps100.blocks-1.prefetch-budget-20.rank-accept_first.cut-entropy4.0.samples20.maxnew1024.seed10086.subtreePrefetch.vllm.log,475,1,54,0.8563851123736893
/Users/jiangnanhugo/workspace/power-sharpening/Subtree-Prefetching-Power-Sharpening/case_studies/logs-entropycut/mbpp/2026-09-21/vllm/dataset-mbpp.model-qwen3.5-9b.alpha4.0.steps100.blocks-1.prefetch-budget-20.rank-accept_first.cut-entropy4.0.samples20.maxnew1024.seed10086.subtreePrefetch.vllm.log,475,2,54,0.8563851123736893
/Users/jiangnanhugo/workspace/power-sharpening/Subtree-Prefetching-Power-Sharpening/case_studies/logs-entropycut/mbpp/2026-09-21/vllm/dataset-mbpp.model-qwen3.5-9b.alpha4.0.steps100.blocks-1.prefetch-budget-20.rank-accept_first.cut-entropy4.0.samples20.maxnew1024.seed10086.subtreePrefetch.vllm.log,475,3,54,0.8563851123736893
/Users/jiangnanhugo/workspace/power-sharpening/Subtree-Prefetching-Power-Sharpening/case_studies/logs-entropycut/mbpp/2026-09-21/vllm/dataset-mbpp.model-qwen3.5-9b.alpha4.0.steps100.blocks-1.prefetch-budget-20.rank-accept_first.cut-entropy4.0.samples20.maxnew1024.seed10086.subtreePrefetch.vllm.log,475,4,54,0.8563851123736893
/Users/jiangnanhugo/workspace/power-sharpening/Subtree-Prefetching-Power-Sharpening/case_studies/logs-entropycut/mbpp/2026-09-21/vllm/dataset-mbpp.model-qwen3.5-9b.alpha4.0.steps100.blocks-1.prefetch-budget-20.rank-accept_first.cut-entropy4.0.samples20.maxnew1024.seed10086.subtreePrefetch.vllm.log,475,5,54,0.8563851123736893
/Users/jiangnanhugo/workspace/power-sharpening/Subtree-Prefetching-Power-Sharpening/case_studies/logs-entropycut/mbpp/2026-09-21/vllm/dataset-mbpp.model-qwen3.5-9b.alpha4.0.steps100.blocks-1.prefetch-budget-20.rank-accept_first.cut-entropy4.0.samples20.maxnew1024.seed10086.subtreePrefetch.vllm.log,475,6,54,0.8563851123736893
/Users/jiangnanhugo/workspace/power-sharpening/Subtree-Prefetching-Power-Sharpening/case_studies/logs-entropycut/mbpp/2026-09-21/vllm/dataset-mbpp.model-qwen3.5-9b.alpha4.0.steps100.blocks-1.prefetch-budget-20.rank-accept_first.cut-entropy4.0.samples20.maxnew1024.seed10086.subtreePrefetch.vllm.log,475,7,45,0.04061921299030574
/Users/jiangnanhugo/workspace/power-sharpening/Subtree-Prefetching-Power-Sharpening/case_studies/logs-entropycut/mbpp/2026-09-21/vllm/dataset-mbpp.model-qwen3.5-9b.alpha4.0.steps100.blocks-1.prefetch-budget-20.rank-accept_first.cut-entropy4.0.samples20.maxnew1024.seed10086.subtreePrefetch.vllm.log,475,8,54,0.8563851123736893
/Users/jiangnanhugo/workspace/power-sharpening/Subtree-Prefetching-Power-Sharpening/case_studies/logs-entropycut/mbpp/2026-09-21/vllm/dataset-mbpp.model-qwen3.5-9b.alpha4.0.steps100.blocks-1.prefetch-budget-20.rank-accept_first.cut-entropy4.0.samples20.maxnew1024.seed10086.subtreePrefetch.vllm.log,475,9,54,0.8563851123736893
/Users/jiangnanhugo/workspace/power-sharpening/Subtree-Prefetching-Power-Sharpening/case_studies/logs-entropycut/mbpp/2026-09-21/vllm/dataset-mbpp.model-qwen3.5-9b.alpha4.0.steps100.blocks-1.prefetch-budget-20.rank-accept_first.cut-entropy4.0.samples20.maxnew1024.seed10086.subtreePrefetch.vllm.log,475,10,54,0.8563851123736893
/Users/jiangnanhugo/workspace/power-sharpening/Subtree-Prefetching-Power-Sharpening/case_studies/logs-entropycut/mbpp/2026-09-21/vllm/dataset-mbpp.model-qwen3.5-9b.alpha4.0.steps100.blocks-1.prefetch-budget-20.rank-accept_first.cut-entropy4.0.samples20.maxnew1024.seed10086.subtreePrefetch.vllm.log,475,11,54,0.8563851123736893
/Users/jiangnanhugo/workspace/power-sharpening/Subtree-Prefetching-Power-Sharpening/case_studies/logs-entropycut/mbpp/2026-09-21/vllm/dataset-mbpp.model-qwen3.5-9b.alpha4.0.steps100.blocks-1.prefetch-budget-20.rank-accept_first.cut-entropy4.0.samples20.maxnew1024.seed10086.subtreePrefetch.vllm.log,475,12,53,0.0025279713480303306
/Users/jiangnanhugo/workspace/power-sharpening/Subtree-Prefetching-Power-Sharpening/case_studies/logs-entropycut/mbpp/2026-09-21/vllm/dataset-mbpp.model-qwen3.5-9b.alpha4.0.steps100.blocks-1.prefetch-budget-20.rank-accept_first.cut-entropy4.0.samples20.maxnew1024.seed10086.subtreePrefetch.vllm.log,475,13,54,0.8563851123736893
/Users/jiangnanhugo/workspace/power-sharpening/Subtree-Prefetching-Power-Sharpening/case_studies/logs-entropycut/mbpp/2026-09-21/vllm/dataset-mbpp.model-qwen3.5-9b.alpha4.0.steps100.blocks-1.prefetch-budget-20.rank-accept_first.cut-entropy4.0.samples20.maxnew1024.seed10086.subtreePrefetch.vllm.log,475,14,54,0.8563851123736893
/Users/jiangnanhugo/workspace/power-sharpening/Subtree-Prefetching-Power-Sharpening/case_studies/logs-entropycut/mbpp/2026-09-21/vllm/dataset-mbpp.model-qwen3.5-9b.alpha4.0.steps100.blocks-1.prefetch-budget-20.rank-accept_first.cut-entropy4.0.samples20.maxnew1024.seed10086.subtreePrefetch.vllm.log,475,15,54,0.8563851123736893
/Users/jiangnanhugo/workspace/power-sharpening/Subtree-Prefetching-Power-Sharpening/case_studies/logs-entropycut/mbpp/2026-09-21/vllm/dataset-mbpp.model-qwen3.5-9b.alpha4.0.steps100.blocks-1.prefetch-budget-20.rank-accept_first.cut-entropy4.0.samples20.maxnew1024.seed10086.subtreePrefetch.vllm.log,475,16,54,0.8563851123736893
/Users/jiangnanhugo/workspace/power-sharpening/Subtree-Prefetching-Power-Sharpening/case_studies/logs-entropycut/mbpp/2026-09-21/vllm/dataset-mbpp.model-qwen3.5-9b.alpha4.0.steps100.blocks-1.prefetch-budget-20.rank-accept_first.cut-entropy4.0.samples20.maxnew1024.seed10086.subtreePrefetch.vllm.log,475,17,54,0.8563851123736893
/Users/jiangnanhugo/workspace/power-sharpening/Subtree-Prefetching-Power-Sharpening/case_studies/logs-entropycut/mbpp/2026-09-21/vllm/dataset-mbpp.model-qwen3.5-9b.alpha4.0.steps100.blocks-1.prefetch-budget-20.rank-accept_first.cut-entropy4.0.samples20.maxnew1024.seed10086.subtreePrefetch.vllm.log,475,18,54,0.8563851123736893
/Users/jiangnanhugo/workspace/power-sharpening/Subtree-Prefetching-Power-Sharpening/case_studies/logs-entropycut/mbpp/2026-09-21/vllm/dataset-mbpp.model-qwen3.5-9b.alpha4.0.steps100.blocks-1.prefetch-budget-20.rank-accept_first.cut-entropy4.0.samples20.maxnew1024.seed10086.subtreePrefetch.vllm.log,475,19,54,0.8563851123736893
/Users/jiangnanhugo/workspace/power-sharpening/Subtree-Prefetching-Power-Sharpening/case_studies/logs-entropycut/mbpp/2026-09-21/vllm/dataset-mbpp.model-qwen3.5-9b.alpha4.0.steps100.blocks-1.prefetch-budget-20.rank-accept_first.cut-entropy4.0.samples20.maxnew1024.seed10086.subtreePrefetch.vllm.log,476,0,54,0.8526554192219197
/Users/jiangnanhugo/workspace/power-sharpening/Subtree-Prefetching-Power-Sharpening/case_studies/logs-entropycut/mbpp/2026-09-21/vllm/dataset-mbpp.model-qwen3.5-9b.alpha4.0.steps100.blocks-1.prefetch-budget-20.rank-accept_first.cut-entropy4.0.samples20.maxnew1024.seed10086.subtreePrefetch.vllm.log,476,1,54,0.8526554192219197
/Users/jiangnanhugo/workspace/power-sharpening/Subtree-Prefetching-Power-Sharpening/case_studies/logs-entropycut/mbpp/2026-09-21/vllm/dataset-mbpp.model-qwen3.5-9b.alpha4.0.steps100.blocks-1.prefetch-budget-20.rank-accept_first.cut-entropy4.0.samples20.maxnew1024.seed10086.subtreePrefetch.vllm.log,476,2,54,0.8526554192219197
/Users/jiangnanhugo/workspace/power-sharpening/Subtree-Prefetching-Power-Sharpening/case_studies/logs-entropycut/mbpp/2026-09-21/vllm/dataset-mbpp.model-qwen3.5-9b.alpha4.0.steps100.blocks-1.prefetch-budget-20.rank-accept_first.cut-entropy4.0.samples20.maxnew1024.seed10086.subtreePrefetch.vllm.log,476,3,54,0.8526554192219197
/Users/jiangnanhugo/workspace/power-sharpening/Subtree-Prefetching-Power-Sharpening/case_studies/logs-entropycut/mbpp/2026-09-21/vllm/dataset-mbpp.model-qwen3.5-9b.alpha4.0.steps100.blocks-1.prefetch-budget-20.rank-accept_first.cut-entropy4.0.samples20.maxnew1024.seed10086.subtreePrefetch.vllm.log,476,4,54,0.8526554192219197
/Users/jiangnanhugo/workspace/power-sharpening/Subtree-Prefetching-Power-Sharpening/case_studies/logs-entropycut/mbpp/2026-09-21/vllm/dataset-mbpp.model-qwen3.5-9b.alpha4.0.steps100.blocks-1.prefetch-budget-20.rank-accept_first.cut-entropy4.0.samples20.maxnew1024.seed10086.subtreePrefetch.vllm.log,476,5,54,0.8526554192219197
/Users/jiangnanhugo/workspace/power-sharpening/Subtree-Prefetching-Power-Sharpening/case_studies/logs-entropycut/mbpp/2026-09-21/vllm/dataset-mbpp.model-qwen3.5-9b.alpha4.0.steps100.blocks-1.prefetch-budget-20.rank-accept_first.cut-entropy4.0.samples20.maxnew1024.seed10086.subtreePrefetch.vllm.log,476,6,45,0.044554198531208455
/Users/jiangnanhugo/workspace/power-sharpening/Subtree-Prefetching-Power-Sharpening/case_studies/logs-entropycut/mbpp/2026-09-21/vllm/dataset-mbpp.model-qwen3.5-9b.alpha4.0.steps100.blocks-1.prefetch-budget-20.rank-accept_first.cut-entropy4.0.samples20.maxnew1024.seed10086.subtreePrefetch.vllm.log,476,7,9,0.06273623524738974
/Users/jiangnanhugo/workspace/power-sharpening/Subtree-Prefetching-Power-Sharpening/case_studies/logs-entropycut/mbpp/2026-09-21/vllm/dataset-mbpp.model-qwen3.5-9b.alpha4.0.steps100.blocks-1.prefetch-budget-20.rank-accept_first.cut-entropy4.0.samples20.maxnew1024.seed10086.subtreePrefetch.vllm.log,476,8,54,0.8526554192219197
/Users/jiangnanhugo/workspace/power-sharpening/Subtree-Prefetching-Power-Sharpening/case_studies/logs-entropycut/mbpp/2026-09-21/vllm/dataset-mbpp.model-qwen3.5-9b.alpha4.0.steps100.blocks-1.prefetch-budget-20.rank-accept_first.cut-entropy4.0.samples20.maxnew1024.seed10086.subtreePrefetch.vllm.log,476,9,54,0.8526554192219197
/Users/jiangnanhugo/workspace/power-sharpening/Subtree-Prefetching-Power-Sharpening/case_studies/logs-entropycut/mbpp/2026-09-21/vllm/dataset-mbpp.model-qwen3.5-9b.alpha4.0.steps100.blocks-1.prefetch-budget-20.rank-accept_first.cut-entropy4.0.samples20.maxnew1024.seed10086.subtreePrefetch.vllm.log,476,10,54,0.8526554192219197
/Users/jiangnanhugo/workspace/power-sharpening/Subtree-Prefetching-Power-Sharpening/case_studies/logs-entropycut/mbpp/2026-09-21/vllm/dataset-mbpp.model-qwen3.5-9b.alpha4.0.steps100.blocks-1.prefetch-budget-20.rank-accept_first.cut-entropy4.0.samples20.maxnew1024.seed10086.subtreePrefetch.vllm.log,476,11,54,0.8526554192219197
/Users/jiangnanhugo/workspace/power-sharpening/Subtree-Prefetching-Power-Sharpening/case_studies/logs-entropycut/mbpp/2026-09-21/vllm/dataset-mbpp.model-qwen3.5-9b.alpha4.0.steps100.blocks-1.prefetch-budget-20.rank-accept_first.cut-entropy4.0.samples20.maxnew1024.seed10086.subtreePrefetch.vllm.log,476,12,54,0.8526554192219197
/Users/jiangnanhugo/workspace/power-sharpening/Subtree-Prefetching-Power-Sharpening/case_studies/logs-entropycut/mbpp/2026-09-21/vllm/dataset-mbpp.model-qwen3.5-9b.alpha4.0.steps100.blocks-1.prefetch-budget-20.rank-accept_first.cut-entropy4.0.samples20.maxnew1024.seed10086.subtreePrefetch.vllm.log,476,13,54,0.8526554192219197
/Users/jiangnanhugo/workspace/power-sharpening/Subtree-Prefetching-Power-Sharpening/case_studies/logs-entropycut/mbpp/2026-09-21/vllm/dataset-mbpp.model-qwen3.5-9b.alpha4.0.steps100.blocks-1.prefetch-budget-20.rank-accept_first.cut-entropy4.0.samples20.maxnew1024.seed10086.subtreePrefetch.vllm.log,476,14,54,0.8526554192219197
/Users/jiangnanhugo/workspace/power-sharpening/Subtree-Prefetching-Power-Sharpening/case_studies/logs-entropycut/mbpp/2026-09-21/vllm/dataset-mbpp.model-qwen3.5-9b.alpha4.0.steps100.blocks-1.prefetch-budget-20.rank-accept_first.cut-entropy4.0.samples20.maxnew1024.seed10086.subtreePrefetch.vllm.log,476,15,54,0.8526554192219197
/Users/jiangnanhugo/workspace/power-sharpening/Subtree-Prefetching-Power-Sharpening/case_studies/logs-entropycut/mbpp/2026-09-21/vllm/dataset-mbpp.model-qwen3.5-9b.alpha4.0.steps100.blocks-1.prefetch-budget-20.rank-accept_first.cut-entropy4.0.samples20.maxnew1024.seed10086.subtreePrefetch.vllm.log,476,16,54,0.8526554192219197
/Users/jiangnanhugo/workspace/power-sharpening/Subtree-Prefetching-Power-Sharpening/case_studies/logs-entropycut/mbpp/2026-09-21/vllm/dataset-mbpp.model-qwen3.5-9b.alpha4.0.steps100.blocks-1.prefetch-budget-20.rank-accept_first.cut-entropy4.0.samples20.maxnew1024.seed10086.subtreePrefetch.vllm.log,476,17,54,0.8526554192219197
/Users/jiangnanhugo/workspace/power-sharpening/Subtree-Prefetching-Power-Sharpening/case_studies/logs-entropycut/mbpp/2026-09-21/vllm/dataset-mbpp.model-qwen3.5-9b.alpha4.0.steps100.blocks-1.prefetch-budget-20.rank-accept_first.cut-entropy4.0.samples20.maxnew1024.seed10086.subtreePrefetch.vllm.log,476,18,54,0.8526554192219197
/Users/jiangnanhugo/workspace/power-sharpening/Subtree-Prefetching-Power-Sharpening/case_studies/logs-entropycut/mbpp/2026-09-21/vllm/dataset-mbpp.model-qwen3.5-9b.alpha4.0.steps100.blocks-1.prefetch-budget-20.rank-accept_first.cut-entropy4.0.samples20.maxnew1024.seed10086.subtreePrefetch.vllm.log,476,19,54,0.8526554192219197
/Users/jiangnanhugo/workspace/power-sharpening/Subtree-Prefetching-Power-Sharpening/case_studies/logs-entropycut/mbpp/2026-09-21/vllm/dataset-mbpp.model-qwen3.5-9b.alpha4.0.steps100.blocks-1.prefetch-budget-20.rank-accept_first.cut-entropy4.0.samples20.maxnew1024.seed10086.subtreePrefetch.vllm.log,477,0,54,0.8526554192219633
/Users/jiangnanhugo/workspace/power-sharpening/Subtree-Prefetching-Power-Sharpening/case_studies/logs-entropycut/mbpp/2026-09-21/vllm/dataset-mbpp.model-qwen3.5-9b.alpha4.0.steps100.blocks-1.prefetch-budget-20.rank-accept_first.cut-entropy4.0.samples20.maxnew1024.seed10086.subtreePrefetch.vllm.log,477,1,54,0.8526554192219633
/Users/jiangnanhugo/workspace/power-sharpening/Subtree-Prefetching-Power-Sharpening/case_studies/logs-entropycut/mbpp/2026-09-21/vllm/dataset-mbpp.model-qwen3.5-9b.alpha4.0.steps100.blocks-1.prefetch-budget-20.rank-accept_first.cut-entropy4.0.samples20.maxnew1024.seed10086.subtreePrefetch.vllm.log,477,2,54,0.8526554192219633
/Users/jiangnanhugo/workspace/power-sharpening/Subtree-Prefetching-Power-Sharpening/case_studies/logs-entropycut/mbpp/2026-09-21/vllm/dataset-mbpp.model-qwen3.5-9b.alpha4.0.steps100.blocks-1.prefetch-budget-20.rank-accept_first.cut-entropy4.0.samples20.maxnew1024.seed10086.subtreePrefetch.vllm.log,477,3,54,0.8526554192219633
/Users/jiangnanhugo/workspace/power-sharpening/Subtree-Prefetching-Power-Sharpening/case_studies/logs-entropycut/mbpp/2026-09-21/vllm/dataset-mbpp.model-qwen3.5-9b.alpha4.0.steps100.blocks-1.prefetch-budget-20.rank-accept_first.cut-entropy4.0.samples20.maxnew1024.seed10086.subtreePrefetch.vllm.log,477,4,54,0.8526554192219633
/Users/jiangnanhugo/workspace/power-sharpening/Subtree-Prefetching-Power-Sharpening/case_studies/logs-entropycut/mbpp/2026-09-21/vllm/dataset-mbpp.model-qwen3.5-9b.alpha4.0.steps100.blocks-1.prefetch-budget-20.rank-accept_first.cut-entropy4.0.samples20.maxnew1024.seed10086.subtreePrefetch.vllm.log,477,5,54,0.8526554192219633
/Users/jiangnanhugo/workspace/power-sharpening/Subtree-Prefetching-Power-Sharpening/case_studies/logs-entropycut/mbpp/2026-09-21/vllm/dataset-mbpp.model-qwen3.5-9b.alpha4.0.steps100.blocks-1.prefetch-budget-20.rank-accept_first.cut-entropy4.0.samples20.maxnew1024.seed10086.subtreePrefetch.vllm.log,477,6,54,0.8526554192219633
/Users/jiangnanhugo/workspace/power-sharpening/Subtree-Prefetching-Power-Sharpening/case_studies/logs-entropycut/mbpp/2026-09-21/vllm/dataset-mbpp.model-qwen3.5-9b.alpha4.0.steps100.blocks-1.prefetch-budget-20.rank-accept_first.cut-entropy4.0.samples20.maxnew1024.seed10086.subtreePrefetch.vllm.log,477,7,54,0.8526554192219633
/Users/jiangnanhugo/workspace/power-sharpening/Subtree-Prefetching-Power-Sharpening/case_studies/logs-entropycut/mbpp/2026-09-21/vllm/dataset-mbpp.model-qwen3.5-9b.alpha4.0.steps100.blocks-1.prefetch-budget-20.rank-accept_first.cut-entropy4.0.samples20.maxnew1024.seed10086.subtreePrefetch.vllm.log,477,8,54,0.8526554192219633
/Users/jiangnanhugo/workspace/power-sharpening/Subtree-Prefetching-Power-Sharpening/case_studies/logs-entropycut/mbpp/2026-09-21/vllm/dataset-mbpp.model-qwen3.5-9b.alpha4.0.steps100.blocks-1.prefetch-budget-20.rank-accept_first.cut-entropy4.0.samples20.maxnew1024.seed10086.subtreePrefetch.vllm.log,477,9,45,0.04455419853121073
/Users/jiangnanhugo/workspace/power-sharpening/Subtree-Prefetching-Power-Sharpening/case_studies/logs-entropycut/mbpp/2026-09-21/vllm/dataset-mbpp.model-qwen3.5-9b.alpha4.0.steps100.blocks-1.prefetch-budget-20.rank-accept_first.cut-entropy4.0.samples20.maxnew1024.seed10086.subtreePrefetch.vllm.log,477,10,9,0.06273623524739295
/Users/jiangnanhugo/workspace/power-sharpening/Subtree-Prefetching-Power-Sharpening/case_studies/logs-entropycut/mbpp/2026-09-21/vllm/dataset-mbpp.model-qwen3.5-9b.alpha4.0.steps100.blocks-1.prefetch-budget-20.rank-accept_first.cut-entropy4.0.samples20.maxnew1024.seed10086.subtreePrefetch.vllm.log,477,11,54,0.8526554192219633
/Users/jiangnanhugo/workspace/power-sharpening/Subtree-Prefetching-Power-Sharpening/case_studies/logs-entropycut/mbpp/2026-09-21/vllm/dataset-mbpp.model-qwen3.5-9b.alpha4.0.steps100.blocks-1.prefetch-budget-20.rank-accept_first.cut-entropy4.0.samples20.maxnew1024.seed10086.subtreePrefetch.vllm.log,477,12,9,0.06273623524739295
/Users/jiangnanhugo/workspace/power-sharpening/Subtree-Prefetching-Power-Sharpening/case_studies/logs-entropycut/mbpp/2026-09-21/vllm/dataset-mbpp.model-qwen3.5-9b.alpha4.0.steps100.blocks-1.prefetch-budget-20.rank-accept_first.cut-entropy4.0.samples20.maxnew1024.seed10086.subtreePrefetch.vllm.log,477,13,5,0.0042178230374437554
/Users/jiangnanhugo/workspace/power-sharpening/Subtree-Prefetching-Power-Sharpening/case_studies/logs-entropycut/mbpp/2026-09-21/vllm/dataset-mbpp.model-qwen3.5-9b.alpha4.0.steps100.blocks-1.prefetch-budget-20.rank-accept_first.cut-entropy4.0.samples20.maxnew1024.seed10086.subtreePrefetch.vllm.log,477,14,9,0.06273623524739295
/Users/jiangnanhugo/workspace/power-sharpening/Subtree-Prefetching-Power-Sharpening/case_studies/logs-entropycut/mbpp/2026-09-21/vllm/dataset-mbpp.model-qwen3.5-9b.alpha4.0.steps100.blocks-1.prefetch-budget-20.rank-accept_first.cut-entropy4.0.samples20.maxnew1024.seed10086.subtreePrefetch.vllm.log,477,15,9,0.06273623524739295
/Users/jiangnanhugo/workspace/power-sharpening/Subtree-Prefetching-Power-Sharpening/case_studies/logs-entropycut/mbpp/2026-09-21/vllm/dataset-mbpp.model-qwen3.5-9b.alpha4.0.steps100.blocks-1.prefetch-budget-20.rank-accept_first.cut-entropy4.0.samples20.maxnew1024.seed10086.subtreePrefetch.vllm.log,477,16,54,0.8526554192219633
/Users/jiangnanhugo/workspace/power-sharpening/Subtree-Prefetching-Power-Sharpening/case_studies/logs-entropycut/mbpp/2026-09-21/vllm/dataset-mbpp.model-qwen3.5-9b.alpha4.0.steps100.blocks-1.prefetch-budget-20.rank-accept_first.cut-entropy4.0.samples20.maxnew1024.seed10086.subtreePrefetch.vllm.log,477,17,54,0.8526554192219633
/Users/jiangnanhugo/workspace/power-sharpening/Subtree-Prefetching-Power-Sharpening/case_studies/logs-entropycut/mbpp/2026-09-21/vllm/dataset-mbpp.model-qwen3.5-9b.alpha4.0.steps100.blocks-1.prefetch-budget-20.rank-accept_first.cut-entropy4.0.samples20.maxnew1024.seed10086.subtreePrefetch.vllm.log,477,18,54,0.8526554192219633
/Users/jiangnanhugo/workspace/power-sharpening/Subtree-Prefetching-Power-Sharpening/case_studies/logs-entropycut/mbpp/2026-09-21/vllm/dataset-mbpp.model-qwen3.5-9b.alpha4.0.steps100.blocks-1.prefetch-budget-20.rank-accept_first.cut-entropy4.0.samples20.maxnew1024.seed10086.subtreePrefetch.vllm.log,477,19,54,0.8526554192219633
/Users/jiangnanhugo/workspace/power-sharpening/Subtree-Prefetching-Power-Sharpening/case_studies/logs-entropycut/mbpp/2026-09-21/vllm/dataset-mbpp.model-qwen3.5-9b.alpha4.0.steps100.blocks-1.prefetch-budget-20.rank-accept_first.cut-entropy4.0.samples20.maxnew1024.seed10086.subtreePrefetch.vllm.log,478,0,54,0.8526554192218551
/Users/jiangnanhugo/workspace/power-sharpening/Subtree-Prefetching-Power-Sharpening/case_studies/logs-entropycut/mbpp/2026-09-21/vllm/dataset-mbpp.model-qwen3.5-9b.alpha4.0.steps100.blocks-1.prefetch-budget-20.rank-accept_first.cut-entropy4.0.samples20.maxnew1024.seed10086.subtreePrefetch.vllm.log,478,1,54,0.8526554192218551
/Users/jiangnanhugo/workspace/power-sharpening/Subtree-Prefetching-Power-Sharpening/case_studies/logs-entropycut/mbpp/2026-09-21/vllm/dataset-mbpp.model-qwen3.5-9b.alpha4.0.steps100.blocks-1.prefetch-budget-20.rank-accept_first.cut-entropy4.0.samples20.maxnew1024.seed10086.subtreePrefetch.vllm.log,478,2,54,0.8526554192218551
/Users/jiangnanhugo/workspace/power-sharpening/Subtree-Prefetching-Power-Sharpening/case_studies/logs-entropycut/mbpp/2026-09-21/vllm/dataset-mbpp.model-qwen3.5-9b.alpha4.0.steps100.blocks-1.prefetch-budget-20.rank-accept_first.cut-entropy4.0.samples20.maxnew1024.seed10086.subtreePrefetch.vllm.log,478,3,54,0.8526554192218551
/Users/jiangnanhugo/workspace/power-sharpening/Subtree-Prefetching-Power-Sharpening/case_studies/logs-entropycut/mbpp/2026-09-21/vllm/dataset-mbpp.model-qwen3.5-9b.alpha4.0.steps100.blocks-1.prefetch-budget-20.rank-accept_first.cut-entropy4.0.samples20.maxnew1024.seed10086.subtreePrefetch.vllm.log,478,4,54,0.8526554192218551
/Users/jiangnanhugo/workspace/power-sharpening/Subtree-Prefetching-Power-Sharpening/case_studies/logs-entropycut/mbpp/2026-09-21/vllm/dataset-mbpp.model-qwen3.5-9b.alpha4.0.steps100.blocks-1.prefetch-budget-20.rank-accept_first.cut-entropy4.0.samples20.maxnew1024.seed10086.subtreePrefetch.vllm.log,478,5,54,0.8526554192218551
/Users/jiangnanhugo/workspace/power-sharpening/Subtree-Prefetching-Power-Sharpening/case_studies/logs-entropycut/mbpp/2026-09-21/vllm/dataset-mbpp.model-qwen3.5-9b.alpha4.0.steps100.blocks-1.prefetch-budget-20.rank-accept_first.cut-entropy4.0.samples20.maxnew1024.seed10086.subtreePrefetch.vllm.log,478,6,54,0.8526554192218551
/Users/jiangnanhugo/workspace/power-sharpening/Subtree-Prefetching-Power-Sharpening/case_studies/logs-entropycut/mbpp/2026-09-21/vllm/dataset-mbpp.model-qwen3.5-9b.alpha4.0.steps100.blocks-1.prefetch-budget-20.rank-accept_first.cut-entropy4.0.samples20.maxnew1024.seed10086.subtreePrefetch.vllm.log,478,7,54,0.8526554192218551
/Users/jiangnanhugo/workspace/power-sharpening/Subtree-Prefetching-Power-Sharpening/case_studies/logs-entropycut/mbpp/2026-09-21/vllm/dataset-mbpp.model-qwen3.5-9b.alpha4.0.steps100.blocks-1.prefetch-budget-20.rank-accept_first.cut-entropy4.0.samples20.maxnew1024.seed10086.subtreePrefetch.vllm.log,478,8,54,0.8526554192218551
/Users/jiangnanhugo/workspace/power-sharpening/Subtree-Prefetching-Power-Sharpening/case_studies/logs-entropycut/mbpp/2026-09-21/vllm/dataset-mbpp.model-qwen3.5-9b.alpha4.0.steps100.blocks-1.prefetch-budget-20.rank-accept_first.cut-entropy4.0.samples20.maxnew1024.seed10086.subtreePrefetch.vllm.log,478,9,54,0.8526554192218551
/Users/jiangnanhugo/workspace/power-sharpening/Subtree-Prefetching-Power-Sharpening/case_studies/logs-entropycut/mbpp/2026-09-21/vllm/dataset-mbpp.model-qwen3.5-9b.alpha4.0.steps100.blocks-1.prefetch-budget-20.rank-accept_first.cut-entropy4.0.samples20.maxnew1024.seed10086.subtreePrefetch.vllm.log,478,10,54,0.8526554192218551
/Users/jiangnanhugo/workspace/power-sharpening/Subtree-Prefetching-Power-Sharpening/case_studies/logs-entropycut/mbpp/2026-09-21/vllm/dataset-mbpp.model-qwen3.5-9b.alpha4.0.steps100.blocks-1.prefetch-budget-20.rank-accept_first.cut-entropy4.0.samples20.maxnew1024.seed10086.subtreePrefetch.vllm.log,478,11,54,0.8526554192218551
/Users/jiangnanhugo/workspace/power-sharpening/Subtree-Prefetching-Power-Sharpening/case_studies/logs-entropycut/mbpp/2026-09-21/vllm/dataset-mbpp.model-qwen3.5-9b.alpha4.0.steps100.blocks-1.prefetch-budget-20.rank-accept_first.cut-entropy4.0.samples20.maxnew1024.seed10086.subtreePrefetch.vllm.log,478,12,54,0.8526554192218551
/Users/jiangnanhugo/workspace/power-sharpening/Subtree-Prefetching-Power-Sharpening/case_studies/logs-entropycut/mbpp/2026-09-21/vllm/dataset-mbpp.model-qwen3.5-9b.alpha4.0.steps100.blocks-1.prefetch-budget-20.rank-accept_first.cut-entropy4.0.samples20.maxnew1024.seed10086.subtreePrefetch.vllm.log,478,13,54,0.8526554192218551
/Users/jiangnanhugo/workspace/power-sharpening/Subtree-Prefetching-Power-Sharpening/case_studies/logs-entropycut/mbpp/2026-09-21/vllm/dataset-mbpp.model-qwen3.5-9b.alpha4.0.steps100.blocks-1.prefetch-budget-20.rank-accept_first.cut-entropy4.0.samples20.maxnew1024.seed10086.subtreePrefetch.vllm.log,478,14,54,0.8526554192218551
/Users/jiangnanhugo/workspace/power-sharpening/Subtree-Prefetching-Power-Sharpening/case_studies/logs-entropycut/mbpp/2026-09-21/vllm/dataset-mbpp.model-qwen3.5-9b.alpha4.0.steps100.blocks-1.prefetch-budget-20.rank-accept_first.cut-entropy4.0.samples20.maxnew1024.seed10086.subtreePrefetch.vllm.log,478,15,54,0.8526554192218551
/Users/jiangnanhugo/workspace/power-sharpening/Subtree-Prefetching-Power-Sharpening/case_studies/logs-entropycut/mbpp/2026-09-21/vllm/dataset-mbpp.model-qwen3.5-9b.alpha4.0.steps100.blocks-1.prefetch-budget-20.rank-accept_first.cut-entropy4.0.samples20.maxnew1024.seed10086.subtreePrefetch.vllm.log,478,16,54,0.8526554192218551
/Users/jiangnanhugo/workspace/power-sharpening/Subtree-Prefetching-Power-Sharpening/case_studies/logs-entropycut/mbpp/2026-09-21/vllm/dataset-mbpp.model-qwen3.5-9b.alpha4.0.steps100.blocks-1.prefetch-budget-20.rank-accept_first.cut-entropy4.0.samples20.maxnew1024.seed10086.subtreePrefetch.vllm.log,478,17,54,0.8526554192218551
/Users/jiangnanhugo/workspace/power-sharpening/Subtree-Prefetching-Power-Sharpening/case_studies/logs-entropycut/mbpp/2026-09-21/vllm/dataset-mbpp.model-qwen3.5-9b.alpha4.0.steps100.blocks-1.prefetch-budget-20.rank-accept_first.cut-entropy4.0.samples20.maxnew1024.seed10086.subtreePrefetch.vllm.log,478,18,54,0.8526554192218551
/Users/jiangnanhugo/workspace/power-sharpening/Subtree-Prefetching-Power-Sharpening/case_studies/logs-entropycut/mbpp/2026-09-21/vllm/dataset-mbpp.model-qwen3.5-9b.alpha4.0.steps100.blocks-1.prefetch-budget-20.rank-accept_first.cut-entropy4.0.samples20.maxnew1024.seed10086.subtreePrefetch.vllm.log,478,19,54,0.8526554192218551
/Users/jiangnanhugo/workspace/power-sharpening/Subtree-Prefetching-Power-Sharpening/case_studies/logs-entropycut/mbpp/2026-09-21/vllm/dataset-mbpp.model-qwen3.5-9b.alpha4.0.steps100.blocks-1.prefetch-budget-20.rank-accept_first.cut-entropy4.0.samples20.maxnew1024.seed10086.subtreePrefetch.vllm.log,479,0,54,0.8519303721935965
/Users/jiangnanhugo/workspace/power-sharpening/Subtree-Prefetching-Power-Sharpening/case_studies/logs-entropycut/mbpp/2026-09-21/vllm/dataset-mbpp.model-qwen3.5-9b.alpha4.0.steps100.blocks-1.prefetch-budget-20.rank-accept_first.cut-entropy4.0.samples20.maxnew1024.seed10086.subtreePrefetch.vllm.log,479,1,54,0.8519303721935965
/Users/jiangnanhugo/workspace/power-sharpening/Subtree-Prefetching-Power-Sharpening/case_studies/logs-entropycut/mbpp/2026-09-21/vllm/dataset-mbpp.model-qwen3.5-9b.alpha4.0.steps100.blocks-1.prefetch-budget-20.rank-accept_first.cut-entropy4.0.samples20.maxnew1024.seed10086.subtreePrefetch.vllm.log,479,2,54,0.8519303721935965
/Users/jiangnanhugo/workspace/power-sharpening/Subtree-Prefetching-Power-Sharpening/case_studies/logs-entropycut/mbpp/2026-09-21/vllm/dataset-mbpp.model-qwen3.5-9b.alpha4.0.steps100.blocks-1.prefetch-budget-20.rank-accept_first.cut-entropy4.0.samples20.maxnew1024.seed10086.subtreePrefetch.vllm.log,479,3,9,0.06412000135828273
/Users/jiangnanhugo/workspace/power-sharpening/Subtree-Prefetching-Power-Sharpening/case_studies/logs-entropycut/mbpp/2026-09-21/vllm/dataset-mbpp.model-qwen3.5-9b.alpha4.0.steps100.blocks-1.prefetch-budget-20.rank-accept_first.cut-entropy4.0.samples20.maxnew1024.seed10086.subtreePrefetch.vllm.log,479,4,54,0.8519303721935965
/Users/jiangnanhugo/workspace/power-sharpening/Subtree-Prefetching-Power-Sharpening/case_studies/logs-entropycut/mbpp/2026-09-21/vllm/dataset-mbpp.model-qwen3.5-9b.alpha4.0.steps100.blocks-1.prefetch-budget-20.rank-accept_first.cut-entropy4.0.samples20.maxnew1024.seed10086.subtreePrefetch.vllm.log,479,5,54,0.8519303721935965
/Users/jiangnanhugo/workspace/power-sharpening/Subtree-Prefetching-Power-Sharpening/case_studies/logs-entropycut/mbpp/2026-09-21/vllm/dataset-mbpp.model-qwen3.5-9b.alpha4.0.steps100.blocks-1.prefetch-budget-20.rank-accept_first.cut-entropy4.0.samples20.maxnew1024.seed10086.subtreePrefetch.vllm.log,479,6,54,0.8519303721935965
/Users/jiangnanhugo/workspace/power-sharpening/Subtree-Prefetching-Power-Sharpening/case_studies/logs-entropycut/mbpp/2026-09-21/vllm/dataset-mbpp.model-qwen3.5-9b.alpha4.0.steps100.blocks-1.prefetch-budget-20.rank-accept_first.cut-entropy4.0.samples20.maxnew1024.seed10086.subtreePrefetch.vllm.log,479,7,54,0.8519303721935965
/Users/jiangnanhugo/workspace/power-sharpening/Subtree-Prefetching-Power-Sharpening/case_studies/logs-entropycut/mbpp/2026-09-21/vllm/dataset-mbpp.model-qwen3.5-9b.alpha4.0.steps100.blocks-1.prefetch-budget-20.rank-accept_first.cut-entropy4.0.samples20.maxnew1024.seed10086.subtreePrefetch.vllm.log,479,8,54,0.8519303721935965
/Users/jiangnanhugo/workspace/power-sharpening/Subtree-Prefetching-Power-Sharpening/case_studies/logs-entropycut/mbpp/2026-09-21/vllm/dataset-mbpp.model-qwen3.5-9b.alpha4.0.steps100.blocks-1.prefetch-budget-20.rank-accept_first.cut-entropy4.0.samples20.maxnew1024.seed10086.subtreePrefetch.vllm.log,479,9,54,0.8519303721935965
/Users/jiangnanhugo/workspace/power-sharpening/Subtree-Prefetching-Power-Sharpening/case_studies/logs-entropycut/mbpp/2026-09-21/vllm/dataset-mbpp.model-qwen3.5-9b.alpha4.0.steps100.blocks-1.prefetch-budget-20.rank-accept_first.cut-entropy4.0.samples20.maxnew1024.seed10086.subtreePrefetch.vllm.log,479,10,54,0.8519303721935965
/Users/jiangnanhugo/workspace/power-sharpening/Subtree-Prefetching-Power-Sharpening/case_studies/logs-entropycut/mbpp/2026-09-21/vllm/dataset-mbpp.model-qwen3.5-9b.alpha4.0.steps100.blocks-1.prefetch-budget-20.rank-accept_first.cut-entropy4.0.samples20.maxnew1024.seed10086.subtreePrefetch.vllm.log,479,11,9,0.06412000135828273
/Users/jiangnanhugo/workspace/power-sharpening/Subtree-Prefetching-Power-Sharpening/case_studies/logs-entropycut/mbpp/2026-09-21/vllm/dataset-mbpp.model-qwen3.5-9b.alpha4.0.steps100.blocks-1.prefetch-budget-20.rank-accept_first.cut-entropy4.0.samples20.maxnew1024.seed10086.subtreePrefetch.vllm.log,479,12,45,0.0455369254956552
/Users/jiangnanhugo/workspace/power-sharpening/Subtree-Prefetching-Power-Sharpening/case_studies/logs-entropycut/mbpp/2026-09-21/vllm/dataset-mbpp.model-qwen3.5-9b.alpha4.0.steps100.blocks-1.prefetch-budget-20.rank-accept_first.cut-entropy4.0.samples20.maxnew1024.seed10086.subtreePrefetch.vllm.log,479,13,54,0.8519303721935965
/Users/jiangnanhugo/workspace/power-sharpening/Subtree-Prefetching-Power-Sharpening/case_studies/logs-entropycut/mbpp/2026-09-21/vllm/dataset-mbpp.model-qwen3.5-9b.alpha4.0.steps100.blocks-1.prefetch-budget-20.rank-accept_first.cut-entropy4.0.samples20.maxnew1024.seed10086.subtreePrefetch.vllm.log,479,14,45,0.0455369254956552
/Users/jiangnanhugo/workspace/power-sharpening/Subtree-Prefetching-Power-Sharpening/case_studies/logs-entropycut/mbpp/2026-09-21/vllm/dataset-mbpp.model-qwen3.5-9b.alpha4.0.steps100.blocks-1.prefetch-budget-20.rank-accept_first.cut-entropy4.0.samples20.maxnew1024.seed10086.subtreePrefetch.vllm.log,479,15,54,0.8519303721935965
/Users/jiangnanhugo/workspace/power-sharpening/Subtree-Prefetching-Power-Sharpening/case_studies/logs-entropycut/mbpp/2026-09-21/vllm/dataset-mbpp.model-qwen3.5-9b.alpha4.0.steps100.blocks-1.prefetch-budget-20.rank-accept_first.cut-entropy4.0.samples20.maxnew1024.seed10086.subtreePrefetch.vllm.log,479,16,54,0.8519303721935965
/Users/jiangnanhugo/workspace/power-sharpening/Subtree-Prefetching-Power-Sharpening/case_studies/logs-entropycut/mbpp/2026-09-21/vllm/dataset-mbpp.model-qwen3.5-9b.alpha4.0.steps100.blocks-1.prefetch-budget-20.rank-accept_first.cut-entropy4.0.samples20.maxnew1024.seed10086.subtreePrefetch.vllm.log,479,17,54,0.8519303721935965
/Users/jiangnanhugo/workspace/power-sharpening/Subtree-Prefetching-Power-Sharpening/case_studies/logs-entropycut/mbpp/2026-09-21/vllm/dataset-mbpp.model-qwen3.5-9b.alpha4.0.steps100.blocks-1.prefetch-budget-20.rank-accept_first.cut-entropy4.0.samples20.maxnew1024.seed10086.subtreePrefetch.vllm.log,479,18,54,0.8519303721935965
/Users/jiangnanhugo/workspace/power-sharpening/Subtree-Prefetching-Power-Sharpening/case_studies/logs-entropycut/mbpp/2026-09-21/vllm/dataset-mbpp.model-qwen3.5-9b.alpha4.0.steps100.blocks-1.prefetch-budget-20.rank-accept_first.cut-entropy4.0.samples20.maxnew1024.seed10086.subtreePrefetch.vllm.log,479,19,54,0.8519303721935965
/Users/jiangnanhugo/workspace/power-sharpening/Subtree-Prefetching-Power-Sharpening/case_studies/logs-entropycut/mbpp/2026-09-21/vllm/dataset-mbpp.model-qwen3.5-9b.alpha4.0.steps100.blocks-1.prefetch-budget-20.rank-accept_first.cut-entropy4.0.samples20.maxnew1024.seed10086.subtreePrefetch.vllm.log,480,0,54,0.8519303721935965
/Users/jiangnanhugo/workspace/power-sharpening/Subtree-Prefetching-Power-Sharpening/case_studies/logs-entropycut/mbpp/2026-09-21/vllm/dataset-mbpp.model-qwen3.5-9b.alpha4.0.steps100.blocks-1.prefetch-budget-20.rank-accept_first.cut-entropy4.0.samples20.maxnew1024.seed10086.subtreePrefetch.vllm.log,480,1,9,0.06412000135828273
/Users/jiangnanhugo/workspace/power-sharpening/Subtree-Prefetching-Power-Sharpening/case_studies/logs-entropycut/mbpp/2026-09-21/vllm/dataset-mbpp.model-qwen3.5-9b.alpha4.0.steps100.blocks-1.prefetch-budget-20.rank-accept_first.cut-entropy4.0.samples20.maxnew1024.seed10086.subtreePrefetch.vllm.log,480,2,54,0.8519303721935965
/Users/jiangnanhugo/workspace/power-sharpening/Subtree-Prefetching-Power-Sharpening/case_studies/logs-entropycut/mbpp/2026-09-21/vllm/dataset-mbpp.model-qwen3.5-9b.alpha4.0.steps100.blocks-1.prefetch-budget-20.rank-accept_first.cut-entropy4.0.samples20.maxnew1024.seed10086.subtreePrefetch.vllm.log,480,3,54,0.8519303721935965
/Users/jiangnanhugo/workspace/power-sharpening/Subtree-Prefetching-Power-Sharpening/case_studies/logs-entropycut/mbpp/2026-09-21/vllm/dataset-mbpp.model-qwen3.5-9b.alpha4.0.steps100.blocks-1.prefetch-budget-20.rank-accept_first.cut-entropy4.0.samples20.maxnew1024.seed10086.subtreePrefetch.vllm.log,480,4,54,0.8519303721935965
/Users/jiangnanhugo/workspace/power-sharpening/Subtree-Prefetching-Power-Sharpening/case_studies/logs-entropycut/mbpp/2026-09-21/vllm/dataset-mbpp.model-qwen3.5-9b.alpha4.0.steps100.blocks-1.prefetch-budget-20.rank-accept_first.cut-entropy4.0.samples20.maxnew1024.seed10086.subtreePrefetch.vllm.log,480,5,54,0.8519303721935965
/Users/jiangnanhugo/workspace/power-sharpening/Subtree-Prefetching-Power-Sharpening/case_studies/logs-entropycut/mbpp/2026-09-21/vllm/dataset-mbpp.model-qwen3.5-9b.alpha4.0.steps100.blocks-1.prefetch-budget-20.rank-accept_first.cut-entropy4.0.samples20.maxnew1024.seed10086.subtreePrefetch.vllm.log,480,6,54,0.8519303721935965
/Users/jiangnanhugo/workspace/power-sharpening/Subtree-Prefetching-Power-Sharpening/case_studies/logs-entropycut/mbpp/2026-09-21/vllm/dataset-mbpp.model-qwen3.5-9b.alpha4.0.steps100.blocks-1.prefetch-budget-20.rank-accept_first.cut-entropy4.0.samples20.maxnew1024.seed10086.subtreePrefetch.vllm.log,480,7,54,0.8519303721935965
/Users/jiangnanhugo/workspace/power-sharpening/Subtree-Prefetching-Power-Sharpening/case_studies/logs-entropycut/mbpp/2026-09-21/vllm/dataset-mbpp.model-qwen3.5-9b.alpha4.0.steps100.blocks-1.prefetch-budget-20.rank-accept_first.cut-entropy4.0.samples20.maxnew1024.seed10086.subtreePrefetch.vllm.log,480,8,9,0.06412000135828273
/Users/jiangnanhugo/workspace/power-sharpening/Subtree-Prefetching-Power-Sharpening/case_studies/logs-entropycut/mbpp/2026-09-21/vllm/dataset-mbpp.model-qwen3.5-9b.alpha4.0.steps100.blocks-1.prefetch-budget-20.rank-accept_first.cut-entropy4.0.samples20.maxnew1024.seed10086.subtreePrefetch.vllm.log,480,9,54,0.8519303721935965
/Users/jiangnanhugo/workspace/power-sharpening/Subtree-Prefetching-Power-Sharpening/case_studies/logs-entropycut/mbpp/2026-09-21/vllm/dataset-mbpp.model-qwen3.5-9b.alpha4.0.steps100.blocks-1.prefetch-budget-20.rank-accept_first.cut-entropy4.0.samples20.maxnew1024.seed10086.subtreePrefetch.vllm.log,480,10,54,0.8519303721935965
/Users/jiangnanhugo/workspace/power-sharpening/Subtree-Prefetching-Power-Sharpening/case_studies/logs-entropycut/mbpp/2026-09-21/vllm/dataset-mbpp.model-qwen3.5-9b.alpha4.0.steps100.blocks-1.prefetch-budget-20.rank-accept_first.cut-entropy4.0.samples20.maxnew1024.seed10086.subtreePrefetch.vllm.log,480,11,54,0.8519303721935965
/Users/jiangnanhugo/workspace/power-sharpening/Subtree-Prefetching-Power-Sharpening/case_studies/logs-entropycut/mbpp/2026-09-21/vllm/dataset-mbpp.model-qwen3.5-9b.alpha4.0.steps100.blocks-1.prefetch-budget-20.rank-accept_first.cut-entropy4.0.samples20.maxnew1024.seed10086.subtreePrefetch.vllm.log,480,12,54,0.8519303721935965
/Users/jiangnanhugo/workspace/power-sharpening/Subtree-Prefetching-Power-Sharpening/case_studies/logs-entropycut/mbpp/2026-09-21/vllm/dataset-mbpp.model-qwen3.5-9b.alpha4.0.steps100.blocks-1.prefetch-budget-20.rank-accept_first.cut-entropy4.0.samples20.maxnew1024.seed10086.subtreePrefetch.vllm.log,480,13,54,0.8519303721935965
/Users/jiangnanhugo/workspace/power-sharpening/Subtree-Prefetching-Power-Sharpening/case_studies/logs-entropycut/mbpp/2026-09-21/vllm/dataset-mbpp.model-qwen3.5-9b.alpha4.0.steps100.blocks-1.prefetch-budget-20.rank-accept_first.cut-entropy4.0.samples20.maxnew1024.seed10086.subtreePrefetch.vllm.log,480,14,54,0.8519303721935965
/Users/jiangnanhugo/workspace/power-sharpening/Subtree-Prefetching-Power-Sharpening/case_studies/logs-entropycut/mbpp/2026-09-21/vllm/dataset-mbpp.model-qwen3.5-9b.alpha4.0.steps100.blocks-1.prefetch-budget-20.rank-accept_first.cut-entropy4.0.samples20.maxnew1024.seed10086.subtreePrefetch.vllm.log,480,15,54,0.8519303721935965
/Users/jiangnanhugo/workspace/power-sharpening/Subtree-Prefetching-Power-Sharpening/case_studies/logs-entropycut/mbpp/2026-09-21/vllm/dataset-mbpp.model-qwen3.5-9b.alpha4.0.steps100.blocks-1.prefetch-budget-20.rank-accept_first.cut-entropy4.0.samples20.maxnew1024.seed10086.subtreePrefetch.vllm.log,480,16,54,0.8519303721935965
/Users/jiangnanhugo/workspace/power-sharpening/Subtree-Prefetching-Power-Sharpening/case_studies/logs-entropycut/mbpp/2026-09-21/vllm/dataset-mbpp.model-qwen3.5-9b.alpha4.0.steps100.blocks-1.prefetch-budget-20.rank-accept_first.cut-entropy4.0.samples20.maxnew1024.seed10086.subtreePrefetch.vllm.log,480,17,54,0.8519303721935965
/Users/jiangnanhugo/workspace/power-sharpening/Subtree-Prefetching-Power-Sharpening/case_studies/logs-entropycut/mbpp/2026-09-21/vllm/dataset-mbpp.model-qwen3.5-9b.alpha4.0.steps100.blocks-1.prefetch-budget-20.rank-accept_first.cut-entropy4.0.samples20.maxnew1024.seed10086.subtreePrefetch.vllm.log,480,18,54,0.8519303721935965
/Users/jiangnanhugo/workspace/power-sharpening/Subtree-Prefetching-Power-Sharpening/case_studies/logs-entropycut/mbpp/2026-09-21/vllm/dataset-mbpp.model-qwen3.5-9b.alpha4.0.steps100.blocks-1.prefetch-budget-20.rank-accept_first.cut-entropy4.0.samples20.maxnew1024.seed10086.subtreePrefetch.vllm.log,480,19,54,0.8519303721935965
/Users/jiangnanhugo/workspace/power-sharpening/Subtree-Prefetching-Power-Sharpening/case_studies/logs-entropycut/mbpp/2026-09-21/vllm/dataset-mbpp.model-qwen3.5-9b.alpha4.0.steps100.blocks-1.prefetch-budget-20.rank-accept_first.cut-entropy4.0.samples20.maxnew1024.seed10086.subtreePrefetch.vllm.log,481,0,54,0.8519303721935965
/Users/jiangnanhugo/workspace/power-sharpening/Subtree-Prefetching-Power-Sharpening/case_studies/logs-entropycut/mbpp/2026-09-21/vllm/dataset-mbpp.model-qwen3.5-9b.alpha4.0.steps100.blocks-1.prefetch-budget-20.rank-accept_first.cut-entropy4.0.samples20.maxnew1024.seed10086.subtreePrefetch.vllm.log,481,1,54,0.8519303721935965
/Users/jiangnanhugo/workspace/power-sharpening/Subtree-Prefetching-Power-Sharpening/case_studies/logs-entropycut/mbpp/2026-09-21/vllm/dataset-mbpp.model-qwen3.5-9b.alpha4.0.steps100.blocks-1.prefetch-budget-20.rank-accept_first.cut-entropy4.0.samples20.maxnew1024.seed10086.subtreePrefetch.vllm.log,481,2,54,0.8519303721935965
/Users/jiangnanhugo/workspace/power-sharpening/Subtree-Prefetching-Power-Sharpening/case_studies/logs-entropycut/mbpp/2026-09-21/vllm/dataset-mbpp.model-qwen3.5-9b.alpha4.0.steps100.blocks-1.prefetch-budget-20.rank-accept_first.cut-entropy4.0.samples20.maxnew1024.seed10086.subtreePrefetch.vllm.log,481,3,54,0.8519303721935965
/Users/jiangnanhugo/workspace/power-sharpening/Subtree-Prefetching-Power-Sharpening/case_studies/logs-entropycut/mbpp/2026-09-21/vllm/dataset-mbpp.model-qwen3.5-9b.alpha4.0.steps100.blocks-1.prefetch-budget-20.rank-accept_first.cut-entropy4.0.samples20.maxnew1024.seed10086.subtreePrefetch.vllm.log,481,4,54,0.8519303721935965
/Users/jiangnanhugo/workspace/power-sharpening/Subtree-Prefetching-Power-Sharpening/case_studies/logs-entropycut/mbpp/2026-09-21/vllm/dataset-mbpp.model-qwen3.5-9b.alpha4.0.steps100.blocks-1.prefetch-budget-20.rank-accept_first.cut-entropy4.0.samples20.maxnew1024.seed10086.subtreePrefetch.vllm.log,481,5,45,0.0455369254956552
/Users/jiangnanhugo/workspace/power-sharpening/Subtree-Prefetching-Power-Sharpening/case_studies/logs-entropycut/mbpp/2026-09-21/vllm/dataset-mbpp.model-qwen3.5-9b.alpha4.0.steps100.blocks-1.prefetch-budget-20.rank-accept_first.cut-entropy4.0.samples20.maxnew1024.seed10086.subtreePrefetch.vllm.log,481,6,54,0.8519303721935965
/Users/jiangnanhugo/workspace/power-sharpening/Subtree-Prefetching-Power-Sharpening/case_studies/logs-entropycut/mbpp/2026-09-21/vllm/dataset-mbpp.model-qwen3.5-9b.alpha4.0.steps100.blocks-1.prefetch-budget-20.rank-accept_first.cut-entropy4.0.samples20.maxnew1024.seed10086.subtreePrefetch.vllm.log,481,7,54,0.8519303721935965
/Users/jiangnanhugo/workspace/power-sharpening/Subtree-Prefetching-Power-Sharpening/case_studies/logs-entropycut/mbpp/2026-09-21/vllm/dataset-mbpp.model-qwen3.5-9b.alpha4.0.steps100.blocks-1.prefetch-budget-20.rank-accept_first.cut-entropy4.0.samples20.maxnew1024.seed10086.subtreePrefetch.vllm.log,481,8,54,0.8519303721935965
/Users/jiangnanhugo/workspace/power-sharpening/Subtree-Prefetching-Power-Sharpening/case_studies/logs-entropycut/mbpp/2026-09-21/vllm/dataset-mbpp.model-qwen3.5-9b.alpha4.0.steps100.blocks-1.prefetch-budget-20.rank-accept_first.cut-entropy4.0.samples20.maxnew1024.seed10086.subtreePrefetch.vllm.log,481,9,54,0.8519303721935965
/Users/jiangnanhugo/workspace/power-sharpening/Subtree-Prefetching-Power-Sharpening/case_studies/logs-entropycut/mbpp/2026-09-21/vllm/dataset-mbpp.model-qwen3.5-9b.alpha4.0.steps100.blocks-1.prefetch-budget-20.rank-accept_first.cut-entropy4.0.samples20.maxnew1024.seed10086.subtreePrefetch.vllm.log,481,10,54,0.8519303721935965
/Users/jiangnanhugo/workspace/power-sharpening/Subtree-Prefetching-Power-Sharpening/case_studies/logs-entropycut/mbpp/2026-09-21/vllm/dataset-mbpp.model-qwen3.5-9b.alpha4.0.steps100.blocks-1.prefetch-budget-20.rank-accept_first.cut-entropy4.0.samples20.maxnew1024.seed10086.subtreePrefetch.vllm.log,481,11,54,0.8519303721935965
/Users/jiangnanhugo/workspace/power-sharpening/Subtree-Prefetching-Power-Sharpening/case_studies/logs-entropycut/mbpp/2026-09-21/vllm/dataset-mbpp.model-qwen3.5-9b.alpha4.0.steps100.blocks-1.prefetch-budget-20.rank-accept_first.cut-entropy4.0.samples20.maxnew1024.seed10086.subtreePrefetch.vllm.log,481,12,54,0.8519303721935965
/Users/jiangnanhugo/workspace/power-sharpening/Subtree-Prefetching-Power-Sharpening/case_studies/logs-entropycut/mbpp/2026-09-21/vllm/dataset-mbpp.model-qwen3.5-9b.alpha4.0.steps100.blocks-1.prefetch-budget-20.rank-accept_first.cut-entropy4.0.samples20.maxnew1024.seed10086.subtreePrefetch.vllm.log,481,13,54,0.8519303721935965
/Users/jiangnanhugo/workspace/power-sharpening/Subtree-Prefetching-Power-Sharpening/case_studies/logs-entropycut/mbpp/2026-09-21/vllm/dataset-mbpp.model-qwen3.5-9b.alpha4.0.steps100.blocks-1.prefetch-budget-20.rank-accept_first.cut-entropy4.0.samples20.maxnew1024.seed10086.subtreePrefetch.vllm.log,481,14,54,0.8519303721935965
/Users/jiangnanhugo/workspace/power-sharpening/Subtree-Prefetching-Power-Sharpening/case_studies/logs-entropycut/mbpp/2026-09-21/vllm/dataset-mbpp.model-qwen3.5-9b.alpha4.0.steps100.blocks-1.prefetch-budget-20.rank-accept_first.cut-entropy4.0.samples20.maxnew1024.seed10086.subtreePrefetch.vllm.log,481,15,54,0.8519303721935965
/Users/jiangnanhugo/workspace/power-sharpening/Subtree-Prefetching-Power-Sharpening/case_studies/logs-entropycut/mbpp/2026-09-21/vllm/dataset-mbpp.model-qwen3.5-9b.alpha4.0.steps100.blocks-1.prefetch-budget-20.rank-accept_first.cut-entropy4.0.samples20.maxnew1024.seed10086.subtreePrefetch.vllm.log,481,16,54,0.8519303721935965
/Users/jiangnanhugo/workspace/power-sharpening/Subtree-Prefetching-Power-Sharpening/case_studies/logs-entropycut/mbpp/2026-09-21/vllm/dataset-mbpp.model-qwen3.5-9b.alpha4.0.steps100.blocks-1.prefetch-budget-20.rank-accept_first.cut-entropy4.0.samples20.maxnew1024.seed10086.subtreePrefetch.vllm.log,481,17,45,0.0455369254956552
/Users/jiangnanhugo/workspace/power-sharpening/Subtree-Prefetching-Power-Sharpening/case_studies/logs-entropycut/mbpp/2026-09-21/vllm/dataset-mbpp.model-qwen3.5-9b.alpha4.0.steps100.blocks-1.prefetch-budget-20.rank-accept_first.cut-entropy4.0.samples20.maxnew1024.seed10086.subtreePrefetch.vllm.log,481,18,54,0.8519303721935965
/Users/jiangnanhugo/workspace/power-sharpening/Subtree-Prefetching-Power-Sharpening/case_studies/logs-entropycut/mbpp/2026-09-21/vllm/dataset-mbpp.model-qwen3.5-9b.alpha4.0.steps100.blocks-1.prefetch-budget-20.rank-accept_first.cut-entropy4.0.samples20.maxnew1024.seed10086.subtreePrefetch.vllm.log,481,19,45,0.0455369254956552
/Users/jiangnanhugo/workspace/power-sharpening/Subtree-Prefetching-Power-Sharpening/case_studies/logs-entropycut/mbpp/2026-09-21/vllm/dataset-mbpp.model-qwen3.5-9b.alpha4.0.steps100.blocks-1.prefetch-budget-20.rank-accept_first.cut-entropy4.0.samples20.maxnew1024.seed10086.subtreePrefetch.vllm.log,482,0,61,0.013730820160107737
/Users/jiangnanhugo/workspace/power-sharpening/Subtree-Prefetching-Power-Sharpening/case_studies/logs-entropycut/mbpp/2026-09-21/vllm/dataset-mbpp.model-qwen3.5-9b.alpha4.0.steps100.blocks-1.prefetch-budget-20.rank-accept_first.cut-entropy4.0.samples20.maxnew1024.seed10086.subtreePrefetch.vllm.log,482,1,54,0.8526554192219633
/Users/jiangnanhugo/workspace/power-sharpening/Subtree-Prefetching-Power-Sharpening/case_studies/logs-entropycut/mbpp/2026-09-21/vllm/dataset-mbpp.model-qwen3.5-9b.alpha4.0.steps100.blocks-1.prefetch-budget-20.rank-accept_first.cut-entropy4.0.samples20.maxnew1024.seed10086.subtreePrefetch.vllm.log,482,2,54,0.8526554192219633
/Users/jiangnanhugo/workspace/power-sharpening/Subtree-Prefetching-Power-Sharpening/case_studies/logs-entropycut/mbpp/2026-09-21/vllm/dataset-mbpp.model-qwen3.5-9b.alpha4.0.steps100.blocks-1.prefetch-budget-20.rank-accept_first.cut-entropy4.0.samples20.maxnew1024.seed10086.subtreePrefetch.vllm.log,482,3,54,0.8526554192219633
/Users/jiangnanhugo/workspace/power-sharpening/Subtree-Prefetching-Power-Sharpening/case_studies/logs-entropycut/mbpp/2026-09-21/vllm/dataset-mbpp.model-qwen3.5-9b.alpha4.0.steps100.blocks-1.prefetch-budget-20.rank-accept_first.cut-entropy4.0.samples20.maxnew1024.seed10086.subtreePrefetch.vllm.log,482,4,54,0.8526554192219633
/Users/jiangnanhugo/workspace/power-sharpening/Subtree-Prefetching-Power-Sharpening/case_studies/logs-entropycut/mbpp/2026-09-21/vllm/dataset-mbpp.model-qwen3.5-9b.alpha4.0.steps100.blocks-1.prefetch-budget-20.rank-accept_first.cut-entropy4.0.samples20.maxnew1024.seed10086.subtreePrefetch.vllm.log,482,5,54,0.8526554192219633
/Users/jiangnanhugo/workspace/power-sharpening/Subtree-Prefetching-Power-Sharpening/case_studies/logs-entropycut/mbpp/2026-09-21/vllm/dataset-mbpp.model-qwen3.5-9b.alpha4.0.steps100.blocks-1.prefetch-budget-20.rank-accept_first.cut-entropy4.0.samples20.maxnew1024.seed10086.subtreePrefetch.vllm.log,482,6,45,0.04455419853121073
/Users/jiangnanhugo/workspace/power-sharpening/Subtree-Prefetching-Power-Sharpening/case_studies/logs-entropycut/mbpp/2026-09-21/vllm/dataset-mbpp.model-qwen3.5-9b.alpha4.0.steps100.blocks-1.prefetch-budget-20.rank-accept_first.cut-entropy4.0.samples20.maxnew1024.seed10086.subtreePrefetch.vllm.log,482,7,54,0.8526554192219633
/Users/jiangnanhugo/workspace/power-sharpening/Subtree-Prefetching-Power-Sharpening/case_studies/logs-entropycut/mbpp/2026-09-21/vllm/dataset-mbpp.model-qwen3.5-9b.alpha4.0.steps100.blocks-1.prefetch-budget-20.rank-accept_first.cut-entropy4.0.samples20.maxnew1024.seed10086.subtreePrefetch.vllm.log,482,8,54,0.8526554192219633
/Users/jiangnanhugo/workspace/power-sharpening/Subtree-Prefetching-Power-Sharpening/case_studies/logs-entropycut/mbpp/2026-09-21/vllm/dataset-mbpp.model-qwen3.5-9b.alpha4.0.steps100.blocks-1.prefetch-budget-20.rank-accept_first.cut-entropy4.0.samples20.maxnew1024.seed10086.subtreePrefetch.vllm.log,482,9,54,0.8526554192219633
/Users/jiangnanhugo/workspace/power-sharpening/Subtree-Prefetching-Power-Sharpening/case_studies/logs-entropycut/mbpp/2026-09-21/vllm/dataset-mbpp.model-qwen3.5-9b.alpha4.0.steps100.blocks-1.prefetch-budget-20.rank-accept_first.cut-entropy4.0.samples20.maxnew1024.seed10086.subtreePrefetch.vllm.log,482,10,54,0.8526554192219633
/Users/jiangnanhugo/workspace/power-sharpening/Subtree-Prefetching-Power-Sharpening/case_studies/logs-entropycut/mbpp/2026-09-21/vllm/dataset-mbpp.model-qwen3.5-9b.alpha4.0.steps100.blocks-1.prefetch-budget-20.rank-accept_first.cut-entropy4.0.samples20.maxnew1024.seed10086.subtreePrefetch.vllm.log,482,11,54,0.8526554192219633
/Users/jiangnanhugo/workspace/power-sharpening/Subtree-Prefetching-Power-Sharpening/case_studies/logs-entropycut/mbpp/2026-09-21/vllm/dataset-mbpp.model-qwen3.5-9b.alpha4.0.steps100.blocks-1.prefetch-budget-20.rank-accept_first.cut-entropy4.0.samples20.maxnew1024.seed10086.subtreePrefetch.vllm.log,482,12,54,0.8526554192219633
/Users/jiangnanhugo/workspace/power-sharpening/Subtree-Prefetching-Power-Sharpening/case_studies/logs-entropycut/mbpp/2026-09-21/vllm/dataset-mbpp.model-qwen3.5-9b.alpha4.0.steps100.blocks-1.prefetch-budget-20.rank-accept_first.cut-entropy4.0.samples20.maxnew1024.seed10086.subtreePrefetch.vllm.log,482,13,54,0.8526554192219633
/Users/jiangnanhugo/workspace/power-sharpening/Subtree-Prefetching-Power-Sharpening/case_studies/logs-entropycut/mbpp/2026-09-21/vllm/dataset-mbpp.model-qwen3.5-9b.alpha4.0.steps100.blocks-1.prefetch-budget-20.rank-accept_first.cut-entropy4.0.samples20.maxnew1024.seed10086.subtreePrefetch.vllm.log,482,14,54,0.8526554192219633
/Users/jiangnanhugo/workspace/power-sharpening/Subtree-Prefetching-Power-Sharpening/case_studies/logs-entropycut/mbpp/2026-09-21/vllm/dataset-mbpp.model-qwen3.5-9b.alpha4.0.steps100.blocks-1.prefetch-budget-20.rank-accept_first.cut-entropy4.0.samples20.maxnew1024.seed10086.subtreePrefetch.vllm.log,482,15,54,0.8526554192219633
/Users/jiangnanhugo/workspace/power-sharpening/Subtree-Prefetching-Power-Sharpening/case_studies/logs-entropycut/mbpp/2026-09-21/vllm/dataset-mbpp.model-qwen3.5-9b.alpha4.0.steps100.blocks-1.prefetch-budget-20.rank-accept_first.cut-entropy4.0.samples20.maxnew1024.seed10086.subtreePrefetch.vllm.log,482,16,54,0.8526554192219633
/Users/jiangnanhugo/workspace/power-sharpening/Subtree-Prefetching-Power-Sharpening/case_studies/logs-entropycut/mbpp/2026-09-21/vllm/dataset-mbpp.model-qwen3.5-9b.alpha4.0.steps100.blocks-1.prefetch-budget-20.rank-accept_first.cut-entropy4.0.samples20.maxnew1024.seed10086.subtreePrefetch.vllm.log,482,17,54,0.8526554192219633
/Users/jiangnanhugo/workspace/power-sharpening/Subtree-Prefetching-Power-Sharpening/case_studies/logs-entropycut/mbpp/2026-09-21/vllm/dataset-mbpp.model-qwen3.5-9b.alpha4.0.steps100.blocks-1.prefetch-budget-20.rank-accept_first.cut-entropy4.0.samples20.maxnew1024.seed10086.subtreePrefetch.vllm.log,482,18,54,0.8526554192219633
/Users/jiangnanhugo/workspace/power-sharpening/Subtree-Prefetching-Power-Sharpening/case_studies/logs-entropycut/mbpp/2026-09-21/vllm/dataset-mbpp.model-qwen3.5-9b.alpha4.0.steps100.blocks-1.prefetch-budget-20.rank-accept_first.cut-entropy4.0.samples20.maxnew1024.seed10086.subtreePrefetch.vllm.log,482,19,54,0.8526554192219633
/Users/jiangnanhugo/workspace/power-sharpening/Subtree-Prefetching-Power-Sharpening/case_studies/logs-entropycut/mbpp/2026-09-21/vllm/dataset-mbpp.model-qwen3.5-9b.alpha4.0.steps100.blocks-1.prefetch-budget-20.rank-accept_first.cut-entropy4.0.samples20.maxnew1024.seed10086.subtreePrefetch.vllm.log,483,0,54,0.852655419221881
/Users/jiangnanhugo/workspace/power-sharpening/Subtree-Prefetching-Power-Sharpening/case_studies/logs-entropycut/mbpp/2026-09-21/vllm/dataset-mbpp.model-qwen3.5-9b.alpha4.0.steps100.blocks-1.prefetch-budget-20.rank-accept_first.cut-entropy4.0.samples20.maxnew1024.seed10086.subtreePrefetch.vllm.log,483,1,54,0.852655419221881
/Users/jiangnanhugo/workspace/power-sharpening/Subtree-Prefetching-Power-Sharpening/case_studies/logs-entropycut/mbpp/2026-09-21/vllm/dataset-mbpp.model-qwen3.5-9b.alpha4.0.steps100.blocks-1.prefetch-budget-20.rank-accept_first.cut-entropy4.0.samples20.maxnew1024.seed10086.subtreePrefetch.vllm.log,483,2,54,0.852655419221881
/Users/jiangnanhugo/workspace/power-sharpening/Subtree-Prefetching-Power-Sharpening/case_studies/logs-entropycut/mbpp/2026-09-21/vllm/dataset-mbpp.model-qwen3.5-9b.alpha4.0.steps100.blocks-1.prefetch-budget-20.rank-accept_first.cut-entropy4.0.samples20.maxnew1024.seed10086.subtreePrefetch.vllm.log,483,3,54,0.852655419221881
/Users/jiangnanhugo/workspace/power-sharpening/Subtree-Prefetching-Power-Sharpening/case_studies/logs-entropycut/mbpp/2026-09-21/vllm/dataset-mbpp.model-qwen3.5-9b.alpha4.0.steps100.blocks-1.prefetch-budget-20.rank-accept_first.cut-entropy4.0.samples20.maxnew1024.seed10086.subtreePrefetch.vllm.log,483,4,54,0.852655419221881
/Users/jiangnanhugo/workspace/power-sharpening/Subtree-Prefetching-Power-Sharpening/case_studies/logs-entropycut/mbpp/2026-09-21/vllm/dataset-mbpp.model-qwen3.5-9b.alpha4.0.steps100.blocks-1.prefetch-budget-20.rank-accept_first.cut-entropy4.0.samples20.maxnew1024.seed10086.subtreePrefetch.vllm.log,483,5,9,0.06273623524738689
/Users/jiangnanhugo/workspace/power-sharpening/Subtree-Prefetching-Power-Sharpening/case_studies/logs-entropycut/mbpp/2026-09-21/vllm/dataset-mbpp.model-qwen3.5-9b.alpha4.0.steps100.blocks-1.prefetch-budget-20.rank-accept_first.cut-entropy4.0.samples20.maxnew1024.seed10086.subtreePrefetch.vllm.log,483,6,54,0.852655419221881
/Users/jiangnanhugo/workspace/power-sharpening/Subtree-Prefetching-Power-Sharpening/case_studies/logs-entropycut/mbpp/2026-09-21/vllm/dataset-mbpp.model-qwen3.5-9b.alpha4.0.steps100.blocks-1.prefetch-budget-20.rank-accept_first.cut-entropy4.0.samples20.maxnew1024.seed10086.subtreePrefetch.vllm.log,483,7,54,0.852655419221881
/Users/jiangnanhugo/workspace/power-sharpening/Subtree-Prefetching-Power-Sharpening/case_studies/logs-entropycut/mbpp/2026-09-21/vllm/dataset-mbpp.model-qwen3.5-9b.alpha4.0.steps100.blocks-1.prefetch-budget-20.rank-accept_first.cut-entropy4.0.samples20.maxnew1024.seed10086.subtreePrefetch.vllm.log,483,8,54,0.852655419221881
/Users/jiangnanhugo/workspace/power-sharpening/Subtree-Prefetching-Power-Sharpening/case_studies/logs-entropycut/mbpp/2026-09-21/vllm/dataset-mbpp.model-qwen3.5-9b.alpha4.0.steps100.blocks-1.prefetch-budget-20.rank-accept_first.cut-entropy4.0.samples20.maxnew1024.seed10086.subtreePrefetch.vllm.log,483,9,54,0.852655419221881
/Users/jiangnanhugo/workspace/power-sharpening/Subtree-Prefetching-Power-Sharpening/case_studies/logs-entropycut/mbpp/2026-09-21/vllm/dataset-mbpp.model-qwen3.5-9b.alpha4.0.steps100.blocks-1.prefetch-budget-20.rank-accept_first.cut-entropy4.0.samples20.maxnew1024.seed10086.subtreePrefetch.vllm.log,483,10,54,0.852655419221881
/Users/jiangnanhugo/workspace/power-sharpening/Subtree-Prefetching-Power-Sharpening/case_studies/logs-entropycut/mbpp/2026-09-21/vllm/dataset-mbpp.model-qwen3.5-9b.alpha4.0.steps100.blocks-1.prefetch-budget-20.rank-accept_first.cut-entropy4.0.samples20.maxnew1024.seed10086.subtreePrefetch.vllm.log,483,11,54,0.852655419221881
/Users/jiangnanhugo/workspace/power-sharpening/Subtree-Prefetching-Power-Sharpening/case_studies/logs-entropycut/mbpp/2026-09-21/vllm/dataset-mbpp.model-qwen3.5-9b.alpha4.0.steps100.blocks-1.prefetch-budget-20.rank-accept_first.cut-entropy4.0.samples20.maxnew1024.seed10086.subtreePrefetch.vllm.log,483,12,54,0.852655419221881
/Users/jiangnanhugo/workspace/power-sharpening/Subtree-Prefetching-Power-Sharpening/case_studies/logs-entropycut/mbpp/2026-09-21/vllm/dataset-mbpp.model-qwen3.5-9b.alpha4.0.steps100.blocks-1.prefetch-budget-20.rank-accept_first.cut-entropy4.0.samples20.maxnew1024.seed10086.subtreePrefetch.vllm.log,483,13,54,0.852655419221881
